data/default-data/raster/climate/pet_12.txt
ncols         720
nrows         360
xllcorner     -180
yllcorner     -90
cellsize      0.5
NODATA_value  -9999
[rows 210 to 244 of 360, columns 385 to 461 of 720]
36.06 35.44 35.52 36.62 38.1 39.08 39.48 39.34 38.3 38.08 37.98 37.58 36.94 36.8 36.3 35.96 36 36.44 36.94 37.76 37.78 37.38 36.44 35.06 33.94 33.6 33.42 33.48 33.98 34.14 34.34 33.44 33.12 35.02 34.38 37.5 35.4 35.84 35.98 38.12 39.92 39.76 38.22 35.2 36.18 36.54 35.68 35.52 36.28 34.72 37.46 38.82 40.24 42.68 44.14 45.06 -9999 -9999 -9999 -9999 -9999 -9999 -9999 -9999 -9999 -9999 -9999 -9999 -9999 41.26 40.6 37.56 32.22 31.5 34.76 36.12 -9999
36.28 37.54 37.02 37.96 39.9 41.28 41.38 40.42 40.18 40.72 39.96 39.28 38.84 38.34 37.32 36.56 36.88 37.44 37.92 38.38 38.7 38.5 37.74 36.38 35.56 35 34.96 35.46 35.74 35.88 35.32 34.7 35.88 37.52 36.98 38.7 39.72 39.98 40.74 41.38 41.46 42.24 41.48 39.06 40.06 34.38 32.98 34.7 36.02 37.12 38.44 40.34 41.84 43.6 45.12 46.1 -9999 -9999 -9999 -9999 -9999 -9999 -9999 -9999 -9999 -9999 -9999 42.54 41.4 41.24 40.4 36.76 33.46 31.58 36.82 37.34 -9999
35.92 36.66 38.58 39.66 41 43 43.36 43.74 42.74 43.14 42.48 41.82 40.56 39.86 39.08 38.62 38.94 38.66 39.04 39.16 39.56 39.36 38.56 37.76 36.92 36.46 36.54 36.4 35.78 36.24 36.3 36.7 39.54 37.62 36.9 38.58 39.1 40.42 39.9 40.72 42.7 43.18 44.1 42.62 41.82 38.72 35.2 37.1 38.1 39.44 41.16 41.9 42.84 44.44 45.9 -9999 -9999 -9999 -9999 -9999 -9999 -9999 -9999 -9999 43.46 42.42 41.96 41.64 41.98 40.7 38.22 32.26 31.14 32.94 36.76 -9999 -9999
35.52 37.52 38.4 40.88 42.8 44.06 44.7 45.04 45.32 45.28 45.14 44.14 42.48 41.22 40.38 40.4 40.2 39.56 39.48 39.82 39.72 39.74 39.6 38.72 38.24 37.78 37.5 36 34.96 35.4 40.52 40.46 39.76 36.98 34.76 34.94 33.9 34.98 38.04 39.94 41.24 43.22 43.04 43.28 42.42 41.48 38.58 38.92 40.68 41.42 42.02 42.84 43.82 44.66 -9999 -9999 -9999 -9999 -9999 -9999 -9999 -9999 -9999 -9999 42.58 40.76 40.36 41.24 41.8 39.06 34.34 32.92 31.08 33.9 37.5 -9999 -9999
34.2 36.82 40.04 42.16 44 46.12 47 47.48 47.66 47.68 46.6 45.9 44.56 43.56 42.26 41.5 41.22 40.6 40.54 40.76 40.44 40.6 40.38 39.78 39.36 39.34 38.3 37.08 36 39.02 41.58 40.9 39.68 38.52 36.26 35.6 32.96 35.56 37.6 37.08 39.14 40.18 40.34 42.34 42.74 42.02 40.46 41.52 42.24 42.68 43.24 43.56 -9999 -9999 -9999 -9999 -9999 -9999 -9999 -9999 -9999 -9999 -9999 43.74 41.54 39.96 38.12 40.5 39.78 35.18 34.94 32.78 32.98 36.14 -9999 -9999 -9999
34.48 37.1 40 42.86 45.56 47.28 49.2 50.12 49.14 49.18 48.34 47.66 46.4 45.28 43.52 42.9 42.04 41.66 41.34 41.52 41.1 41.3 40.78 40.68 40.6 40.5 40.08 40.3 39.76 42.74 40.46 40.28 40.72 40.66 39.14 36.44 34.34 34.82 35.22 36.34 35.3 37.82 39.48 41.14 42.6 43.72 42.62 43.56 44.06 44.02 -9999 -9999 -9999 -9999 -9999 -9999 -9999 -9999 -9999 -9999 -9999 -9999 -9999 43.8 42.04 40.18 38.76 37.82 36 35.26 32.72 33.82 32.62 36.56 -9999 -9999 -9999
34.14 37.74 39.84 43.4 46.42 49.46 51.86 51.92 51.54 51.34 50.16 49.08 47.92 47.02 45.94 45.36 43.64 43.34 42.18 42.18 41.9 42.22 41.96 41.64 40.82 40.44 41.32 41.6 42.38 41.3 40.02 40.22 39.42 40.74 39.86 38.18 36.64 34.82 33.7 32.9 31.26 38.28 39.38 41.94 43.92 43.02 44.44 44.94 44.58 -9999 -9999 -9999 -9999 -9999 -9999 -9999 -9999 -9999 -9999 -9999 -9999 -9999 -9999 44.12 42 40.28 36.6 35.6 33.72 32.68 32.68 32.44 33.32 37.88 -9999 -9999 -9999
34.26 37.9 40.24 43.78 48.14 51.9 54.12 54.68 54.5 53.04 51.7 50.48 49.12 48.52 47.18 46.7 45.44 44.72 43.72 43.54 43.22 43.52 42.84 43.26 42.06 41.46 41.74 41.54 41.16 41.26 41.1 40.56 40.02 39.96 39.94 38.66 37.14 35.74 35.64 34.94 32.24 39.14 40.64 43.18 43.4 43.78 44.74 44.58 -9999 -9999 -9999 -9999 -9999 -9999 -9999 -9999 -9999 -9999 -9999 -9999 -9999 -9999 -9999 45.02 42.38 41.9 37.04 36.3 33.94 32.84 32.06 33.02 36.1 -9999 -9999 -9999 -9999
33.6 37.56 41.2 45.12 48.7 52.58 56.62 57.38 56.46 53.58 51.58 49.52 50.66 49.46 48.8 48.22 47.14 46.44 45.34 45.04 45.28 44.88 44.32 43.66 43.24 43.66 43.26 42.8 42.18 42.02 42.16 40.18 40.52 39.32 38.24 37.86 36.92 36.96 38.88 37.92 34.74 38.92 42.2 44.94 44.02 44.4 -9999 -9999 -9999 -9999 -9999 -9999 -9999 -9999 -9999 -9999 -9999 -9999 -9999 -9999 -9999 -9999 -9999 -9999 44.54 42.82 38.26 37.42 33.86 31.64 31.4 33.4 36.74 -9999 -9999 -9999 -9999
-9999 37.18 41.18 45.48 49.02 53.22 56.12 57.56 55.56 53.56 50.58 50.42 50.8 50.96 50.26 48.38 48.38 47.78 46.76 46.52 46.74 46.48 45.88 45.18 44.52 44.76 44.16 43.74 43.76 43.06 42.36 40.06 40.26 38.68 38.88 40.1 39.34 38.66 39.16 41.42 33.84 39.34 44.86 45.26 45.36 -9999 -9999 -9999 -9999 -9999 -9999 -9999 -9999 -9999 -9999 -9999 -9999 -9999 -9999 -9999 -9999 -9999 -9999 -9999 46.18 44.76 40.74 36.8 32.96 31.42 31.96 35.16 36.98 -9999 -9999 -9999 -9999
-9999 36.24 41.44 46.16 50.38 54.26 57.26 58.02 56.18 54.72 54.12 52.48 51.56 50.88 50.06 48.88 49.06 48.74 48.38 47.94 47.8 47.68 46.98 46.48 46.54 46.42 45.96 45.56 44.38 42.74 41.36 40.22 40.46 41.1 41.64 42.88 42.06 41.54 42.1 43.42 38.58 44.96 45.04 45.22 45.7 -9999 -9999 -9999 -9999 -9999 -9999 -9999 -9999 -9999 -9999 -9999 -9999 -9999 -9999 -9999 -9999 -9999 -9999 47.9 46.16 44.46 41.58 36.68 33.66 32.16 32.8 35.68 -9999 -9999 -9999 -9999 -9999
-9999 -9999 39.7 45.54 50.78 55.52 57.8 58.04 56.52 56.82 55.46 54.06 53.68 52.66 51.48 51.08 50.74 50 49.76 48.86 48.92 48.24 48.06 48.24 47.46 47.18 47.04 46.64 44.92 43.7 42.94 42.36 43.36 43.54 43.24 44.64 44.5 44.58 46.36 46.22 44.9 45.44 45.96 46.2 46.3 -9999 -9999 -9999 -9999 -9999 -9999 -9999 -9999 -9999 -9999 -9999 -9999 -9999 -9999 -9999 -9999 -9999 -9999 47.4 45.7 43.56 41.46 37.22 33.86 32.92 34.4 36.94 -9999 -9999 -9999 -9999 -9999
-9999 -9999 37.94 43.64 49.7 56.04 58.84 59.04 59.88 57.44 55.56 54.56 54.56 53.66 52.54 51.82 51.96 50.6 50.06 49.48 49 48.98 49.1 48.58 49 48.08 47.48 47.72 46.36 45.64 46.06 46.02 46.94 47.2 47.22 47.66 47.26 46.3 48.7 48.56 48.42 47.66 47.22 46.6 46.5 -9999 -9999 -9999 -9999 -9999 -9999 -9999 -9999 -9999 -9999 -9999 -9999 -9999 -9999 -9999 -9999 -9999 48.26 46.66 44.66 43.32 41.56 39.02 35.4 34.6 36.74 37.34 -9999 -9999 -9999 -9999 -9999
-9999 -9999 -9999 40.54 48.78 56.3 61.68 61.86 60.18 57.42 55.9 55.38 55.48 54.72 53.94 53.54 52.98 51.52 50.96 50.92 50.62 50.22 49.7 49.78 49.92 49.2 48.42 48.06 47.7 48.06 48.96 49.16 50.38 50.6 50.88 50.62 48.9 48.18 48.34 48.92 49.24 48.74 47.48 46.4 46.22 45.7 -9999 -9999 -9999 -9999 -9999 -9999 -9999 -9999 -9999 -9999 -9999 -9999 -9999 -9999 -9999 -9999 48.14 46.66 45.96 44.76 40.36 39.28 36.1 35.18 38.24 -9999 -9999 -9999 -9999 -9999 -9999
-9999 -9999 -9999 -9999 45.8 56.22 62.58 63.04 60.26 56.7 55.78 57.12 56.84 56.7 56.04 54.96 54.6 53.98 53.16 52.26 51.76 51.4 51.44 50.98 50.48 50.36 49.44 48.78 48.3 51 50.98 51.74 51.68 52.62 53.22 52.14 50.64 50.9 50.5 50.62 50.52 49.66 48.44 47.16 46.26 46.36 -9999 -9999 -9999 -9999 -9999 -9999 -9999 -9999 -9999 -9999 -9999 -9999 -9999 -9999 -9999 48.78 46.76 44.26 43.72 42.82 39.28 39.04 35.94 37.84 40.12 -9999 -9999 -9999 -9999 -9999 -9999
-9999 -9999 -9999 -9999 42.46 56.08 62.22 62.06 58.9 57.22 58.6 59.58 59.1 58.5 57.46 56.8 56.24 55.32 54.52 53.74 53.56 52.96 52.64 51.88 51.52 50.72 50.6 50.08 50.42 52.46 52.66 53 52.14 50.5 49.72 47.62 48.02 50.42 51.52 51.14 51.1 50.34 48.68 47.28 46.5 46.44 -9999 -9999 -9999 -9999 -9999 -9999 -9999 -9999 -9999 -9999 -9999 -9999 -9999 -9999 -9999 -9999 45.92 43.02 42.72 40.52 38.7 38.1 38.06 39.88 40.94 -9999 -9999 -9999 -9999 -9999 -9999
-9999 -9999 -9999 -9999 44.76 58.68 64.3 63.96 61.32 62.42 62.66 63.46 62.66 61.98 60.52 59.34 57.9 57.2 56.44 55.54 54.32 53.64 53.28 52.6 51.74 50.98 50.58 50.82 51.92 53.3 54.48 52.72 50.64 48.18 46.24 46.54 49.4 51.22 52.46 52.52 51.38 50.34 49.54 47.4 46.52 45.78 -9999 -9999 -9999 -9999 -9999 -9999 -9999 -9999 -9999 -9999 -9999 -9999 -9999 -9999 -9999 -9999 48.36 45.64 43.72 42.18 40.06 36.46 37.76 39.9 41.1 -9999 -9999 -9999 -9999 -9999 -9999
-9999 -9999 -9999 -9999 47.78 61.3 67.46 65.02 64.3 66.44 66.28 66.04 64.82 64.82 63.38 62.34 60.96 59.1 57.86 56.82 55.82 55.62 54.66 53.98 52.34 51.48 51.28 51.86 52.68 54.08 53.26 51.76 50.46 46.3 43.28 45.38 48.74 51.08 52.46 52.88 51.8 50.22 48.88 47.22 46.14 45.48 -9999 -9999 -9999 -9999 -9999 -9999 -9999 -9999 -9999 -9999 -9999 -9999 -9999 -9999 -9999 -9999 48.14 46.14 45.06 42.68 39.3 36.96 36.38 38.82 -9999 -9999 -9999 -9999 -9999 -9999 -9999
-9999 -9999 -9999 -9999 48.46 61.58 68.68 65.88 68.78 69.54 71.56 69.58 68.58 68.14 66.78 65.1 63.3 61.92 60.12 58.64 57.54 56.06 54.96 53.92 52.7 51.26 50.52 52.16 52.66 52.8 49.38 48.66 49.5 48.04 45.16 42.88 47.38 50 52.72 51.46 51.04 49.74 48.44 46.66 46.1 45.9 -9999 -9999 -9999 -9999 -9999 -9999 -9999 -9999 -9999 -9999 -9999 -9999 -9999 -9999 -9999 -9999 46.9 45.1 43.58 42.66 40.94 41.64 37.66 39.9 -9999 -9999 -9999 -9999 -9999 -9999 -9999
-9999 -9999 -9999 -9999 47.22 60.16 66.9 66.38 68.28 69.88 71.74 71.64 70.74 69.86 68.64 67.28 65.16 63.42 61.76 59.94 59.46 57.9 56.26 54.58 52.98 51.54 50.1 51.08 51.22 51.4 50.12 49.54 51.36 52.36 46.02 44.5 37.22 48.02 50.48 50.3 49.76 48.08 46.68 46.22 45.7 -9999 -9999 -9999 -9999 -9999 -9999 -9999 -9999 -9999 -9999 -9999 -9999 -9999 -9999 -9999 -9999 -9999 -9999 44.86 43.92 42.98 42.1 42.28 37.96 41.44 -9999 -9999 -9999 -9999 -9999 -9999 -9999
-9999 -9999 -9999 -9999 -9999 57.04 63.5 65.46 66.02 69.86 72.68 72.64 72.84 71.96 70.8 69.64 68.02 66.1 64.02 62.3 60.7 59.38 58.2 56.66 55.1 52.12 50.64 51.02 50.48 50.78 51.5 51.24 51.12 50.54 43.9 38.14 38.26 45.42 48.68 49.02 48.26 47.38 -9999 -9999 -9999 -9999 -9999 -9999 -9999 -9999 -9999 -9999 -9999 -9999 -9999 -9999 -9999 -9999 -9999 -9999 -9999 -9999 -9999 -9999 44.2 43 42.22 42.06 -9999 -9999 -9999 -9999 -9999 -9999 -9999 -9999 -9999
-9999 -9999 -9999 -9999 -9999 52.94 59.86 63.3 65.22 69.04 73.08 73.76 73.96 73.46 73 71.86 70.76 68.46 66.24 64.16 62.68 61.12 59.64 58.16 56.02 54.74 52.1 49.84 48.58 50.22 49.92 47.48 47.1 45.88 41.94 38.38 39.2 41.9 47.18 47.04 46.78 -9999 -9999 -9999 -9999 -9999 -9999 -9999 -9999 -9999 -9999 -9999 -9999 -9999 -9999 -9999 -9999 -9999 -9999 -9999 -9999 -9999 -9999 -9999 -9999 -9999 -9999 -9999 -9999 -9999 -9999 -9999 -9999 -9999 -9999 -9999 -9999
-9999 -9999 -9999 -9999 -9999 48.38 56.38 61.44 63.78 67.72 73.32 73.62 74.32 75.54 75.14 74.56 73.38 71.12 69.08 65.6 64.22 62.42 60.44 58.92 57.88 55.96 53.48 51.34 50.62 48.52 46.46 45.68 45.14 44.16 41.74 39.16 37.58 39.52 45.5 46.56 46.56 -9999 -9999 -9999 -9999 -9999 -9999 -9999 -9999 -9999 -9999 -9999 -9999 -9999 -9999 -9999 -9999 -9999 -9999 -9999 -9999 -9999 -9999 -9999 -9999 -9999 -9999 -9999 -9999 -9999 -9999 -9999 -9999 -9999 -9999 -9999 -9999
-9999 -9999 -9999 -9999 -9999 44.26 52.7 57.16 61.02 67.66 72.6 75.48 75.24 75.56 75.66 76.66 75.5 72.98 71 68.42 66.32 63.84 61.82 59.88 58.7 56.74 55.62 53.28 52.96 51.94 50.52 47.94 45.68 44.54 42.2 40.14 39.12 40.86 46.94 48.06 46.96 -9999 -9999 -9999 -9999 -9999 -9999 -9999 -9999 -9999 -9999 -9999 -9999 -9999 -9999 -9999 -9999 -9999 -9999 -9999 -9999 -9999 -9999 -9999 -9999 -9999 -9999 -9999 -9999 -9999 -9999 -9999 -9999 -9999 -9999 -9999 -9999
-9999 -9999 -9999 -9999 -9999 41.5 48.78 54.82 59.82 67.04 72.12 73.08 72.32 75.46 77.16 77.18 76.12 75 73.16 69.86 67.58 64.56 61.8 61.28 62.6 59.72 58.1 57.38 55.58 53.06 50.68 47.94 46.02 44.46 41.92 40.16 41 41.64 45.4 46.72 45.94 -9999 -9999 -9999 -9999 -9999 -9999 -9999 -9999 -9999 -9999 -9999 -9999 -9999 -9999 -9999 -9999 -9999 -9999 -9999 -9999 -9999 -9999 -9999 -9999 -9999 -9999 -9999 -9999 -9999 -9999 -9999 -9999 -9999 -9999 -9999 -9999
-9999 -9999 -9999 -9999 -9999 -9999 45.02 51.7 57.72 64.4 71.5 73.22 75.2 77.84 78.7 78.8 77.26 76.04 73.3 71.46 68.32 64.88 62.26 63.5 65.42 62.36 60.26 58.62 56.54 53.06 50.12 47.02 45.2 43.08 44.3 44.74 40.88 40.84 43.84 45.7 -9999 -9999 -9999 -9999 -9999 -9999 -9999 -9999 -9999 -9999 -9999 -9999 -9999 -9999 -9999 -9999 -9999 -9999 -9999 -9999 -9999 -9999 -9999 -9999 -9999 -9999 -9999 -9999 -9999 -9999 -9999 -9999 -9999 -9999 -9999 -9999 -9999
-9999 -9999 -9999 -9999 -9999 -9999 -9999 46.7 53.78 62.9 71.1 75.76 77.78 79.18 79.18 78.74 77.96 76 74.84 72.52 69.06 66.3 64.36 66.76 67.14 63.72 61.5 59.04 56.58 53.54 50.62 46.12 44 43.42 45.8 44.44 42.16 42.1 45.84 45.04 -9999 -9999 -9999 -9999 -9999 -9999 -9999 -9999 -9999 -9999 -9999 -9999 -9999 -9999 -9999 -9999 -9999 -9999 -9999 -9999 -9999 -9999 -9999 -9999 -9999 -9999 -9999 -9999 -9999 -9999 -9999 -9999 -9999 -9999 -9999 -9999 -9999
-9999 -9999 -9999 -9999 -9999 -9999 -9999 -9999 47.16 58.8 70.76 77.26 78.96 78.96 78.64 78.84 78.3 76.66 76.32 74.34 71.2 68.4 67.44 68.84 67.7 65.5 62.84 59 56.72 53.54 50.8 44.74 35.52 44.88 47.58 44.58 40.46 41.18 45.18 -9999 -9999 -9999 -9999 -9999 -9999 -9999 -9999 -9999 -9999 -9999 -9999 -9999 -9999 -9999 -9999 -9999 -9999 -9999 -9999 -9999 -9999 -9999 -9999 -9999 -9999 -9999 -9999 -9999 -9999 -9999 -9999 -9999 -9999 -9999 -9999 -9999 -9999
-9999 -9999 -9999 -9999 -9999 -9999 -9999 -9999 -9999 53.26 67.7 74.46 76.5 74.98 75.44 76.5 78.06 76.9 76.24 76.24 72.72 71.66 70.94 68.96 68.62 65.62 62.8 60.24 57 53.72 50 39.62 37.2 37.52 40 38.84 38.18 43.08 -9999 -9999 -9999 -9999 -9999 -9999 -9999 -9999 -9999 -9999 -9999 -9999 -9999 -9999 -9999 -9999 -9999 -9999 -9999 -9999 -9999 -9999 -9999 -9999 -9999 -9999 -9999 -9999 -9999 -9999 -9999 -9999 -9999 -9999 -9999 -9999 -9999 -9999 -9999
-9999 -9999 -9999 -9999 -9999 -9999 -9999 -9999 -9999 50.64 63.9 69.18 72.6 74.06 74.76 76.16 76.86 77.28 76.06 74.78 74.1 73 71.52 71.4 70.04 65.2 63.64 61.02 58.22 54.9 46.54 40.32 38.1 37.3 39.3 38.16 39.52 -9999 -9999 -9999 -9999 -9999 -9999 -9999 -9999 -9999 -9999 -9999 -9999 -9999 -9999 -9999 -9999 -9999 -9999 -9999 -9999 -9999 -9999 -9999 -9999 -9999 -9999 -9999 -9999 -9999 -9999 -9999 -9999 -9999 -9999 -9999 -9999 -9999 -9999 -9999 -9999
-9999 -9999 -9999 -9999 -9999 -9999 -9999 -9999 -9999 49.26 59.44 64.66 69.14 72.66 74.06 75.28 76.34 75.46 75.8 74.08 72.34 72.86 70.8 70.06 69.84 65.98 63.28 61.48 60.36 57.16 48.78 41.76 39.58 38.76 39.58 38.1 37.74 -9999 -9999 -9999 -9999 -9999 -9999 -9999 -9999 -9999 -9999 -9999 -9999 -9999 -9999 -9999 -9999 -9999 -9999 -9999 -9999 -9999 -9999 -9999 -9999 -9999 -9999 -9999 -9999 -9999 -9999 -9999 -9999 -9999 -9999 -9999 -9999 -9999 -9999 -9999 -9999
-9999 -9999 -9999 -9999 -9999 -9999 -9999 -9999 -9999 -9999 55.86 62.72 67.64 71.5 72.16 73.38 73.5 71.96 70.84 69.86 69.6 70.46 68.32 67.18 66.66 65.34 64.28 62.32 60.84 53.72 45.02 42.32 42.98 41.12 38.08 36.68 -9999 -9999 -9999 -9999 -9999 -9999 -9999 -9999 -9999 -9999 -9999 -9999 -9999 -9999 -9999 -9999 -9999 -9999 -9999 -9999 -9999 -9999 -9999 -9999 -9999 -9999 -9999 -9999 -9999 -9999 -9999 -9999 -9999 -9999 -9999 -9999 -9999 -9999 -9999 -9999 -9999
-9999 -9999 -9999 -9999 -9999 -9999 -9999 -9999 -9999 -9999 53.16 60.8 67.4 69.9 68.9 69.8 70.28 69.48 66.94 65.68 66.7 68.32 66.12 64.12 62.6 61.54 60.88 57.58 52.36 50.2 46.12 44.74 42.9 39.5 36.4 -9999 -9999 -9999 -9999 -9999 -9999 -9999 -9999 -9999 -9999 -9999 -9999 -9999 -9999 -9999 -9999 -9999 -9999 -9999 -9999 -9999 -9999 -9999 -9999 -9999 -9999 -9999 -9999 -9999 -9999 -9999 -9999 -9999 -9999 -9999 -9999 -9999 -9999 -9999 -9999 -9999 -9999
-9999 -9999 -9999 -9999 -9999 -9999 -9999 -9999 -9999 -9999 -9999 58.74 67.04 69.44 67.48 65.9 66.44 66.9 67.24 65.22 65.68 65.92 64.8 60.84 59.12 61.48 60.22 55.16 52.88 51.58 47.52 44.6 40.46 37.32 -9999 -9999 -9999 -9999 -9999 -9999 -9999 -9999 -9999 -9999 -9999 -9999 -9999 -9999 -9999 -9999 -9999 -9999 -9999 -9999 -9999 -9999 -9999 -9999 -9999 -9999 -9999 -9999 -9999 -9999 -9999 -9999 -9999 -9999 -9999 -9999 -9999 -9999 -9999 -9999 -9999 -9999 -9999
-9999 -9999 -9999 -9999 -9999 -9999 -9999 -9999 -9999 -9999 -9999 57.88 66.76 66.58 74.12 65.76 59.4 62.9 66.46 67.34 66.94 68.34 65.44 63.78 61.02 56.86 58.22 52.18 49.5 47.18 44.18 40.76 39.18 -9999 -9999 -9999 -9999 -9999 -9999 -9999 -9999 -9999 -9999 -9999 -9999 -9999 -9999 -9999 -9999 -9999 -9999 -9999 -9999 -9999 -9999 -9999 -9999 -9999 -9999 -9999 -9999 -9999 -9999 -9999 -9999 -9999 -9999 -9999 -9999 -9999 -9999 -9999 -9999 -9999 -9999 -9999 -9999
