data/default-data/raster/climate/pet_2.txt
ncols         720
nrows         360
xllcorner     -180
yllcorner     -90
cellsize      0.5
NODATA_value  -9999
[rows 68 to 101 of 360, columns 77 to 153 of 720]
-9999 -9999 -9999 -9999 -9999 -9999 -9999 -9999 -9999 -9999 -9999 -9999 -9999 -9999 -9999 -9999 6.24 5.66 5.14 5.02 4.08 3.32 2.84 1.96 2.1 2.5 2.28 2.42 2.52 2.4 2.36 2.22 2.32 2.1 2.42 2.24 2.68 3.3 3.46 3.72 3.32 2.84 2.68 2.64 2.36 2.62 2.42 2.5 2.48 2.52 2.76 2.94 2.92 2.82 2.76 2.86 2.34 2.48 1.98 2.02 1.86 1.92 1.76 1.6 1.88 1.82 1.68 1.58 1.88 1.8 1.66 1.82 1.66 1.78 1.52 1.84 1.54
-9999 -9999 -9999 -9999 -9999 -9999 -9999 -9999 -9999 -9999 -9999 -9999 -9999 -9999 -9999 -9999 6.76 6.5 6.48 7.04 6.66 5.22 3.62 3.64 2.72 2.56 2.54 3.28 2.66 2.54 2.3 2.18 2.08 2.16 2.22 2.44 2.68 3.38 3.94 4.04 3.84 3.32 3.08 3.36 3.16 2.64 2.84 2.82 3.06 2.86 3.1 3.08 3 2.8 2.94 2.94 2.32 2.04 2.14 1.86 1.96 1.92 1.7 1.98 1.8 1.74 1.74 2 1.9 1.86 1.7 1.9 1.66 1.74 1.58 1.76 1.56
-9999 -9999 -9999 -9999 -9999 -9999 -9999 -9999 -9999 -9999 -9999 -9999 -9999 -9999 -9999 -9999 -9999 -9999 7.48 -9999 -9999 6.64 5.5 3.52 2.42 3.52 2.86 2.58 2.8 2.52 2.06 2.1 2.16 2.12 2.22 2.36 3.14 3.64 4.04 3.98 3.94 3.92 3.96 3.72 3.88 3.46 3.44 3.74 3.98 3.94 3.62 3.36 3.5 3.22 2.98 2.66 2.38 2.14 2.28 1.96 1.92 1.88 1.8 2.1 1.94 1.98 2.06 1.88 1.94 1.8 1.94 1.64 1.82 2 1.7 1.78 1.7
-9999 -9999 -9999 -9999 -9999 -9999 -9999 -9999 -9999 -9999 -9999 -9999 -9999 -9999 -9999 -9999 -9999 -9999 -9999 -9999 -9999 -9999 6.44 4.34 3.14 4.14 2.46 2.32 2.42 2.54 2.26 2.34 2.46 2.4 2.54 2.6 3.4 3.96 3.96 3.96 4 4.2 4.68 4.72 4.9 4.72 4.8 5 5.04 4.48 4.1 3.68 3.58 3 3.24 3.06 2.54 2.22 2.28 2.06 1.94 2.3 1.94 2.1 2.24 2.16 1.96 1.98 2.04 2.22 1.92 1.96 2.04 1.8 1.98 1.86 2.1
-9999 -9999 -9999 -9999 -9999 -9999 -9999 -9999 -9999 -9999 -9999 -9999 -9999 -9999 -9999 -9999 -9999 6.66 5.94 -9999 -9999 -9999 7.8 5.58 4.68 3.7 2.38 2.4 2.62 2.76 2.62 2.52 2.58 2.84 2.8 2.76 3.44 4.18 4.34 4.4 4.46 4.44 4.56 4.62 4.9 5.12 5.28 5.46 5.3 4.92 3.96 3.78 3.58 4.1 3.82 3.26 3.24 2.6 2.32 2.4 2.28 2.3 2.1 2.28 2.32 2.08 2.4 2.18 2.28 2.24 2.22 1.96 2.12 2 1.82 1.84 2.2
-9999 -9999 -9999 -9999 -9999 -9999 -9999 -9999 -9999 -9999 -9999 -9999 -9999 -9999 -9999 -9999 -9999 -9999 6.18 -9999 -9999 -9999 -9999 7.98 5.84 4.46 3.04 2.76 2.74 2.64 2.64 2.72 2.98 3.04 3.32 3.2 3.46 4.22 4.64 4.84 4.8 4.84 4.62 4.72 4.72 4.94 4.86 5.62 5.68 4.98 4.64 4.44 4.48 4.9 4.62 3.8 3.04 2.78 2.4 2.72 2.14 2.5 2.2 2.4 2.2 2.3 2.02 2.2 2.2 2.06 2.46 2.36 2.52 2.38 2.18 2.2 2.04
-9999 -9999 -9999 -9999 -9999 -9999 -9999 -9999 -9999 -9999 -9999 -9999 -9999 -9999 -9999 -9999 -9999 -9999 -9999 6.96 -9999 -9999 -9999 -9999 -9999 6.5 5.34 2.94 2.88 2.9 2.76 2.94 3.24 3.14 3.36 3.44 3.48 3.9 4.78 5.04 5.1 4.82 4.86 4.4 4.3 4.36 4.56 4.98 5.42 5.2 5.46 4.98 4.88 4.72 4.16 4.12 3.74 3.4 3.24 3.22 2.52 2.4 2.12 2.26 2.22 2.24 2.14 1.94 2.18 1.94 2.42 2.34 2.3 2.12 2.28 2.08 2.18
-9999 -9999 -9999 -9999 -9999 -9999 -9999 -9999 -9999 -9999 -9999 -9999 -9999 -9999 -9999 -9999 -9999 -9999 -9999 -9999 -9999 -9999 -9999 -9999 -9999 -9999 7.88 5.34 4.22 3.18 3.16 3.26 3.2 3.56 3.56 3.9 3.94 3.8 4.74 5.38 4.62 4.76 4.62 4.18 4.2 4.34 4.58 4.74 4.94 4.92 5 5.12 4.26 4.98 3.94 4.46 4.12 3.94 3.9 3.06 2.56 2.52 2.44 2.46 2.22 2.12 1.88 2.38 2.2 2.02 2.06 2.26 2.3 1.96 2.12 1.92 2.28
-9999 -9999 -9999 -9999 -9999 -9999 -9999 -9999 -9999 -9999 -9999 -9999 -9999 -9999 -9999 -9999 -9999 -9999 -9999 -9999 -9999 -9999 -9999 -9999 -9999 -9999 -9999 7.08 4.08 3.18 3.12 3.18 3.24 3.5 3.84 4.04 4.14 3.98 4.48 4.8 4.9 4.66 4.46 4.28 4.36 4.42 4.18 4.44 4.46 4.2 4.46 4.94 6.2 5.76 5.86 5.2 4.14 3.86 3.74 3.2 2.68 2.86 2.62 2.28 2.46 2.36 2.2 2.28 2.38 2.34 2.62 2.46 2.7 2.3 2.12 2.26 2.38
-9999 -9999 -9999 -9999 -9999 -9999 -9999 -9999 -9999 -9999 -9999 -9999 -9999 -9999 -9999 -9999 -9999 -9999 -9999 -9999 -9999 -9999 -9999 -9999 -9999 -9999 -9999 -9999 6.34 4.2 4.06 4.16 3.44 3.4 3.34 3.42 3.3 3.44 3.76 4.12 4.08 4.24 4.66 4.48 4.44 4.16 4.32 4.5 4.08 3.52 3.84 4.68 5.68 7.04 7.12 6.12 4.1 3.84 3.6 3.1 2.9 2.78 2.78 2.82 2.82 2.5 2.58 2.86 2.62 2.64 2.72 2.98 2.58 2.26 2.22 2.12 2
-9999 -9999 -9999 -9999 -9999 -9999 -9999 -9999 -9999 -9999 -9999 -9999 -9999 -9999 -9999 -9999 -9999 -9999 -9999 -9999 -9999 -9999 -9999 -9999 -9999 -9999 6.58 5.92 7.08 7.04 5.74 4.3 3.56 3.58 3.6 3.36 3.24 3.46 3.44 3.66 4.36 4.34 5.1 4.84 5.38 4.36 4.3 4.18 3.72 3.52 3.54 4.48 5.28 6.34 6.72 6.44 5.52 4.9 4.34 3.82 4.22 4.18 3.7 3.82 3.56 3.44 3.08 2.66 2.78 2.82 2.92 2.92 3.06 2.34 2.26 2.66 2.62
-9999 -9999 -9999 -9999 -9999 -9999 -9999 -9999 -9999 -9999 -9999 -9999 -9999 -9999 -9999 -9999 -9999 -9999 -9999 -9999 -9999 -9999 -9999 -9999 -9999 -9999 -9999 5.7 5.5 5.04 4.1 5.36 6.38 5.64 3.84 3.56 3.12 3.12 3.44 4.06 4.92 4.64 4.72 4.96 5.48 4.5 4.44 4.54 4.22 3.62 3.86 4.34 5.06 5.46 7.62 7.24 6.8 6.8 6.1 5.48 5.56 5.5 4.96 4.82 4.98 4.86 3.92 3.16 3.02 3.26 3.58 3.8 3.26 3.02 2.28 2.16 2.14
-9999 -9999 -9999 -9999 -9999 -9999 -9999 -9999 -9999 -9999 -9999 -9999 -9999 -9999 -9999 -9999 -9999 -9999 -9999 -9999 -9999 -9999 -9999 -9999 -9999 -9999 -9999 -9999 -9999 6.14 4.08 4.1 4.16 -9999 6.4 4.16 3.78 3.62 4.62 4.88 4.6 4.22 4.46 4.92 4.74 4.04 4.24 4.24 4.06 3.66 3.74 4.6 4.64 5.44 6.48 8.22 8.52 8.32 8.04 7.46 7.18 6.16 5.2 5.44 5.92 5.88 5.12 4.58 3.98 3.26 3.32 3.4 3.6 3.1 2.8 2.74 2.52
-9999 -9999 -9999 -9999 -9999 -9999 -9999 -9999 -9999 -9999 -9999 -9999 -9999 -9999 -9999 -9999 -9999 -9999 -9999 -9999 -9999 -9999 -9999 -9999 -9999 -9999 -9999 -9999 -9999 -9999 -9999 4.66 4.36 4.64 6.24 -9999 8.24 8 8.04 7 4.58 3.72 4.32 4.6 4.28 4.08 4.26 4.52 4.52 3.94 4.32 5.5 6.74 6 6.4 8.18 9.42 9.22 9 8.68 8.64 7.08 5.46 5.22 5.56 5.96 5.52 4.86 4.16 3.6 3.46 3.58 3.76 3.9 3.16 3.12 2.8
-9999 -9999 -9999 -9999 -9999 -9999 -9999 -9999 -9999 -9999 -9999 -9999 -9999 -9999 -9999 -9999 -9999 -9999 -9999 -9999 -9999 -9999 -9999 -9999 -9999 -9999 -9999 -9999 -9999 -9999 -9999 -9999 -9999 6.68 5.5 6.88 -9999 10.34 9.36 5.58 4.26 3.74 4.34 4.84 5.06 4.32 4.4 4.98 4.84 4.46 5.64 6.38 6.72 6.74 7.22 7.3 9.24 9.58 9.98 10.52 9.88 8.48 6.72 6.08 6.16 6.22 5.86 5.76 5.3 5.02 4.42 4.32 4.5 4.6 4.54 4.36 3.82
-9999 -9999 -9999 -9999 -9999 -9999 -9999 -9999 -9999 -9999 -9999 -9999 -9999 -9999 -9999 -9999 -9999 -9999 -9999 -9999 -9999 -9999 -9999 -9999 -9999 -9999 -9999 -9999 -9999 -9999 -9999 -9999 -9999 -9999 7.3 8.42 -9999 -9999 11.14 7.98 4.76 4.46 5.42 6.78 5.66 5.04 4.96 5.5 5.34 5.7 6.26 6.44 7.16 7.3 7.26 7.9 9.02 10.3 11.48 11.46 11.1 9.56 8.34 7.6 7.26 6.9 7.02 6.84 6.28 6.32 5.86 5.56 5.48 5.76 6.04 5.86 5.18
-9999 -9999 -9999 -9999 -9999 -9999 -9999 -9999 -9999 -9999 -9999 -9999 -9999 -9999 -9999 -9999 -9999 -9999 -9999 -9999 -9999 -9999 -9999 -9999 -9999 -9999 -9999 -9999 -9999 -9999 -9999 -9999 -9999 -9999 8.62 8.04 7.62 11.3 12.66 10.42 6.52 6.22 7.08 8.86 8.5 8.12 8 7.54 7.96 7.78 7.96 8.08 7.76 7.78 8.28 8.34 9.74 11.02 12.94 12.5 12.02 10.6 9.76 9.24 8.3 8.38 8.04 7.74 7.62 7.28 7.3 6.76 6.66 6.96 7.06 7.22 6.8
-9999 -9999 -9999 -9999 -9999 -9999 -9999 -9999 -9999 -9999 -9999 -9999 -9999 -9999 -9999 -9999 -9999 -9999 -9999 -9999 -9999 -9999 -9999 -9999 -9999 -9999 -9999 -9999 -9999 -9999 -9999 -9999 -9999 -9999 10.1 9.62 9.66 11.18 12.62 9.66 7.74 7.24 8.24 9.82 9.4 9.2 9.34 9.02 9.2 8.9 8.14 8.14 7.78 7.7 7.92 8.8 10.02 10.98 12.86 13.1 12.42 10.88 10.44 10.54 10.06 9.72 9.26 9.04 8.54 8.42 7.9 7.9 7.76 7.98 8.06 7.66 7.52
-9999 -9999 -9999 -9999 -9999 -9999 -9999 -9999 -9999 -9999 -9999 -9999 -9999 -9999 -9999 -9999 -9999 -9999 -9999 -9999 -9999 -9999 -9999 -9999 -9999 -9999 -9999 -9999 -9999 -9999 -9999 -9999 -9999 -9999 -9999 9.84 9.34 9.92 8.62 6.84 6 9.12 9.98 10.58 10.8 10.1 10.54 11.48 10.88 11.1 10.08 9 8.12 7.72 8.42 9.12 10.58 11.46 12 11.88 11.88 11.06 11.14 11.48 10.84 11.26 10.64 10.2 9.72 9.26 8.6 8.54 8.92 9.12 8.82 8.88 8.4
-9999 -9999 -9999 -9999 -9999 -9999 -9999 -9999 -9999 -9999 -9999 -9999 -9999 -9999 -9999 -9999 -9999 -9999 -9999 -9999 -9999 -9999 -9999 -9999 -9999 -9999 -9999 -9999 -9999 -9999 -9999 -9999 -9999 -9999 -9999 10.28 9.34 9.86 7.32 6.9 6.52 9.18 10 10.96 11.74 11.94 11.88 10.24 11.56 11.54 10.88 10 8.72 8.66 9.18 9.46 10.32 11.42 11.68 12.16 12.12 11.74 11.9 12.42 12.54 12.04 11.86 11.48 10.28 10.1 9.76 9.58 9.84 9.9 9.92 9.58 9.36
-9999 -9999 -9999 -9999 -9999 -9999 -9999 -9999 -9999 -9999 -9999 -9999 -9999 -9999 -9999 -9999 -9999 -9999 -9999 -9999 -9999 -9999 -9999 -9999 -9999 -9999 -9999 -9999 -9999 -9999 -9999 -9999 -9999 -9999 -9999 9.64 8.74 10.4 9.54 8 8.26 8.9 10.04 11.86 12.3 11.74 10 10.24 10.34 10.32 10.32 8.84 9.08 9.14 9.44 9.8 10.44 11.34 12.14 12.18 12.34 11.94 12.14 12.96 13.12 13.24 12.9 12.2 11.1 10.84 10.76 10.44 10.7 10.88 10.78 10.42 9.8
-9999 -9999 -9999 -9999 -9999 -9999 -9999 -9999 -9999 -9999 -9999 -9999 -9999 -9999 -9999 -9999 -9999 -9999 -9999 -9999 -9999 -9999 -9999 -9999 -9999 -9999 -9999 -9999 -9999 -9999 -9999 -9999 -9999 -9999 -9999 9.72 10.18 11 8.48 6.56 8.3 8.82 9.04 9.24 8.86 9.3 9.5 10.3 9.12 9.78 9.38 9.14 9.28 9.04 9.66 10.74 10.98 12.42 12.46 11.72 11.24 11.48 11.14 11.62 13.2 12.78 12.2 12.14 11.92 11.24 11.32 11.06 11.34 11.7 11.6 10.96 10.84
-9999 -9999 -9999 -9999 -9999 -9999 -9999 -9999 -9999 -9999 -9999 -9999 -9999 -9999 -9999 -9999 -9999 -9999 -9999 -9999 -9999 -9999 -9999 -9999 -9999 -9999 -9999 -9999 -9999 -9999 -9999 -9999 -9999 -9999 -9999 9.58 10.12 9.68 7.04 6.34 8.38 7.86 8.26 8.32 8.82 8.28 8.44 10.1 10.54 10.58 10.32 9.12 9 9.36 9.76 10.32 10.78 10.78 11.24 10.76 10.62 10.78 10.76 11.32 12.26 12.7 12.82 11.28 11.52 11.56 11.64 11.94 11.7 12.02 12.12 11.76 11.32
-9999 -9999 -9999 -9999 -9999 -9999 -9999 -9999 -9999 -9999 -9999 -9999 -9999 -9999 -9999 -9999 -9999 -9999 -9999 -9999 -9999 -9999 -9999 -9999 -9999 -9999 -9999 -9999 -9999 -9999 -9999 -9999 -9999 -9999 -9999 10.06 10.7 9.24 8.02 6.72 8.7 8.38 7.86 8.62 8.56 8.72 8.92 10.28 11.72 12.26 10.56 10.12 9.6 9.5 9.94 10.24 10.32 10.2 10.66 10.1 9.96 10.12 10.48 11.1 11.46 12.12 12.94 12.58 11.8 12.16 12.56 12.68 12.92 12.88 13.1 12.42 12.94
-9999 -9999 -9999 -9999 -9999 -9999 -9999 -9999 -9999 -9999 -9999 -9999 -9999 -9999 -9999 -9999 -9999 -9999 -9999 -9999 -9999 -9999 -9999 -9999 -9999 -9999 -9999 -9999 -9999 -9999 -9999 -9999 -9999 -9999 -9999 10.74 10.7 9.52 8.18 7.54 7.9 8.12 8.44 8.7 9.24 9.66 10.64 11.22 12.42 12.88 12.08 11.1 10.22 9.68 10.06 10.2 10.3 10.56 10.34 9.8 9.32 9.68 10.36 10.94 11.26 11.88 12.34 12.68 12.58 13.12 13.52 13.52 13.6 14.08 14.6 13.46 13.82
-9999 -9999 -9999 -9999 -9999 -9999 -9999 -9999 -9999 -9999 -9999 -9999 -9999 -9999 -9999 -9999 -9999 -9999 -9999 -9999 -9999 -9999 -9999 -9999 -9999 -9999 -9999 -9999 -9999 -9999 -9999 -9999 -9999 -9999 12.68 10.94 11.44 9.32 7.5 8.04 8.6 9.06 9.32 9.76 10.1 10.48 10.76 11.3 11.72 11.96 13.18 12.44 11.48 11.48 11.82 11.22 10.86 10.54 9.94 9.08 8.94 9.28 10.08 10.64 10.78 11.48 12.06 12.6 13.14 13.32 13.64 13.88 14.4 14.4 15.36 15.76 15.64
-9999 -9999 -9999 -9999 -9999 -9999 -9999 -9999 -9999 -9999 -9999 -9999 -9999 -9999 -9999 -9999 -9999 -9999 -9999 -9999 -9999 -9999 -9999 -9999 -9999 -9999 -9999 -9999 -9999 -9999 -9999 -9999 -9999 -9999 11.84 10.64 10.92 10.26 8.46 8.62 8.9 8.96 9.84 9.98 10.66 10.4 11.28 12.6 12.3 11.78 12.24 13.52 13.5 14.34 14.08 12.98 12.02 10.52 9.92 9.22 8.5 8.92 9.28 10.02 10.62 10.78 11.72 12.08 13.32 14.14 14.62 14.46 15.12 14.46 15 15.48 14.98
-9999 -9999 -9999 -9999 -9999 -9999 -9999 -9999 -9999 -9999 -9999 -9999 -9999 -9999 -9999 -9999 -9999 -9999 -9999 -9999 -9999 -9999 -9999 -9999 -9999 -9999 -9999 -9999 -9999 -9999 -9999 -9999 -9999 -9999 12.42 10.66 10.6 10.58 9.22 9.6 9.92 10.02 10.48 10.94 11.44 11.68 11.88 12.62 12.72 12.7 12.02 12.68 13.34 13.74 13.48 13.44 12.64 11.32 10.14 9.08 7.7 8.18 8.4 9.22 9.96 10.48 10.96 11.88 12.86 13.9 14.18 14.46 15.8 16.32 15.96 15.34 14.6
-9999 -9999 -9999 -9999 -9999 -9999 -9999 -9999 -9999 -9999 -9999 -9999 -9999 -9999 -9999 -9999 -9999 -9999 -9999 -9999 -9999 -9999 -9999 -9999 -9999 -9999 -9999 -9999 -9999 -9999 -9999 -9999 -9999 -9999 -9999 10.04 9.58 10.24 10.46 9.9 11.08 11.12 11.66 11.66 11.72 12.9 13.2 13.58 13.26 13.5 12.54 12.36 12.06 13 13.28 13.46 13.08 12.56 11.34 9.26 8.26 8.28 8.14 8.56 9.22 10.02 10.48 11.56 12.48 13.56 13.82 14.06 15.72 17.18 16.56 15.72 15.46
-9999 -9999 -9999 -9999 -9999 -9999 -9999 -9999 -9999 -9999 -9999 -9999 -9999 -9999 -9999 -9999 -9999 -9999 -9999 -9999 -9999 -9999 -9999 -9999 -9999 -9999 -9999 -9999 -9999 -9999 -9999 -9999 -9999 -9999 -9999 11.62 10.18 10.02 11.12 11.48 11.92 11.74 11.9 12.6 13.32 14.4 14.86 14.88 15.1 13.76 12.98 12.64 12.6 12.56 13.64 14.32 14.22 13.4 12.56 10.02 9.5 8.7 8.44 8.08 8.9 9.52 10.3 10.66 11.68 12.12 12.66 13.58 15.32 17.24 16.5 15.94 16.02
-9999 -9999 -9999 -9999 -9999 -9999 -9999 -9999 -9999 -9999 -9999 -9999 -9999 -9999 -9999 -9999 -9999 -9999 -9999 -9999 -9999 -9999 -9999 -9999 -9999 -9999 -9999 -9999 -9999 -9999 -9999 -9999 -9999 -9999 14.1 12.3 11.72 12.34 17.34 12.74 11.7 12.18 12.86 13.98 14.82 15.36 15.76 16.08 16.26 15.42 13.9 12.94 12.9 13.14 13.56 14.26 14.5 14.36 13.5 10.62 9.5 10.08 9.82 9.04 8.58 9.26 10.36 10.82 10.42 10.78 11.98 13.02 15.88 17.74 16.48 15.9 16.72
-9999 -9999 -9999 -9999 -9999 -9999 -9999 -9999 -9999 -9999 -9999 -9999 -9999 -9999 -9999 -9999 -9999 -9999 -9999 -9999 -9999 -9999 -9999 -9999 -9999 -9999 -9999 -9999 -9999 -9999 -9999 -9999 -9999 -9999 13.76 13.48 11.56 14.7 18.32 13.68 12.04 12.84 14.12 15.3 15.38 16.28 17.1 17.22 17.3 16.24 15.16 14.16 13.74 13.6 13.66 14.58 14.56 14.26 13.88 12.26 10.1 9 7.16 7.16 8.7 10.14 11.02 11.22 10.44 10.5 11.86 13.22 16.18 17.8 17.06 15.54 16.4
-9999 -9999 -9999 -9999 -9999 -9999 -9999 -9999 -9999 -9999 -9999 -9999 -9999 -9999 -9999 -9999 -9999 -9999 -9999 -9999 -9999 -9999 -9999 -9999 -9999 -9999 -9999 -9999 -9999 -9999 -9999 -9999 -9999 -9999 -9999 15.04 13.66 13.3 17.5 16.34 14.14 13.04 13.58 14.96 15.84 17.66 17.22 17.46 18.16 17.16 16.28 15.38 14.62 13.96 14.04 13.96 14.1 14.1 13.98 12.44 11.02 9.52 9.12 8.96 10.12 10.78 11.52 11.34 10.68 11.2 12.32 13.4 15.48 17.38 16.56 16.38 16.16
-9999 -9999 -9999 -9999 -9999 -9999 -9999 -9999 -9999 -9999 -9999 -9999 -9999 -9999 -9999 -9999 -9999 -9999 -9999 -9999 -9999 -9999 -9999 -9999 -9999 -9999 -9999 -9999 -9999 -9999 -9999 -9999 -9999 -9999 -9999 17.14 15.1 14.1 16.48 16.82 16.92 14.74 13.24 14.4 16.22 17.36 18.14 17.66 18.6 17.8 17.02 16.58 15.76 14.82 14.3 14.56 14.24 14.48 14.98 13.88 12.24 11.18 11 10.76 11.84 12.92 12.62 11.18 10.88 11.4 12.1 12.98 15 17.08 16.76 16.28 16.22
