data/default-data/raster/climate/pet_2.txt
ncols         720
nrows         360
xllcorner     -180
yllcorner     -90
cellsize      0.5
NODATA_value  -9999
[rows 136 to 169 of 360, columns 385 to 461 of 720]
45.62 46.66 46.34 47.46 47.48 47.78 48.24 49.02 48.76 48.82 48.82 48.7 48.6 48.92 49.06 49.76 49.54 49.42 49.52 49.68 49.26 49.04 49.68 49.16 48.24 47.96 48.14 48.24 48.84 49.66 50.14 50.4 50.76 50.6 49.84 49.96 49.08 48.26 48.42 48.7 48.2 47.46 46.12 44.3 42.42 38.66 37.82 36.92 38.22 -9999 -9999 -9999 -9999 51.5 51.84 48.38 48.56 48.6 47.9 46.12 46 45.96 45.1 44.84 44.22 43.68 43.14 43.08 43.1 43.4 42.82 43.36 43.38 42.68 42.46 42.36 42.24
47.1 47.72 48.2 48.14 48.82 49.1 49.88 50.56 50.62 50.7 50.74 50.34 50.36 50.38 50.3 50.94 50.98 50.92 50.8 50.52 49.98 50.18 50 49.66 49.22 48.88 49.92 50.1 50.34 50.38 50.76 50.82 50.74 51.02 51.08 50.54 49.74 49.3 48.66 48.68 48.3 47.54 47.12 44.02 42.1 39.88 38.44 37.32 37.84 -9999 -9999 -9999 -9999 50.08 49.76 44.34 46.18 45.64 45.36 43.66 44.58 44.86 44.4 43.98 43.74 43.08 42.8 42.54 42.78 43.28 42.74 43.28 43.14 43.1 42.42 42.6 41.84
49.24 49.66 49.8 49.9 50.06 50.48 51.18 51.5 52 51.14 51.82 51.62 51.58 50.88 52.14 51.42 51.78 51.52 52.42 51.84 51.56 51.48 51.16 50.86 50.36 50.42 50.54 50.88 51.66 51.58 51.8 51.92 51.88 51.7 51.16 51.74 51.2 50.58 50.04 48.64 48.2 48.34 47.28 45.2 42.64 40.94 39.36 37.58 36.12 -9999 -9999 -9999 -9999 -9999 47.48 44.28 42.12 42.38 42.66 42.4 42.34 43.18 42.84 42.84 43.24 42.94 42.62 42.68 42.8 43.26 42.86 43.04 42.82 42.76 42.48 42.34 41.88
50.54 51.24 50.96 51.16 51.22 51.74 52.32 52.2 52.7 52.74 52.62 52.3 52.2 52.66 53.08 52.82 52.82 52.94 52.96 53.46 52.86 52.6 52.28 51.72 51.38 50.96 51.78 52.26 52.1 52.12 52.28 52.26 52.12 52.26 52.2 53.16 52.34 52.14 51.8 51.02 49.88 49.18 48.8 45.44 43.54 41.94 39.82 38.28 35.38 39.54 -9999 -9999 -9999 -9999 -9999 45.3 44.2 39.82 39.1 40 40.32 41.48 41.8 42.06 42.14 41.6 42.44 41.88 42.28 42.52 42.36 42.56 42.6 42.18 42.44 42.2 42.08
52.42 52.28 52.22 53 53.34 53.26 53.3 53.2 53.4 53.44 53.6 53.88 53.44 53.9 54.08 54.82 54.74 54.84 54.3 53.84 54.04 53.8 52.7 52.52 52.58 52.68 52.86 52.98 53.26 53.32 53.9 54.26 54.18 54.18 53.88 54.42 54.66 54.12 53.84 53.12 52.28 51.96 49.64 47.4 45.02 42.54 39.98 37.9 36.04 37.94 -9999 -9999 -9999 -9999 -9999 -9999 44.14 43.24 37.1 35.9 37.84 38.5 39.74 39.22 39.54 39.84 40.6 41.22 41.78 41.56 41.5 41.04 41.34 41.96 42.18 41.98 42.16
54.08 54.12 54.22 54.12 54.26 54.2 54.18 54.86 54.94 54.56 55.3 54.98 55.42 55.38 55.38 55.14 55.92 55.82 55.7 54.84 54.38 53.94 53.88 53.66 53.9 54.26 54.16 53.98 53.78 53.6 55.02 55.28 55.48 55.32 55.5 56.48 56.64 56.4 57.2 56.7 54.98 53.72 51.7 49.66 45.98 43.38 41.14 38.42 36.36 36.86 -9999 -9999 -9999 -9999 -9999 -9999 -9999 42.18 39.56 34.06 35.58 36.3 37.06 36.94 37.84 39.24 39.54 39.78 40.62 41 40.62 40.96 41.32 42.14 42.08 41.94 42.12
56 55.98 56.06 56.06 56.18 56.34 55.48 55.54 55.72 55.56 55.7 56.34 56.44 56.48 56.98 56.66 56.3 57.16 56.94 56.62 55.9 54.98 54.6 54.86 54.2 54.44 54.76 54.68 54.92 55 55.1 55.12 56.12 56.16 56.28 57.78 58.44 59.5 61.36 59.82 57.66 54.9 53.04 50.68 49.14 45.06 42.78 39.66 36.34 35.86 -9999 -9999 -9999 -9999 -9999 -9999 -9999 41.22 38.84 33.26 32.62 34.48 34.58 34.88 36.62 37.44 38.72 38.84 38.92 39.44 40.02 40.9 41.28 41.34 41.6 41.88 41.72
57.68 57.82 57.7 57.08 57.26 57.58 56.6 56.82 56.94 56.92 57.06 57.46 57.68 58.04 58.12 57.7 57.76 57.6 58.14 57.94 57.64 56.48 54.86 55.3 55.42 55.7 55.86 55.6 55.54 55.5 55.36 56.26 56.34 57.2 57.7 58.44 60.02 60.86 61.84 60.08 57.66 56.64 55.1 52.66 50.62 46.32 43.92 40.74 37.7 35.28 34.36 33.76 -9999 -9999 -9999 -9999 -9999 -9999 37.72 31.66 30.52 31.54 32.68 33.9 35.62 36.84 37.88 38.3 38.4 39.14 39.54 40.46 41.16 41.18 41.44 41.34 40.92
59.72 59.04 59.02 58.5 58.72 58.16 57.38 57.86 57.8 57.28 58.14 57.96 58.34 58.96 59.04 58.84 59.24 58.92 58.64 58.64 57.72 56.66 54.94 55.34 55.52 55.6 55.6 55.66 55.5 56.2 56.14 56.3 57.2 57.4 58.86 59.68 60 60.08 60.04 59.68 57.68 55.46 54.66 53.86 50.34 47.12 43.78 41.24 39.28 37.5 34.4 33.06 35.02 -9999 -9999 -9999 -9999 -9999 -9999 38.16 32.96 31.04 31.42 33.68 34.82 36.28 37.2 37.86 38.5 39.06 38.9 39.94 39.88 40.24 40.22 40.6 40.22
61.66 60.68 60.84 59.56 59.82 58.6 58.82 58.14 58.1 58.06 58.88 58.9 58.76 59.7 60.34 60.38 60.76 59.54 58.88 57.44 57.22 56.2 56.5 56.5 55.5 55.34 55.5 55.58 56.2 56.14 56.14 57.36 57.3 58.24 59.1 59.46 59.24 59.78 59.46 57.88 56.2 54.18 53.02 52.1 49.4 47.62 44.94 42.3 40.8 39.14 36.84 34.52 35.5 -9999 -9999 -9999 -9999 -9999 -9999 -9999 35.68 28.96 28.82 30.66 33.4 35.82 36.74 37.44 38.34 38.68 38.92 38.84 39.66 40.02 40.04 39.76 38.9
63.42 62.66 61.82 61.4 60.98 59.58 58.88 59.1 57.94 58.72 58.84 58.92 59.92 59.86 60.3 61.34 61.46 60.7 60.1 59.52 58.22 57.48 56.4 56.22 56.36 55.24 55.12 54.94 55.98 55.72 55.88 57.08 57.3 58.3 58.52 59.6 58.6 58.82 58.82 57.54 55.7 51.58 51.26 51.72 50.56 48.2 46.06 44.28 42.62 41.52 39.64 36.46 36.12 -9999 -9999 -9999 -9999 -9999 -9999 -9999 38.1 29.04 28.1 29.3 31.96 34.86 36.06 36.74 36.96 37.32 37.52 36.74 37.32 37.76 37.32 36.56 36.98
64.16 63.9 63.04 62.38 61.72 60.4 59.96 58.82 59.16 58.78 59.02 60.02 60.22 60.96 61.8 61.44 61.82 62.06 61.74 60.06 58.6 58.48 57.4 56.68 56.36 54.76 54.22 54.38 55.14 55.36 56.26 56.84 58.14 58.1 59.14 58.8 58.84 59.46 59.5 57.9 56.2 53.98 52.68 52.28 51.66 49.66 47.66 45.5 45 44.32 42.6 38.82 37.94 37.3 -9999 -9999 -9999 -9999 -9999 -9999 39.56 31.66 28.06 28.68 31.86 33.1 34.86 35.12 35.74 36.1 36.18 36.3 36.62 38.58 39.08 36.18 36.94
65.8 65.14 64.44 63.56 61.8 61.02 59.76 59.02 59.08 58.66 59.84 60.16 60.38 61.38 62.22 62.3 63.5 62.64 61.6 60.54 60.12 58.88 57.18 56.18 54.68 53.48 53.14 53.44 54.32 54.56 55.66 56.2 57.34 57.96 58.02 58.96 58.96 60.68 60 59.84 59.14 56.82 54.56 54.44 52.9 52.46 49.62 47.2 46.66 46.72 47.12 42.32 38.26 37.22 -9999 -9999 -9999 -9999 -9999 -9999 39.68 34.6 28.42 28.24 29.48 32.88 34.22 35.32 36.08 36.76 37.1 36.64 36.58 37.18 36.92 37.84 37.28
67.8 66.88 65.1 63.44 62.52 61.5 59.96 58.78 58.04 58.3 58.7 59.94 60.08 61.42 62.52 63.88 63.62 63.68 62.16 61.22 61.02 59.26 57.5 55.14 54 52.62 52.84 52.9 53.62 53.64 55.04 56.86 56.7 56.88 58.06 58.28 59.54 60.8 60.3 61.9 61.28 58.66 57.5 56.6 55.14 55.1 52.4 50.52 48.78 47.34 47.48 44.32 38.22 38.32 37.82 38.46 -9999 -9999 -9999 -9999 40.54 36.68 29.78 27.06 28.02 30.46 32.46 34.68 36.86 36.46 35.86 35.34 33.56 33.4 34.48 37.48 40.78
69.06 68.06 66.46 64.04 62.1 60.36 59.06 58.58 57.92 58.26 58.68 59.82 60.52 62.04 62.96 64.16 65.1 64.22 63.08 61.56 60.96 58.92 57.04 55.12 52.92 51.72 51.28 52.08 53.6 53.48 54.86 56 56.94 56.2 56.86 58.96 60.06 60.42 61.18 61.4 60.98 60.28 59.26 58.12 57.58 56.56 54.42 52.76 51.32 49.82 48.24 44.02 40.56 38.02 37.84 39.72 40.14 -9999 -9999 -9999 -9999 39.18 31.52 27.7 28.08 30.38 31.1 33.96 36.98 35.96 36.78 34.62 34.7 41.66 45.48 -9999 -9999
70.64 69.66 66.5 62.88 61.24 59.4 57.76 57.18 57.5 57.7 58.04 58.26 59.48 61.84 62.88 65.72 66.34 64.82 64.14 62.1 60.26 59.4 57.52 53.74 51.92 49.66 49.76 51.74 53.38 54.36 54.36 55.58 56.24 56.54 57.12 58.86 59.9 60.28 60.78 60.36 60.7 60.52 59.86 58.96 58.8 58.4 57.24 54.92 53.26 50.62 49.02 43.96 41.64 38.42 38.6 41.26 40.52 39.72 -9999 -9999 -9999 40.44 33.04 27.82 27.6 28.4 28.64 32.96 35.58 36.56 41.34 41.28 42.64 -9999 -9999 -9999 -9999
69.72 68.6 -9999 62.58 58.76 56.84 56.3 56.8 55.9 55.96 56.3 57.68 59.28 61 62.24 64.06 66.66 66.06 64.34 62.3 61.5 59.6 55.92 53.18 51.88 49.62 50.8 52.7 53.96 54.2 55.32 55.24 56.08 56.54 57.6 58.44 58.94 59.3 59.34 60.06 60.82 59.68 59.44 58.96 59.78 58.98 57.96 55.34 53.26 48.72 49.18 45.3 44.02 41.4 39.52 42.96 43.24 40.64 40.2 -9999 -9999 41.76 33.22 29.44 30.96 31.14 33.4 38.7 42.92 43.38 -9999 -9999 -9999 -9999 -9999 -9999 -9999
69.02 67.06 -9999 -9999 -9999 55.54 54.68 55.22 55.32 55.68 55.88 55.88 57.52 60.16 61.16 63.4 63.96 64 63.14 61.86 60.74 58.98 56.46 51.94 51.66 51.08 52.84 54.32 54.7 54.82 55.1 55.22 56.02 57.38 57.12 58.26 58.86 59.52 59.02 59.96 60.24 59.82 58.72 59.28 58.48 57.72 56.74 54.76 52.4 48.94 46.64 42.32 43.72 41.86 40.3 42.82 43.44 41.72 38.22 41.42 -9999 41.72 36.64 31.64 39.2 41.98 44.12 -9999 -9999 -9999 -9999 -9999 -9999 -9999 -9999 -9999 -9999
67.92 65.92 63.44 -9999 56.66 53.74 53.92 54.44 55.84 56.22 55.36 56.46 57.58 58.9 59.28 60.92 61.78 61.78 60.86 60.08 59.1 58.5 56.26 54.26 54.44 53.96 56 56.38 56.68 57.34 56.2 55.66 56.36 57.54 57.26 58.72 58.76 57.76 58.26 59 58.78 58.54 58.5 57.84 57.32 56.54 55.26 52.72 49.52 46.98 44.88 43.34 42.34 39.72 40.44 43.24 41.96 40.72 39.28 38.48 39.52 -9999 40.66 41.48 44.36 -9999 -9999 -9999 -9999 -9999 -9999 -9999 -9999 -9999 -9999 -9999 -9999
66.2 64.34 63.52 60.48 56 53 53.38 53.7 55.1 55.14 56.16 56.32 56.48 57.6 58.14 58.5 59.1 58.08 58.22 58.24 57.2 56.76 56.26 57.1 56.88 57 58.68 58.96 59.44 59.02 58.26 57.18 56.86 56.82 57.42 58.14 57.86 57.1 57.8 56.96 57.72 57.42 57.04 56.7 55.9 54.74 53.24 49.88 48.3 45.56 42.78 41.68 40.62 37.18 39.7 42.36 41.6 39.34 38.4 37.84 35.68 37.72 -9999 -9999 -9999 -9999 -9999 -9999 -9999 -9999 -9999 -9999 -9999 -9999 -9999 -9999 -9999
66.58 65.58 63.78 61.9 58.38 55.76 54.82 54.94 54.98 55.32 55.24 56.04 56.02 56.34 56.36 56.18 55.92 56.38 55.56 55.24 55.46 55.44 55.36 58.06 58.82 59.42 60.28 60.36 61 60.62 59.86 58.72 57.98 57.2 56.46 57.38 57.28 54.68 55.46 56 56.26 55.82 55.5 55.08 54.38 52.64 50.14 45.74 43.4 42.88 40.48 38.08 38.04 35.7 37.32 39.68 40.98 41 39.38 38.56 36.52 -9999 -9999 -9999 -9999 -9999 -9999 -9999 -9999 -9999 -9999 -9999 -9999 -9999 -9999 -9999 46.6
67.24 67.08 67.62 66.16 62.98 59.2 56.32 54.08 54.18 54.32 55.34 55.42 55.24 54.22 54.38 53.12 53.78 53.1 52.56 52.72 52.92 52.84 53.9 56.56 58.66 59.22 59.52 60.76 61.6 61 61.82 60.46 58.56 58.14 57.44 56.7 56.16 54.68 54.98 55.02 54.3 54.76 54.2 53.52 52.58 50.2 47.72 45.22 41.58 38.66 39.14 39.06 37.36 33.86 34.06 38.62 41.68 40.76 41.56 40.26 37.82 38.98 -9999 -9999 -9999 -9999 -9999 -9999 -9999 -9999 -9999 48.74 48.98 47.16 42.84 47.74 47.76
66.1 67.92 71.42 72.34 67.98 62.62 57.38 54.42 53.3 53.52 54.26 54.56 53.88 53.36 52.52 52.48 51.72 51.52 50.66 50.3 50.72 50.68 52.98 54.86 56.84 58.64 59.62 60.92 61.22 60.52 60.92 59.56 59.2 57.2 56.76 56 55.7 54.14 54.16 54.28 53.48 53.62 52.96 51.66 49.22 48.36 44 43.62 40.8 38.36 35.38 35.54 35.1 32.66 32.9 39.22 41.74 41.52 42.58 41.72 40.86 42.94 45.18 -9999 -9999 -9999 50.2 51.28 50.76 42.7 41.86 43.04 44.46 47.8 44.98 48.4 49.56
64.82 66.28 69.4 72.4 67.54 61.74 56.42 53.18 52.3 52.64 53.36 53.52 53.76 52.28 51.3 51.16 49.46 49.04 48.58 48.14 47.76 49.1 50.68 52.5 54.1 56.48 57.46 58.6 58.84 59.16 58.08 58.24 57.74 56.02 55.5 55.16 53.1 52.78 52.82 52.16 52.3 51.74 52.08 49.62 46.48 46.7 44.96 42.66 42.34 40.44 36.76 36.94 37.28 35.24 32.98 39.82 41.88 43 44.08 44.08 42.48 43.84 46.58 49.1 49.96 48.66 49.34 47.32 49.08 43.72 45.32 47.16 48.4 50.5 50.56 51.6 51.5
60.2 61.16 61.36 63.38 62.44 58.64 55.12 52.74 51.5 51.54 52.54 53.86 52.64 51.34 50.3 48.96 48.42 46.8 46.32 46.82 45.8 47.28 48.42 50.44 51.98 53.76 54.06 54.76 56.02 56.42 56.4 54.88 54.78 54.5 54.36 53.8 52.44 51.94 51.88 51.14 51.82 52.12 51.48 48.62 44.82 42.04 42.02 42.3 39.8 38.7 38.3 36.44 35.02 34.08 33.4 42.28 43.88 44.34 44.56 43.36 42.7 44.54 48.64 50.2 48.12 46.62 47.56 47.1 48.72 50.08 49.94 49.74 51.64 52.86 51.56 53.24 53.46
52.86 52.52 53.86 55.48 55.9 53.72 51.12 50.04 50 51.08 52.08 53.62 52.42 51.36 49.16 47.64 46.24 45.4 46.14 45.4 45.9 45.1 46.64 48.24 50.28 50.72 51.62 51.62 53.6 53.44 53.34 53.2 52.98 51.62 51.48 51.16 50.9 50.86 50.8 50.2 50.88 51.12 50.7 45.92 44.44 43.1 40.64 41.68 39.82 36.74 37.4 34.04 34.1 33.56 37.86 43.94 40.14 38.46 38.78 41.72 43.92 46.74 51.5 52.42 52.24 51.96 51.28 50.64 52.46 54.22 53.92 53.32 55.2 55.22 53.64 54.88 55.56
51.1 49.58 48.62 50.42 50.22 49.22 48.28 46.9 47.24 48.7 49.76 51.5 50.34 49.96 47.38 47.2 46.06 44.22 44.72 44.8 43.78 44.78 45.56 46.18 47.22 48.22 49.48 50.84 50.68 50.44 50.32 50.36 50 49.92 49.64 49.64 49.5 49.64 50.08 49.24 49.78 50.58 51.04 48.52 43.86 44.22 40.62 39.42 38.3 37.86 35.42 34.7 36.18 37.72 41.02 39.22 39.98 42.8 43.6 46.56 48 50.48 52.78 54.48 54.56 55.04 53.94 53.18 53.68 55.18 56.76 57.64 57.96 56.08 54.48 56.22 -9999
47.44 47.12 46.56 46.64 46.48 46.2 45.5 45.4 45.96 47.34 47.54 48.22 48.16 47.54 46.34 45.3 44.52 43.62 43.1 43.24 42.76 43.02 44.24 44.92 45.68 46.64 47.94 48.12 47.58 48.82 47 47.26 48.46 48.32 48.42 48.36 48.34 48.46 49.06 49.46 49.94 50.62 51.46 50.06 47.78 43.14 40.02 37.38 37.14 37.4 38.26 33.86 38.4 37.5 35.64 39.9 41.52 45.36 47.66 49.36 51.36 53.1 54.5 55.06 56.32 56.4 56.12 55.88 55.82 54.42 54.2 55.14 55.96 56.82 56.54 -9999 -9999
47.74 46.06 45.22 46.72 45.82 44.58 44.6 43.06 44.66 44.86 46.22 46.16 46.26 46.46 46.14 44.52 44.38 43.28 42.86 42.1 43.02 43.28 43.44 44.24 44.9 45.44 45.54 46.86 46.3 45.96 45.66 45.12 45.36 46.9 46.68 47.02 47.12 47.42 47.56 48.34 48.9 49.48 50.4 50.7 49.16 40.68 39.06 36.88 36.32 36.78 37.98 38.18 39.38 33.44 36.52 39.1 41.04 45.16 49.36 51.5 53.3 55.16 56.58 56.6 57.02 57.86 57.96 57.8 57 55.9 56.04 54.62 55 55.62 57.32 -9999 -9999
45.66 43.88 43.72 46.06 44.3 42.8 43.12 42.66 42.14 43.58 43.76 45.06 45.22 45.44 45.14 44.74 43.26 42.96 41.96 41.28 41.88 42.04 42.52 43.14 43.96 44.44 45.48 45.58 45.34 44.94 44.62 43.94 45.42 45.46 45.64 45.88 45.82 46.1 46.38 46.92 48.9 49.52 51.2 51.64 50.04 45.24 40.1 39.32 37.64 39.2 40.56 40.4 38.02 34.66 34.1 36.86 40.98 45.84 49.42 53.64 54.54 56.32 56.54 57.56 58.12 59.56 59.62 59.16 58.58 58.24 57.28 56.18 56.12 56.44 -9999 -9999 -9999
43.62 42.62 42.42 43 43.24 43.58 42.62 42 41.8 42.18 42.14 43.44 44.58 44.48 44.9 44.64 43.48 43.28 41.36 41.08 41.26 41.38 41.76 42.04 42.86 43.68 44.18 44.44 45.5 45.14 44.66 44.68 44.78 45.7 44.64 44.66 44.76 44.86 45.12 46.78 47.68 49.14 50.12 49.84 50.48 45.38 41.18 44.06 41.42 43.22 41.12 42.62 36.68 33.56 32.48 37.24 43.88 48.4 52.46 57.06 57.18 58.24 56.86 59.6 58.56 59.84 59.1 59.18 59.08 58.98 57.82 56.9 55.76 56.34 -9999 -9999 -9999
42.52 41.98 41.54 41.78 41.74 41.64 41.88 41.32 40.62 40.94 41.86 43.22 44.42 44.42 44.36 44.88 43.92 43.5 41.54 40.96 40.88 40.84 41.96 42.2 43.08 43.94 44.52 44.56 45.56 45.58 44.86 44.86 45.02 45 44.7 44.76 43.2 43.38 43.76 45.72 47.62 50.02 49.5 50.42 50.6 46.62 45.14 45.3 42.08 39.48 41.64 40.44 39.62 40.66 43.18 42.54 46 53.18 52.82 58.18 60.14 60.32 60.3 60.26 61.14 59.24 59.92 60.72 60.2 58.64 56.76 54.88 54.62 -9999 -9999 -9999 -9999
41.42 40.92 40.62 40.38 40.84 40.44 40.4 40.76 41.02 40.96 42.46 42.38 43.48 43.88 44.1 44.28 44.78 42.94 41.62 41.1 41.18 41.3 41.2 41.84 43.22 44.28 43.94 44.98 45.76 45.5 45.44 45.08 46.16 45.74 44.68 44.38 43.08 41.74 42.06 45.2 47.24 50.14 52.18 53.42 51.74 49.48 52.3 51.76 46.94 42.22 43.98 42.04 43.1 43.7 45.12 48.36 54.08 54.86 58.28 58.84 60.98 62.44 62.92 62.26 61.96 60.38 61.28 62.74 60.5 58.24 55.62 53.1 52.12 -9999 -9999 -9999 -9999
40 39.96 39.46 39.56 39.78 39.8 39.74 40.12 40.38 41.44 41.72 41.98 42.94 42.82 43.76 43.66 43.56 42.62 42.46 41.08 41.18 41.44 41.54 42.1 42.9 44.4 44.42 45.26 45.86 45.68 45.42 46.82 46.14 45.96 45.64 43.96 42.44 41.08 40.1 44.6 47.96 51.2 53 55.46 55.9 56.56 56.6 55.36 50.32 50.34 48.48 44.04 46.64 49.06 45.62 51.18 53.04 58.44 61.42 62.94 62.86 63.12 63.66 63.32 63.08 62.62 62.14 62.66 60.78 58.36 55.54 51.38 -9999 -9999 -9999 -9999 -9999
