data/default-data/raster/climate/pet_8.txt
ncols         720
nrows         360
xllcorner     -180
yllcorner     -90
cellsize      0.5
NODATA_value  -9999
[rows 136 to 169 of 360, columns 308 to 384 of 720]
-9999 -9999 -9999 -9999 -9999 -9999 -9999 -9999 -9999 -9999 -9999 -9999 -9999 -9999 -9999 -9999 -9999 -9999 53.86 59.38 63.46 66.68 69.32 70.02 70.32 70.86 70.6 70.32 68.94 67.82 67.82 67.42 67.1 66.96 67.72 67.66 68.48 68 69.18 69.88 69.46 70.26 70.94 72.06 71.8 72.72 73.14 74.2 74.14 75.06 75.16 74.38 73.86 74.3 73.02 71.64 70.52 67.98 66.7 65.62 63.76 62.34 61.36 60.46 60.42 61.26 62.6 62.9 64.48 65.18 65.86 67.7 70.08 71.64 73.54 73.84 74.72
-9999 -9999 -9999 -9999 -9999 -9999 -9999 -9999 -9999 -9999 -9999 -9999 -9999 -9999 -9999 -9999 -9999 -9999 52.58 58.3 62.6 65.36 67.06 67.66 66.98 65.6 65.16 66 66 65.62 65.54 65.16 66.26 65.74 66.46 67.72 67.12 67.94 68.52 69.28 68.96 69.58 70.28 70.98 71.74 71.78 72.72 73.1 73.86 74.84 74.6 75.16 74.84 75.06 73.84 72.76 70.56 69.26 67.6 65.3 64.1 63.4 62.3 62.6 63.28 62.92 63.9 65.56 66.56 66.64 67.46 68.82 71.06 72.86 73.62 74.98 76.1
-9999 -9999 -9999 -9999 -9999 -9999 -9999 -9999 -9999 -9999 -9999 -9999 -9999 -9999 -9999 -9999 -9999 -9999 51.4 57.12 61.56 63.46 63.82 63.54 62.54 60.48 60.36 62.2 62.08 63.28 63.24 64.06 64.82 64.58 65.2 66.2 67 67.68 68.26 67.8 68.46 68.82 69.34 69.96 70.62 71.32 71.98 72.5 73.16 74.22 74.68 74.46 75.18 74.22 74.3 72.52 70.66 68.76 67.3 65.9 65.62 65.28 64.46 65.08 64.72 65.28 66.2 67.1 67.56 69.3 69.4 70.88 72.96 74.22 74.96 76.56 76.52
-9999 -9999 -9999 -9999 -9999 -9999 -9999 -9999 -9999 -9999 -9999 -9999 -9999 -9999 -9999 -9999 -9999 -9999 -9999 57.54 60.82 61.2 60.24 58.84 57.12 57.08 56.92 58.28 59.76 60.8 61.68 62.76 63.4 64.38 64.86 64.54 65.28 65.84 66.44 66.88 67.62 67.78 68.28 68.52 69.12 69.78 70.4 71.82 72.42 73.62 73.8 73.8 74.28 74.78 73.14 71.64 69.76 68 67.04 66.16 66.06 65.7 65.26 65.62 66.52 67.2 68.02 68.58 68.38 69.46 71.18 73.06 73.94 74.9 75.74 77.24 77.78
-9999 -9999 -9999 -9999 -9999 -9999 -9999 -9999 -9999 -9999 -9999 -9999 -9999 -9999 -9999 -9999 -9999 -9999 -9999 57.1 59.46 60.1 57.1 54.82 53.8 54.74 54.48 55.56 57.44 58.04 59.94 60.48 61.84 62.58 63.68 64.26 64.82 65.36 65.96 66.08 66.56 66.56 66.78 68.22 68.46 69.04 69.58 70.42 71.78 72.26 71.86 72.96 73.12 73.34 71.56 70.28 68.44 67.9 67.5 66.92 66.14 66.08 66.9 67.44 67.58 68.4 68.66 69.58 70.2 70.22 71.66 73.12 74.5 75.6 77.14 78 78.6
-9999 -9999 -9999 -9999 -9999 -9999 -9999 -9999 -9999 -9999 -9999 -9999 -9999 -9999 -9999 -9999 -9999 -9999 -9999 56.04 58.54 58.76 56.5 53.56 53.2 53.6 53.92 55.04 56.04 56.4 58.3 58.94 60.32 62.42 62.84 63.5 64.28 64.46 64.86 65.1 65.34 65.44 65.56 66.44 66.54 66.9 67.56 68.82 69.86 70.16 71.04 71.8 71.52 71.32 70.16 68.88 67.16 66.82 66.08 65.86 66.42 65.84 67.2 68.04 68.04 69.78 70.14 71.06 71.28 70.56 72.28 73.76 75.34 76.78 77.62 78.42 79.16
-9999 -9999 -9999 -9999 -9999 -9999 -9999 -9999 -9999 -9999 -9999 -9999 -9999 -9999 -9999 -9999 -9999 -9999 -9999 -9999 57.08 57.38 55.52 53.46 53.32 53.36 53.96 54.92 55.5 55.94 56.7 58.5 59.5 60.88 62 62.88 63.22 63.74 63.7 63.78 63.7 63.76 63.82 64.4 64.5 64.92 65.5 67.28 67.84 68.9 68.72 69.66 70.44 69.64 67.62 66.86 65.78 65.38 65.32 65.6 65.16 65.7 67.06 68.02 69.14 69.72 71.04 71.5 71.44 70.52 71.32 73.64 75.34 76.54 77.32 78.2 79.2
-9999 -9999 -9999 -9999 -9999 -9999 -9999 -9999 -9999 -9999 -9999 -9999 -9999 -9999 -9999 -9999 -9999 -9999 -9999 -9999 54.78 56.14 55.28 53.56 53.64 53.6 53.22 54.04 54.58 55.48 56.44 57.2 58.52 60.24 61.08 61.96 62.2 62.52 62.82 62.54 62.36 62.1 61.78 62.58 62.44 62.24 63.58 64.3 65.04 66.86 67.7 68.34 67.92 67.9 65.84 65.42 64.18 63.92 63.32 63.8 64.72 65.38 66.74 67.5 68.74 69.48 71.26 72 71.66 70.68 72.2 73.58 75.32 76.16 76.9 77.6 78.46
-9999 -9999 -9999 -9999 -9999 -9999 -9999 -9999 -9999 -9999 -9999 -9999 -9999 -9999 -9999 -9999 -9999 -9999 -9999 -9999 52.96 53.64 53.56 53.74 54.5 53.84 53.46 53.14 53.58 53.8 55.74 56.92 58.2 58.92 59.82 60.74 61.32 61.5 61.64 61.08 60.3 60.18 59.92 59.48 60.3 60.2 60.74 62.06 62.58 64.36 65.86 66.8 66.6 66.26 64.32 63.12 61.9 61.36 61.84 62.56 63.36 64.58 65.54 66.92 68.72 69.34 71.18 72.42 71.62 70 72.46 73.98 74.92 75.9 75.38 76.48 77.2
-9999 -9999 -9999 -9999 -9999 -9999 -9999 -9999 -9999 -9999 -9999 -9999 -9999 -9999 -9999 -9999 -9999 -9999 -9999 49.96 51.06 52.06 52.86 53.9 54.22 53.72 53.56 52.68 52.44 52.82 53.88 55.84 56.92 57.62 59.04 59.52 60.3 60.76 59.08 58.5 57.72 57.86 57.52 56.82 56.96 56.76 57.76 58.68 60.16 62.3 63.58 65.28 65.5 64.36 61.58 59.76 59.82 58.58 59.16 60.46 62 62.26 64.56 65.5 66.74 68.38 70.66 71.5 71.24 71.4 71.96 73.26 73.28 73.42 74.12 74.58 75.22
-9999 -9999 -9999 -9999 -9999 -9999 -9999 -9999 -9999 -9999 -9999 -9999 -9999 -9999 -9999 -9999 -9999 -9999 -9999 48.48 48.74 49.98 53.28 53.7 53.56 53.12 52.4 51.36 51.32 51.18 52.94 54 55.22 55.78 56.48 57.58 58.56 58.62 57.12 56 55.12 54.48 54.88 54.62 54.2 53.96 54.32 55.14 57.2 59.28 62 64.5 64.14 62.48 59.26 57.28 55.94 55.84 56.92 58.62 59.66 60.92 62.96 64.38 64.94 66.6 68.32 69.98 70.48 70.4 70.68 70.94 71.8 71.94 72.7 72.92 73.24
-9999 -9999 -9999 -9999 -9999 -9999 -9999 -9999 -9999 -9999 -9999 -9999 -9999 -9999 -9999 -9999 -9999 -9999 -9999 46.88 46.56 47.16 50.58 50.86 51.38 50.94 50.42 49.94 49.12 50.54 50.86 52.06 52.8 53.98 54.04 54.62 54.6 54.36 52.78 52.28 51.74 52.14 52.1 51.9 52 51.14 51.58 52.34 53.78 55.96 58.96 61.82 61.92 59.76 57.14 53.5 52.76 53.22 54.54 56.42 58.24 59.68 61.32 62.74 62.82 64.2 65.32 66.7 67.26 67.6 68.1 68.44 69.28 69.76 70.18 70.44 70.8
-9999 -9999 -9999 -9999 -9999 -9999 -9999 -9999 -9999 -9999 -9999 -9999 -9999 -9999 -9999 -9999 -9999 -9999 -9999 44.36 43.48 43.14 44.36 46.6 47.3 47.88 47.54 47.22 47.66 47.84 48.2 49.8 50.5 50.78 50.44 49.7 48.84 48.36 48.64 48.24 48.9 48.64 49.32 49.12 49.22 48.96 49 48.98 49.96 52.38 55.72 57.68 58.4 57.46 55.38 52.52 50.18 52.02 53.8 55.2 56.22 57.82 59.36 60.34 60.78 61.56 62.3 63.02 64.14 64.12 64.26 65.84 65.82 66.8 67.52 68.32 68.68
-9999 -9999 -9999 -9999 -9999 -9999 -9999 -9999 -9999 -9999 -9999 -9999 -9999 -9999 -9999 -9999 -9999 -9999 40.8 41.44 40.52 39.38 41 42.76 44.04 44.52 45.04 44.84 44.02 44.52 44.7 45.1 45.88 46.34 46.08 45.44 43.76 42.04 43.92 45 45.22 45.82 46.48 46.5 47 46.56 46.64 45.88 46.3 49.18 52 54.54 55.02 55 54.16 52.04 51.64 51.36 52.36 53.72 54.12 55.98 57.5 57.9 57.94 58.52 59.38 59.54 60 60.06 61.16 62.02 62.7 63.22 64.34 65.46 65.84
-9999 -9999 -9999 -9999 -9999 -9999 -9999 -9999 -9999 -9999 -9999 -9999 -9999 -9999 -9999 -9999 -9999 39.9 38.54 39.8 39.86 39.32 39.9 40.42 41.42 41.8 41.74 41.74 40.72 40.38 40.78 41.02 41.1 41.66 41.74 41.64 40.74 39.82 40.56 41.4 42 42.86 43.82 44.94 44.42 44.12 44.62 45.24 45.76 47.56 49.5 51.84 52.98 53.4 53.36 52.14 51.6 50.86 51.38 51.86 52.78 53.32 54.7 54.72 54.24 54.6 55.24 56.08 56.16 55.98 57.68 58.24 59.04 60 61.62 61.76 62.18
-9999 -9999 -9999 -9999 -9999 -9999 -9999 -9999 -9999 -9999 -9999 -9999 -9999 -9999 -9999 -9999 -9999 -9999 39.06 40.86 41 40.3 39.84 39.18 38.4 38.8 38.84 38.44 37.08 36.58 36.6 37.12 37.46 38.46 38.38 38.64 38.8 38.22 38.3 38.78 39.34 40.42 41.22 41.92 42.58 43.08 43.9 44.32 45.14 46.84 47.84 49.98 50.96 51.58 52.6 51.8 51.08 50.42 49.92 49.74 50.56 50.98 51.62 51.84 50.56 51.1 51.74 51.98 52.46 53.26 54.08 55.3 55.94 56.72 58.06 58.48 58.6
-9999 -9999 -9999 -9999 -9999 -9999 -9999 -9999 -9999 -9999 -9999 -9999 -9999 -9999 -9999 -9999 -9999 -9999 -9999 39.62 40.54 40.92 40.12 38.58 35.94 36.84 37.06 36.4 35.06 33.88 34.3 34.4 34.94 35.74 36.32 36.98 36.86 36.9 37.16 37.22 37.2 37.78 38.76 39.64 40.82 42.3 43.02 43.84 44.38 45.3 46.9 47.38 48.24 49 49.72 50.66 49.68 48.3 48.12 47.88 47.06 47.88 48.24 47.46 46.42 47.38 47.56 48.3 48.82 49.48 50.6 51.82 52.4 54.16 54.8 55.84 55.36
-9999 -9999 -9999 -9999 -9999 -9999 -9999 -9999 -9999 -9999 -9999 -9999 -9999 -9999 -9999 -9999 -9999 -9999 35.54 36.6 38.78 40.16 40.76 38.78 37.06 36.82 36.86 35.76 33.62 31.9 31.88 32.32 32.64 33.36 34.72 36.1 36.12 36.34 35.96 35.24 35.64 35.96 36.7 38.16 40.02 41.08 41.88 43.26 43.74 44.68 45.04 45.18 45.72 46.02 46.84 46.72 46.74 46.02 45.28 44.66 43.72 42.94 42.02 42.46 42.5 43.06 43.9 44.94 45.66 46.38 47.4 48 49.74 50.82 51.58 52.36 51.94
-9999 -9999 -9999 -9999 -9999 -9999 -9999 -9999 -9999 -9999 -9999 -9999 -9999 -9999 -9999 -9999 -9999 -9999 32.26 32.96 35.52 38.7 40.38 39.02 37.66 37.12 37.1 36.72 32.76 29.98 30.5 31.08 31.56 32.66 33.66 34.8 36.1 35.14 34.58 34.58 34.04 34.76 35.96 36.9 38.9 39.84 40.9 41.9 42.62 43.22 42.88 42.5 42.38 42.14 43.16 42.98 42.7 42.56 42.72 42.08 40.72 39.04 37.22 38.52 38.36 39.5 39.8 41.02 41.76 43.02 44.02 45.1 45.98 46.6 47.5 48.22 47.98
-9999 -9999 -9999 -9999 -9999 -9999 -9999 -9999 -9999 -9999 -9999 -9999 -9999 -9999 -9999 -9999 -9999 -9999 -9999 30.42 32.26 35.06 37.14 38.16 36.98 36.22 35.96 34.14 32.34 30.64 30.2 30.84 31.32 32.5 33.24 34.3 34.44 33.42 33.28 33.16 33.56 34.24 34.98 36.2 37.68 38.28 39.58 40.32 40.96 40.7 40.1 39.34 39.18 38.64 38.74 38.78 38.9 39.24 40.2 39.86 38.38 37.4 35.76 35.64 36.02 36.38 36.88 37.26 38.34 39.5 40.8 41.8 43.04 43.7 44.02 44.04 43.4
-9999 -9999 -9999 -9999 -9999 -9999 -9999 -9999 -9999 -9999 -9999 -9999 -9999 -9999 -9999 -9999 -9999 -9999 -9999 -9999 -9999 31.82 33.52 34.72 34.6 34.3 32.98 31.14 30.96 29.82 30.3 30.74 31.38 32.76 32.9 33 32.1 31.86 31.88 31.86 32.24 33.28 34.16 35.58 36.16 37.28 37.8 37.38 37.58 37.04 36.98 36 35.58 35.56 35.54 35.32 35.02 35 36.92 37.78 36.48 35.58 34.08 34.46 33.82 33.88 34.08 34.82 35.62 36.26 37.48 38.82 39.78 40.34 40.66 40.56 40.04
-9999 -9999 -9999 -9999 -9999 -9999 -9999 -9999 -9999 -9999 -9999 -9999 -9999 -9999 -9999 -9999 -9999 -9999 -9999 -9999 -9999 28.72 30.44 31.66 31.94 31.48 30 28.92 29.4 29.58 30.68 31.76 32.32 32.74 32.52 31.78 30.5 30.28 30.82 31.18 31.14 31.9 33.38 34.56 35.12 35.48 35.5 34.96 34.4 33.46 33.52 33.06 32.84 32.38 32.14 31.74 31.38 30.7 32 33.78 34.08 34.3 33 32.76 31.7 31.68 31.7 32 33 33.88 34.54 35.76 36.94 37.92 38.26 38.1 37.18
-9999 -9999 -9999 -9999 -9999 -9999 -9999 -9999 -9999 -9999 -9999 -9999 -9999 -9999 -9999 -9999 -9999 -9999 -9999 -9999 -9999 -9999 29.06 29.22 29.8 29.6 29.74 27.82 28.1 29.22 30.84 31.78 32.68 33.42 32.3 31.52 30.3 30.1 30.18 30.42 30.76 31.18 32.54 33.16 33.78 34.44 33.58 32.64 31.98 30.96 30.8 30.5 29.94 29.88 29.32 28.66 29.02 28.72 29.58 30.56 32.04 32.68 31.34 31.7 30.54 29.9 29.92 30.6 30.86 30.92 31.7 33.54 35 35.68 36.14 35.94 35.16
-9999 -9999 -9999 -9999 -9999 -9999 -9999 -9999 -9999 -9999 -9999 -9999 -9999 -9999 -9999 -9999 -9999 -9999 -9999 -9999 -9999 -9999 -9999 28.2 28.84 28.5 28.56 28 28.84 29.46 31.3 31.84 32.6 32.92 32.28 30.98 30.1 30.02 29.7 30.02 30.48 31.1 31.74 31.88 32.28 33 31.84 30.08 30.36 30 29.96 29.34 28.42 28.28 27.26 26.96 27.64 28.16 28.76 29.6 30.26 30.48 30.5 29.76 29.62 28.82 28.88 28.94 29.44 28.72 29.48 31.58 33.08 33.64 34.4 34.58 34.2
-9999 -9999 -9999 -9999 -9999 -9999 -9999 -9999 -9999 -9999 -9999 -9999 -9999 -9999 -9999 -9999 -9999 -9999 -9999 -9999 -9999 -9999 -9999 -9999 27.82 27.66 28.26 30.06 29.52 30.48 31.38 31.94 31.96 31.74 31.3 30.32 30.04 29.24 29.14 29.56 29.98 30.1 30.26 30.62 30.16 30.24 29.36 28.46 28.84 29.92 29.72 28.58 28.08 28.04 27.14 27.08 27.6 27.82 27.84 28.82 29.28 29.78 29.18 28.96 28.46 27.76 28.08 27.84 27.54 26.72 27.74 31 31.56 32.9 32.24 33.02 32.84
-9999 -9999 -9999 -9999 -9999 -9999 -9999 -9999 -9999 -9999 -9999 -9999 -9999 -9999 -9999 -9999 -9999 -9999 -9999 -9999 -9999 -9999 -9999 -9999 -9999 28.3 29.22 29.56 29.44 29.82 30.34 31.52 31.5 31.16 30.08 29.82 29.2 28.38 28.28 28.6 28.86 28.48 28.54 28.68 28.62 28.1 27.4 27.22 28.08 28.58 28.5 27.72 27.42 26.64 26.22 26.18 27.38 27.74 27.68 27.76 28.54 28.82 28.22 27.96 27.9 27.64 27.3 27.02 28.3 27.02 27.1 30.1 31.16 31.66 32.04 31.98 32.06
-9999 -9999 -9999 -9999 -9999 -9999 -9999 -9999 -9999 -9999 -9999 -9999 -9999 -9999 -9999 -9999 -9999 -9999 -9999 -9999 -9999 -9999 -9999 -9999 -9999 -9999 28.88 29.28 29.4 29.64 30.44 31.3 30.88 30.4 29.58 28.7 28 27.82 27.38 27.02 27.1 26.94 26.64 26.82 26.78 25.98 25.92 26.24 26.86 27.54 27.58 27.1 26.2 25.22 25.42 26.26 27.44 27.32 27.04 26.88 27.58 27.48 27.36 27.22 27.46 27.36 27.4 27.88 29.08 29.6 30.28 30.7 30.8 30.98 30.66 28.54 30
-9999 -9999 -9999 -9999 -9999 -9999 -9999 -9999 -9999 -9999 -9999 -9999 -9999 -9999 -9999 -9999 -9999 -9999 -9999 -9999 -9999 -9999 -9999 -9999 -9999 -9999 27.66 27.94 28.82 29.28 30.36 30.84 31.04 30.36 29.46 28.34 27.08 26.44 26.18 26.06 25.14 25.06 25.14 25.24 24.88 24.48 24.28 25.5 26.16 26.56 26.66 26.46 25.42 24.14 25 26.2 27.6 27.56 27.08 26.66 26.64 25.78 25.52 26.32 26.38 27.18 27.44 28.18 28.88 29.5 29.88 30.16 29.82 29.46 29.76 26.86 28.14
-9999 -9999 -9999 -9999 -9999 -9999 -9999 -9999 -9999 -9999 -9999 -9999 -9999 -9999 -9999 -9999 -9999 -9999 -9999 -9999 -9999 -9999 -9999 -9999 -9999 -9999 27.44 27.46 28.52 29 29.04 29.38 30.06 30.52 30.08 28.08 26.14 25.1 25.34 24.62 24.46 23.8 24 24.22 24.34 23.84 23.76 24.76 25.22 26.04 25.88 25.42 24.54 22.78 24.22 25.7 27.44 27.56 27.06 26.56 24.98 24.02 23.92 24.66 25.8 26.38 27.48 28.64 29.28 29.98 29.26 28.72 28.18 27.36 26.64 26.22 26.32
-9999 -9999 -9999 -9999 -9999 -9999 -9999 -9999 -9999 -9999 -9999 -9999 -9999 -9999 -9999 -9999 -9999 -9999 -9999 -9999 -9999 -9999 -9999 -9999 -9999 -9999 -9999 -9999 28.38 28.96 29.08 28.7 28.9 30.46 31.82 28.8 25.64 24.4 24.46 24.12 24.12 24 24.1 24.14 23.8 23.46 23.4 23.76 25.06 25.34 24.84 24.36 24.14 23 24.38 26.52 28.56 28.2 26.66 26.18 25.14 23.52 23.78 24.66 25.02 26.54 27.3 27.7 28.02 28.16 27.44 26.76 25.98 24.9 24.6 23.84 23.42
-9999 -9999 -9999 -9999 -9999 -9999 -9999 -9999 -9999 -9999 -9999 -9999 -9999 -9999 -9999 -9999 -9999 -9999 -9999 -9999 -9999 -9999 -9999 -9999 -9999 -9999 -9999 -9999 -9999 28.74 28.92 28.6 28.78 30.24 31.7 29.16 26.66 25.26 24.42 23.92 24.04 24.3 24.74 24.28 23.68 23.34 23.3 23.76 25.36 24.58 23.44 23.82 24.5 23.18 25.26 28.02 29.64 28.4 25.42 25.08 24.86 24.18 24.14 24.82 25.08 26.02 26.6 27.68 26.86 26.18 24.9 24.02 23.48 23.92 21.92 23.1 23.64
-9999 -9999 -9999 -9999 -9999 -9999 -9999 -9999 -9999 -9999 -9999 -9999 -9999 -9999 -9999 -9999 -9999 -9999 -9999 -9999 -9999 -9999 -9999 -9999 -9999 -9999 -9999 -9999 -9999 -9999 -9999 29.12 29.2 29.56 30 28.56 26.74 25.48 24.66 24.42 23.94 24.24 24.78 24.3 23.68 23.28 22.72 22.62 23.94 23.64 23 22.92 26.82 27.82 28.12 30 -9999 -9999 -9999 -9999 -9999 24.44 24.5 24.58 24.98 25.44 26.3 26.6 25.18 24.52 23.06 21.94 21.32 21.12 23.3 23.76 23.4
-9999 -9999 -9999 -9999 -9999 -9999 -9999 -9999 -9999 -9999 -9999 -9999 -9999 -9999 -9999 -9999 -9999 -9999 -9999 -9999 -9999 -9999 -9999 -9999 -9999 -9999 -9999 -9999 -9999 -9999 -9999 -9999 29 29.14 29.06 27.52 26.18 25.3 24.84 24.34 24.16 24.34 24.16 23.78 23.14 22.94 23 23.1 23.28 23.12 24.4 29.28 29.34 -9999 -9999 -9999 -9999 -9999 -9999 -9999 -9999 -9999 24.16 24.76 24.98 24.96 25.02 24.56 23.5 22.84 22.44 21.62 20.2 22.5 23.78 23.38 23.66
-9999 -9999 -9999 -9999 -9999 -9999 -9999 -9999 -9999 -9999 -9999 -9999 -9999 -9999 -9999 -9999 -9999 -9999 -9999 -9999 -9999 -9999 -9999 -9999 -9999 -9999 -9999 -9999 -9999 -9999 -9999 -9999 -9999 29.08 28.32 26.8 25.56 24.56 23.86 23.88 24.4 24.08 23.98 23.5 22.9 22.6 23.74 23.86 23.3 23.78 26.08 -9999 -9999 -9999 -9999 -9999 -9999 -9999 -9999 -9999 -9999 -9999 -9999 24.66 24.62 24.56 24 24.28 23.66 22.26 21.86 21.28 20.76 22.58 23.46 24.04 24.26
