data/default-data/raster/climate/pet_7.txt
ncols         720
nrows         360
xllcorner     -180
yllcorner     -90
cellsize      0.5
NODATA_value  -9999
[rows 68 to 101 of 360, columns 539 to 615 of 720]
34.68 34 33.92 32.76 31.98 32.06 30.82 30.9 31.58 32.06 32.16 32.94 33.16 32.72 32.24 32 32.44 31.3 31.62 31.68 32.3 32.26 32.98 34.18 34.64 34.34 33.88 33.06 32.14 31.92 31.26 30.72 30.86 30.86 30.94 31.92 33.62 33.34 30.02 32.38 34.86 30.28 28.72 30.7 28.2 28.02 27.84 28.58 27.62 27.1 28.4 29.54 31.96 31.1 29.86 29.62 28.42 27.72 26.96 27.9 28.68 29.34 28.62 29.22 28.7 28.82 28.98 28.4 27.72 27.16 27.78 28.3 27.98 27.1 27.88 28.5 27.96
34.7 34.22 34.28 34 33.3 32.78 30.88 30.96 30.8 31.04 31.98 32.34 32.8 32.44 32.02 31.34 30.58 30.08 30.9 30.94 31.22 32.1 33.14 33.86 34.08 33.92 32.64 32.58 31.96 31.16 30.5 30.8 30.74 29.84 31.38 32.22 33.4 33.1 30.16 -9999 36.02 30.26 28.06 29.96 27.1 28.2 27.62 29.34 29.7 28.82 29.18 29.64 32.36 32.22 31.86 31.02 29.74 28.96 28.64 28.28 28.54 29.68 29.06 29.1 28.86 28.74 28.02 27.7 27.48 27.42 28.2 28.46 28.4 28.44 29.44 30.72 30.12
33.8 34.08 35.22 33.7 32.64 32.46 32.16 31.66 29.88 29.4 28.86 30.08 29.2 30.78 30.08 30.86 29.6 28.96 28.66 30.04 30.62 32.1 32.9 32.84 33.06 33.28 32.34 31.96 31.38 30.54 30.86 30.74 31.16 30.1 31.3 32.58 32.76 32.72 33.48 -9999 34.04 30.14 32.62 31.08 28.04 29.56 28.88 29.32 30 30.78 32.04 33.2 32.82 32.5 32.5 32.04 30.8 29.1 29.6 29.64 29.16 29.36 29.7 29.64 28.26 26.8 27.44 26.1 25.78 26.4 26.58 27.84 29.04 28.74 31.12 30.6 31.02
33.26 33.72 33.66 35.44 35.22 34.68 33.72 32.4 31.22 31.16 29.36 29.1 28.08 27.42 26.96 27.38 28.22 27.98 28.14 29.88 31.08 32.66 33.28 33.4 33.44 32.92 32 31.88 31.02 29.58 29.62 29.62 30.58 30.48 31.46 32.32 31.6 32.28 -9999 -9999 32.44 35.14 34.56 29.24 29.34 29.74 29.08 30.68 32.66 32.98 32.44 33.04 31.76 32.4 31.84 31.46 30.4 29.58 29.08 28.54 29.44 28.94 28.52 28.44 27.46 28.12 27.64 27.28 26.5 25.66 26.6 26.98 27.8 28.02 29.62 30.22 31.96
32.72 34.2 35.24 36.4 35.78 35.04 35.64 34.82 33.88 33.04 31.52 30.76 28.2 27.42 26.5 25.78 26.54 27.36 27.26 28.06 30.24 31.68 32.54 33.28 33.66 32.84 32.6 32 30.82 29.34 29.46 29.62 30.28 31.6 32.02 31.54 33.76 -9999 -9999 36.38 34.34 35.64 31.22 30.32 31.2 30.84 31.3 32.52 32.28 32.54 32.2 32.2 31.8 31.66 31.46 29.54 29.2 29.94 30.26 29.68 29.7 29.96 30.2 30.06 30.2 30.06 29.14 28.24 26.76 27.22 28.68 28.84 30.16 31.42 31.24 31.5 30.76
34.22 35.74 36.38 36.72 37.28 36.08 35.94 35.48 33 32.76 31.32 30.52 30.34 30.18 28.44 28.54 27.3 26.98 26.38 26.36 27.2 28.14 30.14 32.02 32.58 32.7 32.64 31.82 30.82 30 29.6 29.5 30.56 31.08 31.26 34.24 -9999 -9999 36.82 35.62 33.66 33.04 31.74 31.96 32.72 32.08 32.62 33.18 32.68 31.58 31.52 32.84 32.76 32.56 31.26 30.72 29.58 31.06 31.62 30.98 29.76 30.38 30.5 30.48 30.12 30.2 28.98 28.46 28.08 28.52 30 30.22 30.54 31.58 32.34 32.56 32.46
37.38 36.22 35.14 34.6 33.82 32.74 32.24 31.3 30.64 30.52 32 32.9 32.52 31.98 30.82 31.12 29.82 28.58 26.48 26.34 26.58 26.42 27.22 29.38 30.68 32.8 32.48 31.88 31.02 30.1 30.42 30.14 30.66 31.74 -9999 -9999 35.82 35.18 33.34 33.9 32.94 33.46 33.4 33.56 33.5 32.7 32.34 35.68 32.66 32.02 31.96 33.32 33.78 32.56 32.54 32.02 31.06 31.34 32.1 30.4 30.5 31.4 30.5 29.36 30.3 29.32 28.72 27.16 27.12 28.4 28.92 30.62 31.78 32.02 32.48 32.8 33.44
35.32 33.06 32.44 32.96 31.32 33.1 32.96 33.66 33.54 33.04 31.7 30.5 31.02 33.14 32.28 31.3 29.5 27.16 26.84 26.68 27.32 27.7 27.34 27.5 27.26 29.6 30.66 31.56 30.62 30.14 30 30.6 32.38 -9999 35.58 34.04 35 34.24 35.78 35.02 34.58 36.06 35.82 34.76 33.64 33.16 32.96 34.6 33.4 33.06 33.02 33.14 33.04 34.28 33.82 32.34 31.78 32.66 31.38 31.22 30.72 31.34 31.36 30.08 29.94 28.48 27.34 27.46 27.96 28.66 29.36 30.82 32.44 32.86 33.38 33.34 34.04
32.38 30.72 32.32 32.74 34.9 33.6 32.34 34.8 34.94 36.3 35.16 34.2 32.78 31.2 31.12 30.3 28.7 29.66 28.2 27.76 27.52 27.06 27.44 26.8 27.82 29.62 30.14 28.74 29.34 31.8 -9999 33.06 33.4 32.78 32.94 35.66 35.98 36.66 36.34 36.74 36.6 36.82 35.4 34.78 34.28 33.54 34.12 34.6 35 34.86 34.96 34.66 34.88 34.18 33.54 32.7 32.6 31.74 31.24 31.32 31.34 31.58 30.72 30.7 29.02 27.88 27.64 27.94 28.2 28.46 29.14 29.6 31.54 33.08 34.64 34.4 34.58
32.1 34.04 37.16 37.78 36.6 33.94 34.42 35.54 36.54 36.48 37.74 36.42 35.38 34.14 32.96 30.3 31.4 29.7 29.32 30.24 30.2 29.82 30.38 29.04 29.4 27.98 29.12 27.68 27.92 29.84 30.36 29.68 31.02 33.66 35.26 36.28 36.58 36.62 36.7 37.12 36.3 36.52 36.12 35.1 34.76 35.38 35.32 35.18 35.54 35.96 36.18 35.88 35.64 34.62 32.7 32.36 32.12 32.4 32.04 32.86 32.76 31.24 30.1 29.8 29.74 28.46 28.08 28.76 28.32 29.58 30.1 31.1 32.08 33.14 34.76 34.82 35.4
31.7 34.12 34.52 33.16 33.28 35.78 36.58 36.9 35.94 36.6 35.78 36.12 33.96 31.6 31.82 32.52 31.82 30.38 29.58 31.2 28.66 31.28 31.76 32.74 32.78 30.88 31.04 31.46 31.68 29.94 31.24 32.56 33.9 36.04 36.7 36.78 36.98 37.16 37.32 36.76 36.48 35.92 35.42 35.58 35.52 34.22 34.8 35.26 36.06 37.16 38.86 37.4 37 35.7 35 33.76 33.78 34.14 34.24 34.7 32.88 31.58 30.54 30.12 28.22 28.08 28.5 29.22 29.82 30.86 31.18 33.98 34.86 32.52 33.64 35.78 36
32.66 32.2 33.42 34.76 38.98 41.68 -9999 41.38 40.2 40.74 40.08 37.48 34.66 32.3 31.88 33.56 33.06 31.94 31.16 31.64 31.22 32.28 33.12 33.22 34.74 33.84 33.22 31.94 32 32.92 33.82 34.26 36.04 37.02 37.6 37.32 35.92 37.24 38.12 36.82 36.48 35.76 35.18 34.46 34.26 34.24 36.36 37.62 37.74 39.1 41.72 38.94 38.82 38.96 37.54 35.74 35.82 36.24 36.14 36.46 34.88 33.26 31.66 29.9 28.5 29.12 29.9 30.06 30.66 31.96 33.06 34.72 35.56 32.7 33.52 35.72 36.34
33.22 38.42 36.02 31.4 33.82 38.66 38.78 38.16 38.82 39.2 38.66 37.32 37.14 35 33.76 32.84 32.06 32.58 33.2 33.94 35.04 34 34.76 34.1 35.58 34.46 35.44 34.72 33.02 33.96 34.86 35.64 37.16 37.2 38.1 38.16 38.28 36.94 36.42 36.7 35.74 35.74 34.7 33.74 34.44 36.76 37.64 37.38 38.7 39.44 39.16 41.26 40.48 40.06 39.4 39.52 38.98 38.54 37.62 37.24 35.76 33.92 32.58 31.66 30.14 30.16 30.58 31.82 32.7 34.86 35.12 34.86 35.18 34.92 34.96 34.64 34.72
35.5 37.18 39.48 35.4 36.06 39.88 41.14 40.9 38.38 36.72 35.12 35.02 36.52 35.84 35.88 34.98 34.22 34.24 33.6 33.94 33.96 35.84 37.16 35.58 35.7 36.6 36.22 35.68 35.36 35.42 36.36 38.54 39.14 39.42 39.18 38.8 37.42 36.86 38.08 37.18 36.66 36.4 36.18 36.24 35.66 39.28 38.2 39.72 40.62 41.04 40.8 43.24 42.66 42.22 41.16 41.26 41.04 40.48 39.94 38.48 37.42 35.1 33.7 32.4 31.24 31.16 31.28 32.58 33.76 35.38 35.56 36.08 35.76 34.98 34.88 34.3 34.4
37.1 35.24 34.26 40.1 37.66 40.54 42.88 42.98 42.36 40.86 39.78 38.44 36.4 34.9 35.18 35.92 36.14 34.84 34.68 34.8 35.96 35.22 35.36 35.2 35.46 35.56 35.16 35.1 36.1 37.56 39.44 39.28 39.92 40.18 39.76 37.26 36.52 35.94 37.08 36.86 37.98 39.12 39.62 39.44 39.48 39.16 39.94 42.32 42.76 43.1 42.64 42.14 41.86 42.94 43.7 44.02 42.72 41.96 41.02 39.96 38.2 35.48 33.2 32.24 31.62 31.92 33.3 33.8 35.68 36.18 36.36 36.66 36.32 36.1 35.44 35.1 34.76
35.8 35.5 35.22 38.92 43.94 44.78 44.34 44.48 44.04 41.04 39.84 39.86 37.94 35.26 35.06 34.8 35.04 34.02 34.12 34.76 33.86 35.02 33.98 35.02 35.1 36 36.28 36.26 37.02 39.92 39.72 40.58 39.36 40.66 41.04 36.7 37.52 37.22 38.96 38.52 40.22 41.42 41.88 42.08 41.54 41.48 41.94 43.86 44.4 44.64 44.58 44.04 43.42 45.62 45.68 44.68 44.64 43.48 42.66 40.92 38.72 35.56 33.46 32.58 33.06 33.48 35.06 36.16 37.84 37.08 37.54 37.44 37.26 36.48 36.24 35.42 35.04
37.1 38.22 37.62 37.12 42.28 50.76 52.58 51.76 50.96 43.72 42.12 41.48 41.12 37.38 36.32 34.36 32.34 32 32.1 34.12 33.68 34.3 34.42 33.42 34.7 37.56 37.56 37.6 38.22 38.26 39.26 40.28 40.64 41.3 41.64 41.54 41.38 40.72 41.16 41.64 42.56 42.88 43.98 44.02 44.76 44.78 45.38 45 45.16 46.28 46.36 45.98 46.5 46.12 45.36 45.04 45.8 43.76 42.56 39.08 35.92 34.04 32.38 33.8 33.98 35.92 37.74 39.14 40.22 40.04 39.92 39.06 39.1 37.38 36.34 36.42 35.8
42.98 38.26 36.96 36.68 38.12 48.36 47.8 42.1 42.88 44.8 43.58 41.7 42.58 39.86 35.82 35.58 34.68 33.62 33.1 34.62 34.34 34.38 34.96 34.86 35.4 38.52 38.06 38.8 39.58 40.1 41.4 41.78 42.68 43.06 43.16 43.54 42.94 42.8 42.94 44.16 46.14 45.64 45.9 45.84 46.36 46.2 45.74 46.38 46.96 47.42 47.72 47.4 47.72 47.04 46.4 46.16 45.48 44.04 42.86 38.98 35.44 34.24 33 34.72 35.44 37.32 38.7 40.4 41.28 40.98 40.52 40.02 39.4 38.06 37.08 37.18 36.04
51.24 45.04 41.48 40.16 37.88 36.84 37.82 41.22 39.14 43.18 44.32 42 37.38 38.94 37.86 37.38 36.54 35.54 34.64 38.14 37.92 36.42 34.82 34.04 35.9 36.4 37.14 38.48 39.14 42.24 43.4 44.02 44.3 45.08 45.5 45.1 44.5 44.14 44.38 45.94 46.96 51.38 50.84 50.78 50.36 50.82 50.28 49.62 49.5 49.38 48.6 48.06 47.62 47.68 46.96 46 44.08 41.52 41.68 40.08 35.86 35.62 35.04 36.52 37.72 39.26 40.04 41.18 41.24 41.1 40.72 40.44 40.06 39.58 39.36 38.48 37.26
53.46 50.48 49.62 48.56 43.2 42.38 39.6 38.64 38.56 43.46 46.4 47.9 45.26 37.18 35.76 36.64 39.16 39.34 36.98 41.52 40.58 41.26 41.14 37.28 38.12 38.16 41.54 43.48 43.36 45.06 45.72 46.72 47.1 47.34 47.32 46.98 46.16 45.68 46.28 48.38 49.76 53.04 53.12 53 52.82 52.16 52.12 51.04 50.24 50.08 50 48.92 47.92 48.48 47.56 45.34 44.24 42.24 41.2 39.78 37.68 36.34 37.8 37.58 39.18 40.28 40.62 40.92 40.9 41.78 41.52 40.8 40.52 40.08 39.58 38.52 37.62
54.5 51.32 51.98 52.94 53.34 50.54 47.46 44.9 41.64 38.46 41.94 42.2 39.24 38.38 35.42 39.58 35.88 39.14 42.72 46.88 47.48 48.9 47.48 45.62 45.62 45.92 48.12 47.58 48.06 50.6 51.24 51.82 51.6 52.12 51.54 51.48 51.3 51 51.48 53.16 55.56 54.22 53.24 53.6 53.08 52.76 52.18 52.14 50.66 48.42 47.4 46.04 46.38 47.78 45.6 42.48 41.46 43.02 41.46 40.36 38.84 37.88 36.82 38.98 40.84 42.94 42.44 42.18 41.58 41.52 41.22 40.62 40.26 40.04 39.36 37.5 36.52
52.98 51.8 46.78 49.5 52.52 49.06 49.4 48.58 46.68 44.16 47.02 43.4 42.36 39.74 36.16 34.16 34.96 35.38 37.92 43.04 45.46 47.48 50.96 50.64 49.34 49.26 51.32 50.04 50.82 52.84 53.24 54.06 54.62 54.22 54.42 53.94 53.32 53.24 53.18 56.44 57.38 57.14 56.66 56.54 55.64 54.9 53.98 54.1 52.3 48.52 47.16 46.3 47.16 46.86 45.86 42.94 41.22 42.82 41.28 40.4 38.8 38.54 37.26 41.36 42 42.6 42.7 42.4 41.66 41.5 40.72 40.52 40.4 39.76 39.28 37.44 36.42
59.76 58.82 57.68 57.32 56.2 56.3 57.54 56.46 54.42 52.6 46.68 39.58 44 42.86 42.8 41.72 39.86 40.74 40.5 44.52 45.64 44.86 46.38 48.48 46.06 49.48 50.04 56.1 55.26 56.36 56.1 56.78 57.18 56.7 56.16 55.8 55.54 55.26 55.52 57.52 59.3 59.48 58.62 57.76 57.28 54.12 53.14 52.6 51.04 50.36 48.54 47.92 47.66 46.86 45.26 43.6 41.64 39.4 38.84 38.92 42.44 43.66 43.96 42.8 42.14 43.08 42.44 41.9 41.38 41.32 40.92 39.9 39.84 39.16 38.86 37.64 37.22
59 59 58.06 56.16 53.8 52.64 53.58 55.32 56.42 56.78 55.2 52.22 48.54 47 48.6 46.58 46.08 48.66 48.36 47.04 46.52 49.16 50.76 51.2 51.5 54.86 53.42 57 56.18 56.8 56.8 57.62 57.64 57.96 57.56 57.06 56.6 56.48 56.52 59.54 60.4 60.06 59.72 57.9 57.02 55.66 53.98 55.02 53.34 52.28 48.56 47.76 46.84 45.78 43.6 42.02 40.64 38.88 38.4 42.88 41.96 44.76 43.64 42.7 42.08 43.12 42.3 41.6 41 40.76 40.18 39.64 39.36 39.2 38.6 37.02 35.74
54.42 52.58 54.12 54.1 51.92 49.04 50.1 44.78 42.78 51.3 56.68 56.92 56.02 50.78 51.16 50.5 50.4 49.66 50.2 53.46 54.9 53.76 52.2 52.88 53.48 52.6 51.88 53.5 51.56 55.36 56.48 56.5 56.3 56.3 57.06 57.52 57.14 57.22 56.98 60.72 59.56 57.54 59.04 58.12 59.18 57.36 55.4 54.76 52.62 50.32 48.88 47.8 46.08 44.7 42.7 40.06 39.38 41.28 41.52 42.52 43.42 44.4 43.14 42.76 42.18 40.92 40.24 40.56 40.82 40.18 39.56 38.42 37.92 37.2 37.74 34.56 33.52
52.64 53.14 55.82 58.16 60.02 56.94 54.56 46.82 45 41.74 44.16 52.96 54.8 49.04 46.64 47.88 50.28 50.6 50.7 54.78 54.36 51.7 52.34 53.24 52.16 55.32 54.66 55.44 54.58 54.2 56.82 56.9 56.68 56.16 56.88 57.98 57.68 57.28 56.78 58.96 57.98 57.6 56.88 57 57.68 57.56 55.68 53.5 51.96 50.02 48.14 46.56 44.62 42.66 41.56 39.58 39.48 41.08 41.98 43.78 43.5 43.62 42.66 42.78 41.04 40.18 39.38 39.84 39.78 39.56 38.64 38.08 37.66 35.58 37.8 35.14 33.22
69.36 66.3 65.64 66.22 65.8 65.92 63.92 61.54 59.2 51.16 47.38 50.5 51.62 49.54 49.74 51.42 51.82 50.94 49.34 54.18 55.5 54.26 56.16 56.14 56 56.48 57.36 57.86 58.08 58.68 59.14 58.8 58.7 58.9 57.94 59.56 58.1 56.76 56.14 56.36 56.66 55.92 56.16 55.8 55.08 54.56 53.68 51.7 49.56 48.06 46.46 45.14 43.2 41.7 40.02 38.28 36.88 38.46 41.82 45.1 43.58 41.86 41.14 40.02 38.76 39.62 38.36 39.56 39.22 38.94 37.48 38.16 38.26 38.74 34.54 34.52 33.32
65.8 63.68 62.86 62.64 61.92 63.8 63.46 62.36 59.86 57.7 55.2 52.4 49.12 48 48.44 52.32 53.5 54.06 54.42 54.82 56.04 55.66 58.08 58.56 58.22 58.34 59.02 58.1 58.68 59.06 59.08 59.22 58.84 58.44 57.5 57.02 56.08 56 55.14 55.58 55.32 54.5 54.24 53.1 53.02 52.54 51.44 49.84 48.06 46.72 45.16 43.4 41.46 40.6 39.64 38.36 37.24 39.9 42.78 43.9 40.2 38.2 40.26 38.94 39.32 38.98 39.6 39.34 38.9 36.88 36.28 35.9 37.24 36.66 34.1 34.6 33.26
62.76 60.68 60.36 61.22 60.28 60.04 59.88 58.46 57.18 54.88 52.12 49.86 47.9 46.64 47.44 49.08 51.44 52.82 53 54.04 55.42 56.1 57 57.8 58.72 58.86 59.42 58.94 59.24 58.86 58.66 58.72 58.28 57.14 56.28 54.24 54.04 53.88 53.38 52.88 52.42 50.48 49.24 48.78 47.82 47.16 46.18 44.9 43.96 42.44 41.34 42.02 41.02 37.44 36.36 37.66 37.14 36.46 36.72 38.98 37.72 39.3 38.26 40.64 40.08 40.32 40.14 39.24 38.54 36.82 36.76 35.02 34.64 34.62 35.56 33.96 30.82
60.68 61.18 62.74 63.52 62.18 59.74 58.3 58.18 57.3 54.52 52.28 51.2 49.74 49.64 48.98 47.66 49.54 52.02 51.74 51.48 53.3 54.74 55.74 56.42 57.68 57.92 58.44 58.28 57.78 58.08 57.6 57.16 56.64 55.74 54.22 53.62 53.54 53.34 52.82 51.26 50.1 48.14 47.64 45.9 45.36 44.54 43.98 42.56 42.14 41.14 40.02 40.06 39.14 36.12 35.3 36.4 36.18 36.3 35.56 37.22 36.56 37.92 36.22 39.24 39.96 39.9 39 37.7 35.96 34.64 35.88 34.54 34.48 35.1 35.38 32.72 31.98
64.6 64.52 64.66 63.52 62 59.56 59.34 58.2 55.3 54.58 54.12 55.14 54.1 52.58 51.22 48.22 49.32 49.86 49.14 49.86 53.46 53.68 54.2 55.08 56.12 56.2 56.4 56.02 56.72 56.38 56.16 55.82 55.26 53.56 53.74 52.74 52.34 51.44 51.32 50.5 49.32 48.4 46 45.52 45.16 42.5 42.44 42.96 41.88 40.8 41.04 39.96 38.06 40.44 40.66 39.34 37.74 40.56 39.4 38.82 37.56 37.06 36.92 -9999 -9999 38.78 36.98 32.62 32.46 33.74 34.02 34.72 34.1 32.9 29.86 28.32 27.38
64.64 64.38 64.14 63.06 62.38 61.44 60.74 59.1 57.96 58.08 55.84 54.68 53.6 50.58 48.78 47.76 48.48 51.5 49.7 49.66 50.82 51.82 52.42 52.74 53.58 53.8 53.86 53.78 54.44 54.68 54.36 54.06 53.76 53.56 52.24 50.24 50.68 50.46 50.42 49.04 48.66 47.92 46.56 45.28 44.02 43.04 42.56 42.3 40.48 40.08 39.18 37.52 36.98 41.18 42.36 40.2 39.22 39.84 39.38 38.12 36.72 37.1 -9999 -9999 -9999 35.88 32.7 33.4 32.54 32.98 33.34 32.52 32.88 33.88 29.74 29.68 30.64
64.08 64.26 62.22 61.06 59.56 58.34 56.52 55.44 53.4 53.66 51.94 47.58 42.58 42.76 41.48 42.46 42.26 44.42 48.26 48.88 49.28 48.82 48.2 49.6 51.02 51.02 50.7 50.98 50.92 51.72 51.96 51.94 52.44 50.72 49.94 48.1 48.18 48.28 48.14 48.24 47.18 46.7 46.14 44.98 42.74 40.4 40.16 41.66 37.72 37.84 36.48 38.78 39.68 42.24 42.46 42.92 42.4 40.6 39.58 38.58 -9999 -9999 -9999 -9999 35.4 34.44 34.2 34.2 -9999 -9999 34.42 35.34 36.48 33.24 31.58 33.56 -9999
59.18 57.3 55.1 49.9 48.48 47.88 47.5 45.36 42.8 43.96 42.32 41.82 40.84 39.76 32.44 39.22 38.56 38.78 38.4 42.1 44.76 46.7 43.32 43.5 47.36 48.16 49.14 50.02 50.14 49.84 50.58 50.52 48.88 49.2 48.32 47.82 46.84 46.7 46.94 47.14 47.04 46.12 45.56 44.56 40.98 39.78 40 37.56 36.9 37.06 37.32 41.22 42.9 42.24 42.18 42.18 41.5 40.66 39.64 -9999 -9999 -9999 -9999 -9999 34.4 34.4 -9999 -9999 -9999 -9999 -9999 -9999 37.2 34.68 31.22 33 -9999
