data/default-data/raster/climate/pet_2.txt
ncols         720
nrows         360
xllcorner     -180
yllcorner     -90
cellsize      0.5
NODATA_value  -9999
[rows 34 to 67 of 360, columns 77 to 153 of 720]
-9999 -9999 -9999 -9999 -9999 -9999 -9999 -9999 -9999 -9999 -9999 -9999 -9999 -9999 -9999 -9999 -9999 -9999 -9999 -9999 -9999 -9999 -9999 -9999 -9999 -9999 -9999 -9999 -9999 -9999 -9999 -9999 -9999 0.18 0.18 0.52 0.46 0.42 0.4 0.36 0.32 0.36 0.36 0.38 0.4 0.34 0.32 0.28 0.26 0.18 0.14 0.14 0.12 0.44 0.42 -9999 0.42 0.38 0.4 0.02 -9999 -9999 0.02 0.42 0.04 -9999 -9999 0.38 0.28 0.36 0.36 0.34 0.3 -9999 -9999 -9999 -9999
-9999 -9999 -9999 -9999 -9999 -9999 -9999 -9999 -9999 -9999 -9999 -9999 -9999 -9999 -9999 -9999 -9999 -9999 -9999 -9999 -9999 -9999 -9999 -9999 -9999 -9999 -9999 -9999 -9999 -9999 -9999 -9999 0.24 0.24 0.2 0.22 0.2 0.2 0.22 0.54 0.46 0.48 0.16 -9999 -9999 -9999 0.42 0.32 0.32 0.24 0.22 0.16 0.12 0.12 0.12 0.48 0.48 0.42 0.42 0.04 0.02 0.04 0.02 0.02 0.02 0.02 -9999 0.4 0.4 0.38 0.34 0.36 0.36 -9999 -9999 -9999 -9999
-9999 -9999 -9999 -9999 -9999 -9999 -9999 -9999 -9999 -9999 -9999 -9999 -9999 -9999 -9999 -9999 -9999 -9999 -9999 -9999 -9999 -9999 -9999 -9999 -9999 -9999 -9999 -9999 -9999 -9999 -9999 -9999 -9999 -9999 0.3 0.24 0.22 0.24 0.56 0.28 0.28 0.28 -9999 -9999 -9999 0.22 0.46 0.42 0.42 0.36 0.34 0.24 0.26 0.22 0.2 0.2 0.18 0.12 0.12 0.08 0.06 0.04 0.48 0.04 0.02 0.04 0.04 0.06 0.06 0.38 0.36 0.36 0.34 0.36 -9999 -9999 -9999
-9999 -9999 -9999 -9999 -9999 -9999 -9999 -9999 -9999 -9999 -9999 -9999 -9999 -9999 -9999 -9999 -9999 -9999 -9999 -9999 -9999 -9999 -9999 -9999 -9999 -9999 -9999 -9999 -9999 -9999 -9999 -9999 -9999 -9999 -9999 -9999 0.42 0.4 0.44 -9999 -9999 -9999 -9999 -9999 -9999 -9999 -9999 0.24 0.18 0.48 0.44 0.36 0.3 0.32 0.3 0.3 0.26 0.26 0.24 0.24 0.12 0.08 0.04 0.46 0.04 0.06 0.08 0.04 0.04 0.36 0.36 0.34 0.34 0.34 -9999 -9999 -9999
-9999 -9999 -9999 -9999 -9999 -9999 -9999 -9999 -9999 -9999 -9999 -9999 -9999 -9999 -9999 -9999 -9999 -9999 -9999 -9999 -9999 -9999 -9999 -9999 -9999 -9999 -9999 -9999 -9999 -9999 -9999 -9999 -9999 -9999 -9999 -9999 -9999 -9999 -9999 -9999 -9999 -9999 -9999 -9999 -9999 -9999 -9999 0.32 0.26 0.18 0.5 0.44 0.44 0.4 0.4 0.34 0.34 0.3 0.28 0.26 0.22 0.18 0.14 0.16 0.06 0.14 0.1 0.1 0.06 0.04 0.42 0.36 0.38 0.38 0.3 0.34 -9999
-9999 -9999 -9999 -9999 -9999 -9999 -9999 -9999 -9999 -9999 -9999 -9999 -9999 -9999 -9999 -9999 -9999 -9999 -9999 -9999 -9999 -9999 -9999 -9999 -9999 -9999 -9999 0.66 0.62 -9999 -9999 -9999 -9999 -9999 -9999 -9999 -9999 -9999 -9999 -9999 -9999 -9999 -9999 -9999 -9999 -9999 -9999 -9999 -9999 -9999 0.34 0.58 0.5 0.5 0.48 0.5 0.44 0.44 0.34 0.28 0.28 0.16 0.16 0.16 0.14 0.12 0.12 0.12 0.1 0.08 0.08 0.36 0.36 0.34 0.34 0.34 0.38
-9999 -9999 -9999 -9999 -9999 -9999 -9999 -9999 -9999 -9999 -9999 -9999 -9999 -9999 -9999 -9999 -9999 -9999 -9999 0.44 0.42 0.44 0.42 0.56 0.74 0.6 0.36 0.34 0.38 0.7 -9999 -9999 -9999 0.4 -9999 -9999 -9999 0.46 0.5 0.54 0.74 -9999 -9999 -9999 -9999 -9999 -9999 -9999 -9999 0.4 0.36 0.26 0.56 0.5 0.48 0.44 0.4 0.4 0.34 0.3 0.26 0.24 0.22 0.2 0.16 0.14 0.14 0.12 0.14 0.12 0.12 0.08 0.36 0.38 0.38 0.38 0.4
2.16 1.86 1.52 0.98 0.96 0.78 -9999 -9999 -9999 -9999 -9999 0.68 0.68 0.68 0.7 0.68 0.68 0.64 0.56 0.54 0.46 0.52 0.48 0.42 0.46 0.34 0.38 0.68 0.74 0.64 0.64 0.4 0.4 0.42 0.42 0.48 0.46 0.44 0.38 0.7 0.36 0.46 0.64 0.46 0.46 0.34 -9999 -9999 -9999 -9999 -9999 0.38 0.32 0.32 0.32 0.32 0.66 0.56 0.52 0.5 0.34 0.32 0.28 0.28 0.22 0.22 0.2 0.14 0.14 -9999 0.14 0.12 0.08 0.08 0.44 0.08 0.12
2.14 1.66 1.62 1.04 0.9 0.96 0.92 0.96 0.96 0.84 0.84 0.78 0.74 0.64 0.5 0.5 0.42 0.52 0.48 0.46 0.48 0.46 0.44 0.44 0.42 0.38 0.38 0.6 0.64 0.68 0.66 0.7 0.68 0.38 0.42 0.44 0.46 0.5 0.54 0.68 0.74 0.68 0.68 0.54 0.78 0.64 0.6 0.68 0.62 0.54 0.46 0.42 0.36 0.34 -9999 -9999 0.36 0.3 0.24 0.66 0.54 0.5 0.54 0.5 0.44 -9999 -9999 -9999 0.2 0.18 0.18 0.14 -9999 0.1 -9999 -9999 -9999
1.36 1.28 0.96 0.98 0.9 0.98 0.92 0.82 0.7 0.64 0.5 0.58 0.66 0.62 0.38 0.38 0.28 0.4 0.4 0.5 0.54 0.48 0.48 0.46 0.44 0.4 0.44 0.72 0.7 0.4 0.44 0.42 0.42 0.42 0.46 0.44 0.52 0.56 0.68 0.72 0.74 0.66 0.64 0.48 0.36 0.34 0.82 0.74 0.66 0.56 0.44 0.34 0.34 0.32 0.36 -9999 -9999 -9999 -9999 -9999 -9999 -9999 -9999 -9999 -9999 -9999 0.4 0.36 0.26 0.22 0.2 0.16 0.18 0.16 -9999 -9999 -9999
1.36 1.12 1.12 1.1 1 0.88 0.66 0.9 0.66 0.82 0.66 0.52 0.56 0.44 0.34 0.3 0.3 0.4 0.48 0.56 0.6 0.6 0.56 0.5 0.46 0.42 0.44 0.42 0.44 0.44 0.5 0.48 0.5 0.5 0.52 0.58 0.6 0.68 0.68 0.72 0.74 0.68 0.7 0.58 0.54 0.42 0.3 0.84 0.72 0.56 0.58 0.46 0.44 0.36 0.48 0.42 0.44 -9999 0.42 0.34 0.28 0.22 0.68 0.6 0.58 -9999 -9999 0.34 0.3 0.2 0.2 0.12 0.1 0.12 0.14 0.14 0.12
1 0.96 1.18 1.04 0.9 0.8 0.72 0.78 0.68 0.86 0.54 0.58 0.48 0.38 0.4 0.3 0.32 0.36 0.46 0.58 0.6 0.6 0.62 0.48 0.46 0.38 0.36 0.4 0.5 0.54 0.54 0.56 0.56 0.58 0.6 0.64 0.66 0.7 0.7 0.7 0.7 0.74 0.72 0.72 0.72 0.58 0.5 0.36 0.84 0.7 0.68 0.64 0.54 0.54 0.5 0.58 0.48 0.46 0.46 0.34 0.26 0.26 0.24 0.66 0.64 0.58 0.54 0.56 0.38 0.32 0.3 0.2 0.12 0.16 0.16 0.16 0.14
1.08 0.94 1.08 1.06 0.9 0.86 0.9 0.78 0.74 0.64 0.7 0.56 0.62 0.28 0.22 0.24 0.22 0.22 0.26 0.28 0.26 0.36 0.62 0.6 0.42 0.3 0.42 0.58 0.62 0.7 0.66 0.58 0.72 0.66 0.66 0.74 0.8 0.78 0.8 0.44 0.52 -9999 -9999 0.78 0.74 0.74 0.74 0.46 0.86 0.78 0.7 0.68 0.52 0.46 0.46 0.5 0.46 0.42 0.34 0.3 0.64 0.64 0.6 0.6 0.54 0.52 0.42 0.44 0.38 0.36 0.28 0.28 0.24 0.18 0.2 0.18 0.16
1.04 1 1.04 0.9 0.86 0.96 0.74 0.68 0.82 0.7 0.56 0.68 0.4 0.36 0.42 0.32 0.3 0.3 0.32 0.38 0.38 0.34 0.3 0.34 0.62 0.48 0.54 0.66 0.68 0.78 0.8 0.78 0.92 0.44 0.5 0.48 0.58 0.6 0.56 0.52 -9999 -9999 -9999 -9999 -9999 -9999 -9999 0.72 0.54 0.84 0.86 0.8 0.74 0.68 0.58 0.54 0.48 0.5 0.48 0.44 0.4 0.38 0.36 0.32 0.62 0.58 0.56 0.62 0.58 0.5 0.46 0.34 0.34 0.4 0.38 0.34 0.28
1.04 1.06 0.92 1 0.96 0.94 0.74 0.88 0.8 0.76 0.74 0.68 0.44 0.54 0.48 0.38 0.4 0.32 0.34 0.38 0.38 0.38 0.42 0.4 0.28 0.3 0.42 0.54 0.82 0.56 0.86 0.58 0.54 0.56 0.64 0.6 0.62 0.6 -9999 -9999 -9999 -9999 -9999 0.7 0.6 0.56 0.88 0.74 0.72 0.68 0.9 0.86 0.84 0.76 0.72 0.7 0.66 0.64 0.54 0.5 0.48 0.44 0.4 0.34 0.28 0.26 0.24 0.24 0.62 0.6 0.54 0.46 0.44 0.44 0.44 0.44 0.4
1.12 0.88 0.92 0.86 0.86 0.82 1 0.9 0.9 0.74 0.8 0.56 0.54 0.44 0.58 0.46 0.4 0.34 0.32 0.36 0.36 0.5 0.58 0.38 0.38 0.46 0.48 0.62 0.78 0.74 0.74 0.76 0.82 0.84 0.76 0.78 0.76 -9999 -9999 -9999 0.68 0.72 0.78 0.72 0.6 0.58 0.92 0.84 0.86 0.82 0.76 0.68 0.62 0.92 0.86 0.84 0.76 0.7 0.7 0.58 0.52 0.5 0.44 0.46 0.44 0.4 0.38 0.32 0.3 0.28 0.24 0.62 0.58 0.52 0.48 0.46 0.46
1.02 0.9 1.04 0.96 0.82 0.78 1.02 0.9 0.92 0.82 0.8 0.78 0.74 0.7 0.68 0.52 0.46 0.42 0.66 0.38 0.44 0.6 0.72 0.74 1.08 1.12 1.16 1.2 0.94 0.86 0.66 0.72 0.68 0.64 0.9 0.86 0.88 0.86 0.8 0.88 0.82 0.86 0.8 0.72 0.62 0.72 0.78 0.74 1.02 0.96 0.96 0.82 0.72 0.72 0.68 0.6 0.56 0.54 0.78 0.76 0.76 0.66 0.66 0.58 0.52 0.48 0.42 0.42 0.4 0.36 0.32 0.3 0.24 0.2 0.6 0.5 0.5
1 0.9 0.92 0.94 0.94 1.04 0.92 0.88 0.84 0.84 0.94 0.92 0.64 0.8 0.66 0.58 0.56 0.52 0.72 0.64 0.64 0.58 0.84 0.64 1.04 1.18 1.34 1.42 1.18 0.96 0.74 0.84 0.84 0.84 1.02 0.88 0.92 0.92 0.9 1 1 0.94 0.88 0.84 0.86 0.82 0.76 0.76 0.76 0.72 1.06 1.02 0.94 0.8 0.82 0.74 0.72 0.62 0.62 0.62 0.58 0.56 0.38 0.72 0.68 0.6 0.54 0.48 0.5 0.46 0.42 0.42 0.42 0.38 0.26 0.28 0.7
0.9 0.82 0.96 0.98 1 0.88 1.14 1.02 1 0.98 0.86 0.8 0.8 0.82 0.66 0.58 0.44 0.58 0.58 0.62 0.62 0.56 0.68 1 1.08 1.4 1.46 1.48 1.82 1.48 1.18 0.88 0.9 0.9 0.86 0.78 1 0.7 0.76 0.72 0.7 0.74 0.66 1.02 1 1 1 0.92 0.92 0.92 0.9 0.74 0.68 1.2 1.12 1.02 0.9 0.9 0.82 0.78 0.72 0.64 0.6 0.6 0.56 0.52 0.42 0.76 0.7 0.68 0.6 0.5 0.5 0.46 0.42 0.42 0.34
0.84 0.64 0.92 0.94 1 1.02 1.02 0.9 0.92 1.1 0.98 0.96 0.92 0.88 0.74 0.82 0.7 0.66 0.54 0.74 0.7 0.68 0.62 0.92 1.18 1.48 1.88 2.18 2.18 1.4 1.42 0.96 0.94 0.98 0.92 0.98 0.86 0.88 0.86 0.88 0.88 0.88 0.9 0.92 0.92 0.86 0.8 0.82 0.8 1.14 1.08 1.1 1 1.08 0.98 1 0.88 0.7 0.68 0.92 0.86 0.82 0.84 0.74 0.72 0.64 0.66 0.6 0.52 0.46 0.42 0.74 0.7 0.7 0.66 0.52 0.44
0.52 0.46 0.8 1.06 1.06 1.22 1.1 1.22 1.3 1.14 1.16 1.22 1.06 0.96 0.8 0.84 0.8 0.72 0.44 0.78 0.5 0.66 0.72 0.96 1.38 1.52 1.88 2.18 2.34 2.36 2.12 1.74 1.8 0.78 0.84 0.74 0.8 0.74 0.78 0.84 0.8 0.86 0.88 0.8 0.84 1.02 1 1 0.96 0.98 1.04 1.02 1.02 0.98 0.92 1.36 1.18 1.06 0.92 0.84 0.82 0.86 0.7 0.7 0.6 0.8 0.76 0.64 0.66 0.62 0.54 0.48 0.48 0.82 0.76 0.74 0.7
0.68 0.52 0.72 1 1.28 1.18 1.44 1.26 1.28 1.22 1.38 1.38 1.34 1.26 0.96 1.02 0.86 0.62 0.74 0.58 0.62 0.5 0.76 0.74 1.72 1.62 2.4 2.34 2.14 2.2 2.48 2.14 1.66 1.38 1.02 1 0.78 1.08 1.08 1.04 1.06 0.9 0.84 1.14 0.84 0.82 0.88 0.88 0.94 0.98 0.98 1.32 1.4 -9999 -9999 1.26 1.1 1 0.92 0.88 0.78 0.92 0.94 0.74 0.74 0.68 0.6 0.8 0.78 0.78 0.8 0.68 0.64 0.66 0.6 0.58 0.48
1.04 1.02 1.1 1.28 1.34 1.5 1.5 1.66 1.64 1.38 1.48 1.46 1.7 1.28 1.14 0.98 0.88 0.84 0.78 0.74 0.76 0.5 0.72 0.56 1.18 1.72 1.88 2.36 2.2 2.14 1.66 1.44 1.78 1.58 1.24 1.18 0.84 0.92 0.84 1.1 1.06 1.02 1 0.98 0.98 0.92 0.92 0.88 1.1 1.28 1.34 1.34 1.32 -9999 -9999 -9999 -9999 0.84 0.86 1.26 1.02 0.88 0.72 1.04 0.98 0.82 0.74 0.66 0.7 0.68 0.64 0.96 0.92 0.84 0.76 0.78 0.68
1.32 1.3 1.32 1.4 1.68 1.68 1.58 1.72 1.74 1.66 1.52 1.6 1.66 1.28 1.28 1.12 0.98 0.76 0.78 0.94 0.92 0.96 0.64 0.9 0.7 1.48 1.56 1.84 1.76 1.74 1.7 1.6 1.42 1.56 1.26 1.22 0.82 0.92 0.88 0.88 0.9 0.94 1 0.98 1 0.96 0.92 0.98 1.02 1.18 1.28 -9999 -9999 -9999 -9999 -9999 0.92 1.42 1.28 1.08 0.94 1.22 1 0.96 0.88 0.76 0.7 1.02 0.94 0.94 0.9 0.84 0.76 0.7 0.64 0.88 0.78
1.36 1.52 1.36 1.5 1.52 1.5 1.56 1.86 1.96 1.52 1.62 1.74 1.68 1.68 1.28 1.2 1.06 0.84 0.62 0.76 0.96 0.72 0.7 0.76 0.78 0.68 0.8 1.14 1.5 1.44 1.56 1.42 1.68 1.66 1.68 1.12 1.12 0.86 1.06 1.04 1.14 0.94 1.22 0.9 0.94 1.16 1.06 1 1.02 1.34 1.62 1.2 1.1 1.58 1.44 1.36 1.28 1.2 1.18 1.02 0.98 1.16 0.94 0.92 0.82 1.1 0.96 0.86 0.78 1.14 1.12 1.04 1.06 0.92 0.88 0.88 0.78
1.3 1.46 1.58 1.56 1.66 1.54 1.7 1.84 1.56 1.52 1.72 1.76 1.6 1.44 1.46 1.28 1.28 0.88 0.86 0.9 1.04 1.04 0.88 0.82 0.7 0.7 0.84 0.76 0.86 1.3 1.44 1.62 1.4 1.84 1.3 0.98 0.82 0.96 0.88 0.96 1.12 1.26 1.28 1.12 1.32 1.2 1.1 1.24 1.28 1.46 1.48 1.56 1.52 1.44 1.32 1.26 1.2 1.28 1 1.58 1.42 1.16 0.94 0.9 1.16 1.08 0.92 1.14 1.1 1.04 1.02 1.08 0.94 0.96 0.8 1.12 0.94
-9999 1.38 1.38 1.46 1.72 1.76 1.68 1.54 1.56 1.5 1.7 1.82 1.64 1.62 1.4 1.24 1.28 1.2 1.06 1 1.12 0.98 0.96 0.8 1.02 0.9 0.92 0.94 0.94 1.06 1.52 1.84 2.16 1.6 1.24 0.92 1 1 1 0.96 1.14 1.2 1.3 1.24 1.24 1.42 1.24 1.34 1.46 1.52 1.46 1.24 1.62 1.24 1.26 1.28 1.12 1.08 1.42 1.5 1.36 1.1 1.34 1.28 1.16 1.02 0.92 1.22 1.1 1 1 1.28 1.26 1.18 1.12 1.04 0.92
-9999 -9999 -9999 -9999 -9999 1.6 1.8 1.56 1.76 1.44 1.74 1.72 1.94 1.8 1.56 1.36 1.24 1.3 1.28 1.32 1.06 1.04 1.02 1.12 1.1 1.02 0.96 0.96 1.02 1.68 1.76 2.18 2.24 1.9 1.5 1.42 1.12 0.98 1.12 1.16 1.34 1.36 1.26 1.74 1.66 1.34 1.54 1.42 1.58 1.4 1.64 1.36 1.36 1.54 1.42 1.34 1.28 1.18 1.38 1.4 1.26 1.08 1.3 -9999 -9999 1.12 1.06 1.32 1.22 1.16 1.02 1.28 1.26 1.28 1.24 0.98 1.26
-9999 -9999 -9999 -9999 -9999 -9999 -9999 1.8 1.6 1.76 2.52 2.26 2.74 1.86 1.94 1.64 1.72 1.4 1.4 1.2 1.4 1.3 1.42 1.2 1.3 1.4 1.3 1.08 1.24 2.02 2.4 2.8 2.98 3.28 2.36 1.7 1.42 1.06 1.1 1.16 1.32 1.54 1.84 1.66 1.92 1.9 1.86 1.46 1.6 1.56 1.44 1.36 1.3 1.46 1.6 1.6 1.52 1.32 1.62 1.38 1.32 1.2 1.36 1.32 1.18 1.44 1.3 1.16 1.46 1.38 1.38 1.44 1.34 1.26 1.18 1.04 1.22
-9999 -9999 -9999 -9999 -9999 -9999 -9999 -9999 -9999 -9999 3.7 4.14 3.96 4.18 3.14 1.92 1.9 1.64 1.72 1.76 1.68 1.68 1.62 1.64 1.52 1.36 1.46 1.62 1.64 2.12 2.28 2.64 3.08 3.52 3.2 2.26 2 1.58 1.54 1.36 1.58 1.76 1.82 2.14 1.92 1.96 1.92 1.66 1.64 1.66 1.74 1.76 1.42 1.46 1.76 1.56 1.68 1.32 1.54 1.44 1.38 1.24 1.44 1.28 1.22 1.32 1.24 1.18 1.44 1.44 1.46 1.48 1.28 1.26 1.14 1.12 -9999
-9999 -9999 -9999 -9999 -9999 -9999 -9999 -9999 -9999 -9999 4.64 3.78 4.28 4.34 3.18 2.72 2.02 1.72 1.82 1.82 1.86 1.66 1.68 1.84 1.66 1.58 1.42 1.74 1.98 2.34 2.3 2.4 2.9 3.22 3.32 2.96 2.24 2.24 2.08 2.18 1.92 1.98 2.14 2.18 1.98 2.18 1.94 1.92 2.12 2.1 1.84 1.76 1.72 1.78 1.96 1.6 1.82 1.54 1.72 1.42 1.42 1.3 1.38 1.48 1.36 1.32 1.6 1.52 1.52 1.48 1.38 1.32 1.18 1.2 1.5 1.42 1.16
-9999 -9999 -9999 -9999 -9999 -9999 -9999 -9999 -9999 -9999 -9999 5.72 4.18 4.7 4.14 -9999 2.08 2.14 1.82 2 1.98 1.82 1.86 1.74 1.7 1.82 1.76 1.96 2.12 2.16 2.6 2.6 2.3 2.9 3.22 2.96 2.72 2.68 2.48 2.64 2.5 2.3 2.3 2.4 2.32 2.38 2.28 2.38 2.28 2.06 2.02 1.98 2.16 1.88 1.8 2.06 1.74 2 1.76 1.7 1.56 1.6 1.46 1.54 1.42 1.36 1.34 1.64 1.52 1.56 1.56 1.36 1.62 1.54 1.44 1.26 1.32
-9999 -9999 -9999 -9999 -9999 -9999 -9999 -9999 -9999 -9999 -9999 -9999 -9999 4.72 5.9 5.28 3.96 3.2 2.24 2.28 2.02 1.98 2.12 1.96 1.94 2 1.96 1.84 2.2 2.32 2.54 2.28 2.48 2.48 2.46 2.56 2.74 2.84 2.88 3.16 2.78 2.72 2.42 2.36 2.52 2.44 2.44 2.5 2.24 2.22 2.38 2.28 2.92 2.82 2.26 1.98 1.98 2.06 1.84 1.7 1.7 1.64 1.64 1.44 1.72 1.72 1.54 1.8 1.62 1.46 1.4 1.64 1.58 1.4 1.32 1.64 1.34
-9999 -9999 -9999 -9999 -9999 -9999 -9999 -9999 -9999 -9999 -9999 -9999 -9999 -9999 -9999 6.06 5.32 5 3.78 2.22 2.46 2.34 2.26 1.96 2.04 1.8 1.84 2.26 2.34 2.32 2.4 2.28 2.2 2.42 2.2 2.56 2.88 3.06 3.08 3.22 3.12 2.88 2.76 2.68 2.38 2.56 2.14 2.38 2.54 2.52 2.4 2.64 3.02 2.76 2.36 2.48 2.2 1.98 2.02 1.72 1.74 1.78 1.54 1.66 1.6 1.7 1.62 1.9 1.72 1.68 1.52 1.66 1.54 1.48 1.58 1.4 1.68
