data/default-data/raster/climate/pet_8.txt
ncols         720
nrows         360
xllcorner     -180
yllcorner     -90
cellsize      0.5
NODATA_value  -9999
[rows 170 to 203 of 360, columns 231 to 307 of 720]
27.52 29.18 30.46 30.88 31.62 30.82 29.92 29.76 32.66 35.26 36.56 38.62 38.62 39.6 39.04 38.92 38.48 37.14 36.7 36.26 35.92 36.72 37.58 38.22 38.54 -9999 -9999 -9999 -9999 -9999 -9999 -9999 -9999 -9999 -9999 -9999 -9999 -9999 -9999 -9999 -9999 -9999 -9999 -9999 -9999 -9999 -9999 -9999 -9999 -9999 -9999 -9999 -9999 -9999 -9999 -9999 -9999 -9999 -9999 -9999 -9999 -9999 -9999 -9999 -9999 -9999 -9999 -9999 -9999 -9999 -9999 -9999 -9999 -9999 -9999 -9999 -9999
28.28 28.56 28.82 30.36 31.34 31.8 31.62 32.86 34.42 36.3 37.52 37.88 38.32 38.34 37.68 36.56 36.42 35.38 35.28 35.12 35 36.36 36.48 36.48 36.44 37.1 -9999 -9999 -9999 -9999 -9999 -9999 -9999 -9999 -9999 -9999 -9999 -9999 -9999 -9999 -9999 -9999 -9999 -9999 -9999 -9999 -9999 -9999 -9999 -9999 -9999 -9999 -9999 -9999 -9999 -9999 -9999 -9999 -9999 -9999 -9999 -9999 -9999 -9999 -9999 -9999 -9999 -9999 -9999 -9999 -9999 -9999 -9999 -9999 -9999 -9999 -9999
27.64 29.92 30.22 30.58 32.96 33.52 35.42 36.48 37.54 38.22 38.46 37.84 37.68 37.28 36.1 34.38 33.24 34.32 34.1 34.88 34.74 35.14 35.52 35.72 35.28 35.36 36.32 -9999 -9999 -9999 -9999 -9999 -9999 -9999 -9999 -9999 -9999 -9999 -9999 -9999 -9999 -9999 -9999 -9999 -9999 -9999 -9999 -9999 -9999 -9999 -9999 -9999 -9999 -9999 -9999 -9999 -9999 -9999 -9999 -9999 -9999 -9999 -9999 -9999 -9999 -9999 -9999 -9999 -9999 -9999 -9999 -9999 -9999 -9999 -9999 -9999 -9999
27.58 29.08 30.6 32.7 33.58 34.9 36.4 37.92 38.22 37.84 37.4 37.08 36.38 36.18 35.34 33.8 32.78 33.22 33 33.26 33.98 34.96 34.74 34.98 34.9 35.02 35.7 -9999 -9999 -9999 -9999 -9999 -9999 -9999 -9999 -9999 -9999 -9999 -9999 -9999 -9999 -9999 -9999 -9999 -9999 -9999 -9999 -9999 -9999 -9999 -9999 -9999 -9999 -9999 -9999 -9999 -9999 -9999 -9999 -9999 -9999 -9999 -9999 -9999 -9999 -9999 -9999 -9999 -9999 -9999 -9999 -9999 -9999 -9999 -9999 -9999 -9999
28.28 27.88 29.8 32.48 33.78 35.08 36.84 38.02 38.02 37.72 37.92 37.12 36.76 35.66 34.72 33.42 31.62 32.08 32.62 32.52 33.62 34.56 34.38 34.6 34.62 34.62 35.3 -9999 -9999 -9999 -9999 -9999 -9999 -9999 -9999 -9999 -9999 -9999 -9999 -9999 -9999 -9999 -9999 -9999 -9999 -9999 -9999 -9999 -9999 -9999 -9999 -9999 -9999 -9999 -9999 -9999 -9999 -9999 -9999 -9999 -9999 -9999 -9999 -9999 -9999 -9999 -9999 -9999 -9999 -9999 -9999 -9999 -9999 -9999 -9999 -9999 -9999
30.4 29.02 30.42 32.66 33.4 34.8 35.54 37.18 37.04 37.4 37.18 37.22 36.34 35.64 34.38 33.34 31.82 31.5 32.48 32.82 33.36 34.12 34.4 34.86 34.42 34.48 35.6 36.32 -9999 -9999 -9999 -9999 -9999 -9999 -9999 -9999 -9999 -9999 -9999 -9999 -9999 -9999 -9999 -9999 -9999 -9999 -9999 -9999 -9999 -9999 -9999 -9999 -9999 -9999 -9999 -9999 -9999 -9999 -9999 -9999 -9999 -9999 -9999 -9999 -9999 -9999 -9999 -9999 -9999 -9999 -9999 -9999 -9999 -9999 -9999 -9999 -9999
29.4 31.94 32.28 32.56 34.16 33.92 36.14 36.78 36.82 36.8 36.74 36.74 35.62 35.28 34.4 33.22 32.48 32.44 32.62 33.26 33.78 33.9 33.82 34.36 34.76 34.8 35.66 36.42 36.26 -9999 -9999 -9999 -9999 -9999 -9999 -9999 -9999 -9999 -9999 -9999 -9999 -9999 -9999 -9999 -9999 -9999 -9999 -9999 -9999 -9999 -9999 -9999 -9999 -9999 -9999 -9999 -9999 -9999 -9999 -9999 -9999 -9999 -9999 -9999 -9999 -9999 -9999 -9999 -9999 -9999 -9999 -9999 -9999 -9999 -9999 -9999 -9999
30.82 31.46 32.9 33.48 33.64 34.98 35.96 36.32 36.92 37.02 35.74 35.86 35.68 35.54 34.78 34.18 33.42 33.34 33.14 33.54 33.74 34.62 35.02 34.62 35.18 35.72 36.02 36.48 -9999 -9999 -9999 -9999 -9999 -9999 -9999 -9999 -9999 -9999 -9999 -9999 -9999 -9999 -9999 -9999 -9999 -9999 -9999 -9999 -9999 -9999 -9999 -9999 -9999 -9999 -9999 -9999 -9999 -9999 -9999 -9999 -9999 -9999 -9999 -9999 -9999 -9999 -9999 -9999 -9999 -9999 -9999 -9999 -9999 -9999 -9999 -9999 -9999
31.74 31.96 32.48 33.38 34.28 34.98 35.86 35.96 36.56 36.84 36.44 36.64 36.34 35.7 35.26 35.08 34.74 34.04 33.78 33.94 34.14 34.2 34.52 34.84 35.1 36.02 35.9 36.64 36.94 -9999 -9999 -9999 -9999 -9999 -9999 -9999 -9999 -9999 -9999 -9999 -9999 -9999 -9999 -9999 -9999 -9999 -9999 -9999 -9999 -9999 -9999 -9999 -9999 -9999 -9999 -9999 -9999 -9999 -9999 -9999 -9999 -9999 -9999 -9999 -9999 -9999 -9999 -9999 -9999 -9999 -9999 -9999 -9999 -9999 -9999 -9999 -9999
31.78 32.4 32.58 33.42 33.8 34.92 35.62 36.36 36.38 36.8 36.86 36.62 36.64 36.2 35.98 35.9 35.66 34.92 34.88 34.88 34.64 34.74 34.98 34.94 35.08 35.94 36.46 37.06 37.2 -9999 -9999 -9999 -9999 -9999 -9999 -9999 -9999 -9999 -9999 -9999 -9999 -9999 -9999 -9999 -9999 -9999 -9999 -9999 -9999 -9999 -9999 -9999 -9999 -9999 -9999 -9999 -9999 -9999 -9999 -9999 -9999 -9999 -9999 -9999 -9999 -9999 -9999 -9999 -9999 -9999 -9999 -9999 -9999 -9999 -9999 -9999 -9999
32.24 32.5 32.9 33.44 34.2 35.04 35.56 35.54 36.14 36.72 36.52 36.98 36.66 36.5 36.5 36.58 36.34 36.16 36.04 35.74 35.56 35.56 34.9 35.06 34.74 35.58 36.48 36.94 37.3 37.28 37.38 37.02 -9999 -9999 -9999 -9999 -9999 -9999 -9999 -9999 -9999 -9999 -9999 -9999 -9999 -9999 -9999 -9999 -9999 -9999 -9999 -9999 -9999 -9999 -9999 -9999 -9999 -9999 -9999 -9999 -9999 -9999 -9999 -9999 -9999 -9999 -9999 -9999 -9999 -9999 -9999 -9999 -9999 -9999 -9999 -9999 -9999
32.3 32.32 32.94 33.4 34.46 35.28 35.5 36 36.26 36.7 37.4 37.2 37.3 37 36.92 37 37 36.92 36.82 36.48 36.36 36.24 35.2 34.52 34.6 35.1 36.12 36.46 36.94 36.9 37.2 37.06 -9999 36.38 36.14 -9999 -9999 -9999 -9999 -9999 -9999 -9999 -9999 -9999 -9999 -9999 -9999 -9999 -9999 -9999 -9999 -9999 -9999 -9999 -9999 -9999 -9999 -9999 -9999 -9999 -9999 -9999 -9999 -9999 -9999 -9999 -9999 -9999 -9999 -9999 -9999 -9999 -9999 -9999 -9999 -9999 -9999
32.38 32.72 32.8 33.6 34.36 35.14 35.6 36.28 36.9 37.08 36.88 36.76 37.12 37.34 37.08 37.56 37.84 37.48 37.42 37.14 36.86 36.46 35.52 34.48 33.88 34.22 35.68 36.22 36.86 36.88 36.62 36.38 36.26 36.38 36.14 36.72 36.66 36.88 -9999 -9999 -9999 -9999 -9999 -9999 -9999 -9999 -9999 -9999 -9999 -9999 -9999 -9999 -9999 -9999 -9999 -9999 -9999 -9999 -9999 -9999 -9999 -9999 -9999 -9999 -9999 -9999 -9999 -9999 -9999 -9999 -9999 -9999 -9999 -9999 -9999 -9999 -9999
32.48 32.94 33.14 33.96 34.7 35.38 36.06 36.58 37.28 37.22 37.34 36.96 37.12 37.74 37.96 38 37.84 37.8 37.88 37.88 38.16 37.12 35.74 34.32 33.1 33.62 35.06 35.96 36.56 36.86 36.54 36.24 36.38 36.3 36.64 36.58 36.92 37 37.76 37.66 -9999 -9999 -9999 -9999 -9999 -9999 -9999 -9999 -9999 -9999 -9999 -9999 -9999 -9999 -9999 -9999 -9999 -9999 -9999 -9999 -9999 -9999 -9999 -9999 -9999 -9999 -9999 -9999 -9999 -9999 -9999 -9999 -9999 -9999 -9999 -9999 -9999
33.08 33.12 33.88 34.34 35.06 35.76 36.72 37.54 38.02 38.06 37.4 37.16 37.2 37.48 37.56 38.28 37.84 37.14 36.94 -9999 37.94 37.22 35.56 34.22 33.56 34.1 35.14 35.42 35.58 35.84 36.22 36.3 36.36 36.58 36.66 36.58 37.2 37.86 37.74 37.76 -9999 -9999 -9999 -9999 -9999 -9999 -9999 -9999 -9999 -9999 -9999 -9999 -9999 -9999 -9999 -9999 -9999 -9999 -9999 -9999 -9999 -9999 -9999 -9999 -9999 -9999 -9999 -9999 -9999 -9999 -9999 -9999 -9999 -9999 -9999 -9999 -9999
33.52 33.54 34.06 34.5 35.16 35.64 37.18 37.72 38.66 38.6 37.92 37.04 36.54 36.78 37.38 38.2 37.28 36.6 35.84 36 36.8 36.24 35.4 34.34 34.26 34.28 34.6 35.12 35.76 35.88 35.82 36.28 36.46 36.98 37.04 37.38 37.74 38.06 38.32 38.32 39.2 40.62 41.7 42.9 43.92 -9999 -9999 -9999 -9999 -9999 -9999 -9999 -9999 -9999 -9999 -9999 -9999 -9999 -9999 -9999 -9999 -9999 -9999 -9999 -9999 -9999 -9999 -9999 -9999 -9999 -9999 -9999 -9999 -9999 -9999 -9999 -9999
33.58 33.84 34.18 34.52 35.12 36.06 37.02 37.98 39.12 38.86 37.6 36.82 36.04 36.64 36.96 36.7 36.8 36.26 35.5 35.78 35.68 35.48 34.9 34.48 34.14 34.54 34.58 34.78 35.22 35.28 35.9 36.08 36.62 36.78 37.42 38.1 38.92 39.1 39.74 39.44 40.7 41.52 43.3 44.62 45.3 46.42 47.14 49.08 48.84 46.22 43.26 -9999 -9999 -9999 -9999 -9999 -9999 -9999 -9999 -9999 -9999 -9999 -9999 -9999 -9999 -9999 -9999 -9999 -9999 -9999 -9999 -9999 -9999 -9999 -9999 -9999 -9999
33.16 33.48 33.96 34.4 35.02 35.84 36.3 37.32 37.74 38.08 37.42 36.44 36.32 36.34 36.4 36.36 36.18 35.84 35.36 35.18 35.04 34.58 34.62 34.12 34.1 34.18 34.64 34.72 34.76 35.06 35.58 36.7 36.92 37.9 38.58 38.86 39.46 40 40.72 41.22 42.24 43.22 44.5 46.26 47.5 49.12 49.62 51.02 52.68 48.7 44.82 41.32 -9999 -9999 -9999 -9999 -9999 -9999 -9999 -9999 -9999 -9999 -9999 -9999 -9999 -9999 -9999 -9999 -9999 -9999 -9999 -9999 -9999 -9999 -9999 -9999 -9999
32.14 32.6 33.3 33.6 34.08 34.86 35.56 36 36.32 36.78 36.56 36.5 36.2 35.9 35.6 35.58 35.6 35.5 34.92 34.98 34.82 34.46 34.16 34.04 33.92 33.8 33.7 34.08 34.92 35.08 36.08 37.16 38.14 39.18 40.14 40.54 41.3 41.74 42.08 43.22 44.9 46.12 47.62 48.88 50.56 52.3 54.08 54.76 54.58 51.22 47.3 43.88 43.9 -9999 -9999 -9999 -9999 -9999 -9999 -9999 -9999 -9999 -9999 -9999 -9999 -9999 -9999 -9999 -9999 -9999 -9999 -9999 -9999 -9999 -9999 -9999 -9999
31.96 32.36 32.82 33.28 33.8 34.22 34.8 35.62 35.92 36.06 35.82 35.92 35.48 35.3 35.38 35.44 35.16 35.06 34.76 34.58 34.28 33.96 33.58 33.52 33.32 33.68 33.98 34.14 34.62 35.2 36.22 37.28 39.2 41.08 41.48 41.78 42.28 42.84 43.3 44.9 46.76 47.92 49.64 51.16 52.44 54.2 56.36 56.84 55.46 52.34 50.06 47.9 47.6 48.26 47.86 -9999 -9999 -9999 -9999 -9999 -9999 -9999 -9999 -9999 -9999 -9999 -9999 -9999 -9999 -9999 -9999 -9999 -9999 -9999 -9999 -9999 -9999
31.9 32.08 32.5 32.9 33.76 33.94 34.12 35.12 35.5 35.44 35.38 35.56 35.2 34.94 34.98 34.98 34.52 34.5 34.42 34.22 33.84 33.72 33.4 33.32 33.02 33.28 33.34 34.1 34.8 35.44 36.24 38.12 39.44 41.88 43.02 43.78 44 43.94 44.44 46.46 47.9 50.08 51.54 51.84 53.6 55.84 58.08 58.32 56.88 55.12 53.3 51.32 50.4 50.78 50.8 47.26 43.64 39.82 -9999 -9999 -9999 -9999 -9999 -9999 -9999 -9999 -9999 -9999 -9999 -9999 -9999 -9999 -9999 -9999 -9999 -9999 -9999
31.28 31.86 32.26 32.72 32.82 33.66 34.12 34.1 35 34.8 34.78 34.74 34.86 34.54 34.44 34.28 34.12 34.24 33.94 33.82 33.92 33.3 33.06 32.96 33.08 33.02 33.46 34.02 34.74 35.5 36.54 38.82 40.36 42.94 43.9 45.16 44.9 46 46.26 47.94 49.88 50.84 53.14 53.84 55.32 56.48 58.42 58.32 56.94 55.48 53.98 53.48 53.3 52.36 52.04 49.38 44.4 39.2 35.44 -9999 -9999 -9999 -9999 -9999 -9999 -9999 -9999 -9999 -9999 -9999 -9999 -9999 -9999 -9999 -9999 -9999 -9999
31.02 31.46 31.64 32.46 32.74 33.02 33.54 34.06 34.12 34.6 34.62 34.34 34.2 34.16 34.12 34.02 33.96 34.22 33.88 33.62 33.28 33.54 33.16 33.1 32.84 32.9 33.36 34.22 34.92 36.26 37.6 39.48 41.42 43.5 44.48 46.92 47.52 48.2 49.3 49.62 50.92 52.98 53.76 55.26 56.6 58.04 58.62 58.1 57.1 55.86 55.54 55.16 54.48 53.58 52.3 50.8 43.32 38.26 35.32 -9999 -9999 -9999 -9999 -9999 -9999 -9999 -9999 -9999 -9999 -9999 -9999 -9999 -9999 -9999 -9999 -9999 -9999
31.02 31.2 31.52 31.76 32.42 32.62 33.48 33.76 33.8 34.02 34.18 34.04 34.22 33.88 33.76 33.76 33.66 33.96 33.6 33.7 33.48 33.18 32.92 32.96 32.62 33 33.3 34.26 35.26 36.44 37.66 39.58 42.3 44.98 45.96 48.48 49.2 49.48 50.38 51.98 52.7 53.74 55.16 55.58 57.14 59.14 58.86 58.16 57.1 56.74 56.14 55.76 55.46 52.7 50.66 46.94 40 34.74 34.46 -9999 -9999 -9999 -9999 -9999 -9999 -9999 -9999 -9999 -9999 -9999 -9999 -9999 -9999 -9999 -9999 -9999 -9999
30.8 31 31.48 31.88 32.28 32.5 33.32 33.48 33.72 33.72 33.8 33.82 33.4 33.56 33.62 33.56 33.8 33.96 33.64 33.72 33.18 33.64 33.48 33.06 33.02 33.18 34.06 34.26 35.42 36.58 37.52 40.5 42.78 44.96 46.62 48.66 49 49.7 50.62 50.84 53.2 54.2 55.12 55.84 56.48 57.5 58.1 57.7 56.48 55.78 55.26 54 53 50.62 47.3 42.44 36.32 32.24 33.26 33.24 -9999 -9999 -9999 -9999 -9999 -9999 -9999 -9999 -9999 -9999 -9999 -9999 -9999 -9999 -9999 -9999 -9999
30.82 31.08 31.34 31.46 31.76 32.52 33.06 33.36 33.34 33.7 33.82 33.64 33.8 33.72 33.62 33.56 33.76 33.96 33.92 33.74 33.88 33.58 33.6 33.48 33.68 34.2 34.48 35.08 35.62 36.48 37.24 39.8 42.82 44.32 46.9 48.64 49.82 50.42 51.32 52.1 55.34 55.2 55.66 55.64 56.56 56.92 56.52 57.1 55.6 53.92 52.42 51.16 48.34 46.06 44.38 39.6 33.72 29.8 30.08 -9999 -9999 -9999 -9999 -9999 -9999 -9999 -9999 -9999 -9999 -9999 -9999 -9999 -9999 -9999 -9999 -9999 -9999
30.86 31.3 30.94 31.36 31.86 32.7 33.26 33.2 33.76 33.52 33.6 33.82 33.6 33.36 33.54 34.18 34.04 34.02 34.16 34.14 33.98 34.16 34.3 33.84 34.58 34.5 34.9 35.94 36.56 36.38 36.96 40.08 41.88 44.46 47.52 49.74 51.2 51.46 53.78 53.24 55.02 55.18 55.18 55.64 55.6 56.14 56.46 55.12 53.08 51.26 49.28 47.86 46.08 43.56 40.7 35.2 31.02 28.14 28.44 -9999 -9999 -9999 -9999 -9999 -9999 -9999 -9999 -9999 -9999 -9999 -9999 -9999 -9999 -9999 -9999 -9999 -9999
31.2 31.42 30.94 31.58 32.34 32.88 33.2 33.74 33.8 33.56 34.2 33.88 33.54 33.7 33.88 34.28 34.34 34.52 34.6 34.56 34.56 34.86 34.6 34.7 34.74 35.64 35.94 36.58 36.64 37.06 38.26 41.1 41.98 44.88 47.08 50.12 51.5 51.08 53.04 53.66 54.34 55.6 56.04 55.56 53.86 54.9 54.42 52.82 51.08 49.06 46.8 46.18 43.14 40.48 36.52 31.38 28.22 29.08 29.22 -9999 -9999 -9999 -9999 -9999 -9999 -9999 -9999 -9999 -9999 -9999 -9999 -9999 -9999 -9999 -9999 -9999 -9999
32.08 32.04 32.22 32.38 32.94 33.12 33.86 33.76 34.28 34.24 34.24 34.2 34.42 34.46 34.06 34.26 34.62 34.58 34.96 35.16 35.1 35.12 35.32 35.46 35.14 36.16 36.74 37.28 37.3 37.58 39.36 41.68 41.86 44.22 46.88 50.8 49.96 51.24 52.9 53.52 53.76 55.16 54.9 53.38 53.32 52.02 51.22 50.58 48.42 45.78 44.08 41.76 39.62 37.7 35.32 31.32 29.88 30.26 -9999 -9999 -9999 -9999 -9999 -9999 -9999 -9999 -9999 -9999 -9999 -9999 -9999 -9999 -9999 -9999 -9999 -9999 -9999
32.82 33.22 33.3 33.46 33.94 33.98 34.48 34.36 34.52 35.02 34.7 34.64 34.46 34.82 34.66 34.42 34.36 34.82 35.38 35.46 35.62 35.8 35.46 35.74 35.84 36.24 37.44 37.48 37.66 38.56 40.34 42.06 42.48 44.14 46.5 49.84 49.78 50.82 52.44 51.88 52.88 52.46 51.58 50.66 50.22 49.72 48.38 46.8 45.1 42.8 40.8 38.52 36.9 36.06 34.44 32.16 31.46 -9999 -9999 -9999 -9999 -9999 -9999 -9999 -9999 -9999 -9999 -9999 -9999 -9999 -9999 -9999 -9999 -9999 -9999 -9999 -9999
34.42 34.32 34.26 34.58 34.84 35.2 35.14 35.14 35.3 35.1 35.48 35.42 35.06 35.36 35.34 35.34 35.38 34.94 35.12 35.62 36.5 36.52 36 36.28 36.16 37.6 38.3 37.62 38.42 39.68 41.04 42.2 44.08 44.5 45.92 48.52 51.3 52.5 52.04 50.32 50.18 49.56 48.06 47.1 46.88 45.78 43.94 42.38 40.12 39.1 37.1 35.88 34.68 33.7 32.74 32.54 31.56 -9999 -9999 -9999 -9999 -9999 -9999 -9999 -9999 -9999 -9999 -9999 -9999 -9999 -9999 -9999 -9999 -9999 -9999 -9999 -9999
36.24 36.06 36.1 36 36.24 36.24 36.2 36.1 35.88 35.78 35.86 35.58 35.66 35.46 35.32 36.16 35.9 35.4 36.26 36.3 36.38 36.32 36.18 36.04 36.7 37.44 37.96 37.62 38.24 39.06 40.96 41.72 43.84 45.2 46.14 48.64 50.56 51.46 50.68 49.46 48.72 46.44 44.02 43.82 43.96 43.38 40.26 37.88 36.56 35.68 34.76 33.92 32.98 32.38 32.42 -9999 -9999 -9999 -9999 -9999 -9999 -9999 -9999 -9999 -9999 -9999 -9999 -9999 -9999 -9999 -9999 -9999 -9999 -9999 -9999 -9999 -9999
37.72 37.68 37.64 37.86 37.38 36.98 37.16 36.94 36.82 36.64 36.44 36.28 36.24 35.92 36 36.48 36.64 35.84 36.18 36.48 36.3 35.86 36.2 36.52 37.1 37.4 37.3 37.36 38.32 38.72 40.54 41.2 42.28 45.2 46.94 48.48 50.74 50.88 50.18 48.04 45.82 44.2 41.46 42.04 42.46 41.96 36.02 34.44 33.5 33.06 31.96 31.74 31.86 31.1 31.16 -9999 -9999 -9999 -9999 -9999 -9999 -9999 -9999 -9999 -9999 -9999 -9999 -9999 -9999 -9999 -9999 -9999 -9999 -9999 -9999 -9999 -9999
38.92 38.94 38.3 38.52 38.6 38.32 37.74 37.74 37.68 37.48 37.34 36.56 36.58 36.48 36.28 36.66 36.96 36.6 36.8 37.04 36.6 36.3 36.88 36.38 37.26 37.9 37.68 37.14 37.52 38.82 40.72 41.16 41.46 43.06 44.46 46.54 48.9 49.42 49.08 46.72 45.58 44.52 42.12 41.86 40.92 38.62 33.8 32.86 31.94 30.96 29.78 29.68 30.22 30.46 -9999 -9999 -9999 -9999 -9999 -9999 -9999 -9999 -9999 -9999 -9999 -9999 -9999 -9999 -9999 -9999 -9999 -9999 -9999 -9999 -9999 -9999 -9999
