data/default-data/raster/climate/pet_10.txt
ncols         720
nrows         360
xllcorner     -180
yllcorner     -90
cellsize      0.5
NODATA_value  -9999
[rows 34 to 67 of 360, columns 77 to 153 of 720]
-9999 -9999 -9999 -9999 -9999 -9999 -9999 -9999 -9999 -9999 -9999 -9999 -9999 -9999 -9999 -9999 -9999 -9999 -9999 -9999 -9999 -9999 -9999 -9999 -9999 -9999 -9999 -9999 -9999 -9999 -9999 -9999 -9999 0.84 1.26 0.94 1.32 1.44 1.82 1.36 1.38 1.38 1.38 0.96 0.52 0.66 0.72 0.7 0.72 0.58 0.78 0.78 0.78 0.74 0.74 -9999 0.74 0.8 0.84 0.62 -9999 -9999 0.68 0.86 0.82 -9999 -9999 0.64 0.8 0.68 0.78 0.54 0.6 -9999 -9999 -9999 -9999
-9999 -9999 -9999 -9999 -9999 -9999 -9999 -9999 -9999 -9999 -9999 -9999 -9999 -9999 -9999 -9999 -9999 -9999 -9999 -9999 -9999 -9999 -9999 -9999 -9999 -9999 -9999 -9999 -9999 -9999 -9999 -9999 1.06 1.04 1.44 1.14 1.58 1.76 1.52 1.9 1.66 1.58 1.08 -9999 -9999 -9999 0.72 0.76 0.68 0.62 0.86 0.76 0.76 0.6 0.8 0.64 0.62 0.88 0.82 0.8 0.72 0.66 0.6 0.72 0.58 0.74 -9999 0.64 0.7 0.56 0.5 0.78 0.78 -9999 -9999 -9999 -9999
-9999 -9999 -9999 -9999 -9999 -9999 -9999 -9999 -9999 -9999 -9999 -9999 -9999 -9999 -9999 -9999 -9999 -9999 -9999 -9999 -9999 -9999 -9999 -9999 -9999 -9999 -9999 -9999 -9999 -9999 -9999 -9999 -9999 -9999 1.36 1.66 2.16 2.38 2.42 1.72 1.7 1.24 -9999 -9999 -9999 0.68 0.72 0.7 0.64 0.68 0.92 0.74 0.7 0.66 0.66 0.62 0.86 0.66 0.78 0.78 0.72 0.8 0.7 0.72 0.8 0.92 0.64 0.64 0.78 0.6 0.92 0.6 0.66 0.66 -9999 -9999 -9999
-9999 -9999 -9999 -9999 -9999 -9999 -9999 -9999 -9999 -9999 -9999 -9999 -9999 -9999 -9999 -9999 -9999 -9999 -9999 -9999 -9999 -9999 -9999 -9999 -9999 -9999 -9999 -9999 -9999 -9999 -9999 -9999 -9999 -9999 -9999 -9999 1.78 1.94 2.02 -9999 -9999 -9999 -9999 -9999 -9999 -9999 -9999 0.92 0.82 0.8 0.66 1 0.86 0.88 0.86 0.72 0.7 0.92 0.76 0.7 0.76 0.66 0.6 0.68 0.82 0.72 0.72 0.72 0.98 0.9 0.84 0.86 0.82 0.84 -9999 -9999 -9999
-9999 -9999 -9999 -9999 -9999 -9999 -9999 -9999 -9999 -9999 -9999 -9999 -9999 -9999 -9999 -9999 -9999 -9999 -9999 -9999 -9999 -9999 -9999 -9999 -9999 -9999 -9999 -9999 -9999 -9999 -9999 -9999 -9999 -9999 -9999 -9999 -9999 -9999 -9999 -9999 -9999 -9999 -9999 -9999 -9999 -9999 -9999 0.94 0.94 0.76 0.78 0.68 0.76 0.84 0.84 0.9 0.74 0.9 0.96 0.88 0.76 0.72 0.88 0.78 0.76 0.88 0.94 0.94 0.92 0.9 0.92 0.82 0.78 0.74 0.76 0.58 -9999
-9999 -9999 -9999 -9999 -9999 -9999 -9999 -9999 -9999 -9999 -9999 -9999 -9999 -9999 -9999 -9999 -9999 -9999 -9999 -9999 -9999 -9999 -9999 -9999 -9999 -9999 -9999 2.24 1.8 -9999 -9999 -9999 -9999 -9999 -9999 -9999 -9999 -9999 -9999 -9999 -9999 -9999 -9999 -9999 -9999 -9999 -9999 -9999 -9999 -9999 0.8 0.98 0.9 0.84 0.74 0.78 0.84 0.84 0.9 0.9 0.88 0.76 0.74 0.94 0.9 1 1.08 0.9 0.9 0.74 0.72 0.98 0.94 1 0.66 0.74 0.76
-9999 -9999 -9999 -9999 -9999 -9999 -9999 -9999 -9999 -9999 -9999 -9999 -9999 -9999 -9999 -9999 -9999 -9999 -9999 2.1 2.24 2.42 2.12 2.9 3.12 3.02 3.38 3.22 2.98 2.08 -9999 -9999 -9999 2.3 -9999 -9999 -9999 2.08 2.34 2.62 2.44 -9999 -9999 -9999 -9999 -9999 -9999 -9999 -9999 0.98 1.1 0.94 0.86 0.92 1 1.08 0.82 0.76 0.86 0.82 0.88 1.02 0.88 0.84 1 0.8 0.82 0.78 1.02 0.98 0.92 0.7 1.06 1.06 1.08 0.84 0.92
5.76 5.26 4.54 3.96 3.24 2.56 -9999 -9999 -9999 -9999 -9999 1.04 0.98 1.16 0.8 1.16 1.7 1.92 1.94 2.1 1.66 1.88 2.04 3.22 3.08 3.54 3.5 3.76 3.7 2.06 2.22 2.32 2.4 2.64 2.28 2.58 2.24 2.62 2.9 3.2 2.94 2.84 2.7 2.38 1.82 1.7 -9999 -9999 -9999 -9999 -9999 1.34 1.18 1.04 1.04 0.94 0.9 0.98 0.68 0.74 0.82 1.04 0.94 0.96 0.78 0.9 0.92 1.1 1.16 -9999 1.14 0.94 1.1 1.02 1.02 0.82 0.92
4.84 4.82 4.3 3.38 3.58 3.12 2.82 2 1.58 1.42 1.5 1.04 0.9 0.74 0.76 0.88 1.24 1.64 1.72 1.86 2.08 2.08 2.2 2.18 2.08 2.16 2.12 2.5 2.16 2.54 2.22 2.48 2.66 2.24 2.36 2.36 2.32 2.88 2.86 2.82 2.78 2.68 2.5 2.38 2.38 2.02 1.78 1.46 1.62 1.26 1.32 1.26 1.24 1.32 -9999 -9999 1.26 0.9 0.9 0.9 0.94 1.06 0.92 0.84 0.76 -9999 -9999 -9999 1 0.9 1.1 0.92 -9999 1.04 -9999 -9999 -9999
4 3.98 3.66 3.02 2.94 2.76 2.78 2.74 2.6 2.42 1.94 1.3 0.68 0.64 0.74 0.72 0.76 1.16 1.88 1.6 1.72 1.76 1.94 2.08 1.9 1.96 2.06 2.5 2.08 2.44 2.2 2.36 2.46 2.66 2.62 2.76 2.66 2.7 2.76 2.72 2.7 2.68 2.56 2.36 2.52 1.96 1.74 1.8 1.42 1.26 1.24 1.3 1.26 1.16 1.2 -9999 -9999 -9999 -9999 -9999 -9999 -9999 -9999 -9999 -9999 -9999 1.08 1.18 1.18 1.08 1.1 0.86 0.96 1.14 -9999 -9999 -9999
4 3.68 3.18 2.78 2.8 2.64 2.7 2.3 2.54 2.74 2.5 1.24 0.66 0.6 0.5 0.48 0.64 0.98 1.6 1.7 1.62 1.88 1.66 1.62 1.7 1.7 1.86 1.8 2.1 2.28 2.52 2.46 2.26 2.38 2.34 2.56 2.6 2.66 2.62 2.64 2.66 2.62 2.42 2.32 2.08 2.12 2 1.64 1.86 1.6 1.32 1.5 1.5 1.22 1.28 1.28 1.34 -9999 0.9 0.84 0.92 0.98 0.94 0.86 1.2 -9999 -9999 1.08 1.06 1.08 1.04 1.14 1 0.88 1.1 1.1 0.84
3.26 3.52 3.28 3.06 2.64 2.84 2.52 1.9 1.74 1.56 2.24 1.2 0.62 0.56 0.48 0.68 0.84 0.9 1.26 1.28 1.7 1.84 1.64 1.62 1.68 1.54 1.68 1.92 1.96 2.28 2.52 2.14 2.52 2.28 2.4 2.4 2.42 2.52 2.38 2.58 2.46 2.6 2.54 2.16 2.22 1.82 1.94 1.68 1.6 1.48 1.42 1.54 1.58 1.22 1.26 1.16 1.3 1.26 1 0.9 0.82 1 1.1 0.88 1.06 1.04 1.1 1.24 1 1.26 1.1 1.04 1.16 1.18 1.14 1.08 1.08
3.4 3.58 3.28 3.08 3.04 2.66 2.34 1.84 1.82 1.62 1.88 1.66 0.86 0.6 0.86 0.88 0.94 1.2 1.38 1.5 1.52 1.56 1.64 1.58 1.46 1.4 1.66 1.68 2.2 2.42 2.36 2.58 2.38 2.58 2.64 2.16 2.46 2.42 2.5 2.5 2.34 -9999 -9999 2.24 2.46 2.26 2.12 2.02 1.86 1.78 1.78 1.64 1.62 1.54 1.28 1.24 1.14 0.96 1.02 0.86 1.04 0.92 1.06 1.04 0.96 1.1 1.04 1.12 1.12 1.08 1.28 1.04 1.04 0.96 1.3 1.2 1.2
3.1 3.62 3.38 3.7 3.16 2.56 2.28 2.12 1.92 1.74 1.7 1.78 1.22 1.18 0.92 1.26 1.04 1.16 1.18 1.32 1.44 1.4 1.38 1.44 1.48 1.4 1.3 1.68 2.26 2.06 2.5 2.4 2.52 2.42 2.2 2.04 2.24 2.2 2.48 2.3 -9999 -9999 -9999 -9999 -9999 -9999 -9999 1.84 2.06 2.14 1.68 1.64 1.54 1.38 1.28 1.2 1.3 1.2 1.04 1.1 0.88 1.14 0.98 0.94 1.12 1.02 1 1.14 1.1 1.3 1.04 1.2 1.14 1.1 1.02 1 0.96
2.94 3.46 3.42 3.42 3.18 2.7 2.66 2.42 2.26 1.9 2 1.74 1.52 1.6 1.56 1.6 1.6 1.66 1.68 1.66 1.5 1.9 1.66 1.44 1.62 1.56 1.54 1.98 2.12 2.48 2.38 2.54 2.24 2.28 2.18 2.36 2.02 2.22 -9999 -9999 -9999 -9999 -9999 2.24 2.14 2.32 2.28 2.32 1.98 1.96 1.96 1.82 1.94 1.86 1.7 1.4 1.34 1.08 1.08 1.18 1 1.08 0.92 1.2 1.16 1.1 1.3 1.26 1.12 1.32 1.16 0.98 1.3 1.16 1.04 0.96 1.24
3.24 3.3 3.28 3.1 2.84 2.88 2.88 2.42 2.62 2.58 2.26 2.16 2.1 1.86 2.04 2.24 2.34 2.22 2.4 2.26 2.22 2.28 2.52 2 1.86 1.76 1.88 2.18 2.36 2.78 2.8 2.64 2.36 2.28 2.32 2.04 2.02 -9999 -9999 -9999 2.32 2.12 2.6 2.42 2.38 2.52 2.62 2.16 2.22 2.28 2.34 2.36 2.38 1.88 1.44 1.36 1.16 1.42 1.26 1.18 0.92 1.14 1.32 1.22 1.1 1.14 1.46 1.26 1.12 1.26 1.1 1.3 1.24 0.98 1.24 1.06 1.02
3.26 2.78 3.24 2.94 2.98 2.76 2.76 2.9 2.82 2.64 2.86 2.66 2.66 2.78 2.94 3.02 2.72 3.02 3 2.96 2.86 3.12 2.82 2.72 2.98 3.02 2.9 3.14 3.02 2.6 2.68 2.62 2.62 2.32 2.36 2.38 2.16 2.14 2.24 2.26 2.26 2.44 2.44 2.68 2.58 2.72 2.54 2.56 2.5 2.52 2.5 2.42 2.26 2.16 2.04 1.7 1.64 1.42 1.34 1.06 1.32 1.08 1.04 1.14 1.24 1.18 1.46 1.36 1.16 1.28 1.12 1.3 0.98 1.32 1.08 1.22 1.2
3.02 2.9 2.78 2.92 2.76 2.74 2.92 2.96 2.88 2.82 2.92 2.8 2.74 2.94 2.72 3.04 3 2.96 3.08 2.86 2.74 3.08 2.98 2.88 2.9 2.94 3 2.96 3.04 2.76 2.52 2.86 2.72 2.52 2.34 2.4 1.96 1.92 2.3 2.38 2.44 2.26 2.46 2.64 2.84 2.5 2.64 2.7 3 3.02 2.9 2.76 2.66 2.44 1.9 1.84 1.6 1.98 1.56 1.5 1.48 1.58 1.52 1.52 1.82 1.76 1.6 1.9 1.44 1.3 1.48 1.32 1.08 1.28 1.42 1.2 1.1
2.84 2.64 2.66 2.66 2.78 2.58 2.66 2.68 2.92 2.68 2.9 2.74 2.74 2.8 2.72 2.86 2.84 2.72 2.68 2.82 2.58 2.72 2.7 3 2.98 3.28 2.88 3.06 3.1 3.02 3.02 2.8 2.6 2.74 2.14 2.12 1.98 1.94 2.28 2.28 2.58 2.64 2.7 2.9 2.68 2.78 3.06 3.26 3.02 3.48 3.36 3.16 3.08 2.46 2.3 2.16 2.12 1.78 1.66 1.74 1.54 1.72 2 1.94 2.26 2.3 2.06 1.76 1.92 1.82 1.5 1.26 1.46 1.16 1.44 1.44 1.28
2.4 2.46 2.68 2.66 2.66 2.7 3.12 3.12 2.9 3.12 3.24 3.22 3.24 3.54 3.3 3.32 3.08 3.02 2.84 2.78 3.04 2.84 2.86 3.2 2.96 3.02 3.06 3.36 3.42 3.18 3.16 2.88 2.84 2.76 2.54 2.32 2.18 2.28 2.06 2.42 2.62 2.48 2.78 2.9 2.92 3.14 3.42 3.24 3.38 3.58 3.56 3.46 3.22 2.9 2.86 2.54 2.34 2.18 2.06 1.84 2.24 2.38 2.26 2.94 2.84 2.6 2.78 2.38 2.04 1.92 2.1 1.86 1.56 1.66 1.58 1.18 1.38
2.26 2.18 2.66 3.02 3.14 2.96 3.2 3.44 3.46 3.3 3.58 3.66 3.64 3.8 3.74 3.48 3.48 3.3 3.12 3.18 3.06 2.92 3.08 3.14 3.2 3.26 3.4 3.44 3.78 3.32 3.5 3.3 3.14 3 2.64 2.4 2.36 2.58 2.48 2.72 2.76 2.66 2.78 3 3.22 3.52 3.16 3.54 3.7 3.74 3.72 3.96 3.84 3.4 3.3 3.24 2.7 2.66 2.5 2.6 2.74 2.92 3.36 3.72 3.86 3.28 3.24 2.62 2.62 2.3 2.28 1.76 1.88 1.74 1.46 1.4 1.22
2.44 2.3 2.72 3.22 3.18 3.42 3.26 3.18 3.42 3.82 4.08 4.22 4.4 4.5 3.96 3.98 3.78 3.74 3.16 3.22 3.08 3.22 3.2 3.22 3.12 3.08 3.62 3.42 3.38 3.62 3.62 3.6 3.56 3.18 2.96 2.86 2.8 2.74 2.76 2.8 2.88 2.82 3.16 3.24 3.2 3.42 3.82 3.94 3.98 4.08 4.08 4.24 3.96 -9999 -9999 3.46 3.14 3.24 2.9 3.08 3.2 2.94 3.4 3.48 3.68 3.22 3.22 3.08 2.72 2.78 2.7 2.26 2.02 2.08 1.7 1.4 1.22
2.6 2.64 2.56 3.02 3.22 3.56 3.34 3.42 3.72 3.56 4.26 4.48 4.76 5.12 4.76 4.3 3.8 3.8 3.64 3.56 3.26 3.32 3.3 3.22 3.46 3.38 3.48 3.58 3.46 3.78 3.5 3.44 3.38 3.52 3.22 3.18 3.06 3.02 2.96 3.08 3.14 3.42 3.46 3.56 3.86 4 3.86 3.94 4 4.42 4.44 4.62 4.64 -9999 -9999 -9999 -9999 3.62 3.42 3.38 3.3 3.3 3.34 3.48 3.62 3.54 3.48 3.3 3.48 2.98 2.86 2.78 2.5 2.36 2.18 1.82 1.96
3.2 3.22 3.52 2.76 3.12 3.2 3.16 3.4 3.32 4.02 4.42 4.64 5.36 5.42 5.16 4.48 4.26 4.04 3.6 3.64 3.32 3.5 3.04 3.44 3.5 3.4 3.46 3.42 3.76 3.64 3.9 3.92 3.84 3.78 3.74 3.44 3.32 3.4 3.3 3.64 3.7 3.56 3.86 4.12 4.06 4.02 4.12 4.3 4.38 4.52 4.92 -9999 -9999 -9999 -9999 -9999 4.12 3.66 3.66 3.56 3.48 3.32 3.34 3.76 3.7 3.86 3.58 3.46 3.68 3.38 3.08 2.9 3.08 2.64 2.28 2.52 1.96
2.24 2.8 2.76 2.4 2.32 2.46 2.58 2.98 3.28 3.5 3.82 4.32 5.38 5.58 5.38 4.82 4.54 4.06 3.94 3.86 3.5 3.24 3.48 3.68 3.88 3.62 4 3.74 4.06 3.82 4.18 4.12 4.06 3.92 3.88 3.98 3.9 3.88 3.92 3.82 3.74 3.94 4.04 4.28 4.28 4.3 4.48 4.54 4.78 5.06 5.06 5.34 5.46 4.74 4.74 4.26 4.32 4.18 3.98 4.14 3.92 3.88 3.84 3.8 4.28 3.68 3.9 3.68 3.4 3.58 3.56 3.78 3.24 2.96 2.86 2.68 2.4
1.7 1.64 1.92 2.04 1.8 1.88 1.96 2.56 2.48 2.7 3.22 3.82 4.26 5 5.38 5 4.56 4.32 3.8 3.54 3.56 3.36 3.42 3.72 3.82 4.08 4.22 4.08 4.18 4.24 4.22 4.42 4.36 4.36 4.18 4.38 4.38 4.34 4.1 4.28 4.22 4.38 4.5 4.78 4.7 4.8 4.9 4.78 5.16 5.46 5.54 5.68 5.5 5.08 5.1 4.64 4.46 4.66 4.7 4.66 4.24 4.04 4.16 4.2 4.12 4.14 3.96 4.02 3.78 3.9 3.86 3.7 3.7 3.5 3.24 3.24 2.7
-9999 3.8 3.82 3.72 2.76 2.42 2.54 2.34 2.72 2.42 2.38 3.08 3.58 3.8 4.14 4.52 4.04 3.94 3.96 3.54 3.2 3.22 3.2 3.42 4.04 4.32 4.36 4.42 4.5 4.54 4.6 4.66 4.64 4.64 4.74 4.76 4.52 4.56 4.5 4.68 4.86 5.02 5.32 5.26 5.48 5.4 5.3 5.4 5.5 5.8 5.92 5.72 5.54 5.3 5.22 5.2 5.12 4.62 4.68 4.74 4.48 4.2 4.48 4.64 4.5 4.5 4.4 4.54 4.32 4.12 4.5 4.08 4.18 4.1 3.8 3.5 3.52
-9999 -9999 -9999 -9999 -9999 3.96 3.82 2.5 2.24 2.2 3.02 3.98 4.4 3.16 3.24 3.96 4.04 3.66 4.06 4.04 3.46 3.42 3.04 3.42 3.56 3.76 4.18 4.42 4.5 4.64 4.74 5.08 5.1 5.04 5.22 5.12 4.86 4.8 4.94 5.2 5.34 5.5 5.92 5.82 6.08 5.98 5.84 5.98 5.86 5.96 5.8 5.3 5.28 5.26 4.94 5.54 5.4 5.22 4.9 5.04 4.82 4.56 4.7 -9999 -9999 5.2 5.06 5.08 5.1 5.2 5.1 5.1 4.88 4.76 4.5 4.08 4.02
-9999 -9999 -9999 -9999 -9999 -9999 -9999 3.32 2.12 2.58 4.5 4.1 5.76 4.96 4 5.14 4.56 4.36 4.16 3.9 3.62 3.58 3.66 3.54 3.46 3.78 4.1 4.32 4.44 4.46 4.52 4.98 5.1 5.1 5.1 5.14 5.16 5.14 5.5 5.86 6.32 6.44 6.52 6.84 6.62 6.68 6.78 6.44 6.16 6.54 6.36 6.32 6.12 6.16 6.54 6.6 6.3 5.8 5.58 5.3 5.06 5.02 5.48 5.4 5.36 5.04 5.02 5.16 5.36 5.28 5.1 5.68 5.26 5.02 4.68 4.46 4.5
-9999 -9999 -9999 -9999 -9999 -9999 -9999 -9999 -9999 -9999 5.02 5.56 6.02 5.72 5.74 4.92 3.92 3.66 3.82 3.9 3.72 4.38 3.92 3.92 3.8 3.86 4.08 3.94 4.34 4.5 4.68 4.72 4.82 4.84 5.24 5.42 5.42 5.84 6.3 6.64 7.18 7.4 7.38 7.42 7.56 7.48 7.4 7.38 6.98 7.04 7.24 7.66 7.68 7.76 7.5 7.16 6.56 6 5.76 5.62 5.74 5.5 5.52 5.66 5.68 5.46 5.38 5.7 5.58 5.54 5.76 5.74 5.52 5.16 5.22 5 -9999
-9999 -9999 -9999 -9999 -9999 -9999 -9999 -9999 -9999 -9999 5.12 4.5 5.1 5.56 5.16 5.58 3.74 3.5 2.94 3.6 3.72 3.86 4.02 3.84 3.84 3.78 4.12 4.12 4.44 4.34 4.5 4.7 4.78 4.84 4.88 5.42 5.84 6.18 6.72 7.42 7.88 8.3 8.04 8 7.98 7.92 7.94 7.94 8.18 8.26 7.72 7.76 8.2 7.92 7.9 7.2 6.56 6.04 5.74 6 6.18 6.1 5.84 5.7 5.72 5.86 5.82 5.94 6.06 6.14 6.2 6 5.56 5.64 5.38 5.4 5.06
-9999 -9999 -9999 -9999 -9999 -9999 -9999 -9999 -9999 -9999 -9999 6.02 4.82 5.9 5.66 -9999 5.14 3.98 2.26 3.2 2.56 2.9 3.94 3.82 3.64 3.72 3.76 4.22 4.3 4.36 4.36 4.34 4.74 4.8 4.92 5.2 5.88 6.76 7.38 8.38 9 9.04 8.86 8.8 8.78 8.28 8.3 8.86 9.12 9 8.74 8.48 9.46 9.02 8.18 7.54 7.38 7.08 6.84 7.12 6.86 6.48 6.36 6.5 6.46 6.5 6.38 6.52 6.42 6.76 6.48 6.24 6.18 6 5.82 5.72 5.54
-9999 -9999 -9999 -9999 -9999 -9999 -9999 -9999 -9999 -9999 -9999 -9999 -9999 5.18 6.86 7.56 6.92 7.08 4.5 4.7 4.66 4.7 4.12 4.04 4.22 4.38 4.28 4.44 4.26 4.3 4.32 4.52 4.58 4.76 5.06 5.46 6.08 7.36 8.42 9.32 9.66 10.32 10.1 9.26 9.1 8.82 9.18 9.54 9.72 9.7 9.58 9.8 10.06 9.38 9 8.54 8.28 7.96 7.86 7.64 7.72 7.6 7.54 7.24 7.26 7.58 7.32 7.32 7.06 7 6.92 6.78 6.5 6.38 6.5 6.32 6.3
-9999 -9999 -9999 -9999 -9999 -9999 -9999 -9999 -9999 -9999 -9999 -9999 -9999 -9999 -9999 7.88 7.8 8.12 7.08 5.4 5.24 5.78 4.9 3.66 5.2 4.54 4.3 4.44 4.52 4.44 4.28 4.52 4.58 4.58 5.24 5.56 6.28 7.4 9.26 10.42 11.06 11.88 10.98 10.5 10.24 10.06 10.1 10.4 10.8 10.4 10.42 10.32 10.54 10.2 9.7 9.3 8.82 8.8 8.6 8.4 7.82 8.42 8.32 8.34 8.24 7.96 7.84 8.04 7.94 7.86 7.32 7.28 7.06 7.08 6.82 6.5 6.92
