data/default-data/raster/climate/pet_7.txt
ncols         720
nrows         360
xllcorner     -180
yllcorner     -90
cellsize      0.5
NODATA_value  -9999
[rows 34 to 67 of 360, columns 616 to 692 of 720]
36.48 36.94 -9999 -9999 -9999 -9999 -9999 -9999 -9999 -9999 -9999 -9999 -9999 -9999 -9999 -9999 -9999 -9999 -9999 -9999 -9999 -9999 -9999 -9999 -9999 -9999 35.84 35.78 -9999 -9999 -9999 -9999 -9999 -9999 -9999 -9999 -9999 -9999 -9999 -9999 -9999 -9999 -9999 -9999 -9999 -9999 -9999 -9999 -9999 -9999 -9999 -9999 -9999 -9999 -9999 -9999 -9999 -9999 -9999 -9999 -9999 -9999 -9999 -9999 -9999 -9999 -9999 -9999 -9999 -9999 -9999 -9999 -9999 -9999 -9999 -9999 -9999
36.4 36.82 -9999 -9999 -9999 -9999 -9999 -9999 -9999 -9999 -9999 -9999 -9999 -9999 -9999 -9999 -9999 -9999 -9999 -9999 -9999 -9999 -9999 36.26 36.28 35.78 35.74 35.54 35.54 35.3 34.98 34.98 34.64 33.82 33.2 32.3 31.72 30.8 30.46 30.12 29.8 29.78 -9999 -9999 -9999 -9999 -9999 -9999 -9999 -9999 -9999 -9999 -9999 -9999 -9999 -9999 -9999 -9999 -9999 -9999 -9999 -9999 -9999 -9999 -9999 -9999 -9999 -9999 -9999 -9999 -9999 -9999 -9999 -9999 -9999 -9999 -9999
35.18 36.42 -9999 -9999 -9999 -9999 -9999 -9999 -9999 37.5 -9999 -9999 -9999 -9999 -9999 -9999 -9999 -9999 -9999 -9999 -9999 -9999 -9999 36.36 36 36.26 35.78 35.48 35.6 35.08 35.06 34.44 34.38 33.8 32.9 32.2 31.42 30.84 29.72 29.34 29.12 29.14 29.62 29.68 -9999 -9999 -9999 -9999 -9999 -9999 -9999 -9999 -9999 -9999 -9999 -9999 -9999 -9999 -9999 -9999 -9999 -9999 -9999 -9999 -9999 -9999 -9999 -9999 -9999 -9999 -9999 -9999 -9999 -9999 -9999 -9999 -9999
35.22 36.04 36.42 -9999 -9999 -9999 -9999 -9999 37.6 37.36 37.52 37.38 37.38 37.16 37.12 37.1 36.68 37.12 37.08 37.1 36.84 36.88 36.6 36.36 36.32 36.02 35.84 35.72 35.34 35.08 34.84 34.44 33.68 33.5 32.36 31.88 30.94 30.12 29.06 28.46 28.38 28.72 29.26 29.46 29.78 30.2 30.14 30.94 -9999 -9999 -9999 -9999 -9999 -9999 -9999 -9999 -9999 -9999 -9999 -9999 -9999 -9999 -9999 -9999 -9999 -9999 -9999 -9999 -9999 -9999 -9999 -9999 -9999 -9999 -9999 -9999 -9999
34.58 35.06 35.66 36.52 36.1 37.04 37.46 37.86 37.3 37.18 37.38 37.06 36.74 36.68 36.76 37.02 37.02 36.8 36.62 36.86 36.64 36.46 36.7 36.42 36.14 36.16 35.82 35.5 35.18 34.88 34.76 34.28 33.7 33.14 32.32 31.68 30.98 30 28.74 27.94 28.08 28.58 28.54 29.06 29.86 30.1 30.7 30.68 31.26 31.3 31.78 31.76 31.74 32 32.14 32.16 32.36 32.6 32.68 32.76 32.7 33.06 33.32 -9999 -9999 -9999 -9999 -9999 -9999 -9999 -9999 -9999 -9999 -9999 -9999 -9999 -9999
34.6 33.84 34.52 34.78 34.36 35.8 36.72 37.18 37.32 37.58 36.84 36.78 35.44 35.68 36.8 36.42 36.24 36.54 36.56 36.36 36.38 36.18 36.16 35.88 35.64 35.62 35.56 35.54 35 34.86 34.62 34 33.52 33.12 32.08 31.72 30.8 29.72 28.94 28.24 28 27.9 28.44 29.22 29.5 30.1 30.64 31.16 30.8 31.1 31.62 31.94 31.98 32.32 32.34 32.12 32.56 32.4 32.66 32.6 32.62 32.6 33.1 33.02 -9999 -9999 -9999 -9999 -9999 -9999 -9999 -9999 -9999 -9999 -9999 -9999 -9999
33.62 33.14 33.16 33.38 34.46 35.52 36.14 37.2 37.32 37.04 36.04 35.38 35.06 36.4 36.52 35.96 35.68 34.8 35.08 34.5 34.4 34.54 34.72 33.62 34.24 34.2 34.46 33.88 33.72 33.94 33.64 33.14 33.34 32.66 32.46 31.54 30.8 30.3 29.3 28.6 28.08 28.32 28.84 29.08 29.68 29.42 30.5 30.76 31.16 30.82 31.4 31.64 32.1 31.96 32.14 32.36 32.42 32.48 32.46 32.26 32.3 32.44 32.48 32.68 -9999 -9999 -9999 -9999 -9999 -9999 -9999 32.14 -9999 -9999 -9999 -9999 -9999
32.22 31.68 32.7 33.28 34.08 34.42 35.9 36.68 36.34 35.86 36.42 36.46 36.76 36.14 35.82 35.12 35.18 34.96 34.66 34.32 34.4 34.2 34.46 33.66 34.26 35.06 34.76 34 33.9 33.62 33.72 33.78 33.02 32.4 32.1 31.58 30.64 30.46 29.88 29.56 29.08 29 29.06 29.8 30.14 30.38 30.94 31.32 31.58 31.92 31.92 32.22 32.36 31.9 32.2 32.44 31.94 32.26 32.2 32.26 32.44 32.26 32.42 32.44 32.64 32.82 32.62 32.92 31.96 31.26 31.1 30.6 30.1 29.74 29.06 28.54 28.46
32.44 31.18 32.04 33.1 33.76 34.94 35.48 34.92 35.18 36.02 36.32 36.28 36.72 36.14 35.6 35.38 35.5 35.46 34.26 33.72 33.2 34.32 33.84 32.8 33.74 34.3 34.4 34.02 34.46 34.46 34.6 34.02 33.66 33.3 32.6 31.9 31.48 30.82 30.56 29.94 30.08 30.02 29.9 30.28 30.42 31.08 31.24 31.4 31.94 32.02 32.06 32.38 32.1 32.22 32.5 32.22 32.48 32.14 31.96 32.14 31.94 32.24 32.06 32.04 32.1 31.98 31.88 31.94 31.02 30.64 30.74 30.72 29.6 28.6 27.84 27.82 27
31.36 31.08 32.18 32.22 33.06 35.02 34.82 35.48 36.44 36 35.76 35.48 35.42 36.12 35.62 34.52 33.96 33.98 33.92 34.1 33 31.64 34.3 32.82 32.74 33.28 33.6 33.14 34.94 35.18 34.56 34.3 33.88 33.38 32.72 32.28 31.68 31.28 30.72 30.16 29.94 30.3 30.52 30.72 31.18 31.22 31.28 32.08 31.9 32.32 32.36 32.04 32.46 32.76 32.28 32.54 32.16 32.02 32.26 31.98 31.72 31.7 31.42 31.38 31.58 31.12 31.34 31.52 31.6 31.1 30.48 30.44 29.38 28.96 28.04 26.82 26.44
31.28 31.34 32.54 33.48 34.52 34.92 35.48 34.9 35.62 36.3 36.02 36.42 36.38 36.16 35.26 35.8 35.84 35.26 34.36 32.66 31.96 31.72 32.54 35 33.72 34.4 35.08 33.52 34.16 34.24 34.4 34.5 34.3 33.4 33.26 32.58 32.04 31.68 31.3 29.18 29.78 29.94 30.38 30.74 31.42 31.68 32.02 32.06 32.38 32.44 32.56 32.58 32.68 32.4 32.48 32.4 32.12 31.9 31.56 31.3 31.04 31.22 30.08 29.92 30.08 30.6 31.12 31.44 31.38 30.68 29.62 29.44 28.94 28.56 27.94 27.68 27.02
31.58 31.62 32.36 33.96 34.84 34.94 35.26 35.88 36.54 36.02 36.08 35.26 35.04 34.92 35.9 36.2 35.58 35.1 34.98 34.52 32.76 32.02 31.68 31.72 32.92 34.62 34.38 33.1 33 33.62 32.02 31.82 32.26 32.7 32.88 32.68 32.62 31.88 31.36 30.36 30.12 30.38 30.96 31.42 31.9 32.4 32.68 32.62 32.98 32.8 32.92 32.78 32.42 32.66 32.42 31.76 31.58 31.28 31 30.52 30 30.58 30.38 29.84 29.46 29.48 29.94 29.94 30.6 29.64 29.16 28.88 28.7 28.32 27.68 26.5 25.56
31.96 32.24 33.22 34.16 34.32 34.36 35.02 36.32 35.94 36.06 35.52 35.12 35.46 34.38 33.24 33.72 33.46 34.14 33.66 33.52 32.26 31.7 31.48 31.04 30.82 32.34 33.26 33.48 33.5 33.74 32.7 30.84 29.72 29.18 29.86 31 31.12 31.96 32.14 31.96 31.9 31.78 31.92 32.1 32.46 32.66 33.02 33.22 33.3 32.8 32.84 32.6 32.18 31.88 32.24 31.64 31.14 30.42 30.26 30.22 29.96 29.48 29.4 29.32 29.22 29.76 29.24 29.42 29.58 29.62 29.54 29.12 28.6 28.16 27.64 26.98 25.66
31.92 32.26 31.96 32.5 33.4 34.1 35.66 35.34 35.28 35.82 35.32 34.4 34.38 33.26 33.1 33.78 32.9 33.64 32.5 31.36 31.24 30.98 30.44 30.44 30.54 30.7 30.7 31.2 31.88 32.88 33.84 32.52 31.24 30.44 29.06 28.86 28.86 28.78 29.56 30.32 31.04 31.8 32.14 32.62 32.96 33.12 33.44 33.52 32.92 32.4 33.08 31.08 30.94 30.84 30.98 30.8 30.34 30.1 30.18 29.8 29.08 29.06 29.36 28.74 28.8 28.58 28.24 28.44 28.56 28.5 27.92 27.64 26.8 26.36 26.18 25.9 25
32.32 32.52 31.42 31.68 33.08 33.76 34.28 34.94 34.46 34.94 33.96 33.56 34.18 33.32 33.04 32.42 32.7 32.94 32.38 32.44 31 30.52 30.22 30.3 30.16 30.26 30.42 30.7 30.9 31.56 31.58 31.34 31.24 30.98 30.7 30.14 29.46 28.34 27.66 27.92 28.58 29.24 31.02 32 33.06 33.76 33.78 33.26 32.06 32.32 32.18 32.08 30.84 31.16 30.32 31.62 30.86 30.26 29.24 29.26 29.34 29.6 29.08 28.3 27.58 27.48 27.7 27.48 27.5 26.48 26.28 26.12 25.84 25.28 25.34 24.66 25.02
32.84 32.34 31.72 32.3 32.36 33.56 33.82 33.4 33.44 34.52 33.32 33.1 33 33.14 33.36 33.38 32.52 31.62 31.76 31.38 30.96 30.84 30.96 31 30.32 29.84 30.34 30.16 30.14 31.28 31.98 29.76 29.68 29.88 28.68 27.76 27.72 30.22 28.24 26.9 27.2 27.66 28.54 31.94 33.08 33.96 33.88 33.24 33.02 32.7 32.16 31.74 31.42 31.4 32.3 31.44 30.66 30.3 29.26 28.92 28.22 28.3 28.3 27.94 28.84 28.58 27.56 27.24 26.8 26.04 25.96 25.98 25.74 25.48 24.66 24.32 24.54
32.22 31.64 33.04 32.52 32.3 33 32.14 31.68 32.34 32 32.12 32.06 31.78 32.2 31.76 32.94 32.1 31.26 30.98 30.74 30.9 30.8 30.92 30.9 30.7 30.68 30.56 30.52 30.78 30.56 30.78 30.46 30.12 29.92 28.88 27.86 27.12 27.44 27.68 28.24 27.78 27.94 28.58 29.48 31.56 33.48 33.96 33.94 33.64 33.42 32.68 32.5 32.8 31.94 31.54 31.2 30.66 30.08 29.64 28.72 27.8 27.48 27.26 27.44 28.56 28.48 27.46 27 26.24 25.72 25.22 25.5 25.64 24.96 24.8 25.16 24.72
34.92 34.18 33.82 33.84 34.68 33.9 33.1 33.5 32.76 31.24 31.46 31.44 31.56 31.4 32.42 32.1 32.14 31.68 31.3 30.22 30.36 29.96 29.7 29.8 30.06 30.74 30.84 31.2 31.66 31.7 30.58 29.68 29.5 29.76 29.12 28 27.34 27.32 26.56 26.68 27.44 28.46 29.44 29.4 29.9 30.78 32.84 33.28 33.26 32.6 32.7 32.3 33 32.06 31.14 30.04 29.82 28.52 28.96 27.46 26.68 27.04 27.06 26.3 26.28 27.06 26.7 26.3 25.86 25.7 25.4 25.76 25.68 25.78 25.94 25.78 25.32
38.62 37.7 38.16 38.28 38.32 37.78 37.2 36.62 36.16 36.08 35.08 34.56 33.54 33.14 33.4 33.26 32.96 31.98 31.72 30.62 29.26 28.88 28.82 28.44 29.28 29.32 30.04 30.42 31.24 30.4 30.66 29.64 28.24 28.06 28.66 28.4 27.34 26.98 26.18 26.18 26.58 26.96 27.5 28.56 29.26 30.68 30.82 32.22 33.4 32.46 33.5 32.34 32.3 30.4 29.64 30.06 28.96 27.6 27.7 27.66 26.44 26.44 26.1 26.46 26.28 26.06 26.26 25.98 25.74 25.42 25.1 24.8 24.88 24.74 24.56 24.54 24.46
38.24 38.56 38.6 39.3 39.16 38.34 38.4 38.4 37.44 37.62 37.48 37.28 36.56 36.58 36.2 35.24 34.74 34 31.64 30.8 29.92 29.28 28.04 27.82 27.84 28.94 29 29.98 30.14 30.78 31.92 30.34 29.12 27.28 27.34 27.26 26.36 26.78 26.26 26.62 25.86 26.64 27.24 28.12 28.88 29.26 29.12 30.88 32.6 32.98 31.42 31.64 31.06 29.66 28.68 29.3 28.2 27.72 26.72 26.88 26.58 26.16 26.24 26 26.06 25.86 26.44 25.98 25.3 25.08 24.96 24.9 24.72 24.98 24.62 25.26 25.26
37.74 37.82 38.08 38.76 38.82 38.84 37.96 37.74 37.22 37.14 37.06 36.88 36.74 36.54 36.32 35.66 34.94 34.18 32.52 29.9 28.68 28.7 27.56 27.04 27.02 26.8 27.12 27.88 28.54 28.82 29.12 28.32 28.16 27.34 26.04 26.1 26.3 26.36 25.84 25.98 26.16 25.98 26.06 27.16 28.5 29.88 29.92 31.2 33.7 32.56 32.02 30.98 29.96 29.16 28.38 27.82 27.98 27 26.4 26.12 26.4 26.4 26.26 26.64 26.78 27.14 27.78 28.02 27.5 27.22 26.96 26.62 26.62 25.76 25.2 24.9 25.46
37.88 38.14 38.36 38.9 38.74 38.84 37.72 37.44 37.16 37.12 36.9 36.92 36.66 36.36 35.84 35.12 34.66 33.12 30.86 29.82 29.08 28.06 26.92 27.04 26.34 26.2 25.96 26.16 26.58 26.46 26.4 26.42 26.24 25.54 25.12 25.32 24.82 24.88 25.38 25.42 25.44 25.06 24.74 26.18 27.34 28.14 27.82 28.78 29.76 29 29.9 30.18 28.64 28.08 27.38 27.26 26.68 26.7 26.2 25.94 26.4 27.64 26.8 27.62 28.98 28.66 28.04 27.38 26.3 26.48 27.4 -9999 26.32 25.76 25.84 24.88 24.82
37.12 37.48 37.96 39 38.38 38.06 37.52 37.46 37.36 37.24 37.18 36.8 36.68 35.94 35.72 34.54 33.12 31.56 29.36 27.72 27.1 27.38 26.58 26.16 25.74 25.6 25.06 25.26 25.14 24.66 24.64 24.52 24.2 23.94 24.16 24.02 23.64 24.12 24.32 23.9 24.24 24.42 24.56 24.6 24.42 25.48 25.74 27 27.02 27.74 27.5 28.22 27.74 26.72 26.62 26.4 26.16 27.36 28.4 28.86 29.42 -9999 -9999 29.68 28.86 27.2 25.78 26.14 26.22 27.4 -9999 -9999 25.16 24.76 24.7 24.72 24.7
37.64 37.7 37.88 37.68 37.68 37.4 36.96 36.78 36.66 36.78 36.66 36.44 36.6 36.06 35.28 33.98 32.52 29.94 28.4 27.5 27.18 26.46 26 25.08 24.8 25.2 23.96 24.18 24.62 24.14 23.96 23.72 23.22 22.8 23.18 23.3 22.9 22.92 22.72 22.94 22.74 23.32 23.36 23.76 23.54 24.26 24.28 24.92 25.4 25.96 25.96 25.96 25.9 25.96 25.48 26.16 27.06 -9999 -9999 -9999 -9999 -9999 -9999 -9999 28.18 27.5 27.18 27.98 -9999 -9999 -9999 26.04 25.92 24.78 23.2 23.14 22.94
35.48 35.74 35.74 36.26 36.54 36.48 36.78 36.76 36.5 36.26 36.26 36.66 36.54 36.4 35.86 34.12 31.86 30.18 28.26 28.06 26.2 25.56 24.94 24.76 24.74 24.58 24.2 22.98 23.46 23.44 23.24 22.82 22.06 22.76 22.74 23.38 22.78 22.38 22.64 22.38 22.68 22.58 22.36 22.08 22.24 22.78 22.84 23.32 23.5 23.78 24.4 24.18 24.68 25.5 25.62 27.58 -9999 -9999 -9999 -9999 -9999 -9999 -9999 -9999 -9999 28.14 -9999 -9999 -9999 -9999 26.66 26.08 25.34 24 22.76 22.92 23.16
34.86 34.88 35.12 35.84 36.04 36.18 35.86 35.88 36.22 36.3 36.18 36.66 36.8 35.72 34.4 33.42 31.3 29.96 28.36 27.86 25.98 26.02 25.32 25.16 24.92 23.98 23.3 23.16 22.5 22.46 21.84 21.4 21.16 22.14 22.6 22.24 22.78 23 23.28 23.54 22.58 22.8 22.12 21.44 21.68 22 21.9 22.86 22.8 23.34 24.04 24.22 25.88 26.66 -9999 -9999 -9999 -9999 -9999 -9999 -9999 -9999 -9999 -9999 -9999 -9999 -9999 -9999 26.76 26.64 25.76 25.72 24.86 24.2 23.76 23.44 23.2
34.54 34.74 34.72 35 34.92 35.38 35.82 35.86 36.02 35.94 35.72 35.66 34.82 34.26 33.26 32.82 30.54 28.04 26.4 27.02 26.16 25.6 24.14 24.04 23.7 23.38 23.08 22.44 22.3 22.3 21.64 20.86 21.4 21.58 21.64 22.46 22.74 22.5 22.88 23.04 22.78 22.8 23.38 22.52 22.58 21.9 22.8 23.04 22.92 23.34 24.22 25.22 26.24 -9999 -9999 -9999 -9999 -9999 -9999 -9999 -9999 -9999 -9999 -9999 -9999 -9999 27.94 25.82 25.9 25.06 26.28 -9999 -9999 -9999 -9999 -9999 -9999
33.74 33.94 34.02 34.78 34.88 35.02 35.76 35.58 35.44 35.14 33.7 33.12 32.9 32.7 32.78 31.12 29.62 27.96 26.78 25.68 25.28 24.92 23.9 23.26 23.26 22.84 22.34 22.2 -9999 21.66 -9999 -9999 -9999 -9999 -9999 -9999 22.54 -9999 22.88 -9999 -9999 -9999 -9999 -9999 -9999 -9999 -9999 22.24 22.86 22.52 22.38 24.34 24.26 24.72 -9999 -9999 -9999 -9999 -9999 -9999 -9999 -9999 -9999 -9999 28.32 27.22 25.88 24.16 25.04 26.14 -9999 -9999 -9999 -9999 -9999 -9999 -9999
33.2 33.78 33.96 34.18 34.5 34.82 34.76 34.26 33.82 33.8 32.54 32.62 33.22 31.64 30.98 29.8 28.82 26.72 26.2 25.56 24.7 23.96 23 23.24 22.26 23.1 22.1 22.84 -9999 -9999 -9999 -9999 -9999 -9999 -9999 -9999 -9999 -9999 -9999 -9999 -9999 -9999 -9999 -9999 -9999 -9999 -9999 -9999 -9999 -9999 -9999 -9999 -9999 -9999 -9999 -9999 -9999 -9999 -9999 -9999 -9999 -9999 -9999 28.5 27.26 25.72 24.64 25.78 27.28 -9999 -9999 26.64 25.72 -9999 -9999 -9999 -9999
31.4 31.06 30.24 31.32 30.28 29.82 32.66 31.46 32.8 33.16 32.18 31.9 30.96 30.9 30.14 28.56 27.2 26.68 25.46 24.48 23.44 22.34 21.68 22.34 22.16 23.14 -9999 -9999 -9999 -9999 -9999 -9999 -9999 -9999 -9999 -9999 -9999 -9999 -9999 -9999 -9999 -9999 -9999 -9999 -9999 -9999 -9999 -9999 -9999 -9999 -9999 -9999 -9999 -9999 -9999 -9999 -9999 -9999 -9999 -9999 -9999 27.94 28.12 27.62 26.96 24.24 25.96 27.2 -9999 -9999 -9999 -9999 -9999 -9999 -9999 -9999 -9999
29.26 28.84 28.74 30.66 29.68 31.34 31.28 30.22 30.4 31.22 30.58 30.06 30.1 29.34 29.86 28.62 28.16 26.3 25.16 23.5 22.66 21.36 21.34 22.06 23.4 -9999 -9999 -9999 -9999 -9999 -9999 -9999 -9999 -9999 -9999 -9999 -9999 -9999 -9999 -9999 -9999 -9999 -9999 -9999 -9999 -9999 -9999 -9999 -9999 -9999 -9999 -9999 -9999 -9999 -9999 -9999 -9999 -9999 24.58 25 26.02 26.66 27.22 26.52 24.9 23.72 26.86 27.64 27.86 26.8 -9999 -9999 -9999 -9999 -9999 -9999 -9999
29.2 28.82 29.32 29.9 30.08 30.52 31.18 30.26 30.2 30.68 30.62 30.58 29.42 29.22 28.64 27.62 26.22 24.16 23.46 21.78 22.12 21.7 23.72 -9999 -9999 -9999 -9999 -9999 -9999 -9999 -9999 -9999 -9999 -9999 -9999 -9999 -9999 -9999 -9999 -9999 -9999 -9999 -9999 -9999 -9999 -9999 -9999 -9999 -9999 -9999 -9999 -9999 -9999 -9999 -9999 -9999 -9999 -9999 23.18 23.5 24.36 25.28 26.14 25.1 23.84 25.36 26.7 27.4 27.18 27.4 -9999 -9999 -9999 -9999 -9999 -9999 -9999
28.34 28.32 27.62 28.62 29.18 29.76 29.42 28.8 28.96 27.88 29.38 29.44 29.12 28.46 28.26 26.86 25.5 23.52 22.36 22.62 22.88 -9999 -9999 -9999 -9999 -9999 -9999 -9999 -9999 -9999 -9999 -9999 -9999 -9999 -9999 -9999 -9999 -9999 -9999 -9999 -9999 -9999 -9999 -9999 -9999 -9999 -9999 -9999 -9999 -9999 -9999 -9999 -9999 -9999 -9999 -9999 21.44 21.68 22.34 22.7 22.4 23.26 23.06 22.66 24.44 26.64 24.7 25.78 26.24 27.82 -9999 -9999 -9999 -9999 -9999 -9999 -9999
28.76 28.06 27.12 28.82 27.62 28.9 29.42 28.58 27.42 27.78 28.1 28.12 27.24 26.62 27.6 26.34 24.36 23.32 23.44 24.24 -9999 -9999 -9999 -9999 -9999 -9999 -9999 -9999 -9999 -9999 -9999 -9999 -9999 -9999 -9999 -9999 -9999 -9999 -9999 -9999 -9999 -9999 -9999 -9999 -9999 -9999 -9999 -9999 -9999 -9999 -9999 -9999 -9999 -9999 -9999 19.6 19.7 20.58 20.66 20.46 20.5 20.96 21.9 24 23.32 23.1 26.22 26.36 28.1 26.9 27.16 -9999 -9999 -9999 -9999 -9999 -9999
