data/default-data/raster/climate/pet_8.txt
ncols         720
nrows         360
xllcorner     -180
yllcorner     -90
cellsize      0.5
NODATA_value  -9999
[rows 136 to 169 of 360, columns 385 to 461 of 720]
76.12 77.76 78.82 79.38 79.88 80.56 78.78 78.76 78.1 77.12 76.86 76.54 74.38 75.66 77.12 78.46 78.42 78.38 78.32 78.14 77.9 77.78 77.74 77.18 76.18 75.76 76.52 77.22 78.52 79.02 81 81.96 81.4 81.54 80.44 80.88 78.38 77.04 78.5 79.88 79.66 78.28 77.18 74.82 71.88 67.04 66.66 66.14 68.7 -9999 -9999 -9999 -9999 81.68 86.18 88.86 91.62 92.7 92.9 91.52 93.16 94.1 92.88 93.1 91.24 90.8 88.42 88.44 87.86 86.76 85.94 84.88 83.02 80.38 78.86 76.66 74.2
76.66 77.96 78.76 79.96 79.96 80.38 79.42 77.26 76.2 75.78 74.74 74.18 73.24 76.56 77.64 78.48 78.1 78.1 78.02 77.38 77.12 76.04 75.56 75.18 75.22 74.94 75.46 77.56 78.22 78.88 79.5 80.26 80.88 80.32 80.78 79.96 78.9 78.1 78.02 78.5 78 77.04 75.36 72.48 69.96 68 66.78 65.78 67.98 -9999 -9999 -9999 -9999 80.92 84.72 84.22 88 89.26 89.98 89.4 90.5 91.62 91.66 90.56 90.3 89.56 87.56 87.2 86.5 85.56 83.78 82.5 81.42 78.66 76.52 74.46 71.84
77.78 77.9 79.54 79.96 80.22 80.5 79.24 77.58 75.8 72.82 73.6 72.66 74.46 76.8 77.8 76.92 77.12 76.7 76.3 75.34 74.8 74.68 74.44 74.3 74.24 74.68 75.48 76.28 76.54 77.2 77.94 78.62 78.94 79.76 79.06 80.26 79.44 78.34 77.5 77.9 77.28 75.58 74.3 72.12 68.46 67.38 66.56 66.42 65.48 -9999 -9999 -9999 -9999 -9999 84.56 83.64 82.24 84.7 85.94 87.18 87.1 89.72 89.08 89.44 89.42 87.98 87.08 86.22 85.26 84.2 82.54 80.8 78.88 76.16 74.1 71.6 69.32
77.98 79.28 79.6 79.5 79.8 80.26 79.48 78.42 77.44 74.72 75.2 71.92 74.26 76.96 76.04 76.34 76.28 76.08 75.7 75.3 73.26 72.6 72.18 72.1 71.9 72.58 73.2 74.16 74.76 76.48 77.12 77.96 78.8 79.6 78.82 80.48 79.62 78.44 78.4 77.24 75.06 73.34 72.42 68.36 67.02 66.28 66.52 65.58 64.46 72.46 -9999 -9999 -9999 -9999 -9999 86.52 86.08 80.5 81 83.14 84.12 86.54 87.52 87.68 86.6 85.88 85.86 84.52 83.46 82.52 80.8 78.94 76.2 73.9 71.88 68.84 66.24
79.12 79.22 79.2 80.34 80.18 80.04 79 78.44 78.28 77.08 75.64 74.14 72.92 76.54 76.78 77.22 76.26 74.68 73.9 72.94 71.62 71.36 71.12 70.3 70.74 71.34 73.12 73.5 73.92 74.48 75.9 77.02 79.3 80 80.4 80.24 80.7 79.3 77.6 75.7 73.66 71.08 69.62 67.26 66.02 65.78 64.7 64.86 65.06 71.92 -9999 -9999 -9999 -9999 -9999 -9999 88.52 87.34 77.72 76.48 79.98 81.58 83.46 82.94 82.68 82.96 82.82 82.84 81.62 80.58 77.58 75.5 73.38 71.84 69.48 66.24 63.7
80.02 79.84 79.96 79.46 79.28 79.14 78.56 78 76.76 76.48 76.44 76.16 76.54 76.68 76.04 75.16 74.62 73.5 72.88 70.62 69.56 68.98 68.82 68.92 69.52 70.44 71.08 71.28 71.48 72.2 74.84 76.12 77.08 78.1 80.2 81.2 80.36 78.7 76.82 75.1 72.32 70.12 67.54 67.04 65.54 64 64.14 62.98 64.1 70.5 -9999 -9999 -9999 -9999 -9999 -9999 -9999 86.56 81.94 72.16 76.46 77.9 78.82 78.66 79.6 80.26 80 79.36 78.86 77.42 75.64 73.86 71.84 69.32 67.14 64.3 61.08
80.18 79.26 79.72 78.54 78.2 77.9 77.34 76.3 76.08 76.32 76.44 76.52 77.24 76.7 74.68 74.56 73.34 71.44 70.44 69.84 67.56 66.4 65.7 66.36 67.14 68.28 69 69.14 69.4 71.42 72.02 73.04 74.96 75.72 77.02 79.5 78.98 77.54 77.44 74.16 69.98 67.86 65.84 64.36 64.6 62.4 62.48 62.5 62.68 68.58 -9999 -9999 -9999 -9999 -9999 -9999 -9999 85.74 82.06 71.04 69.8 73.48 74.08 74.94 77.3 77.94 77.8 77.34 76.1 74.5 73.52 71.92 69.36 67.42 64 61.5 58.22
79.16 78.26 77.98 77.58 77.44 76.66 75.78 74.86 75 74.08 74.3 75.54 76.46 75.72 74.58 72.16 71 68.8 67.76 67.04 66.5 63.76 63.4 63.64 64.46 65.48 66.22 67.4 68.16 68.66 69.42 71.2 71.98 72.86 75.1 76.32 76.62 75.42 74.34 72.22 68.26 65.3 63.72 62.54 64.02 61.06 61.24 61.56 62.46 65.88 71.94 77.02 -9999 -9999 -9999 -9999 -9999 -9999 80.08 67.62 64.62 67.44 69.74 71.94 74.22 75.9 75.96 75.38 74.18 72.92 72.02 70.9 68.24 65.8 63.1 59.16 55.96
77.54 77.32 77.14 76.28 75.96 75.18 74.04 73.36 72.78 72.5 72.5 73.22 74.2 73.6 72.54 70.02 67.98 65.92 63.98 63.54 62.4 60.02 59.36 61.16 61.76 62.46 62.96 64.58 65.06 65.56 66.22 67.9 68.64 70.6 71.66 72.44 72.58 70.98 70 68.1 64.9 62.2 61.32 60.66 60.34 59.06 57.96 57.62 59.68 63.16 61.34 62.68 74.34 -9999 -9999 -9999 -9999 -9999 -9999 79.46 69.1 65.52 66.46 70.7 72.26 73.96 73.88 73.68 72.66 71.84 70.1 69.12 66.42 63.58 60.74 57.56 53.38
75.54 75.24 75.1 74.66 73.46 73.16 72.06 71.02 70.12 70.1 70.04 70.26 70.6 70.24 68.68 66.76 65.26 63.1 59.64 57.74 57.34 56.2 56.92 58.72 58.82 59.5 60 61.58 62.16 62.4 63.66 65 66.58 66.8 68.02 68.34 67.86 68.04 66.94 64.34 62.42 59.72 58.56 57.96 57.88 56.44 56.38 55.88 56.86 58.76 56.48 56.84 67.68 -9999 -9999 -9999 -9999 -9999 -9999 -9999 73.9 60.4 60.14 64.34 67.88 71.78 71.76 71.78 71.18 70.16 68.68 66.74 65 62.48 59.42 55.3 50.94
73.18 72.62 72.12 71.32 71.32 70.92 68.7 68.64 67.88 66.42 66.44 66.66 66.54 65.88 64.48 62.96 60.98 59.48 57.58 55.32 54.08 53.4 54.18 55.32 55.96 56.64 56.94 57.98 58.48 58.86 60.38 61.46 62.74 63.18 64.66 64.88 64.42 63.34 63.68 62.58 59.68 56.6 55.3 56.08 55.26 55.38 54.1 53.46 52.86 53.6 53.92 50.18 59.16 -9999 -9999 -9999 -9999 -9999 -9999 -9999 76.36 58.68 57.7 60.72 64.64 68.8 69.6 69.2 68.5 67.38 65.92 63.14 61.62 58.74 55.62 51.46 48.34
70.7 70.58 69.72 68.5 68.12 66.66 65.6 65.08 64.48 63.14 63.1 63.08 61.9 61.3 60.1 58.9 57.48 55.14 54.36 52.44 51.06 50.72 51.06 52.04 53.14 53.3 53.44 53.84 55 55.18 57 57.6 59.38 60.58 60.52 60.2 60 60.08 60.72 60.14 58.2 55.6 53.82 53.88 54.3 53.52 51.74 50.36 48.86 49.22 47.34 46.44 54.08 68.6 -9999 -9999 -9999 -9999 -9999 -9999 77.66 62.3 55.72 57.12 63.2 64.82 66.88 66.36 65.68 65.52 63.4 61.94 60.4 59.32 57.1 50.74 48.2
68.76 68.12 67 65.7 63.8 63.44 61.72 60.78 60.12 59.56 59.3 58.38 58.34 57.34 56.6 54.66 53.36 52 49.38 48.4 47.7 47.74 47.66 48.46 48.78 49.06 49.24 49.88 51.22 51.6 52.78 53.8 55.02 55.82 56.16 56.84 56.46 58.8 58.44 58.72 56.96 53.96 52.3 51.88 53.16 54 51.62 48 44.9 44.6 44.4 44.98 43.98 64.22 -9999 -9999 -9999 -9999 -9999 -9999 75.56 66.1 54.62 54.76 57.22 62.96 64.48 65.6 65.72 65.2 64.78 61.64 59.86 58.08 54.3 52.42 48.96
65.5 64.94 64.04 62.24 60.72 59.2 57.72 56.66 56.2 55.28 55.42 54.76 54.4 53.7 52.32 50.62 49.74 48 45.2 44 44.76 44.28 44.62 45.22 45.02 45.42 46.86 46.9 47.32 48.06 49.2 51.22 51.44 51.5 52.54 52.66 53.5 54.66 54.68 54.6 53.44 50.5 49.92 49.6 50.5 52.58 51.18 47.36 42.08 39.92 40.3 41.88 37.68 48.08 64.06 68.5 -9999 -9999 -9999 -9999 74.26 68.14 54.64 51.04 54.04 57.86 61.08 63.74 65.96 64.78 62.78 60.14 56.04 53.54 52.44 52.74 53.48
61.94 61.34 59.7 58.04 56.34 55.56 54.04 52.84 52.44 52.26 51.26 50.96 50 49.22 49.22 47.24 46.28 43.9 41.6 40.2 40.18 41.34 41.32 40.96 41.54 42.28 42.34 43.84 44.86 45.44 46.16 46.82 47.7 47.32 47.94 50.26 51 50.78 50.08 50.66 49.14 46.78 46.18 45.26 45.82 46.02 45.46 43.74 40.78 38.86 38.56 37.06 36.86 37.66 47.98 64.3 67.56 -9999 -9999 -9999 -9999 70.56 56.5 50.76 52.06 56.52 58.06 61.7 66.16 64.22 64.12 60.22 58.44 65.04 66.68 -9999 -9999
58.52 57.86 55.9 54.22 52.78 51.08 50.32 49.18 48.56 48.16 47.76 48 47.36 46.2 46.12 44.28 42.72 40.28 38.26 36.94 37 38.42 38.74 37.8 39.16 39.8 40.06 41.98 42.84 42.96 43.44 43.42 43.88 43.76 44.42 46.92 46.88 47.4 46.84 46.72 44.82 42.74 42.4 41.66 41.58 40.8 40.66 40.5 38.92 37.66 37.88 34.72 34.58 33.92 41.04 60.68 61.62 63.3 -9999 -9999 -9999 71.22 57.38 49.24 49.98 52.26 53.92 59.68 64.06 64.74 71.2 69.6 69.84 -9999 -9999 -9999 -9999
54.22 53.14 -9999 50.18 48.56 47.54 46.42 45.48 44.84 44.36 44.36 44.66 44.1 43.86 42.94 41.3 39.86 38.38 36.54 34.58 34.48 35.1 35.42 34.82 36.5 38.06 39.14 40.14 40.6 40.42 41.04 40.54 40.8 41.28 41.82 43 43.76 43.96 43.64 43.86 43.3 41.8 40.94 39.68 38.48 37.6 37.44 37.42 36.7 31.8 35.16 33.88 35.36 35.36 36.48 57.52 63.22 61.72 64.38 -9999 -9999 71.66 56.98 50.74 54.6 55.76 60.2 67.86 75.08 75.98 -9999 -9999 -9999 -9999 -9999 -9999 -9999
50.3 49.28 -9999 -9999 -9999 43.92 42.48 42.06 41.18 41.18 41.54 41.8 41.5 40.8 40.16 38.82 37.62 36.6 34.72 32.78 32.74 33.66 33.88 31.88 34.72 36.96 37.58 38.68 38.32 38.64 38.78 38.58 38.4 38.32 39.04 39.64 40.64 41.1 41.62 41.96 41.56 40.42 39.72 38.1 36.22 35.26 35.26 33.44 32.78 29.88 28.84 27.66 33.82 33.68 36.82 52.64 59.96 61.54 56.62 66.24 -9999 71.76 63.48 54.54 67.18 71.54 75.62 -9999 -9999 -9999 -9999 -9999 -9999 -9999 -9999 -9999 -9999
46.6 45.02 43.64 -9999 41.12 39.94 39.58 39.04 37.72 37.78 38.18 38.5 37.62 37.78 38.22 37.24 36.54 35.48 33.72 32.24 32.24 33.04 33.26 32.56 34.98 36 37.44 37.36 37.6 37.78 37.52 37.02 36.6 36.68 36.92 37.28 37.8 38.72 38.94 39.38 39.74 38.4 36.88 34.6 34.4 33.84 33.72 30.94 27.72 25.12 25.16 27.82 30.96 31.78 39.06 52.52 54.84 57.08 58.3 60.8 66.8 -9999 72.62 73.78 76.74 -9999 -9999 -9999 -9999 -9999 -9999 -9999 -9999 -9999 -9999 -9999 -9999
42.9 41.34 40.2 38.96 37.9 36.86 36.64 36.6 35.66 35.3 35.56 35.34 35.06 34.8 36.28 35.58 35.1 34.4 33.54 32.84 32.62 32.48 33.26 33.94 35.14 35.86 36.12 36.26 36.46 36.78 36.52 35.78 35.44 34.38 34.54 35.64 36.34 36.38 37.2 37.92 37.98 37.1 34.96 32.84 32.22 32.06 30.98 27.58 26.02 25.1 23.76 26.04 29.02 28.9 38.74 48.88 52.06 52.68 55.26 59.08 60.16 69.78 -9999 -9999 -9999 -9999 -9999 -9999 -9999 -9999 -9999 -9999 -9999 -9999 -9999 -9999 -9999
38.94 38.02 37.92 36.82 35.88 35.48 35.48 35.02 34.78 34.24 34.26 33.74 33.94 34 34.66 35 34.86 34.52 33.96 32.92 32.64 32.62 33.54 34.98 35.66 35.6 35.12 35.02 35.36 36.16 36.26 34.98 33.72 32.44 31.86 33.04 34 33.2 34.9 36.28 36.74 34.5 32.58 31.18 30.56 29.74 27.56 23.58 22.86 24.28 23.48 23.4 27.44 27.58 35.62 44.16 51.24 55.36 56.86 60.78 63.32 -9999 -9999 -9999 -9999 -9999 -9999 -9999 -9999 -9999 -9999 -9999 -9999 -9999 -9999 -9999 73.9
36.78 36.48 35.44 35.68 34.66 34.72 34.54 34.56 34.34 33.94 33.96 33.8 33.6 33.94 34.58 34.96 34.66 34.12 34.06 33.48 33.32 32.64 33.34 34.62 35.16 34.88 34.04 34.16 34.98 35.78 36.14 34.68 32.9 31.6 30.82 31 31.5 32.46 33.38 34.4 34.38 33.06 31.54 30.76 29.7 27.8 26.2 24.52 22.22 20.7 23.3 26.08 28.22 26.1 32.64 43.3 51.7 53.46 59.2 61.62 62.14 74.86 -9999 -9999 -9999 -9999 -9999 -9999 -9999 -9999 -9999 86.1 86.82 83.78 73.58 79.84 76.6
34.82 34.7 33.4 33.8 33.7 34 34.3 34.32 33.92 33.86 33.74 33.86 34.24 34.02 34.58 34.6 34.54 34.34 33.98 34.32 33.84 33.5 33.66 34.14 34.52 34.4 34.46 34.3 34.72 35.12 34.94 34.08 32.74 30.74 30.16 30.38 31 31.26 31.84 32.48 32.56 31.44 31.12 29.34 26.52 27.04 22.88 24.46 22.44 20.82 19.68 22.02 25.08 24.66 29.28 43.28 49.78 52.4 57.14 59.66 62.34 75.32 86.9 -9999 -9999 -9999 104.84 100.52 94.26 74.7 70.58 71.32 72.38 79.08 74.98 81.06 80.4
32.94 32.6 32.46 33.26 33.6 33.3 33.6 33.6 33.74 34.24 33.62 33.64 35.1 33.86 34.14 34 33.76 33.74 33.96 34.1 33.86 33.88 33.18 33.1 33.1 33.24 33.08 33.62 33.76 33.82 33.3 33.12 31.86 30.96 30.18 30.06 29.64 29.84 30.16 30.8 30.74 30.82 30.28 27.92 24.68 26.56 25.8 24.58 24.88 24.9 21.16 24.34 28.54 28.7 27.64 43.3 48.68 52.72 57.12 58.06 54.78 62.3 78.24 93.48 105.24 101.34 99.28 89.24 87.62 72.74 73.84 73.62 73.7 77.1 81.18 86.42 81.92
32.4 32.6 33.44 33.88 33.66 33.78 33.52 33.66 33.6 33.66 34.1 33.82 33.98 33.74 33.7 33.5 33.3 33.38 33.58 32.9 32.76 32.26 31.5 31.5 32.86 32.34 31.28 32.5 32.32 32.9 32.5 31.98 30.78 30.48 30.32 29.94 29.96 29.64 29.56 29.88 30.6 30.48 30.32 27.66 24.58 22.7 24.16 25 23.48 22.96 25.16 24.48 25.1 26.12 28.24 44.78 48.96 52.22 54.56 49.9 47 52.8 65 76.74 79.34 78.76 83.24 81.18 81.56 79.74 76.04 72.02 71.78 73.46 75.54 81.48 81.34
32.52 32.74 33.2 33 33.08 32.8 32.84 32.72 33.26 33.2 33.4 33.84 33.84 33.16 33.18 32.82 32.72 32.64 32.66 32.54 32.28 30.94 30.7 31.18 31.56 31.04 30.7 31.22 31.44 31.7 31.28 30.84 30.2 30.06 29.46 29.68 29.38 29.18 29.24 29.56 30.06 30.3 30.42 25.1 24.56 24.78 23.7 26.9 24.46 22.16 24.14 21.92 23.84 25.1 33.72 44.3 40.62 38.62 38.56 42.68 43.16 50.46 63.14 71.68 79.3 83.56 83.48 80.9 82.18 81.94 78.18 74.16 72.56 72.64 73.22 78.06 78.62
29.28 30.74 31.2 31.92 32.1 31.86 31.88 32.26 32.58 32.72 33.18 34 33.56 32.86 32.26 31.72 31.68 31.84 31.7 31.46 30.98 30.34 30.24 30.04 30.34 30.24 30.92 30.98 31.14 30.66 30.34 30.5 29.82 29.32 29.46 29.36 29.08 29.3 29.32 29.62 29.96 30.02 30.28 28.04 25.02 26.84 25.4 26.18 25.9 25.38 22.88 23.06 25.66 29.4 37.22 35.9 37.92 43.08 44.62 49.12 50.14 55.34 61.58 69.9 75.8 79.48 79.88 78.7 77.84 78.54 77.86 76.64 75.68 72.6 71.7 75.3 -9999
28.8 28.26 29.02 29.56 30.2 31.02 31.56 31.76 32.34 32.84 33.16 33.56 33.14 32.62 32.12 31.8 31.24 30.72 30.68 30.6 30.74 30.24 29.62 29.58 29.34 29.48 30 30.5 30.36 30 29.72 29.88 29.64 29.2 29.18 29 29.1 29 29.42 29.5 29.98 30.28 30.76 30.18 28.9 26.72 25.78 24.66 26.14 26.04 27.4 22.64 28.7 29.42 28.48 36.04 39.2 44.68 49.14 51.5 54 58.06 61.34 65.94 72.46 75.32 76.6 76.36 75.68 73.2 69.92 70.96 70.8 71.62 72.24 -9999 -9999
25.12 25.86 26 26.36 28.1 29.44 30.62 31.38 32 32.64 32.52 32.5 32.52 32.48 31.6 31.22 31.18 30.34 30.38 30.32 30.38 30.32 30.04 29.68 29.48 29.2 29.82 29.98 30.08 29.68 29.76 29.18 29.2 29.5 29.08 29.06 28.96 29.18 29.24 29.7 30.42 30.84 31.96 32.22 30.98 24.56 24.28 23.24 24.66 25.4 26.56 26.86 29.38 23.88 29.06 33.44 36.94 42.9 48.14 51.7 55.12 57.94 61.64 63.9 68.06 71.16 73.22 73.54 72.44 70.22 69.28 66.74 67.26 67.62 70.12 -9999 -9999
23.74 23.78 23.56 24.64 26.88 28.72 29.58 31.04 31.94 32.08 32.38 32.38 31.96 32.18 31.82 30.96 30.74 30.5 30.38 30 30.04 29.84 30.06 29.9 29.78 29.22 29.32 29.78 29.8 29.7 29.84 29.34 29.34 29.48 28.98 29.38 29.38 29.52 29.74 29.98 30.9 31.86 32.84 33.4 32.8 29.38 25.92 26.68 25.9 27.64 28.7 28.38 27 24.38 25.78 29.98 35.12 41.12 46.24 52.62 53.7 56.86 58.24 61.58 64.7 68.32 69.64 69.88 70.14 69.34 67.78 65.74 65.4 66.4 -9999 -9999 -9999
23.58 23.8 23.98 25.02 26.26 27.78 29.18 30.56 31.48 31.94 32.12 31.9 31.62 31.42 31.46 31.24 31.2 30.48 30.44 30.56 30.26 29.9 30.08 29.7 29.54 29.48 29.1 29.46 29.72 29.74 29.82 29.76 29.74 29.92 29.52 29.56 29.22 29.52 29.62 30.58 31.5 32.32 32.54 32.98 33.34 29.7 26.74 31.44 29.82 32.2 28.94 30.66 25.1 23.32 23.62 29.4 37.62 43.02 48 53.86 55.28 56.46 56.14 60.16 60.96 63.84 64.86 66.04 65.88 66 64.92 62.96 62.18 62.9 -9999 -9999 -9999
23.76 23.9 24.16 25 26.12 28.2 29.62 30.72 31.24 31.64 31.7 31.66 31.3 31.48 31.3 31.22 31.12 30.52 30.42 30.16 29.82 29.94 29.94 29.46 29.32 29.56 29.32 29.38 29.58 29.64 29.68 29.94 30.02 30.48 30.12 29.98 29.58 29.72 30.08 31.06 32.12 33.42 32.48 33.38 33.82 31.1 30.86 31.86 29.16 27.02 30.16 28.8 27.7 29.3 32.6 33.44 37.9 47.12 47.14 54.54 57.14 57.22 56.58 57.98 60.4 59.72 61.08 63.44 63.24 61.92 60.26 58.2 58.04 -9999 -9999 -9999 -9999
23.58 23.88 23.98 24.48 26.04 28.2 30.22 30.08 30.44 30.62 30.6 30.98 30.76 31.1 31.12 31.34 31.12 30.7 30.46 30.18 29.92 30.02 29.9 29.62 29.72 30.02 29.56 29.48 29.74 29.88 29.88 30.02 29.98 30.06 30.04 30.12 29.52 29.08 30.12 31.32 32.82 34.2 35.32 36.86 35.76 34.04 37.84 37.88 33.98 29.36 30.88 28.32 29.74 31.26 33.92 38.18 46.18 47.54 52.14 53.22 55.88 57.6 58.44 58.26 59.14 57.58 59.46 61.3 60.38 58.5 55.68 53.82 52.36 -9999 -9999 -9999 -9999
23.82 23.58 23.42 23.72 24.86 26.92 28.84 29.12 29.7 29.84 30.1 30.46 30.4 30.76 31.26 31.3 31.2 30.88 30.62 30.2 29.88 29.94 29.88 30.18 29.94 29.92 30.06 30.04 29.78 29.82 30.04 30.78 30.18 30.86 30.18 29.98 29.14 29.02 29.34 31.5 33.42 35.2 36.4 38.36 39.2 41.14 43.08 42.16 37.4 37.14 34.78 29.14 31.68 35.16 32.94 39.46 42.26 49.98 54.96 56.82 56.44 57.24 57.7 58.02 58.44 57.32 57.24 58.4 58.08 55.64 53.28 49.3 -9999 -9999 -9999 -9999 -9999
