data/default-data/raster/climate/pet_8.txt
ncols         720
nrows         360
xllcorner     -180
yllcorner     -90
cellsize      0.5
NODATA_value  -9999
[rows 102 to 135 of 360, columns 462 to 538 of 720]
-9999 -9999 -9999 -9999 -9999 -9999 64.18 66.04 67.7 69.96 71.04 70.12 71.4 69.6 68.4 68.32 69.04 70.04 71.36 71.22 71.02 71.58 71.36 70.74 70.4 69.7 68.84 68.04 66.94 64.66 62.06 57.56 52.88 52.24 51.8 51.86 50.94 51.12 50.7 48.52 44.48 40.06 34.98 37.48 39.06 37.22 39.06 40.18 37.98 42.18 44.72 45.78 45.8 46.28 47.02 47.7 47.68 48.78 48.92 49.24 50.1 51.02 50.98 51.68 51.86 53.32 53.36 53.1 54.42 54.5 55.72 57.34 58.78 55.88 51.4 47.54 43.72
-9999 -9999 -9999 -9999 -9999 -9999 59.6 62.76 65.7 68.58 67.38 66.44 64.96 66.44 67.76 68.24 68.24 69.58 70.82 71.9 71.88 72.54 72.2 71.72 71.14 69.66 68.5 67.6 66.6 64.7 60.38 56.04 53.34 54.84 54.8 53.86 53.92 53.74 49.7 47.28 43.9 42.78 40.7 42.84 38.14 39.12 39.52 38.48 35.04 40.5 42.16 43.74 45.38 45.92 46.18 47.16 47.6 47.8 48.8 49.14 49.26 50.28 50.34 50.48 51.52 51.9 52.74 52.4 52.56 53.32 54.18 52.44 48.58 41.66 42.9 38.08 39.64
-9999 -9999 -9999 -9999 -9999 -9999 55.86 60.24 64.26 65.24 65.14 65.18 64.74 63.18 63.24 64.9 68.2 69.62 70.98 72.44 72.72 73.8 73.16 72.22 70.96 70.58 69.66 68.94 67.9 66.24 61.56 59.92 60.72 57.7 55.14 54.18 54.02 54.44 50.94 46.62 46.48 42.22 36.12 36.94 36.54 37.22 36.56 35.78 38.84 39.5 40.84 42.14 44.44 45.14 45.62 46.44 46.62 47.04 48.56 48.74 48.7 49.9 50 50.22 51.32 51.56 51.3 51.86 51.5 51.48 47.56 39.88 38.1 34.08 32.9 37.84 37.64
-9999 -9999 -9999 -9999 -9999 -9999 55.34 60.04 62.54 63.12 63.48 63.66 63.22 63.48 62.82 62.36 64.5 67.48 71.24 72.9 74.34 74.02 73.6 71.9 71.34 70.14 70.52 69.92 69.14 68.22 66.86 64.94 63.54 60.56 58.02 56.7 55.7 53.52 51.32 48.94 45.58 39.34 37.26 36.68 36.2 35.4 36.22 36.22 36.7 37.18 39.88 40.44 41.6 42.14 43.18 44.4 45.74 46.32 47.44 48.38 48.58 48.74 49.58 49.6 49.66 49.24 48.94 47.36 46.74 41.12 34.66 35.18 35.1 34.7 35.16 35.78 38.72
64.18 -9999 -9999 62.22 59.88 57.08 58.06 60.18 62.2 63.54 65.02 65.18 64.74 65.14 64.04 63.16 63.78 64.36 69.04 73.12 75.46 74.42 73.66 71.64 70.96 69.5 69.94 69.9 69.22 69.18 67.42 65.88 65 61.94 59.46 57.98 55.68 52.88 50.36 46.52 44.34 40.76 39.12 41.04 40.12 37.74 39.12 36.52 35 36.8 36.88 37.36 36 36.32 40.56 40.9 42.22 44.02 43.54 46.42 47.06 47.02 45.9 46.3 45.46 44.88 41.2 34.94 33.84 35.12 36.08 32.16 32.38 32.94 33.06 32.36 31.08
56.3 56.3 59.74 59.54 57.56 56.72 58.68 61.3 63.32 64.24 65.66 66.54 65.44 66.1 66.14 65.42 64.32 65.8 68.42 72.46 75.16 73.92 73.06 72.5 70.42 69.68 69.5 69.98 67.78 66.08 65.26 64.72 58.42 57.14 56.52 58.38 53.68 47.1 41.68 39.48 42.94 42.34 42.7 40.44 39.78 39.74 39.38 38.9 34.18 36.94 34.68 35.58 34.06 34.66 35.38 36.54 35.18 41.52 41.48 42.42 43.82 43.14 36.62 36.64 33.74 34.72 35.64 35.14 33.82 33.16 33.16 32.62 30.06 27.2 31.54 30.5 31.5
60.22 58.22 55.06 55.72 55.46 57.22 59.98 62.66 64.78 66.52 68.76 68.96 67.7 67.42 67.76 66.86 66.62 66.7 69.42 70.36 73.1 71.28 70.98 71.56 70.88 69.24 66.6 65.28 62.88 58.88 57.76 57.16 54.18 52.06 49.76 51.02 45.8 43 39.92 37.42 40.54 43.36 41 39.88 38.82 38.62 37.78 37.8 37.66 36.04 35.58 30.74 32 34.38 33.76 33.68 34.72 31.94 33.08 35.26 33.96 33.14 32.26 32.56 34.62 36.08 35.8 36.14 34.08 30.8 30.38 31.24 33.1 33.02 31.88 29.62 30.34
63.74 64.04 60.24 58.76 59.12 60.12 60.92 63.9 66.9 68.88 69.4 70.1 70.22 70.38 70.24 69.58 69.08 68.42 70.54 72.1 73.64 71.94 70.08 70.74 70.92 68.46 65.44 63.82 60.06 56.96 54.68 53.7 51.7 51.32 47.4 45.76 43.88 41.82 43.04 41.6 43.52 44.08 40.7 39.16 37.8 36.76 36.74 36.98 36.08 36.42 36.9 33.48 33.88 33.72 34.14 32.46 34.42 35.62 33.92 33.34 33.24 32.72 32.72 34.18 35.08 34.24 34.88 35.08 34.56 34.74 33.22 33.04 33 32.18 32.9 30.02 30.82
64.18 64.18 62.66 62.72 63.12 62.7 64.24 66.82 68.9 70.72 71.66 70.84 70.42 71.7 71.9 73.08 72.9 71.84 72.38 75.46 75.48 73.8 72.68 70.98 69.58 68.32 65.26 61.32 60.74 58.76 56.02 53.42 50.36 48.44 46.5 45.1 48.46 46 48.64 45.66 46.94 45.48 42.8 40.86 36.62 35.46 35.24 35.18 35.7 35.86 35.58 36.4 36.9 36.42 36.16 35.08 33.58 33.64 33.04 33.18 33.38 34.4 34.08 33.26 33.54 33.7 31.96 32.42 31.12 31.24 31.96 29.92 30.56 29.78 30.66 31.14 31.78
62.52 63.9 63.18 63.58 65.58 66.04 66.38 67.26 68.92 71.02 71.76 72.64 72.5 73.32 71.56 73.16 73.36 73.28 75.94 75.76 77.62 77.46 77.08 72.44 69.34 67.7 65.56 62.78 61.12 58.86 58.32 55.5 52.74 49.5 47.8 47.68 44.92 43.66 44.86 47.78 48.68 48.86 46.66 42.12 39.06 34.86 35.1 35.78 34.16 35.06 35.36 35.22 35.86 36.48 36.94 37.02 33.52 32.16 33.44 34.78 33.7 34.04 33.2 33.16 33.14 33.64 32.08 32.06 30.96 29.96 30.94 29.88 30.56 29.96 28.54 28.66 31.2
57 61.6 62.96 64.38 64.3 65.74 67.44 68.28 71.58 74.3 72.36 73.78 73.24 74.72 74.28 73.6 73.44 73.92 76.94 77.96 78.3 78.72 77.7 72.86 71.06 68.68 66.42 63.38 62.64 62.16 59.8 55.96 51.78 48.9 49.58 48.6 45.22 43.26 42.88 41.56 45.46 46.46 45.9 43.74 40.6 38.32 35.12 34.58 35.44 33.52 34.34 35.04 35.6 36.44 36.92 37.46 38.24 38.48 37.24 37.3 35.16 35.18 34.14 33.16 33.4 32.9 33.96 33.92 32.68 30.96 29.94 31.74 30.34 28.78 31.2 28.36 28.22
57.78 58.84 61.4 63.94 67.24 67.98 68.7 69.64 73.06 74.54 74.06 75.5 75.3 75.38 75.88 75.4 74.28 74.16 76.58 78.84 79.76 80.02 80.3 76.98 75.22 70.16 67.46 65.46 65.46 64.9 62.16 55.62 53.36 51.34 53.04 50.1 45.6 45.94 48.2 48.22 46.76 47.04 46.44 44.76 42.48 41.7 39.12 36.3 36 33.58 32.56 34.76 35.12 36.06 35.4 37.72 38.2 39.04 39.38 39.2 37.62 35.68 34.22 33.5 32.48 32.7 32.72 32.86 31.82 31.42 31.98 32.26 29.54 30.82 31.22 29.42 29.34
58.3 60.72 62.2 62.14 65.84 68.96 70.3 71.28 73.76 74.56 75.96 76 77.3 78.48 77.78 77.34 74.52 74.32 76.5 81.18 81.06 81.36 81.68 81.96 77.92 76.8 74.82 72.96 69.74 69.08 64.72 59.84 57.9 57.32 53.9 51.2 47.58 46.9 50.84 52.58 50.76 49.04 45.44 44.46 44.2 43.9 42.94 42.5 39.4 34.62 31.86 33.38 34.3 34.76 35.12 36.7 37.62 38.58 37.72 35.38 34.4 34.4 36.96 35.58 34.94 34.24 34.6 34.66 33.16 32.58 32.38 32.64 32.9 31.76 31 29.36 27.38
59.48 61.34 63.78 64.9 65.28 67.86 71.38 71.44 75.22 75.52 76.72 77.28 77.7 78.5 79.1 77.38 76.12 76.28 76.2 80.88 83.12 83.24 83.48 82.84 82.42 80.74 79.14 77.66 73.06 68.84 65.06 64.02 60.3 57.18 54.52 51.62 51.64 52.06 55.02 53.32 52.26 50.96 49.22 47.64 46.24 45.42 44.34 44.06 43.74 42.56 33.92 30.44 31.48 34.54 35.78 36.22 36.62 38.2 37.6 35.44 35.6 34.88 35.86 34.9 33.46 33.62 33.92 33.54 33.16 33.38 33.08 32.36 31.18 31.76 30.16 28.64 26.8
59.2 59.96 62.96 66.32 67.16 66.72 71.94 73.84 76.28 75.9 75.06 76.28 76.92 78.54 78.84 77.82 76.52 76.48 77.42 80.48 83.94 85.34 85.26 85.16 84.34 83.58 82.72 78.88 74.18 71.82 69.98 65.4 60.66 57.58 56.48 55.82 53.48 51.86 56.08 55.42 53.46 51.86 50.86 48.88 47.62 46.88 45.68 44.84 44.48 43.08 40.12 35.84 29.6 31.64 30.52 32.02 33.62 36.94 34.92 32.84 34.1 35.7 35.7 32.78 32.22 31.96 32.96 32.64 33.14 31.8 32.32 32.38 31.98 30.04 28.88 26.62 25.12
60 60.02 62.02 64.38 68.96 70.46 70.66 73.74 75.02 75.52 75.56 76.12 77.26 77.7 78.72 78.76 77.78 78.14 78.82 82.06 84.12 86.04 86.32 87.5 87.12 84.3 83.42 79.82 77.96 74.18 70.68 64.76 59.8 56.76 56.48 55.92 54.68 53.76 54.58 56.88 55.22 53.42 52.2 51.04 49.66 48.7 47.38 46.18 45.42 44.66 43.02 36.7 29.9 27.36 28.16 29.4 31.68 35.5 35.96 35 30.54 31.78 31.78 32.44 31.74 32.22 35.02 33.6 32.76 32.94 32.76 32.72 31.68 30.44 27.78 26.5 24.9
62.62 62.32 63.3 64.08 67.12 70 72.12 72.28 74.7 75.36 75.66 76.04 75.5 76.94 77.56 77.92 78.86 78.98 76.94 81.8 84.86 86.38 88.18 88.36 88.1 86.06 84.54 80.42 76.34 73.88 70.18 64.14 60 56.06 57.16 56.08 54.58 53.08 55.18 58.14 57 55.44 54.74 53.48 52.32 50.86 49.88 48.2 47.22 46.3 45.32 42.92 35.44 30.44 26.92 28.06 30.78 33.84 32.76 33.84 35.02 33.48 31.78 30.06 30.32 31.2 31.06 30.86 30.56 31.76 30.64 31.5 31.22 30.06 28.74 26.96 25.64
65.3 64.54 65.28 65.66 67.38 67.7 71.5 73.16 73.1 73.58 74.02 74.42 73.74 74.12 76.04 76.78 77.14 78 75.96 80.28 85.38 88.52 90.42 90.74 90.84 87.98 83.94 81.16 76.58 74 69.84 64.14 58.46 57.52 55.74 54.82 54.14 53 55.18 58.98 57.8 56.98 56.04 55.26 54.52 52.58 50.84 49.66 48.32 47.08 46.16 43.92 43.2 40.78 34.86 28.48 28.02 29.12 31.04 33.48 30.18 32.62 31.2 32.86 32.54 30.7 28.66 28.12 27.5 28.42 29.64 29.82 29.3 27.7 28.76 27.34 26.06
65.48 65.5 66.86 68.82 69.7 71.3 71.62 71.48 72.4 72.36 71.64 71.86 71.3 71.76 73.3 75.78 77.98 77.1 75.36 76.4 83.1 89.12 91.36 92.68 89.04 83.94 80.7 79.42 78.62 75.28 68.06 62.34 62.06 64.4 60.14 55.62 53.04 52.4 59.6 59.7 59.08 57.82 56.64 56.36 54.98 53.66 51.5 49.58 48.36 46.96 45.72 44.72 44.04 43.78 41.64 35.54 31.3 29.74 30.64 28.38 30.86 29.6 32.06 28.98 31 31.52 31.3 29.22 29.64 29.6 31.44 31.08 27.46 28.2 27.98 26.18 25.28
64.94 66.62 67.38 68.64 69.62 71.06 71.12 70.26 69.72 69.46 69.5 69.36 68.82 68.46 70.72 73.74 75.54 77.2 75.04 75.82 79.04 87.5 91.2 90.32 87.6 82.44 80.12 79.78 75.72 71.68 65.54 60.6 61.7 65.72 62.58 56.64 55.44 57.38 60.52 60.04 59.6 58.32 57.86 56.8 55.94 54.16 52.7 50.74 48.9 47.56 46.28 45.36 44.38 43.28 42.9 41.8 38.7 33.9 32.98 29.84 28.36 27.9 28.94 30.56 29.32 28.6 30.32 29 29.6 31 29.92 30.58 29.96 28.26 26.4 25.64 25.22
65.14 66.38 67.32 68.26 69.8 72.18 70.14 68.66 67.42 66.7 65.86 65.56 65.8 66.66 67.8 71.6 74.08 75.68 75.12 74.76 78.46 87.8 92.8 98.04 94.04 88.08 80.08 77.22 72.76 70 63.58 59.86 62.88 65.9 64.54 61.3 59.58 60.76 60.94 60.78 59.62 58.76 58.5 57.56 56.18 54.66 52.48 50.4 49.04 47.24 46.36 45.52 45.22 44.38 43.08 42.2 41.32 40.3 39.86 37.56 34.94 30 27.88 26.76 30.98 31 28.42 25.18 24.94 28.22 26.4 27.06 27.74 28.1 25.76 24.94 23.76
67.86 65.94 67.66 68.5 69.06 68.58 68.66 66.52 64.5 63.64 62.9 62.5 63.04 65.5 66.96 67.92 71.42 73.52 75.44 76.94 79.38 81.38 89.26 91.94 90.24 86.32 81.98 78.68 75.7 68.54 62.94 60.84 61.34 65.86 63.8 62.98 62.48 61.6 61.1 60.28 59.38 59.14 58.34 57.56 56.16 54.88 52.46 50.36 48.26 46.84 45.84 44.96 44.84 43.96 42.98 42 41.02 40.18 39.14 38.94 38.38 34.98 30.56 27.7 26.78 26.64 27.02 26.48 28.48 28.34 26.72 25.48 28.58 28.14 24.76 25.14 23.34
-9999 -9999 68.1 67.36 66.74 66.34 65.4 64.06 62.62 61.22 60.52 61.18 62.9 63.8 67.06 69.32 71.62 74.2 77.96 79.1 76.92 78.32 79 84.88 85.14 82.94 79.74 74.98 69.18 65.9 62.88 60.32 61.12 66.22 65.1 63.98 62.72 61.76 60.18 59.64 58.66 58.4 57.3 56.74 55.42 53.58 51.28 48.64 46.98 45 44.42 44.68 44.52 43.86 42.9 41.86 40.82 40.26 39.48 38.42 38.28 37.4 36.52 35.02 33.02 32.32 33.16 31.98 28.44 26.12 24.84 27.34 24.96 24.3 25.74 21.68 22.12
-9999 -9999 -9999 69.08 66.54 63.78 62.66 61.42 60.86 60.34 59.46 61.58 62.82 62.3 64.86 67.08 70.34 73.56 77.18 79.96 74.72 75.74 76.3 75.7 76.06 74.92 72.66 68.6 65.78 64.48 60.96 59.6 61.8 66.56 66.08 64.7 62.62 61.12 59.28 57.96 57.3 55.8 54.98 54.34 53.76 52.72 50.32 47.98 45.78 44.32 43.6 44.04 43.36 43.48 42.58 41.9 40.84 40.34 39.5 38.14 37.12 37.1 36.78 35.98 35.72 35.76 34.78 34.76 32.66 30.44 27.16 24.46 24.36 23 21.68 22.08 20.86
-9999 -9999 -9999 -9999 -9999 66.18 63.28 61.68 63.1 65.16 -9999 -9999 63.38 59.5 61.06 63.7 65.52 68.38 69.16 70.5 70.2 70.44 71.98 70.98 70.26 69.9 67.62 65.18 64.88 63.64 60.76 59.44 62.14 65.54 65.78 63.88 61.74 59.92 57.7 55.66 54.28 53.68 53.54 52.54 51.68 49.92 48.24 46.42 45.32 44.18 43.92 43.5 42.6 42.48 42.12 41.7 40.74 40.6 39.68 38.08 37.06 37.2 36.68 36.44 35.7 35.6 35.94 35.82 35.76 35.04 34.22 30.46 30.5 29.16 29.3 31.12 30.62
-9999 -9999 -9999 -9999 -9999 -9999 -9999 -9999 -9999 -9999 -9999 -9999 66.46 62.74 60.5 62.2 64.1 63.5 64.48 64.58 64.7 64.58 64.76 65.24 63.78 63.12 63 60.44 61.4 59.64 59.78 57.74 58.78 61.86 64.36 62.66 60.38 57.8 55.22 53.24 52.26 51.46 51.36 50.42 49.94 47.86 46.08 44.86 44.1 44.3 43.84 42.8 41.88 41.58 41.08 40.58 40.34 40.16 40.02 38.44 37.34 36.98 36.84 36.68 36.12 36.28 36.62 36.66 36.4 35.48 35.08 34.18 33.54 32.88 32.94 32.44 32.86
76.5 -9999 -9999 -9999 -9999 -9999 -9999 -9999 -9999 -9999 70.98 -9999 -9999 65.54 63.54 61.96 61.06 58.32 56.36 55.64 56.12 56.46 56.68 56.64 56.14 56.06 55.72 54.9 54.78 53.62 54.92 54.12 54.26 56.64 61.02 61 57.88 54.96 52.58 50.78 49.54 49.78 49.02 48.44 46.32 44.98 42.62 43.46 43.42 43.94 43 42.56 40.5 39 39.5 38.98 39.4 38.96 39.18 38.54 38.06 37.48 36.94 36.9 36.66 37.1 37.46 37.12 37.14 35.96 35.2 34 33.52 33.12 32.98 33.48 33.16
79.84 -9999 -9999 -9999 -9999 -9999 -9999 -9999 80.62 80.18 75.16 -9999 -9999 -9999 -9999 -9999 -9999 -9999 -9999 46.28 47.34 47.68 48.68 49.3 49.06 -9999 50.4 50.64 -9999 -9999 -9999 48.34 48.88 52.52 57.64 57.88 55.52 52.28 50.54 49.24 48.68 47.86 46.68 45.08 42.92 39.8 40.82 41.42 41.72 42.92 42.44 40.86 38.82 37.66 37.88 37.78 37.66 37.72 37.84 37.76 37.26 37.04 37.14 36.86 36.98 37.38 37.54 37.78 37.88 36.44 34.9 34.24 33.4 33.16 33.66 33.02 32.68
81.34 -9999 -9999 -9999 -9999 -9999 -9999 81.1 80.34 76.2 72.24 -9999 -9999 -9999 -9999 -9999 -9999 -9999 -9999 -9999 -9999 -9999 -9999 -9999 -9999 -9999 -9999 -9999 -9999 -9999 -9999 -9999 42.94 48.16 51.82 53.3 52.34 50.4 49.06 47.88 47.64 46.3 43.16 40.88 36.64 37.2 39.62 39.72 40.02 39.84 40.94 39.32 37.26 36.08 36.1 35.3 35.68 35.54 35.42 35.46 35.4 35.36 35.26 36.02 35.76 36.84 37.68 37.54 36.76 34.88 34.22 33.44 33.06 32.88 33.8 33.28 32.72
81.24 -9999 -9999 -9999 -9999 -9999 79.06 80.24 78.84 74.84 67.8 70.82 -9999 -9999 -9999 -9999 -9999 -9999 -9999 -9999 -9999 -9999 -9999 -9999 -9999 -9999 -9999 -9999 -9999 -9999 -9999 -9999 -9999 44.58 47.82 49.48 49.8 49.22 48 47 46.96 45.38 43.46 38.28 34.52 35.38 38.48 38.46 39.06 38.82 38.5 37.38 36.1 34.86 34.38 34.28 33.72 33.94 34.26 34.54 34.34 34.64 34.8 34.98 35.6 36.5 36.38 35.86 33.86 33.1 33.06 33.26 32.72 33.5 33.44 32.88 32.12
79.86 78.4 77.14 76.18 75.7 76.24 77.38 76.92 75.34 72.9 65.84 63.38 62.9 60.3 -9999 -9999 -9999 -9999 -9999 -9999 -9999 -9999 -9999 -9999 -9999 -9999 -9999 -9999 -9999 -9999 -9999 -9999 -9999 -9999 44.16 45.62 47.26 47.12 47.42 46.1 45.66 44.5 42.88 41.36 39.38 39.12 40 38.34 37.8 37.94 37.06 36.18 34.8 33.5 32.84 32.04 33.28 33.42 33.5 33.7 33.3 32.74 31.8 33.02 33.5 33.98 33.72 32.78 32.24 32.7 33.4 33.52 33.6 33.84 33.44 32.84 32.44
79.14 77.02 75.76 74.86 73.48 73.32 73.44 73.4 71.58 69.98 65.08 60.42 51.64 50.08 49.02 46.1 -9999 -9999 -9999 -9999 -9999 -9999 -9999 -9999 -9999 -9999 -9999 -9999 -9999 -9999 -9999 -9999 -9999 -9999 -9999 42.72 43.96 45.12 45.38 44.52 44.04 43.7 42.4 41.3 40.4 39.58 38.86 37.74 37.2 36 35.68 34.88 33.46 31.88 31.66 31.22 31.9 32.84 32.26 31.44 31.48 32.28 32.06 32.12 32.32 30.52 30.8 31.08 31.14 32.44 33.28 33.38 33.54 33.7 33.26 32.58 31.76
77.2 75.42 74.06 72.1 71 70.82 69.96 69.2 68 66.14 62.12 56.84 53.04 50.46 47.24 44.08 41.36 -9999 -9999 -9999 -9999 -9999 -9999 -9999 -9999 -9999 -9999 -9999 -9999 -9999 -9999 -9999 -9999 -9999 -9999 -9999 -9999 -9999 43.32 42.56 41.78 42.66 42.46 41.34 40.74 39.46 38.3 37.26 36.82 36.06 34.88 34.76 33.86 32.26 31.12 30.06 30.56 31.26 31.98 31.18 30.02 30.7 31.96 32.46 31.44 31.84 32.06 32.08 31.36 32.58 33.44 33.02 33.26 33.48 33.08 32.34 31.98
74.58 72.54 71.42 69.66 68.46 66.86 66.34 65.26 63.58 62.26 58.56 55.66 52.26 49.64 46.2 43.76 41.5 40.56 -9999 -9999 -9999 -9999 -9999 -9999 -9999 -9999 -9999 -9999 -9999 -9999 -9999 -9999 -9999 -9999 -9999 -9999 37.82 -9999 39.24 39.96 40.06 41.34 41.44 40.94 40.36 39.42 37.98 38.08 38.22 37.76 36.8 35.66 33.32 30.72 28.5 26.66 28.28 31.16 31.96 30.36 31.5 32.96 32.98 33.7 33.16 32.62 32.9 33.08 31.66 31.82 32.3 33.12 32.68 32.52 32.86 32.28 31.62
