data/default-data/raster/climate/pet_12.txt
ncols         720
nrows         360
xllcorner     -180
yllcorner     -90
cellsize      0.5
NODATA_value  -9999
[rows 210 to 244 of 360, columns 231 to 307 of 720]
43.78 42.9 42.5 41.56 41.56 41.3 40.58 39.64 38.06 37.62 35.84 35.14 34.48 34.04 34.3 34.4 35.04 33.34 32.46 31.98 31.54 31.14 31.12 31.34 31.06 31.32 31.32 31.34 30.1 30.2 30.04 29.28 29.38 29.14 29.88 30.42 31.56 32.12 33.38 35.32 36.4 37.6 38.18 38 37.88 37.48 37.14 36.96 37.48 36.48 36.12 -9999 -9999 -9999 -9999 -9999 -9999 -9999 -9999 -9999 -9999 -9999 -9999 -9999 -9999 -9999 -9999 -9999 -9999 -9999 -9999 -9999 -9999 -9999 -9999 -9999 -9999
43.44 42.76 42.6 42.8 42.74 43.26 41.78 40.9 39.78 38.16 36.32 36.1 35.38 34.62 34.26 34.72 35.36 34.84 33.1 32.76 31.8 30.86 31.66 31.6 31.62 31.64 31.54 31.5 30.9 30.68 29.74 29.24 28.84 29.02 29.4 30.42 31.48 32.28 33.06 34.38 35.3 36.06 36.54 36.52 36.94 36.46 35.6 35.5 35.44 35.38 35.14 -9999 -9999 -9999 -9999 -9999 -9999 -9999 -9999 -9999 -9999 -9999 -9999 -9999 -9999 -9999 -9999 -9999 -9999 -9999 -9999 -9999 -9999 -9999 -9999 -9999 -9999
42.36 42.86 43.02 42.08 43.46 44.5 42.9 42.4 41.56 40.28 38.4 38.08 36.76 35.44 35.56 35.88 35.66 35.38 34.02 33.86 33.4 32.4 32.16 32.34 31.78 31.6 31.56 31.48 31.2 30.74 30.26 29.9 30.2 29.66 29.78 30.52 31.14 32.14 32.8 33.9 33.6 34.8 34.82 34.68 35.42 35.36 35.36 35.82 35.34 35.04 34.94 -9999 -9999 -9999 -9999 -9999 -9999 -9999 -9999 -9999 -9999 -9999 -9999 -9999 -9999 -9999 -9999 -9999 -9999 -9999 -9999 -9999 -9999 -9999 -9999 -9999 -9999
42.54 43.1 43.6 44 44.66 44.72 44.38 43.88 42.82 42.32 40.86 39.4 38.06 37.2 36.76 36.44 36.22 35.88 35.26 34.48 33.26 32.18 32.22 32.4 31.98 31.44 32.06 31.66 31.74 31.62 31.4 30.84 30.32 30.08 29.9 30.42 31.42 31.6 32.7 33.18 33.38 33.76 33.32 34.4 35.52 34.86 34.46 34.22 34.12 34.58 34.86 -9999 -9999 -9999 -9999 -9999 -9999 -9999 -9999 -9999 -9999 -9999 -9999 -9999 -9999 -9999 -9999 -9999 -9999 -9999 -9999 -9999 -9999 -9999 -9999 -9999 -9999
43.28 43.9 45.06 45.24 45.84 46.12 45.1 45.12 44.4 43.96 42.28 40.54 39.78 38.5 37.9 37.52 36.78 36.24 35.94 34.64 33.3 32.58 32 31.76 31.16 31.4 31.56 31.74 32.32 32.38 32 31.52 30.96 30.3 29.8 30.66 30.98 31.62 31.82 32.68 32.98 32.78 32.94 34.04 33.74 32.96 33.6 33.64 34.16 34.18 34.56 -9999 -9999 -9999 -9999 -9999 -9999 -9999 -9999 -9999 -9999 -9999 -9999 -9999 -9999 -9999 -9999 -9999 -9999 -9999 -9999 -9999 -9999 -9999 -9999 -9999 -9999
39.52 40.92 48.16 48.1 47.52 47.4 46.62 46.34 46.18 44.7 43.38 42.36 40.72 39.72 38.98 38.24 37.54 37.36 36.92 35.88 34.58 33.72 32.88 32.7 33.06 32.38 31.92 32.22 33.08 32.48 32.2 32.32 31.94 31.24 30.7 31.1 30.82 30.8 31.4 32.2 31.52 32.06 32.62 32.42 32.5 32.84 33.76 34.2 34.28 34.3 34.54 -9999 -9999 -9999 -9999 -9999 -9999 -9999 -9999 -9999 -9999 -9999 -9999 -9999 -9999 -9999 -9999 -9999 -9999 -9999 -9999 -9999 -9999 -9999 -9999 -9999 -9999
40.28 40.6 47.7 49.24 49.52 49.32 48.86 47.12 45.94 45.42 44.1 43.04 41.78 40.76 39.7 38.96 38.38 38.14 37.6 36.54 35.88 34.88 34.26 33.36 33.36 33.7 33.74 33.5 33.38 33.18 32.78 32.64 32.32 32.04 31.16 30.74 30.74 31.2 31.96 31.94 32.66 30.52 31.12 32.34 34.12 33.46 33.18 33.6 33.78 34.04 -9999 -9999 -9999 -9999 -9999 -9999 -9999 -9999 -9999 -9999 -9999 -9999 -9999 -9999 -9999 -9999 -9999 -9999 -9999 -9999 -9999 -9999 -9999 -9999 -9999 -9999 -9999
42.32 43.88 48.76 49.66 50.36 50.5 49.92 47.58 47.86 47.24 45.94 44.8 42.92 41.7 40.72 39.8 39.58 38.98 38.36 37.3 37.04 35.96 35.14 33.96 33.94 34.42 34.74 34.62 34.52 34.04 33.22 32.46 32.18 31.94 31.26 30.78 30.58 31.72 32.08 32.6 32.76 31.32 32.48 32.44 33.38 33.86 32.72 33.54 34.06 33.96 -9999 -9999 -9999 -9999 -9999 -9999 -9999 -9999 -9999 -9999 -9999 -9999 -9999 -9999 -9999 -9999 -9999 -9999 -9999 -9999 -9999 -9999 -9999 -9999 -9999 -9999 -9999
44.34 47.48 48.22 50.56 51.2 50.96 50.28 49.96 49.16 48.48 47.24 46.12 44.74 42.86 42.3 41.6 40.9 40.12 38.92 37.3 37.66 36.56 35.4 35.82 35.48 35.74 35.78 35.6 35.38 34.5 33.92 33.28 32.16 32.16 31.14 30.8 30.2 31.56 32.5 32.3 32.72 31.72 32.16 33.56 33.8 33.8 33.96 34.04 34.14 34.08 -9999 -9999 -9999 -9999 -9999 -9999 -9999 -9999 -9999 -9999 -9999 -9999 -9999 -9999 -9999 -9999 -9999 -9999 -9999 -9999 -9999 -9999 -9999 -9999 -9999 -9999 -9999
46.58 46.6 47.74 50.12 50.92 51.42 51.82 51.34 50.54 49.82 48.7 48.12 47.1 45.72 44.18 43 42.2 41.3 39.34 38.4 37.36 37.3 36.84 36.9 37.32 36.86 37.08 37.16 36.54 35.62 34.86 33.96 33.8 32.28 30.88 30.26 30.24 31.44 32.46 32.1 31.5 31.28 31.72 33.52 33 33.6 34.86 34.36 35.04 -9999 -9999 -9999 -9999 -9999 -9999 -9999 -9999 -9999 -9999 -9999 -9999 -9999 -9999 -9999 -9999 -9999 -9999 -9999 -9999 -9999 -9999 -9999 -9999 -9999 -9999 -9999 -9999
48.32 47.7 48.56 50.44 51.16 51.92 52.72 53.08 52.5 51.92 50.98 50.58 49.62 48.5 46.8 45.44 43.44 42.12 40.2 38.88 37.64 38.04 37.58 37.94 38 38.16 37.8 36.9 36.46 35.94 35.54 34.76 34.04 32.62 30.74 30.22 31 31.46 31.54 31.86 31.22 30.36 31.9 33.74 31.82 31.82 32.36 32.08 35.76 -9999 -9999 -9999 -9999 -9999 -9999 -9999 -9999 -9999 -9999 -9999 -9999 -9999 -9999 -9999 -9999 -9999 -9999 -9999 -9999 -9999 -9999 -9999 -9999 -9999 -9999 -9999 -9999
49.5 48.66 49.46 50.54 51.58 53.04 53.66 54.06 54.58 53.94 53.3 53 52.2 50.98 48.64 46.66 45.26 43.1 40.9 39.22 38.56 38.2 38.2 38.48 38.94 39.24 38.5 37.76 37.12 36.4 35.84 35.32 34.18 31.96 30.6 31 31.56 32.12 31.78 31.9 30.86 30.7 31.62 31.94 31.9 33.02 35.14 35.62 -9999 -9999 -9999 -9999 -9999 -9999 -9999 -9999 -9999 -9999 -9999 -9999 -9999 -9999 -9999 -9999 -9999 -9999 -9999 -9999 -9999 -9999 -9999 -9999 -9999 -9999 -9999 -9999 -9999
49.94 49.78 50.54 51.78 52.86 53.9 54.58 55.58 56.08 55.9 55.76 54.78 54.7 53.22 51.1 48.04 46.1 43.14 40.8 39.74 39.22 38.84 39.1 38.8 39.28 39.18 38.74 38.04 37.84 37.12 36.48 35.82 34.44 33.58 32.48 31.4 32 33.14 33.06 33.06 31.46 30.64 32.1 34.98 35.84 36.1 36.54 -9999 -9999 -9999 -9999 -9999 -9999 -9999 -9999 -9999 -9999 -9999 -9999 -9999 -9999 -9999 -9999 -9999 -9999 -9999 -9999 -9999 -9999 -9999 -9999 -9999 -9999 -9999 -9999 -9999 -9999
49.32 49.8 51.64 52.38 53.86 54.56 56.16 57.32 57.66 58.18 57.4 57.12 56.5 55.44 52.8 49.64 46.78 43.14 41.66 40.88 40.24 39.86 39.38 39.22 39 38.92 38.64 38.34 37.74 37.56 36.44 36.06 34.58 33.8 33.28 32.2 32 33.48 33.6 32.74 31.22 30.96 32.26 34.8 36.26 35.6 37.06 -9999 -9999 -9999 -9999 -9999 -9999 -9999 -9999 -9999 -9999 -9999 -9999 -9999 -9999 -9999 -9999 -9999 -9999 -9999 -9999 -9999 -9999 -9999 -9999 -9999 -9999 -9999 -9999 -9999 -9999
49.42 50.44 52.52 52.96 54.52 55.9 57.02 57.96 58.62 58.7 58.18 57.94 57.66 56.78 54.18 51 47.54 43.5 41.78 40.72 40.24 40.32 39.62 39.22 38.82 38.74 39 38.34 38.22 37.04 36.82 35.92 34.08 32.78 34.38 32.82 30.58 32.26 32.12 29.72 32.8 33.18 32.14 31.18 32.5 36.88 -9999 -9999 -9999 -9999 -9999 -9999 -9999 -9999 -9999 -9999 -9999 -9999 -9999 -9999 -9999 -9999 -9999 -9999 -9999 -9999 -9999 -9999 -9999 -9999 -9999 -9999 -9999 -9999 -9999 -9999 -9999
49.14 50.74 52.56 54.38 54.92 56.3 57.48 58.34 59.3 58.92 58.38 57.74 57.76 56.38 53.62 50.96 48.22 44 42.3 41.98 41.26 40.62 40.04 38.48 38.28 38.3 39.08 39.04 38.34 37.5 36.24 34.96 35.38 34.66 34.08 32.94 29.84 29.46 31.48 31.26 31.4 34.4 35.36 35.52 35.74 -9999 -9999 -9999 -9999 -9999 -9999 -9999 -9999 -9999 -9999 -9999 -9999 -9999 -9999 -9999 -9999 -9999 -9999 -9999 -9999 -9999 -9999 -9999 -9999 -9999 -9999 -9999 -9999 -9999 -9999 -9999 -9999
48.18 51.84 53.46 55.82 56.86 57.8 58.64 58.56 59.08 58.62 57.56 56.34 56.24 55.64 54.14 51.92 49.18 46.02 43.76 42.74 42.4 41.78 40.2 39.16 37.38 37.36 39.1 39.18 38.44 37.16 35.78 35.06 34.68 34.4 33.88 32.72 31.86 31.34 29.54 31.16 -9999 -9999 -9999 -9999 -9999 -9999 -9999 -9999 -9999 -9999 -9999 -9999 -9999 -9999 -9999 -9999 -9999 -9999 -9999 -9999 -9999 -9999 -9999 -9999 -9999 -9999 -9999 -9999 -9999 -9999 -9999 -9999 -9999 -9999 -9999 -9999 -9999
48.94 52.74 55.56 57.18 58.02 58.44 58.8 59 58.92 58.66 57.68 57.06 56.46 55.78 53.86 52.28 49.96 47.16 45.3 44.44 43.82 42.34 39.9 38.74 38.52 37.98 37.96 36.98 36.5 35.5 35.14 34.84 34.26 33.46 32.5 32.66 32.72 31.44 -9999 -9999 -9999 -9999 -9999 -9999 -9999 -9999 -9999 -9999 -9999 -9999 -9999 -9999 -9999 -9999 -9999 -9999 -9999 -9999 -9999 -9999 -9999 -9999 -9999 -9999 -9999 -9999 -9999 -9999 -9999 -9999 -9999 -9999 -9999 -9999 -9999 -9999 -9999
47.34 53.3 56.8 59.4 59 58.9 58.9 58.6 58.84 58.62 58.08 58.14 58 56.98 55.2 53.28 51.36 49.04 46.5 45.76 44.4 42.92 41.74 39.56 38.92 38.12 37.12 35.3 33.4 32.3 32.64 33.2 33.12 35.4 35.24 -9999 -9999 -9999 -9999 -9999 -9999 -9999 -9999 -9999 -9999 -9999 -9999 -9999 -9999 -9999 -9999 -9999 -9999 -9999 -9999 -9999 -9999 -9999 -9999 -9999 -9999 -9999 -9999 -9999 -9999 -9999 -9999 -9999 -9999 -9999 -9999 -9999 -9999 -9999 -9999 -9999 -9999
49.88 54.02 57.06 59.24 59.12 58.04 58.46 58.64 58.58 58 58.72 58.58 58.72 59.08 57.7 54.68 51.2 49.78 48.3 47.26 45.46 42.94 41.96 40.82 38.64 37.4 36.36 34.26 31.06 29.8 33 33.22 34.12 35.32 -9999 -9999 -9999 -9999 -9999 -9999 -9999 -9999 -9999 -9999 -9999 -9999 -9999 -9999 -9999 -9999 -9999 -9999 -9999 -9999 -9999 -9999 -9999 -9999 -9999 -9999 -9999 -9999 -9999 -9999 -9999 -9999 -9999 -9999 -9999 -9999 -9999 -9999 -9999 -9999 -9999 -9999 -9999
52.3 55.02 56.92 59.02 59.48 58.5 57.94 57.5 56.92 57.08 57.7 57.72 58.44 60.76 58.68 55.34 52.38 50.56 49.56 49.08 47.46 44.54 42.5 40.92 39.2 37.06 35.5 33.88 31.96 31.1 30.9 31.88 33.76 -9999 -9999 -9999 -9999 -9999 -9999 -9999 -9999 -9999 -9999 -9999 -9999 -9999 -9999 -9999 -9999 -9999 -9999 -9999 -9999 -9999 -9999 -9999 -9999 -9999 -9999 -9999 -9999 -9999 -9999 -9999 -9999 -9999 -9999 -9999 -9999 -9999 -9999 -9999 -9999 -9999 -9999 -9999 -9999
52.86 55.18 57.78 59.14 59.78 59.42 58.16 56.78 55.7 55.9 55.76 55.78 56.56 58.42 57.12 55.34 52.72 51.06 50.04 49.62 47.64 45.8 43.42 42.38 39.88 36.94 35.42 34.38 33.16 31.94 31.16 32.58 -9999 -9999 -9999 -9999 -9999 -9999 -9999 -9999 -9999 -9999 -9999 -9999 -9999 -9999 -9999 -9999 -9999 -9999 -9999 -9999 -9999 -9999 -9999 -9999 -9999 -9999 -9999 -9999 -9999 -9999 -9999 -9999 -9999 -9999 -9999 -9999 -9999 -9999 -9999 -9999 -9999 -9999 -9999 -9999 -9999
53.52 56.38 58.68 59.74 60.7 60.92 59.48 56.7 55.62 55.22 55.22 54.74 55.38 57.28 56.38 56.22 54.3 52.78 50.98 49.78 48 45.84 43.54 42.68 40.06 38.9 37.04 35.58 34.48 32.42 33.18 35.2 -9999 -9999 -9999 -9999 -9999 -9999 -9999 -9999 -9999 -9999 -9999 -9999 -9999 -9999 -9999 -9999 -9999 -9999 -9999 -9999 -9999 -9999 -9999 -9999 -9999 -9999 -9999 -9999 -9999 -9999 -9999 -9999 -9999 -9999 -9999 -9999 -9999 -9999 -9999 -9999 -9999 -9999 -9999 -9999 -9999
56.48 57.72 59.4 60.74 61.5 61.7 60.46 58.2 55.88 55.36 54.84 54.94 55.78 56.82 57.3 56.96 56.06 54.76 52.58 51.2 48.98 47.44 45.78 44.5 43.2 39 37.56 35.84 33.96 34.78 36.64 36.2 -9999 -9999 -9999 -9999 -9999 -9999 -9999 -9999 -9999 -9999 -9999 -9999 -9999 -9999 -9999 -9999 -9999 -9999 -9999 -9999 -9999 -9999 -9999 -9999 -9999 -9999 -9999 -9999 -9999 -9999 -9999 -9999 -9999 -9999 -9999 -9999 -9999 -9999 -9999 -9999 -9999 -9999 -9999 -9999 -9999
58.06 59.5 60.76 61.16 62.16 62.76 61.88 60.42 57.84 56.02 55.14 55.34 56.2 57.2 57.86 58.38 57.36 54.98 53.66 52.18 51.22 50.1 48.64 47.14 44.84 42.54 39.26 37.66 35.94 36.36 35.36 36.5 -9999 -9999 -9999 -9999 -9999 -9999 -9999 -9999 -9999 -9999 -9999 -9999 -9999 -9999 -9999 -9999 -9999 -9999 -9999 -9999 -9999 -9999 -9999 -9999 -9999 -9999 -9999 -9999 -9999 -9999 -9999 -9999 -9999 -9999 -9999 -9999 -9999 -9999 -9999 -9999 -9999 -9999 -9999 -9999 -9999
60.26 60.94 61 60.82 61.84 61.44 61.86 61 58.54 56.52 55.4 55.78 56.56 57.42 57.76 57.42 56.36 53.84 53.38 52.74 51.28 49.64 48.22 46.84 44.98 42.88 40.26 37.98 35.18 33.28 32.96 34.84 -9999 -9999 -9999 -9999 -9999 -9999 -9999 -9999 -9999 -9999 -9999 -9999 -9999 -9999 -9999 -9999 -9999 -9999 -9999 -9999 -9999 -9999 -9999 -9999 -9999 -9999 -9999 -9999 -9999 -9999 -9999 -9999 -9999 -9999 -9999 -9999 -9999 -9999 -9999 -9999 -9999 -9999 -9999 -9999 -9999
60.6 60.96 59.92 61.04 60.38 60.9 60.34 59.14 57.8 56.5 56.02 56.42 57.24 57.36 57.46 56.9 55.34 54.22 53.02 52.48 50.88 49.22 47.98 46.74 44.8 42.5 39.2 37.3 34.58 31.26 34.82 36.16 -9999 -9999 -9999 -9999 -9999 -9999 -9999 -9999 -9999 -9999 -9999 -9999 -9999 -9999 -9999 -9999 -9999 -9999 -9999 -9999 -9999 -9999 -9999 -9999 -9999 -9999 -9999 -9999 -9999 -9999 -9999 -9999 -9999 -9999 -9999 -9999 -9999 -9999 -9999 -9999 -9999 -9999 -9999 -9999 -9999
61.02 59.62 59.3 58.96 59.08 59.18 58.08 57.86 56.9 56.32 56.16 57.1 57.9 58.42 57.3 55.96 55.04 53.78 52.36 51.56 49.88 48.84 47.94 46.5 44.26 42.6 40.08 36.94 34.32 34.32 37.06 -9999 -9999 -9999 -9999 -9999 -9999 -9999 -9999 -9999 -9999 -9999 -9999 -9999 -9999 -9999 -9999 -9999 -9999 -9999 -9999 -9999 -9999 -9999 -9999 -9999 -9999 -9999 -9999 -9999 -9999 -9999 -9999 -9999 -9999 -9999 -9999 -9999 -9999 -9999 -9999 -9999 -9999 -9999 -9999 -9999 -9999
60.18 57.6 57.9 57.6 57.58 56.98 57.38 56.72 56.36 55.7 56.42 57.26 58.86 58.44 56.56 55.68 53.96 52.48 51.34 50.2 49.44 47.98 47.52 44.96 44.52 43.84 41.44 37.1 34.44 36.96 -9999 -9999 -9999 -9999 -9999 -9999 -9999 -9999 -9999 -9999 -9999 -9999 -9999 -9999 -9999 -9999 -9999 -9999 -9999 -9999 -9999 -9999 -9999 -9999 -9999 -9999 -9999 -9999 -9999 -9999 -9999 -9999 -9999 -9999 -9999 -9999 -9999 -9999 -9999 -9999 -9999 -9999 -9999 -9999 -9999 -9999 -9999
58.16 55 55.1 55.72 55.72 55.74 56.18 56.68 56.72 56.4 56.82 57.32 57.64 57.64 56.56 55.6 53.76 51.72 51.5 51 49.7 48.74 47.16 45.84 45.04 44.68 44.48 41.88 38.84 -9999 -9999 -9999 -9999 -9999 -9999 -9999 -9999 -9999 -9999 -9999 -9999 -9999 -9999 -9999 -9999 -9999 -9999 -9999 -9999 -9999 -9999 -9999 -9999 -9999 -9999 -9999 -9999 -9999 -9999 -9999 -9999 -9999 -9999 -9999 -9999 -9999 -9999 -9999 -9999 -9999 -9999 -9999 -9999 -9999 -9999 -9999 -9999
55.66 54.22 54.18 54.38 55.22 55 55.64 55.78 57.14 57.14 57.52 57.54 57.16 56.6 56.52 55.92 54.28 52.9 51.74 50.86 49.66 47.86 46.66 44.74 43.7 43.64 44.16 42.28 40.32 -9999 -9999 -9999 -9999 -9999 -9999 -9999 -9999 -9999 -9999 -9999 -9999 -9999 -9999 -9999 -9999 -9999 -9999 -9999 -9999 -9999 -9999 -9999 -9999 -9999 -9999 -9999 -9999 -9999 -9999 -9999 -9999 -9999 -9999 -9999 -9999 -9999 -9999 -9999 -9999 -9999 -9999 -9999 -9999 -9999 -9999 -9999 -9999
52.72 52.74 53.34 53.92 54.18 54.72 55.28 55.7 56.7 58.18 57.48 57.48 56.9 56.88 56.72 55.92 55.14 53.28 52.3 51.26 49.14 47.44 45.74 43.18 42.74 43.14 -9999 41.56 -9999 -9999 -9999 -9999 -9999 -9999 -9999 -9999 -9999 -9999 -9999 -9999 -9999 -9999 -9999 -9999 -9999 -9999 -9999 -9999 -9999 -9999 -9999 -9999 -9999 -9999 -9999 -9999 -9999 -9999 -9999 -9999 -9999 -9999 -9999 -9999 -9999 -9999 -9999 -9999 -9999 -9999 -9999 -9999 -9999 -9999 -9999 -9999 -9999
53.14 52.32 52.9 53.34 53.8 54.02 54.7 54.94 56.24 56.78 57.04 56.94 57.26 56.86 56.92 55.78 54.56 53.28 52.38 51.64 50.02 48.28 45.74 43.7 43.16 42.84 42.08 -9999 -9999 -9999 -9999 -9999 -9999 -9999 -9999 -9999 -9999 -9999 -9999 -9999 -9999 -9999 -9999 -9999 -9999 -9999 -9999 -9999 -9999 -9999 -9999 -9999 -9999 -9999 -9999 -9999 -9999 -9999 -9999 -9999 -9999 -9999 -9999 -9999 -9999 -9999 -9999 -9999 -9999 -9999 -9999 -9999 -9999 -9999 -9999 -9999 -9999
53.66 52.24 52.86 53.88 53.68 54.02 54.44 55.1 55.82 55.28 55.32 55.8 56.66 57.24 56.48 55.2 54.1 54.1 52.84 51.96 50.92 48.84 46.08 44.58 43.52 -9999 -9999 -9999 -9999 -9999 -9999 -9999 -9999 -9999 -9999 -9999 -9999 -9999 -9999 -9999 -9999 -9999 -9999 -9999 -9999 -9999 -9999 -9999 -9999 -9999 -9999 -9999 -9999 -9999 -9999 -9999 -9999 -9999 -9999 -9999 -9999 -9999 -9999 -9999 -9999 -9999 -9999 -9999 -9999 -9999 -9999 -9999 -9999 -9999 -9999 -9999 -9999
54.78 54.16 54.02 54.24 53.68 53.8 54.02 54.86 55.22 54.84 54.1 55.2 55.9 56.4 55.66 54.98 53.84 53.68 53.04 51.92 51.48 49.14 46.66 45.1 43.52 -9999 -9999 -9999 -9999 -9999 -9999 -9999 -9999 -9999 -9999 -9999 -9999 -9999 -9999 -9999 -9999 -9999 -9999 -9999 -9999 -9999 -9999 -9999 -9999 -9999 -9999 -9999 -9999 -9999 -9999 -9999 -9999 -9999 -9999 -9999 -9999 -9999 -9999 -9999 -9999 -9999 -9999 -9999 -9999 -9999 -9999 -9999 -9999 -9999 -9999 -9999 -9999
