data/default-data/raster/climate/pet_10.txt
ncols         720
nrows         360
xllcorner     -180
yllcorner     -90
cellsize      0.5
NODATA_value  -9999
[rows 102 to 135 of 360, columns 462 to 538 of 720]
-9999 -9999 -9999 -9999 -9999 -9999 28.16 29.04 30.2 31.42 32.28 31.62 30.74 29.34 28.52 28.36 29.14 29.3 30.1 31.12 31.3 31.3 31.58 31.56 31.26 31.1 30.3 29.6 28.6 27.74 26.42 25.08 24.78 24.24 24.2 23.82 23.92 23.3 23.28 22.16 19.36 17.18 14.62 15.78 16.74 16.12 17.5 18.26 16.92 21.12 21 21.36 21.24 21.62 22 23.02 23.24 23.48 24.18 24.2 24.26 24.24 24.26 24.48 24.44 24.44 24.26 24.24 24.78 24.62 24.78 25.02 26.1 25.72 25.74 22.84 20.42
-9999 -9999 -9999 -9999 -9999 -9999 27.58 28.42 29.88 31.14 30.94 30.88 30.66 28.78 28.12 28.56 29.42 30.26 31.14 31.7 32.52 32.64 32.66 32.66 31.78 31.52 30.48 29.72 29.42 28.36 26.48 24.62 24.16 24.32 24.76 24.82 24.36 24.12 22.9 21.44 20.04 18.98 17.66 18.9 16.62 17.2 17.6 17.56 15.48 19.1 21 21.1 21.02 21.8 22.3 23.22 23.74 24.04 24.1 24.66 24.5 24.4 24.28 24.28 24.44 24.34 24.2 24 23.88 24.2 24.42 25.14 23.62 19.2 19.54 17.32 18.36
-9999 -9999 -9999 -9999 -9999 -9999 26.9 28.1 29.38 30.1 30.46 30.2 30.58 30.38 30.2 28.64 29.32 30.56 31.5 32.62 32.96 33.3 34.02 32.72 32.44 31.58 30.76 30.52 29.76 28.76 26.96 26.18 27.16 25.7 24.94 25.1 24.94 24.98 22.92 21.86 21.3 19.02 15.84 16.24 16.06 17 16.66 16.08 18.26 18.78 20.12 21.3 21.08 22.12 22.58 22.92 24 24.32 24.74 24.5 24.96 24.58 24.5 24.26 24.06 23.76 24.22 24.12 23.88 23.52 22.74 18.04 17.18 15.14 14.98 17.38 17.88
-9999 -9999 -9999 -9999 -9999 -9999 27.52 28.84 29.4 28.98 30.42 30.5 30.96 31.22 30.32 30.14 29.1 29.66 31.66 33.26 34.3 34.24 34.04 33.46 32.3 31.62 31.5 30.64 30 29.52 29.46 29.16 28.62 27.24 26.08 25.92 25.5 24.4 23.18 23.12 21.26 17.64 16.96 16.74 16.36 16.32 16.5 16.52 17.14 17.62 19.02 20.3 21.7 21.8 22.22 22.82 24.14 24.84 25.2 24.92 24.62 24.84 24.48 24.28 23.98 23.62 23.48 24.38 23.92 18.8 15.06 15.94 15.76 15.78 16.34 16.64 18.24
31.28 -9999 -9999 30.8 29.48 27.98 27.26 27.68 28.54 29.52 30.1 30.54 30.68 30.6 30.56 30.4 30.02 30.22 31.66 33.52 35.08 34.28 33.86 33.06 31.92 31.4 30.88 31.22 30.52 30.18 29.5 28.6 28.56 27.7 27.06 26.86 25.84 24.58 23.1 22.76 20.84 18.68 18.14 19.4 18.78 17.66 18.82 16.9 16.06 17.62 17.6 17.88 16.8 17.48 21.66 21.78 22.44 23.84 23.72 24.38 24.26 23.98 23.94 23.92 23.82 22.8 18.72 15.32 14.74 15.36 16.22 14.5 14.7 15.02 15.48 15.22 14.88
28.74 27.9 29.56 29.46 28.32 27.16 27.28 28.04 28.62 29.48 30.84 31.14 31.28 31.3 31.22 30.8 30.3 29.78 31.28 33.62 34.84 34.04 33.26 32.64 32.02 31.32 31.56 30.98 29.96 29.52 28.7 28.16 25.9 25 25.04 26.7 24.56 22.74 20.3 18.44 20.6 21.1 22.2 19.8 19.24 20.18 20.34 19.68 16.48 18.16 16.56 17.08 16.24 16.38 16.28 16.92 15.88 20.82 20.48 23.82 24.1 21.44 16.28 16.44 14.58 15.26 15.54 15.28 14.58 14.88 15.16 14.52 13.64 12.44 14.68 14.46 15.08
30.72 29.76 27.92 27.58 27.16 27.14 27.88 29.36 30.08 31.1 32.54 32.54 32.2 32.08 32.14 31.56 30.86 31.18 32.24 32.6 34 32.96 32.64 31.96 31.96 31.52 30.26 30.16 29.52 27.6 27.08 26.16 25.22 23.88 23.14 23.68 22.12 21.88 19.72 18.16 19.8 23.02 22 20.38 21.02 21.2 21.18 20.08 19.1 17.58 17.4 14.18 14.84 16.04 15.36 15.1 15.52 14.06 14.54 15.52 14.78 14.1 13.76 14.04 15.26 16.26 16.2 16.58 15.38 13.52 13.28 14.38 15.34 15.74 15.32 14.36 15
33.64 33.08 31.42 29.88 29 29.16 29.22 30.1 31.52 32.42 33.32 33.3 33.84 34.2 33.8 33.48 32.32 32.52 32.68 33.66 33.46 32.64 31.76 31.92 32.36 31.14 30.54 30.04 28.38 26.02 25.42 25.12 24.46 24.14 22.8 22.28 21.54 22.14 23.24 22.6 24 24.2 23 22.3 22.28 21.06 21.3 19.1 20.2 20.88 20.22 16.38 15.84 15.88 15.84 14.52 15.6 16.18 14.94 14.44 14.24 14.06 14.1 15.12 15.92 15.4 16 16.28 16.14 16.06 15.68 15.48 16 15.68 16.22 14.72 15.48
32.9 32.98 32.18 31.64 31.28 31.32 30.84 32.16 33.02 33.76 34.42 34.24 33.86 35.04 35.14 35.18 34.66 34.58 33.96 34.44 34.72 33.66 33.08 32.84 32.76 31.7 30.58 28.74 28.28 28.02 26.5 24.98 24.22 23.58 23.28 23.36 23.84 24.44 26.8 25.98 26.64 26.62 25.96 24.72 22.68 21.76 21.16 21 19.98 18.82 20.76 19.86 20 17.54 17.08 16.5 15.14 14.84 14.54 14.04 14.18 14.78 14.72 14.32 14.72 14.94 14.32 14.4 14.18 14.56 15.16 14.16 14.92 14.54 15.38 15.88 16.44
30.98 32.72 31.92 32.5 32.44 32.34 31.72 32.74 33.32 34.3 34.26 34.98 35.06 36.06 34.96 35.22 35.32 35.68 35.88 35.48 35.48 35.32 34.78 33.24 32.42 31.7 31 29.24 28.94 28.24 28.2 26.8 25.48 24.46 24.64 24.4 24.34 24.6 26.34 28.26 29.04 29.5 29.16 27.32 25.76 22.98 21.94 21.66 21.66 20.74 20.04 21.06 20.82 20.12 17.94 17.48 15.18 13.84 14.32 15.1 14.54 14.78 14.34 14.54 14.72 15.14 14.44 14.52 14 14.06 14.56 14.58 15.12 15.3 14.16 14.72 17.06
28.34 31.02 31.94 31.58 31.96 33.08 32.9 32.92 34.62 36.16 35.76 36.34 36.34 36.92 36.66 36.38 36.18 36.36 36.84 36.92 36.28 36.04 35.22 34.22 33.58 32.64 31.78 29.96 30.1 30.06 29.62 27.38 25.08 24.26 26.1 25.82 25.32 25.74 26.96 26.42 27.78 29.04 29.52 29.34 27.48 25.76 23.04 21.76 21.96 21.8 20.16 20.3 20.18 19 18.34 18.76 18.22 17.42 16.92 16.8 15.66 15.72 15.22 14.82 15.68 15.46 16.46 16.52 15.74 14.96 14.6 16.12 15.32 14.88 16.6 14.86 14.8
29.24 29.3 30.18 31.92 33.56 33.36 34.26 34.06 36.04 37.42 36.6 38.3 37.46 37.14 38.6 37.96 36.8 36.3 37.3 38.04 37.96 37.46 37.3 36.04 35.66 33.98 31.96 31.54 31.52 32.2 30.78 27.2 26.92 26.68 27.74 27.76 25.86 26.98 28.9 29.22 29.64 30.08 30.12 29.7 29.24 29.7 27.28 23.82 23.44 22.6 21.94 19.84 19.46 18.32 17.28 18.26 17.88 18.9 19.18 17.8 17.02 16.36 15.66 15.82 15.34 15.68 16 15.74 15.76 15.8 16.38 16.94 15.48 16.36 16.52 15.9 15.98
29.44 30.08 31.3 31.42 33.02 34.6 34.9 35.8 35.94 37.2 38.62 38.04 38.66 40.12 39.88 39.08 37.52 37.2 37.96 39.42 39.38 38.84 38.82 39.34 36.64 36.52 36.24 35.48 34.64 34.06 32.58 29.94 30.56 29.74 29.3 28.52 27.96 27.76 30.7 32.42 31.9 31.62 30 30.1 30.9 31.44 31.46 30.4 28.04 24.1 22.96 20.8 20.08 18.1 17.68 18.2 18.3 17.86 17.22 16.06 15.6 15.58 17.48 17.48 17.14 16.92 17.24 17.58 16.66 16.9 17.16 17.54 18.06 17.48 17.94 17.62 17.54
30.68 31.18 31.98 32.94 33.46 34.5 36.1 35.66 37.64 38.42 38.92 40.04 39.58 40.7 40.7 39.68 38.48 38.18 38.32 39.84 40.7 40.92 40.7 39.44 39.68 39.32 38 38.78 35.94 34.48 32.96 33.8 31.76 30.42 29.54 29.66 29.46 30.26 32.52 32.24 32.8 32.24 32.08 32.3 32.4 32.3 32.66 31.86 31.8 30.82 25.96 23.42 22.7 20.12 18.52 19.36 17.46 18.46 17.58 16.48 16.6 16.42 17.38 17.52 16.58 16.94 17.42 17.08 17.6 17.6 18.16 17.86 17.16 17.76 18.48 18.2 17.84
31.44 31.78 33 34.7 35.44 34.42 37.08 37.9 39.22 38.3 38.98 39.36 39.82 41.74 41.98 41.52 40.12 38.8 39.28 40.2 41.92 42.26 42.32 41.7 41.68 40.56 40.8 39.04 37.16 37.44 36.52 34 32.64 31.72 31.68 31.56 31 30.26 33.5 33.72 33.82 33.02 33.22 33.08 33.04 33.02 33.5 33.02 32.56 32.3 31.26 28.96 25.1 22.9 23.52 22.96 22.44 18.06 16.44 15.5 16.5 17.6 17.86 16.5 16.36 16.24 17.24 17.62 17.72 16.94 17.74 18.36 18.86 19.6 18.6 18.84 17.48
32.5 32.72 33.78 35 37.26 37.38 37.9 38.42 39.6 39.46 39.74 39.7 40.98 41.84 42.14 42.14 41.54 40.38 40.1 41.6 42.8 43.3 42.66 42.92 43.18 41.78 42.24 40.18 40.08 38.48 37.48 34.06 32.78 31.36 32.32 32.2 32.16 31.7 32.58 34.48 34.58 34.56 34.64 34.64 34.48 34.28 34.06 34.06 34.18 34.6 34.1 30.88 27.66 25.44 24.92 23.7 23.4 18.84 18.42 17.52 14.92 15.9 16.02 16.7 16.62 17.08 19.02 18.34 17.82 18.86 18.4 18.88 18.6 18.42 19.64 19.44 18.66
34.6 34.68 35.44 35.22 36.36 38.46 39.32 38.7 40.18 40.42 39.9 40.48 40.38 42.24 42.08 42.2 42.6 42.42 40.14 42.14 43.82 44.48 44.78 44.02 44.42 43.58 42.34 41.38 39.54 39.18 36.92 34.3 33.4 31.78 33.46 33.12 32.76 32.2 33.98 35.18 35.42 35.36 35.46 35.3 35.36 35.96 35.94 36.02 35.76 36.1 36.3 35.44 31.62 29.26 26.36 24.54 23.18 20.2 17.26 17.86 18.66 17.88 16.7 15.68 16.22 16.54 16.54 16.94 16.64 18.04 17.84 18.76 19 18.02 18.48 18.74 18.62
36.88 36.5 37.06 37.38 37.86 38.24 40.3 40.08 39.64 40.42 40.34 40 39.76 40.62 42.68 42.4 42.68 42.68 39.98 41.9 44.54 45.38 45.82 45.34 45.72 44.48 42.48 42.46 40.34 40.04 37.46 35.14 33.42 33.5 33.46 33.66 33.66 32.94 34.74 36.64 35.8 36 36.02 36.78 36.72 36.4 37.28 36.86 37.08 37.74 37.2 36.9 35.84 34.74 32.02 28.18 26.78 24.22 22.9 18.74 16.04 18.38 17.06 17.82 18.22 16.88 15.34 15.46 15.02 16.22 17.62 17.82 17.58 17.02 18.04 18.66 18.8
38.9 37.72 38.5 39.88 40.58 40.22 41.18 40.52 41.22 40.54 40.12 39.92 39.92 40.1 41.68 43.52 43.54 42.52 40.18 40.62 43.76 46.36 47.24 47.4 45.12 43.06 41.54 41.6 42.52 40.96 37.54 35.34 36.64 39.2 36.12 34.54 33.6 34.32 37.58 37.36 37.32 37.18 37.22 37.06 37.88 37.56 38.24 37.86 38.4 37.92 38 37.6 37.66 36.66 35.64 32.52 30.36 28.82 27.96 25.16 21.66 23.04 20.54 16.24 17.68 18.18 18.34 17 17.18 17.24 19.96 19.86 16.72 17.32 19.42 20.72 20.8
40.96 40.14 40.12 41.08 41.14 40.82 41.1 40.76 40.72 40.52 39.24 39.1 38.9 39.28 41.38 43.12 43.58 43.28 40.56 40.68 42.42 45.66 46.72 46.32 44.78 42.7 41.74 42.7 41.26 40.16 37.12 35.7 36.92 40.28 39.48 35.94 35.86 37.36 38.48 37.54 37.66 37.5 38.6 38.44 39.34 39.18 38.84 39.56 38.9 39.56 38.76 38.9 38.44 37.64 37.2 36.68 35.04 32 30.96 27.92 25.58 23.86 23.26 17.82 17.2 16.62 17.84 17.1 17.7 19.02 18.2 19.96 19.52 20.7 21.26 21.28 21.16
41.34 40.84 41.84 41.3 42.22 43.58 42.24 41.12 40.46 40.14 39.04 38.78 39.12 39.3 39.58 42.28 43.1 43.86 42.16 41.18 42.64 46.62 48.62 50.94 48.48 46.4 43.38 41.72 40.64 39.66 37.22 35.98 38.98 41.58 41.7 39.52 38.8 38.78 39.02 38.7 38.76 39.1 39.24 40.16 39.74 40.62 40.42 40.88 40.4 39.7 40.18 39.68 39.38 38.68 38.2 37.92 37.4 37.06 36.7 34.28 32.26 27.58 25.12 22.74 18.68 19.02 16.86 14.48 14.58 17.24 16.46 16.96 17.7 20.2 21.08 20.72 20.44
44.38 42.3 43.2 43.1 43.24 42.78 42.82 41.94 40.1 40.14 39.64 39.2 39.52 41.54 41.22 40.86 42.5 42.74 43.04 43.6 43.86 44.58 48.1 49.84 49.08 47.66 45.32 44.56 43.52 40.42 38.88 37.44 38.84 41.98 42.16 41.24 41.08 40.8 39.48 39.26 39.42 40.6 40.76 41.78 41.5 42.42 41.72 41.1 41.56 41 40.66 40.16 40.7 40.42 39.1 38.66 38.14 37.9 37.56 36.54 35.84 33.14 28.82 25.54 23.84 22.84 22.46 20.6 21 17.9 16.66 16 18.94 18.62 20.54 19.4 19.9
-9999 -9999 44.9 43.74 43.16 42.88 42.54 42.3 42.22 40.86 40.74 41.18 42.52 41.72 44 44.02 44.18 44.78 45.02 44.66 43.76 44.62 44.9 47.24 48.46 47.34 45.96 43.82 41.78 41.04 40.14 39.1 39.9 43.64 42.88 41.9 41.64 41.26 40.96 40.72 40.88 42 41.94 43.12 43.06 42.82 43.14 42.42 41.52 40.94 41.42 41.64 41.24 41.24 40.66 39.28 38.9 38.66 38.26 37.02 36.88 36.28 35.08 33.12 31.14 30.26 29.72 28.48 23.9 21.64 20 21.08 19.7 19.66 18.82 18.1 19.34
-9999 -9999 -9999 47.54 45.34 42.92 41.4 42.1 42.12 42.76 43.86 45.34 43.62 41.96 43.04 44.12 44.96 46.06 46.5 47.46 43.82 43.48 43.92 44.26 45.42 45.16 44.54 42.6 42 41.66 40.32 40.64 41.26 43.84 43.32 43.22 42.82 42.68 42.46 41.96 42.4 43.22 43.16 43.36 44.48 44.24 43.44 42.46 42.98 42.28 41.88 42.12 41.9 41.74 41.24 40.72 39.42 39.16 38.64 38.28 37.28 36.88 36.26 35.14 34.56 33.82 32.02 31.76 29.32 27.06 24.44 21.92 22.38 21.26 19.84 20.7 18.88
-9999 -9999 -9999 -9999 -9999 48.18 45.76 45.2 46.12 47.44 -9999 -9999 44.48 39.9 40.36 41.8 42.32 43.4 43.52 44.02 43.72 43.7 44.9 44.72 44.74 44.54 43.74 43.38 43.5 43.54 43.18 42.1 43.86 45.08 44.3 44.46 44.28 44.14 43.8 43 43.14 43.34 44.86 44.68 44.78 45.48 44.8 43.92 43.56 43.24 43.08 42.68 42.28 42.12 41.78 41.44 40.12 39.86 39.34 38.86 37.78 37.54 37.02 36.1 35.44 34.88 34.06 33.26 33.12 32.14 31.4 28.64 28.6 27.7 28.04 29.5 29.1
-9999 -9999 -9999 -9999 -9999 -9999 -9999 -9999 -9999 -9999 -9999 -9999 46.48 43.24 41.72 42.68 43.98 42.96 42.66 43.32 43.54 44.6 45.3 45.48 44.64 44.06 44.76 43.1 44.3 44.3 45.12 44.08 44.5 45.4 45.68 46 44.82 44.54 44.26 44.4 44.38 44.78 45.2 46.32 46.3 45.82 44.68 44.08 43.84 44.06 43.88 43.04 42.88 42.36 41.7 41.58 41.3 40.22 39.88 39.34 38.24 38.08 37.72 37.28 36.06 35.4 35.04 34.8 34.34 33.36 32.7 32.06 31.58 31.26 31.18 31.12 31.08
52.28 -9999 -9999 -9999 -9999 -9999 -9999 -9999 -9999 -9999 47.38 -9999 -9999 47.12 45.5 44.84 44.62 42.58 41.72 42.56 44.08 44.86 45.5 45.52 45.1 44.08 43.14 43.36 43.6 43.46 45.36 45.22 44.9 45.66 47.66 47.9 47.46 45.62 45.36 45.98 45.42 46.5 46.74 46.68 47.02 46.16 45.18 45.46 45.22 45.44 45.06 44.5 43.42 42.54 41.94 41.52 41.14 40.38 40.18 39.96 39.66 38.82 38.26 37.64 37.04 36.12 35.84 35.48 35.48 34.62 33.86 32.64 31.96 31.58 31.74 31.58 31.36
54.9 -9999 -9999 -9999 -9999 -9999 -9999 -9999 53.88 52.2 49.8 -9999 -9999 -9999 -9999 -9999 -9999 -9999 -9999 40.28 42.72 44.94 44.98 44.74 44.84 -9999 44.96 44.8 -9999 -9999 -9999 45.96 46.24 46.86 49.64 48.96 48.48 47.68 47.34 47.24 47.48 47.72 47.76 47.4 46.6 44.88 45.12 45.32 45.24 46.02 45.5 44.66 43.52 42.76 41.68 41.64 41.1 40.46 40.1 40.08 39.84 38.96 38.4 37.88 37.52 36.94 36.68 36.04 36.16 35.14 33.94 33.1 32.08 31.7 32.12 31.98 31.74
55.68 -9999 -9999 -9999 -9999 -9999 -9999 55.68 54.34 51.14 48.66 -9999 -9999 -9999 -9999 -9999 -9999 -9999 -9999 -9999 -9999 -9999 -9999 -9999 -9999 -9999 -9999 -9999 -9999 -9999 -9999 -9999 46.98 48.4 49.2 49.7 48.78 48.34 48.48 48.54 49.12 48.12 47.88 47.14 45.12 45.2 46.42 46.16 46.14 45.78 46.08 45.38 43.2 42.6 42.46 41.1 40.62 40.08 38.9 39.08 38.72 38.44 38.32 37.24 36.52 36.4 36.54 36 35.44 34.04 33.2 32.84 32.46 32.62 32.66 32.58 31.98
56.08 -9999 -9999 -9999 -9999 -9999 55.9 55.56 54.9 51.24 47.04 51.16 -9999 -9999 -9999 -9999 -9999 -9999 -9999 -9999 -9999 -9999 -9999 -9999 -9999 -9999 -9999 -9999 -9999 -9999 -9999 -9999 -9999 47.9 49.12 49.38 49.82 50.6 49.82 49.94 50.5 49.14 48.62 46.36 44.66 44.84 46.48 46.24 46.04 45.5 45.4 44.92 44 42.68 42.46 41.56 40.66 40 39.06 38.9 38.28 38.22 37.56 37.2 36.7 36.74 35.48 35 33.32 32.86 32.66 32.58 32.6 33.14 33.44 32.98 32.4
56.38 55.76 55.36 55 55.08 55.32 55.28 54.86 53.98 52.42 47.32 46.96 48.54 48.6 -9999 -9999 -9999 -9999 -9999 -9999 -9999 -9999 -9999 -9999 -9999 -9999 -9999 -9999 -9999 -9999 -9999 -9999 -9999 -9999 48.54 49.24 50.4 50.86 51.44 51.04 51.36 50.5 50.26 48.66 47.9 48.82 49 47.62 46.7 46.12 45.82 44.4 43.84 43.32 42.36 42.06 40.82 40.08 39.36 38.3 37.88 36.98 35.68 35.58 35.3 35.04 34.34 33.36 32.68 32.94 33.42 33.38 33.8 33.54 33.68 33.36 32.66
56.44 55.82 55.08 54.58 54.32 54.36 54.36 54.14 52.98 52.28 49.36 46.54 40.26 40.64 41.7 40.46 -9999 -9999 -9999 -9999 -9999 -9999 -9999 -9999 -9999 -9999 -9999 -9999 -9999 -9999 -9999 -9999 -9999 -9999 -9999 48.24 49.18 50.9 51.84 51.84 52.48 51.58 50.32 50.14 49.96 49.64 48.84 47.64 47.56 46.6 45.38 44.88 43.2 42.78 41.64 41.34 40.42 39.96 38.68 37.72 37.4 36.94 36.38 35.88 34.94 32.66 32.72 32.52 32.32 33.2 33.54 33.16 33.4 33.66 33.36 33.1 32.72
55.44 54.88 55.06 54.6 54.18 53.9 53.32 53 52.94 51.58 49.5 45.78 44 43.42 42.02 40.76 40.16 -9999 -9999 -9999 -9999 -9999 -9999 -9999 -9999 -9999 -9999 -9999 -9999 -9999 -9999 -9999 -9999 -9999 -9999 -9999 -9999 -9999 51.8 52.42 52.36 52.48 51.94 50.88 50.82 50.16 48.92 48.58 47.6 46.44 45.88 45.06 44.72 42.94 42.3 40.48 40.3 39.32 38.82 37.62 36.3 36.08 36.48 36.28 34.86 34.5 34.02 33.86 33.16 33.46 33.7 33.64 33.74 33.78 33.72 33.38 33.5
55 54.18 54.66 54.4 53.64 53.12 52.84 52.52 52.16 51 48.7 47.42 45.82 45.04 43.14 42.5 42.22 43.88 -9999 -9999 -9999 -9999 -9999 -9999 -9999 -9999 -9999 -9999 -9999 -9999 -9999 -9999 -9999 -9999 -9999 -9999 46.56 -9999 50.62 52.18 52.74 53.44 53.4 52.82 52.74 51.92 50.4 49.76 49.06 48.24 47.76 46.18 44.82 43.06 40.56 38.86 39.14 39.94 39.88 38.08 38.08 38.82 38.2 38.08 37.02 35.9 35.62 35.46 33.94 33.88 33.44 33.74 33.58 33.7 33.62 33.6 33.66
