data/default-data/raster/climate/pet_2.txt
ncols         720
nrows         360
xllcorner     -180
yllcorner     -90
cellsize      0.5
NODATA_value  -9999
[rows 34 to 67 of 360, columns 539 to 615 of 720]
0.28 0.24 0.22 0.2 0.42 0.4 0.36 0.34 0.3 0.26 0.24 0.24 0.22 0.22 0.18 0.16 0.16 0.12 0.12 0.1 0.12 0.14 0.14 0.16 0.16 0.18 0.12 0.14 0.1 0.28 0.24 0.2 0.18 0.16 0.18 0.16 0.14 0.14 0.1 0.08 0.08 0.08 0.08 0.06 0.06 0.04 0.04 0.28 0.24 0.2 0.14 0.08 0.06 0.04 0.06 0.06 0.08 0.06 0.06 0.18 0.14 0.16 0.16 0.14 0.12 0.08 0.08 0.06 0.06 0.06 0.04 0.04 0.06 0.06 0.04 0 0.02
0.28 0.28 0.26 0.24 0.24 0.22 0.42 0.4 0.3 0.28 0.3 0.28 0.22 0.2 0.2 0.16 0.16 0.14 0.16 0.1 0.12 0.14 0.12 0.16 0.16 0.28 0.2 0.18 0.18 0.08 0.32 0.26 0.18 0.18 0.16 0.12 0.1 0.06 0.06 0.06 0.06 0.06 0.06 0.06 0.06 0.06 0.04 0.02 0 0.24 0.18 0.14 0.08 0.06 0.04 0.06 0.08 0.06 0.06 0.06 0.06 0.18 0.16 0.16 0.14 0.1 0.1 0.06 0.06 0.04 0.04 0.02 0.04 0.06 0.04 0 0
0.32 0.28 0.3 0.24 0.24 0.26 0.22 0.38 0.34 0.32 0.32 0.3 0.3 0.24 0.22 0.18 0.18 0.16 0.14 0.12 0.18 0.18 0.2 0.22 0.24 0.26 0.24 0.2 0.08 0.34 0.26 0.18 0.48 0.14 0.14 0.14 0.14 0.38 0.34 0.38 0.08 0.06 0.06 0.06 0.06 0.06 0.24 0.24 0.26 0.28 0 0.22 0.18 0.06 0.06 0.1 0.06 0.04 0.04 0.32 0.3 0.28 0.22 0.18 0.14 0.12 0.08 0.08 0 0.02 0.02 0.02 0 0.02 0 0 0
0.4 0.28 0.28 0.28 0.28 0.26 0.24 0.2 0.2 0.36 0.32 0.32 0.3 0.26 0.28 0.22 0.22 0.22 0.2 0.24 0.24 0.24 0.22 0.24 0.26 0.2 0.18 0.14 0.1 0.38 0.26 0.5 0.16 0.44 0.44 0.4 0.4 0.34 0.8 0.36 0.72 0.76 0.3 0.06 0.06 0.06 0.04 0.32 0.36 0.26 0.28 0.24 0 0.16 0.08 0.08 0.04 0.02 0 0.02 0.34 0.3 0.26 0.16 0.2 0.12 0.06 0 0 0 0 0 0 0 0 0 0
0.44 0.34 0.26 0.26 0.26 0.2 0.4 0.38 0.4 0.32 0.3 0.28 0.34 0.26 0.24 0.28 0.28 0.28 0.26 0.2 0.16 0.42 0.76 0.72 0.92 1 0.76 0.38 0.4 0.34 0.6 0.56 0.5 0.8 0.76 0.78 0.76 0.68 0.64 0.72 0.74 0.68 0.68 0.78 0.38 0.06 0.06 0.06 0.08 0.08 0.34 0.06 0.06 0.14 0.58 0.1 0.08 0.04 0.42 0 0.34 0.32 0.3 0.2 0.18 0.16 0.16 0.04 0.04 0.04 0 0 0 0 0 0 0
0.7 0.94 1.2 1.34 1.38 1.28 1.08 1.2 1.04 1.18 1.18 1.14 1.16 0.98 0.96 0.8 0.74 0.72 1.14 0.96 0.9 0.74 0.72 0.44 0.98 0.74 0.4 0.16 0.14 0.36 0.32 0.82 0.8 0.8 0.78 0.8 0.8 0.74 0.68 0.56 0.66 0.72 0.72 0.76 0.36 0.1 0.1 0.08 0.12 0.1 0.1 0.08 0.06 0.18 0.12 0.1 0.1 0.08 0.5 0.08 0.42 0.28 0.28 0.2 0.16 0.14 0.14 0.18 0.14 0.12 0.12 0.04 0.04 0.04 0.06 0 0
1.42 1.36 1.56 1.3 1 0.78 0.78 0.86 0.82 0.88 0.84 0.78 0.8 0.84 0.86 0.82 0.78 0.76 0.8 0.8 0.88 0.88 0.88 0.68 0.72 0.68 0.52 0.5 0.64 0.9 0.86 0.8 0.76 0.7 0.76 0.76 0.68 0.6 0.62 0.58 0.66 0.76 0.8 0.76 0.32 0.06 0.06 0.42 0.44 0.12 0.1 0.1 0.06 0.28 0.16 0.2 0.64 0.1 0.52 0.42 0.4 0.28 0.22 0.2 0.16 0.16 0.14 0 0 0 0 0 0 0.04 0.04 0 0
0.5 1.58 1.44 1.24 1.14 0.84 0.78 0.72 0.8 0.76 0.68 0.46 0.48 0.54 0.54 0.58 0.56 0.6 0.76 0.88 0.92 0.94 0.92 0.98 1.04 0.54 0.12 0.18 0.2 0.42 0.58 0.86 0.78 0.72 0.74 0.78 0.76 0.76 0.74 0.72 0.74 0.7 0.7 0.76 0.78 0.74 0.32 0.76 0.82 0.12 0.52 0.44 0.36 0.34 0.3 0.28 0.72 0.14 0.52 0.42 0.34 0.32 0.28 0.26 0.2 0.04 0 0 0 0 0 0 0.06 0.04 0 0 0
0.8 1.44 1.3 1.72 1.64 1.44 1.12 1.12 0.88 0.96 0.76 0.64 0.58 0.6 0.62 0.68 0.68 0.6 0.6 0.72 0.8 0.88 0.88 0.92 0.7 0.5 0.2 0.24 0.22 0.22 0.22 0.16 0.16 0.12 0.12 0.1 0.06 0.32 0.32 0.28 0.22 0.52 0.5 0.48 0.52 0.42 0.38 0.4 0.46 0.48 0.44 0.42 0.36 0.34 0.32 0.3 0.74 0.18 0.66 0.56 0.52 0.44 0.44 0.36 0.34 0.06 0.06 0.04 0.02 0 0 0.1 0.08 0.06 0 0 0
0.48 0.8 1.34 1.66 1.58 1.32 1.38 1.1 1.04 1.06 0.88 0.84 0.76 0.76 0.7 0.7 0.72 0.78 0.8 0.7 0.66 0.76 0.9 0.7 0.7 0.16 0.18 0.2 0.44 0.16 0.46 0.12 0.64 0.38 0.38 0.12 0.12 0.08 0.08 0.06 0.28 0.28 0.16 0.5 0.14 0.16 0.42 0.44 0.42 0.46 0.46 0.36 0.12 0.36 0.38 0.34 0.28 0.74 0.7 0.6 0.64 0.62 0.56 0.5 0.42 0.06 0.06 0.06 0.06 0.04 0 0.12 0.08 0.04 0 0 0
1.7 1.6 1.54 1.56 1.38 1.62 1.3 1.22 1.14 1.12 1.22 1.06 1.08 0.96 1 0.94 0.74 0.8 0.84 0.86 0.82 0.88 0.92 0.26 0.3 0.26 0.28 0.18 0.64 0.64 0.88 0.62 0.64 0.64 0.88 0.62 0.68 0.34 0.68 0.9 0.52 0.84 0.86 0.54 0.8 0.54 0.74 0.48 0.84 0.82 0.82 0.84 0.36 0.16 0.36 0.82 0.7 0.74 0.7 0.7 0.68 0.62 0.56 0.54 0.52 0.06 0.06 0.06 0.06 0.06 0 0.18 0.12 0.02 0 0 0
1.3 0.98 0.98 1.28 1.72 1.5 1.54 1.4 1.22 1.28 1.18 1.18 1.16 1.16 1.02 0.86 1 0.8 0.76 0.84 0.74 0.92 0.56 0.56 0.68 0.52 0.66 0.64 0.62 0.64 0.64 0.64 0.86 0.68 0.68 0.72 0.42 0.72 0.68 0.68 0.72 0.64 0.92 0.84 0.7 0.82 0.82 0.42 0.78 0.82 0.82 0.86 0.84 0.84 0.84 0.84 0.8 0.8 0.64 0.64 0.66 0.7 0.62 0.58 0.58 0.06 0.06 0 0 0.06 0.04 0.18 0.18 0.04 0 0 0
0.46 1.1 1.3 0.56 1.18 1.62 1.52 1.58 1.26 1.36 1.16 1.12 1.08 1.14 1.06 0.9 0.86 0.84 0.86 0.76 0.74 0.82 0.68 0.74 0.78 0.66 0.7 0.88 0.86 0.88 0.86 0.94 0.9 0.84 0.9 0.88 0.94 0.86 0.94 0.84 0.66 0.72 0.66 0.84 0.78 0.84 0.74 0.76 0.76 0.76 0.74 0.8 0.84 0.82 0.84 0.84 0.86 0.4 0.38 0.34 0.82 0.68 0.7 0.72 0.72 0.16 0.02 0.04 0 0 0.06 0.26 0.1 0 0 0 0
1.26 0.82 0.8 0.76 1.62 1.52 1.44 1.48 1.36 1.22 1.26 1.14 1.08 1.06 1 0.98 0.96 0.9 0.94 0.84 0.9 0.9 0.86 0.9 0.86 0.84 0.86 0.88 0.76 0.76 0.84 0.86 0.88 0.9 0.86 0.88 0.94 0.88 0.88 0.9 0.9 0.9 0.76 0.84 0.82 0.9 0.92 0.88 0.84 0.88 0.92 0.86 0.9 0.94 0.86 0.84 0.6 0.6 0.5 0.38 0.38 0.78 0.74 0.74 0.22 0.24 0.02 0.02 0 0 0 0.06 0.16 0.06 0 0 0
0.54 0.68 1.34 1.22 1.18 1.62 0.96 1.2 1.5 1.36 1.18 1.24 1.18 1.16 1.14 1.02 0.96 1 0.98 0.96 0.66 0.96 0.96 0.96 0.88 0.88 0.86 0.88 0.88 0.9 0.74 0.74 0.76 0.78 0.72 0.88 0.9 0.84 0.84 0.84 0.84 0.84 0.86 0.86 0.86 0.9 0.84 0.84 0.84 0.94 0.92 0.64 0.94 0.98 1 1 0.62 0.64 0.66 0.6 0.46 0.38 0.32 0.28 0.28 0.22 0.02 0.02 0 0 0 0 0.06 0.16 0.02 0 0
1.18 1.06 1.8 1.52 1.66 1.34 1.08 1.02 1.04 1.14 1.48 1.36 0.8 1.12 1.04 1.02 1 1 0.92 0.9 0.9 0.92 0.42 0.46 0.46 0.72 0.76 0.9 0.84 0.9 0.86 0.9 0.94 0.78 0.92 0.82 0.92 0.78 0.72 0.94 0.9 0.94 0.92 0.94 0.9 0.92 0.94 0.92 0.88 0.96 0.98 0.8 0.78 0.74 0.44 0.76 0.66 0.74 0.72 0.14 0.1 0.52 0.4 0.38 0.32 0.02 0.02 0.02 0.02 0 0 0 0.12 0.34 0.14 0.02 0
0.9 0.84 1.2 1.6 1.5 1.14 0.82 1.08 0.66 1.02 1.1 1.14 0.94 0.56 0.78 1.02 1 0.94 0.92 0.96 0.76 0.76 0.78 0.4 0.52 0.48 0.84 0.84 0.92 0.78 0.96 0.96 0.74 0.84 0.96 0.9 0.9 0.86 0.86 0.54 0.76 0.76 0.74 0.8 0.78 0.82 0.84 0.98 0.76 0.78 0.82 0.86 0.9 0.58 0.56 0.48 0.48 0.44 0.34 0.3 0.26 0.26 0.7 0.04 0.46 0.34 0.02 0.02 0.02 0.06 0.02 0 0 0.46 0.34 0.08 0
1.1 1.14 1.4 1.42 1.34 0.82 0.96 0.58 0.48 1.08 0.66 0.88 0.7 1.08 0.94 0.94 0.94 0.68 0.84 0.8 0.72 0.46 0.5 0.52 0.56 0.54 0.54 0.88 0.88 0.6 0.84 0.64 0.88 0.86 0.68 0.84 0.9 0.9 0.9 0.64 0.62 0.9 0.88 0.82 0.8 0.84 0.8 0.98 0.98 0.8 0.86 0.58 0.32 0.3 0.32 0.7 0.64 0.62 0.58 0.56 0.38 0.26 0.22 0.1 0.06 0.04 0.04 0.04 0.04 0.04 0.04 0.04 0 0 0 0.52 0.16
0.74 1.06 0.88 1.28 1.08 1.5 1.24 1.04 1.04 1.04 1.12 0.84 0.94 0.64 0.58 0.98 0.52 0.92 0.88 0.86 0.78 0.24 0.86 0.54 0.9 0.92 0.88 0.38 0.14 0.36 0.68 0.46 0.52 0.2 0.14 0.5 0.5 0.9 0.94 0.5 0.42 0.7 0.94 0.9 0.6 0.68 0.9 0.82 0.86 0.88 0.54 0.96 0.62 0.44 0.4 0.76 0.76 0.72 0.68 0.66 0.16 0.16 0.06 0.06 0.04 0.04 0.04 0.02 0.02 0.02 0.06 0.04 0.06 0.04 0 0 0
0.7 1.08 1 0.9 1.22 1 1.28 1.42 1.28 0.94 0.94 0.86 0.78 0.72 0.68 0.86 0.86 0.9 0.48 0.42 0.36 0.62 0.88 0.98 0.98 0.74 0.38 0.8 0.8 0.58 0.26 0.34 0.36 0.38 0.42 0.46 0.38 0.28 0.82 0.28 0.54 0.74 0.78 0.76 0.98 0.96 0.9 0.88 0.88 0.92 0.9 0.78 0.38 0.62 0.6 0.62 0.54 0.58 0.52 0.38 0.72 0.2 0.14 0.06 0.06 0.02 0.02 0.02 0.02 0.02 0.04 0.04 0.06 0.06 0.04 0 0.04
0.7 0.8 0.86 1 1.32 1.2 1.52 1.36 1.2 1.02 1.14 1.1 1.06 0.92 0.96 0.92 0.9 0.56 0.54 0.84 0.82 0.74 0.7 0.2 0.76 0.76 0.76 0.78 0.82 0.6 0.82 0.56 0.42 0.7 0.42 0.6 0.46 0.56 0.46 0.88 0.88 0.9 0.62 0.32 0.52 0.56 0.52 0.84 0.46 0.5 0.54 0.28 0.22 0.7 0.72 0.32 0.76 0.76 0.66 0.62 0.52 0.4 0.26 0.56 0.36 0.2 0.02 0.02 0.02 0.02 0.08 0.04 0.04 0.08 0.06 0.06 0.02
0.84 0.52 0.86 0.8 0.78 0.9 1.34 1.16 1.02 1.06 0.98 1.08 1 1.2 0.92 0.84 0.8 0.76 0.68 0.52 0.8 0.68 0.7 0.5 0.56 0.58 0.52 0.82 0.9 0.88 0.88 0.68 0.44 0.66 0.9 0.6 0.62 0.34 0.7 0.54 0.8 0.7 0.38 0.4 0.66 0.62 0.62 0.86 0.88 0.64 0.6 0.32 0.36 0.42 0.42 0.54 0.54 0.86 0.84 0.74 0.9 0.54 0.82 0.96 0.62 0.48 0.06 0.02 0.04 0.04 0.02 0.06 0.02 0.08 0.06 0.04 0.04
0.58 0.78 0.76 0.72 0.86 1 0.64 0.78 0.92 1.04 0.96 0.68 0.86 0.94 1 0.7 0.7 0.62 0.62 0.5 0.76 0.38 0.82 0.88 0.86 0.9 0.94 0.94 0.94 0.9 0.8 0.8 0.74 0.74 0.8 0.68 0.46 0.42 0.62 0.4 0.74 0.76 0.94 0.94 0.94 1 0.38 0.98 0.94 0.9 0.88 0.76 0.76 0.82 0.66 0.72 0.72 0.68 0.6 0.58 0.82 0.6 0.7 0.58 0.74 0.62 0.48 0.22 0.14 0.04 0.02 0.02 0.02 0 0.2 0.14 0.12
0.78 0.6 0.84 0.98 0.9 0.98 0.58 1.06 1.1 0.8 0.82 0.96 0.92 0.96 0.62 0.82 0.54 0.8 0.68 0.86 0.76 0.78 0.76 0.68 0.7 0.78 0.76 0.76 0.76 0.8 0.78 0.82 0.82 0.58 0.64 0.5 0.56 0.52 0.46 0.42 0.36 0.86 0.94 0.94 0.94 0.94 0.94 0.92 0.92 0.84 0.82 0.84 0.86 0.88 0.7 0.92 0.92 0.88 0.96 0.74 0.88 0.62 0.58 0.74 0.9 0.38 0.26 0.06 0 0.02 0.02 0 0 0 0.02 0.02 0.06
0.7 0.86 1.16 1.4 1.14 1.18 1.04 0.88 0.84 0.86 0.66 1 0.98 0.98 0.94 0.5 0.7 0.92 0.86 0.92 0.86 0.82 0.8 0.8 0.66 0.56 0.46 0.96 0.9 0.86 0.9 0.9 0.92 0.9 0.72 0.76 0.76 0.84 0.84 0.82 0.84 0.9 0.9 0.98 0.98 0.98 0.92 0.92 0.76 0.68 0.72 0.7 0.88 0.66 0.7 0.76 0.96 0.98 0.84 0.82 0.94 0.88 0.48 0.38 0.58 0.34 0.2 0.08 0.1 0.12 0.1 0.06 0.06 0.02 0.24 0 0.34
1 0.98 1.1 1.32 1.46 1.14 1.12 1.34 1.22 1.08 1.12 1.1 1.02 1.08 0.84 0.98 1.04 0.68 0.54 0.86 0.46 0.38 0.36 0.54 0.5 0.5 0.44 0.68 0.86 0.86 0.88 0.98 0.96 0.96 0.98 0.92 0.74 0.9 0.94 0.9 0.96 0.92 0.92 0.94 0.94 0.94 0.92 0.84 0.8 0.78 0.94 0.98 0.98 1 0.76 0.6 0.82 0.78 0.82 0.88 0.92 0.78 0.74 0.54 0.34 0.84 0.48 0.54 0.18 0.1 0.04 0.18 0.12 0.12 0.4 0.42 0.38
0.92 1.24 1.1 1.16 1.12 1.16 1.66 1.44 1.22 1.26 1.38 1.28 1.08 1.2 1.04 1.1 1 0.94 0.8 0.72 0.44 0.76 0.76 0.7 0.5 0.54 0.68 0.74 0.84 0.76 0.74 0.94 0.94 0.96 0.94 0.94 0.74 0.86 0.94 0.96 0.96 0.96 0.92 0.8 0.82 0.82 0.78 0.92 0.94 0.98 0.98 0.98 1 1 1.1 0.96 0.96 0.68 0.64 0.62 0.62 0.68 0.9 0.56 0.46 0.64 0.62 0.54 0.44 0.18 0.06 0.22 0.28 0.2 0.16 0.1 0.04
1.16 1.04 0.94 1.06 1.08 1.24 1.38 1.28 1.3 1.16 1.14 1.14 1.1 1.18 1.18 1.06 1.02 0.94 0.92 0.98 0.86 0.6 0.54 0.6 0.52 0.82 0.78 0.78 0.76 0.76 0.86 0.94 1 0.98 0.98 0.98 0.98 0.98 0.98 0.88 1 0.84 0.86 0.9 0.94 0.9 0.84 1.02 1.02 0.96 0.96 1 1.04 0.98 1.2 1.24 1.1 1.2 0.66 0.74 0.78 0.7 0.62 0.68 0.68 0.5 0.44 0.62 0.36 0.48 0.26 0.22 0.52 0.36 0.2 0.6 0.5
1.1 1.24 1.22 1.26 1.26 1.18 1.36 1.42 1.36 1.28 1.3 1.24 1.2 1.12 1.1 1.08 1.04 1 0.96 0.88 0.74 0.86 0.56 0.82 0.82 0.86 0.8 0.72 0.88 0.9 1 1 1 0.86 1.04 1.02 1 1.02 1 0.84 0.8 0.74 1 1 0.9 1 0.94 1.04 1 0.96 0.96 0.98 1 1.04 1.06 1.04 0.98 0.78 0.96 0.94 0.9 0.58 0.58 0.82 0.56 0.78 0.78 0.94 0.5 0.34 0.52 0.7 0.76 1 0.9 0.64 0.46
1.42 1.32 1.54 1.44 1.16 1.38 1.38 1.2 1.44 1.42 1.48 1.4 1.3 1.26 1.36 1.16 1.28 1.16 1.12 1.02 0.96 0.88 0.82 0.9 0.68 0.88 0.86 0.7 0.94 0.94 0.96 1.06 1.02 1.06 1.08 1.06 1.04 1 0.94 1.02 0.96 0.9 1.02 1 1.06 1.06 0.98 0.98 0.98 1.08 1.06 1.08 1.04 1.04 1.14 1 1.4 0.92 1.12 1.34 1.1 1.06 1 1 0.78 0.58 0.56 0.92 0.72 0.52 0.8 1.12 1.28 1.04 0.92 0.98 1.08
1.56 1.8 1.44 1.68 1.64 1.5 1.62 1.38 1.54 1.48 1.3 1.4 1.44 1.36 1.36 1.36 1.3 1.24 1.2 1.1 1.02 0.88 0.82 0.92 0.8 0.84 0.94 0.94 0.92 0.94 0.98 0.94 1.02 1.02 1.06 1.06 1.04 1.04 1.06 1.04 1.06 1.06 1.08 1.1 1.08 1.04 1.06 1 1.02 0.98 1.04 1.14 1.12 1.1 1 1 1.28 1.32 1.46 1.2 1.48 1.66 1.44 1.52 1.2 1.4 1.4 0.96 0.48 0.94 1.02 1.58 1.56 0.9 1.2 1.24 0.98
1.78 1.7 1.72 1.64 1.84 1.78 2 1.84 1.78 1.48 1.3 1.12 1.2 1.32 1.34 1.32 1.3 1.38 1.1 1.1 0.94 1.08 0.98 0.9 1.02 0.98 0.84 0.86 0.96 0.9 1.02 1.06 1 1.12 1.02 1.06 1.06 1.12 1.06 1.08 1.16 1.2 1.14 1.14 1.12 1.14 1.14 1.12 1.1 1.1 1.04 1.2 1.18 1.14 1.4 1 0.98 1 1.36 1.38 1.28 1.48 1.82 1.66 1.38 1.5 1.5 1.16 1.02 0.68 0.54 1.08 1.26 1.44 1.64 1.08 0.98
1.96 1.6 2.02 1.94 1.98 2.16 2.1 2.02 1.74 1.78 1.64 1.54 1.5 1.34 1.34 1.36 1.3 1.4 1.3 1.22 1.38 1.12 1.18 0.96 1.02 1 0.9 0.98 1.04 0.98 1.08 1.02 1.08 1.12 1.1 1.12 1.2 1.06 1.2 1.3 1.22 1.22 1.12 1.12 1.16 1.2 1.18 1 1 1.04 1.08 1.22 1.4 1.3 1 0.98 1 1.7 1.2 1 1.08 1.28 1.82 1.36 1.38 1.28 1.5 1.7 1.58 1.28 0.6 1.12 1.84 1.1 1.36 1.48 1.02
2.02 2.1 2.02 2.2 2.24 2.22 2.44 2.1 1.82 1.84 1.58 1.54 1.58 1.3 1.5 1.42 1.42 1.5 1.44 1.4 1.2 1.26 1.2 1.04 1.04 1.1 0.98 1.02 1 1.1 1.04 1.06 1.08 1.08 1.48 1.28 1.1 1.18 1.62 1.16 1 1.08 1.08 1.2 1.38 1.24 1.5 1.16 1.04 1.54 1.32 1.6 1.3 1.78 1.24 1 1 1.02 1.02 1.2 1.42 1.68 1.68 1.9 1.5 1.46 1.8 1.86 1.82 1.84 1.26 1.22 1.38 1.72 1.82 1.6 1.32
