data/default-data/raster/climate/pet_10.txt
ncols         720
nrows         360
xllcorner     -180
yllcorner     -90
cellsize      0.5
NODATA_value  -9999
[rows 136 to 169 of 360, columns 308 to 384 of 720]
-9999 -9999 -9999 -9999 -9999 -9999 -9999 -9999 -9999 -9999 -9999 -9999 -9999 -9999 -9999 -9999 -9999 -9999 51.16 53.18 54.72 56.42 56.98 57.64 57.68 58 57.22 56.18 55.24 54.32 53.3 52.54 51.38 51.54 51.58 51.72 51.58 51.56 51.64 52.8 52.8 53.92 53.8 54.96 54.86 56.08 56.44 57.86 59.02 59.98 60 60.52 61.16 61.14 61.1 58.7 57.26 55.86 53.28 52 50.16 48.72 47.34 46.32 45.88 46.56 47.52 48.72 48.58 50.36 50.54 52.08 52.38 53.78 54.96 55.84 56.5
-9999 -9999 -9999 -9999 -9999 -9999 -9999 -9999 -9999 -9999 -9999 -9999 -9999 -9999 -9999 -9999 -9999 -9999 51.5 53.98 55.52 56.78 57.18 57.64 57.2 57.26 57.42 56.26 55.34 54.32 53.2 52.28 52.34 52.3 52.4 52.34 52.34 52.32 52.26 53.58 53.56 53.52 54.36 55.7 56.84 56.46 57.96 58.2 59.4 60.38 61.3 63.34 63.94 64.02 62.72 61.56 58.72 57.54 55.72 53.14 51.6 50.66 49.5 49.56 48.5 49.3 49.5 51.02 51.72 52.64 53.18 53.98 54.42 55.82 57.06 57.04 58.86
-9999 -9999 -9999 -9999 -9999 -9999 -9999 -9999 -9999 -9999 -9999 -9999 -9999 -9999 -9999 -9999 -9999 -9999 51.8 54.22 55.42 56.04 56.24 56.42 55.78 56.52 56.3 55.66 55 53.96 52.88 53.02 52.86 51.94 51.78 51.98 53.08 53.02 53.06 54.16 53.94 55.12 54.92 55.94 57 58.28 58 59.78 60.76 61.94 62.84 64.84 65.48 65.38 65.24 62.68 60.78 58.54 56.88 55.16 53.5 52.8 51.74 51.9 51.28 51.26 52.1 53.3 53.64 54.94 56.16 55.62 56.22 57.74 58.18 59.48 59.96
-9999 -9999 -9999 -9999 -9999 -9999 -9999 -9999 -9999 -9999 -9999 -9999 -9999 -9999 -9999 -9999 -9999 -9999 -9999 54.66 55.58 55.46 54.74 54.52 54.56 54.04 55.06 54.2 53.46 53.74 52.5 52.52 52.42 52.44 52.42 52.56 52.48 53.76 53.6 54.64 54.54 55.52 55.36 56.4 57.5 58.56 59.64 59.9 61.04 62.12 64.08 65.14 66.82 66.6 66.18 64.38 61.88 59.58 58.3 57.04 55.64 54.72 53.74 53.78 54.32 54.34 55 56.3 57.14 57.98 57.5 57.98 59.44 59.76 60.1 61.1 61.34
-9999 -9999 -9999 -9999 -9999 -9999 -9999 -9999 -9999 -9999 -9999 -9999 -9999 -9999 -9999 -9999 -9999 -9999 -9999 54.74 55.04 54.22 52.08 50.86 52.02 52.34 52.3 52.52 53.08 52.76 52.64 52.56 52.86 53.12 53.18 53.16 53.02 54.36 54.2 54.02 55 54.72 55.84 56.62 57.76 58.8 59.78 59.8 61.4 62.48 64.36 65.54 66.66 66.28 65.2 63.68 62.26 60.5 59.66 57.2 57.46 56.52 55.84 55.9 55.86 57.1 58.24 58.74 59.18 59.7 60.82 60.54 61.08 61.66 61.76 62.9 62.94
-9999 -9999 -9999 -9999 -9999 -9999 -9999 -9999 -9999 -9999 -9999 -9999 -9999 -9999 -9999 -9999 -9999 -9999 -9999 53.92 54.02 51.84 50.44 48.76 49.34 49.64 51.02 51.12 51.1 52.04 51.86 51.82 52.4 52.5 53.68 53.64 53.66 53.46 54.64 54.38 55.26 55.08 55.9 56.74 56.48 57.52 58.56 60.2 61.48 62.62 64.36 65.66 65.68 65.36 64.58 63.26 61.58 59.88 59.12 58 58.24 58.24 58.1 58.34 59.1 59.18 60.26 61 62.18 62.2 63.08 62.9 63.88 63.16 63.58 64.7 64.7
-9999 -9999 -9999 -9999 -9999 -9999 -9999 -9999 -9999 -9999 -9999 -9999 -9999 -9999 -9999 -9999 -9999 -9999 -9999 -9999 53.24 51.04 48.4 47.56 47.62 48.82 49.34 49.48 50.2 51.38 51.38 51.32 52.88 52.72 52.98 54.4 53.98 53.98 54.88 54.72 54.4 55.16 55.96 55.72 56.62 57.74 58.72 59.88 61.42 62.28 63.94 64.36 64.66 64.7 62.58 61.62 61.12 60.56 59.74 58.76 58.76 58.98 59.86 60.12 60.84 62.32 61.96 64.04 64.08 65.1 65.32 64.44 65.6 64.92 65.08 66.38 66.3
-9999 -9999 -9999 -9999 -9999 -9999 -9999 -9999 -9999 -9999 -9999 -9999 -9999 -9999 -9999 -9999 -9999 -9999 -9999 -9999 51.64 50.32 47.68 46.94 46.94 48.1 48.7 48.64 49.38 50.8 50.66 50.9 52.06 53.48 53.5 53.54 54.64 54.36 54.1 54.92 54.6 55.36 54.84 55.62 55.16 55.96 57.12 58.36 60.86 62.08 63.2 64.4 63.68 63.82 61.52 60.84 59.44 59.56 58.6 59 59.04 59.54 60.42 61.86 62.38 63.84 65.02 65.58 66.4 66.1 66.4 66.64 67.38 66.74 66.72 66.72 66.74
-9999 -9999 -9999 -9999 -9999 -9999 -9999 -9999 -9999 -9999 -9999 -9999 -9999 -9999 -9999 -9999 -9999 -9999 -9999 -9999 51.1 49.22 49.62 48.3 47.64 47.76 48.1 47.66 48.38 50.02 49.92 51.38 52.5 52.42 53.82 54.12 53.98 55.02 54.38 53.92 54.54 53.92 53.58 54.08 53.88 54.96 55.88 57.1 59.6 61.9 63.24 64.42 63.7 62.46 60.92 59.46 58.88 57.66 57.86 59.28 59.8 60.54 61.98 62.1 63.52 65.98 66.28 68.08 68.62 68.4 68.7 68.14 68.92 68.9 67.8 68.14 68.28
-9999 -9999 -9999 -9999 -9999 -9999 -9999 -9999 -9999 -9999 -9999 -9999 -9999 -9999 -9999 -9999 -9999 -9999 -9999 49.88 48.6 47.66 48.54 48.48 48.08 48.24 47.2 47.9 48.72 49.18 49.98 50.94 52.28 52.28 53.62 54.1 54.5 54.04 54.62 53.82 53.06 53.7 53.02 52.54 53.4 53.3 54.62 55.78 58.04 60.62 63.14 64.46 64.62 62.5 60.36 59.06 57.62 57.24 57.2 58.16 60.06 61.46 62.34 63.54 64.44 66.1 68.22 69.8 70.48 69.44 69.48 69.2 69.1 69.26 69.44 69.46 69.5
-9999 -9999 -9999 -9999 -9999 -9999 -9999 -9999 -9999 -9999 -9999 -9999 -9999 -9999 -9999 -9999 -9999 -9999 -9999 48.72 46.84 44.88 47.46 48 48.3 47.66 47.48 47.3 48 49.14 49.54 51.38 51.56 52.96 54.24 53.66 54.16 54.44 53.3 52.24 52.56 51.86 51.8 51.32 51.84 51.88 51.84 54.3 55.74 59.34 63.08 65.54 64.82 62.34 59.94 57.56 55.78 55.28 57.36 58.48 60.2 61.4 62.68 64 65.1 66.66 68.14 70.44 70.98 70.86 70.28 69.44 69.88 69.72 69.76 70.78 69.62
-9999 -9999 -9999 -9999 -9999 -9999 -9999 -9999 -9999 -9999 -9999 -9999 -9999 -9999 -9999 -9999 -9999 -9999 -9999 48.1 45.86 44.4 46.42 47.24 47.16 46.2 46.4 47.16 47 48.28 49.58 51.46 52.64 53.78 54.14 53.52 52.88 51.86 50.92 51.28 50.6 50.24 49.84 50.6 50.18 50.08 50.22 51.5 53.86 56.36 61.3 65.38 65.62 62.26 59.4 56.38 53.12 54.44 56.52 58.28 60.46 62.22 62.96 64.3 65.28 66.72 67.12 68.26 69.14 69.34 69.48 69.52 69.96 70.8 70.76 70.72 70.82
-9999 -9999 -9999 -9999 -9999 -9999 -9999 -9999 -9999 -9999 -9999 -9999 -9999 -9999 -9999 -9999 -9999 -9999 -9999 46.32 44.44 43.64 43.68 44.8 44.86 44.02 45 45.08 46.26 47.66 48.78 50.78 52.54 53.5 52.92 51.34 49.5 48.18 48.24 47.72 48.5 49.04 48.58 49.3 48.42 48.4 47.62 47.98 49.84 53.38 58.2 61.94 62.96 62.26 59.6 56.06 52.58 54.52 57.48 59.26 60.92 62.34 63.54 63.46 64.28 65.76 66.48 67.1 67.74 68.18 68.38 68.78 69.72 70.9 70.94 71.34 71.36
-9999 -9999 -9999 -9999 -9999 -9999 -9999 -9999 -9999 -9999 -9999 -9999 -9999 -9999 -9999 -9999 -9999 -9999 44.66 43.28 42.18 42 42.46 43.7 43.76 43.62 43.86 44.44 45.34 45.22 46.78 48.46 50.8 52.74 51.16 48.64 45.84 43.54 45.18 45.1 46.06 46.82 47.12 48.04 47.5 47.2 46.6 46.58 45.86 50.3 55.28 59.18 61.44 61.42 61 59.62 57.62 57.96 58.76 60.42 61.9 62.34 63.42 63.66 63.56 64.1 64.52 64.46 65.02 66.64 67.34 68.48 69.7 70.4 70.88 71.24 71.32
-9999 -9999 -9999 -9999 -9999 -9999 -9999 -9999 -9999 -9999 -9999 -9999 -9999 -9999 -9999 -9999 -9999 45.02 42.74 39.6 40.4 40.82 41.8 43.16 43.52 43.5 43.64 42.76 43.1 42.6 43.74 44.84 46.44 47.8 46.66 45.72 44.98 43.12 42.44 42.76 43.72 44.66 45.66 46.66 46.52 45.16 45.48 45.46 46.6 50.14 53.92 57.52 59.74 61.72 63.14 62.3 60.92 60.34 60.54 61.46 61.72 63.08 63.1 63.18 61.98 61.64 61.88 63.06 63.46 64.32 65.18 67.16 68.66 70.02 71.22 71.04 71.48
-9999 -9999 -9999 -9999 -9999 -9999 -9999 -9999 -9999 -9999 -9999 -9999 -9999 -9999 -9999 -9999 -9999 -9999 42.88 41.3 41 41.44 42.48 43.04 42.9 42.6 41.92 41.08 40.34 40 39.54 40.68 41.68 42.9 43.36 43.34 43.34 42.58 41.36 40.88 41.6 41.96 43.34 44.52 44.42 45.12 45.5 45.42 47.28 50.12 52.86 56.7 59.28 61.6 64.38 64.3 62.86 61.56 60.76 60.94 61.16 62.4 62.84 61.96 60 59.58 59.14 60.36 61.12 62.32 63.66 65.64 67.04 69.32 70.28 71.56 71.38
-9999 -9999 -9999 -9999 -9999 -9999 -9999 -9999 -9999 -9999 -9999 -9999 -9999 -9999 -9999 -9999 -9999 -9999 -9999 42.06 42.2 42.78 42.9 42.54 42.38 42.08 41.2 39.6 38.28 36.44 36.72 37 37.84 38.7 40.66 42.14 42.32 41.42 40.52 39.6 39.42 39.58 40.74 42.16 43.86 45.12 44.82 46.12 48.42 50.9 53.26 55.44 58.1 59.9 62.3 63.5 62.72 60.92 59.9 59.86 59.18 60.32 60.84 59.16 56.7 56.08 56.36 57.4 58.34 60.24 61.48 64.2 66 67.74 69.28 70.94 70.68
-9999 -9999 -9999 -9999 -9999 -9999 -9999 -9999 -9999 -9999 -9999 -9999 -9999 -9999 -9999 -9999 -9999 -9999 41.36 41.2 42.06 42.32 42.9 42.66 41.7 41.52 40.92 39.62 36.66 34.38 33.84 34.44 34.7 36.3 38.4 40.58 41.92 41.04 39.6 38.1 37.96 38.14 38.58 41.28 43.34 44.84 45.88 47.9 49.56 51.4 52.82 54.58 56.06 57.32 58.96 60.08 59.78 58.9 58.06 57.04 56.68 55.54 54.96 53.44 52.78 52.26 53.12 54.96 56.46 58.04 60.72 62.02 64.78 66.26 67.64 69.74 69.02
-9999 -9999 -9999 -9999 -9999 -9999 -9999 -9999 -9999 -9999 -9999 -9999 -9999 -9999 -9999 -9999 -9999 -9999 39.3 39.58 40.36 41.7 42.46 41.44 40.94 41.06 40.62 40.08 35.9 31.9 32.4 32.94 33.48 34.82 36.92 39.8 42.12 40.18 38.66 37.94 37.12 38.02 39.74 41.66 43.78 45.48 47.02 48.68 50.4 51.7 52.3 52.64 53.94 54.08 55.64 56.06 55.78 55.76 56.14 54.48 52.62 50.42 48.54 48.82 48.2 49.04 50.46 52.36 54.34 56.38 58.38 60.26 61.88 63.56 65 65.94 65.22
-9999 -9999 -9999 -9999 -9999 -9999 -9999 -9999 -9999 -9999 -9999 -9999 -9999 -9999 -9999 -9999 -9999 -9999 -9999 38.18 39.36 40.32 40.94 40.64 40.04 39.78 39.12 37.52 35.28 32.82 32.42 32.42 33.14 34.32 35.62 37.9 39.06 38.42 37.64 37.3 37.28 38.04 40.66 42.98 45.26 46.12 47.1 48.54 49.58 49.88 49.74 49.9 50.72 51.06 50.68 50.54 51.48 52 52.94 51.84 48.62 46.28 44.02 44.24 44.38 45.34 47.14 49.24 51.38 54.5 55.9 57.9 59.72 60.82 61.38 61.82 60.98
-9999 -9999 -9999 -9999 -9999 -9999 -9999 -9999 -9999 -9999 -9999 -9999 -9999 -9999 -9999 -9999 -9999 -9999 -9999 -9999 -9999 38.72 38.82 38.58 37.8 37.46 35.98 33.44 32.92 31.9 31.94 32.56 32.94 33.88 34.86 35.44 35.56 35.2 36.06 36.96 38.2 40 41.94 44.88 45.9 46.8 47.18 46.42 45.98 45.86 45.52 46.4 46.9 46.72 46.1 45.5 45.5 46.32 48.54 47.28 43.58 41.2 39.34 40.68 41.12 42.3 44.18 46.6 49.14 51.26 54.12 55.5 56.96 57.66 57.9 57.38 57.12
-9999 -9999 -9999 -9999 -9999 -9999 -9999 -9999 -9999 -9999 -9999 -9999 -9999 -9999 -9999 -9999 -9999 -9999 -9999 -9999 -9999 36.36 37.24 36.6 35.62 34.56 32.56 31.02 30.84 31.22 32.32 32.68 33.14 33.8 33.86 34.16 33.54 33.34 34.94 35.96 37.74 39.74 42.74 45.66 46.66 46.66 45.78 43.7 42.12 40.88 41 41.92 41.68 41.62 40.66 39.88 39.62 39.04 40.32 39.8 37.84 35.26 35.42 37.08 38.24 40 42 44.24 47.58 49 51.56 52.94 54 54 54.06 53.56 52.68
-9999 -9999 -9999 -9999 -9999 -9999 -9999 -9999 -9999 -9999 -9999 -9999 -9999 -9999 -9999 -9999 -9999 -9999 -9999 -9999 -9999 -9999 36.08 34.82 33.98 32.68 32.26 29.5 29.52 30.88 32.56 33.1 33.38 33.66 33.74 33.3 32.96 33.4 34.54 35.9 37.54 39.38 42.32 44.4 45.9 46.52 43.84 40.8 38.94 36.82 37.58 38.2 38.32 37.16 34.9 34.64 35.1 35.32 35.4 35.04 33.46 30.68 32.86 35.28 36.5 38.4 40.54 43.1 45.7 47.6 49.3 50.22 51.2 50.4 51.22 50.22 49.08
-9999 -9999 -9999 -9999 -9999 -9999 -9999 -9999 -9999 -9999 -9999 -9999 -9999 -9999 -9999 -9999 -9999 -9999 -9999 -9999 -9999 -9999 -9999 34.18 32.8 31.66 31.2 30.08 30.86 31.54 32.82 32.92 33.18 33.22 32.94 32.54 32.82 33.34 33.84 34.96 36.46 38.62 41.22 42.34 43.94 45.58 41.26 37.88 36.5 36.48 36.82 36.7 35.88 35.14 31.82 31.54 33.12 33.52 33.46 32.92 31.86 31.4 32.26 33.9 36.2 37.32 38.9 41.56 43.78 45.96 47.26 47.4 47.36 48.04 47.42 47.3 46.38
-9999 -9999 -9999 -9999 -9999 -9999 -9999 -9999 -9999 -9999 -9999 -9999 -9999 -9999 -9999 -9999 -9999 -9999 -9999 -9999 -9999 -9999 -9999 -9999 32.2 31.8 31.86 33.48 32.78 33.14 33.22 33.02 33.06 32.82 32.2 32.24 32.22 32.58 33.12 34.3 35.78 37.38 39.1 40.04 40.88 40.24 37.8 35.14 35.06 36.04 36.72 35.76 35.34 34.38 32.36 31.76 33.18 33.42 32.34 32.14 32.12 32.26 32.4 34.04 35.32 37.1 38.14 39.14 41.62 43.78 44.22 44.56 44.64 44.38 44.16 43.84 43.04
-9999 -9999 -9999 -9999 -9999 -9999 -9999 -9999 -9999 -9999 -9999 -9999 -9999 -9999 -9999 -9999 -9999 -9999 -9999 -9999 -9999 -9999 -9999 -9999 -9999 33.38 33.86 34.12 33.22 32.76 32.64 32.94 32.32 32.22 31.6 31.48 31.7 31.82 32.02 33.12 33.66 34.96 36.26 37.06 37.36 36.46 35.26 34.06 34.44 35.58 35.98 35.16 34.98 33.76 32.32 31.92 32.66 32.94 31.52 31.16 32.06 32.7 33.26 33.72 34.88 36 36.48 37.4 39.2 39.72 40.14 41.12 41.8 41.6 41.3 40.96 41.1
-9999 -9999 -9999 -9999 -9999 -9999 -9999 -9999 -9999 -9999 -9999 -9999 -9999 -9999 -9999 -9999 -9999 -9999 -9999 -9999 -9999 -9999 -9999 -9999 -9999 -9999 34.06 34.22 33.52 32.92 32.82 33.04 32.24 31.26 31.18 30.96 31.42 31.5 31.42 31.58 32.1 32.82 33.32 34.22 34.38 33.66 33.04 32.78 33.46 34.26 34.8 34.54 33.82 32.64 31.96 30.88 30.48 30.58 30.38 30.38 31.94 32.56 32.92 33.16 34.1 35.08 35.64 36.28 37.64 38.2 38.66 38.4 38.9 39 38.92 37.04 37.62
-9999 -9999 -9999 -9999 -9999 -9999 -9999 -9999 -9999 -9999 -9999 -9999 -9999 -9999 -9999 -9999 -9999 -9999 -9999 -9999 -9999 -9999 -9999 -9999 -9999 -9999 33.38 33.72 33.54 33.22 33.66 33.4 32.46 31.96 31.04 31.02 30.76 30.78 30.44 30.22 30.32 30.7 31.2 31.72 31.64 31.16 30.66 31.38 32.04 32.58 33.18 33.64 33.02 31.92 31.94 30.16 28.64 28.64 29.1 29.7 30.34 30.88 30.56 31.84 32.34 33.82 34.3 35.04 35.34 35.44 35.74 35.72 36.04 36.28 36.48 33.72 34.86
-9999 -9999 -9999 -9999 -9999 -9999 -9999 -9999 -9999 -9999 -9999 -9999 -9999 -9999 -9999 -9999 -9999 -9999 -9999 -9999 -9999 -9999 -9999 -9999 -9999 -9999 32.7 32.66 33.14 33.08 32.8 32.2 32.32 32.22 32.1 31.28 30.24 29.56 29.42 29.3 29.02 28.5 29.34 30.32 30.54 29.96 29.16 29.68 30.16 31.28 31.92 32.72 32.48 31.58 31.82 30.08 28.14 28.02 28.7 28.56 28.34 28 28.46 29.1 30.86 31.96 33.1 33.62 33.68 33.62 33.56 33.74 33.5 33.3 33.12 32.42 32.42
-9999 -9999 -9999 -9999 -9999 -9999 -9999 -9999 -9999 -9999 -9999 -9999 -9999 -9999 -9999 -9999 -9999 -9999 -9999 -9999 -9999 -9999 -9999 -9999 -9999 -9999 -9999 -9999 33.04 32.74 32.56 31.76 31.72 32.04 32.82 31.86 30.52 29.62 28.5 28.02 28.02 28.62 29.58 30.14 29.48 29.24 28.52 28.08 28.8 29.56 30.34 31.14 31.54 31.18 31.5 30.18 29.6 29.58 28.62 28.56 27.98 27.16 27.64 28.58 29.46 31.22 31.94 32.12 32.18 31.48 31.08 31.28 30.64 30.18 29.96 29.52 28.76
-9999 -9999 -9999 -9999 -9999 -9999 -9999 -9999 -9999 -9999 -9999 -9999 -9999 -9999 -9999 -9999 -9999 -9999 -9999 -9999 -9999 -9999 -9999 -9999 -9999 -9999 -9999 -9999 -9999 32.68 32.2 31.02 31.48 32.38 33.14 31.9 30.82 29.64 28.3 27.86 28.18 29.08 30 30.16 29.64 28.66 28.14 27.76 28.78 28.18 28.22 29.38 30.92 31.32 31.66 31.18 32.02 30.84 28.58 28.28 27.76 27.38 27.34 28.1 28.84 29.68 30.12 31.28 30.58 29.78 29.12 28.4 28.24 28.6 27.14 27.88 28.46
-9999 -9999 -9999 -9999 -9999 -9999 -9999 -9999 -9999 -9999 -9999 -9999 -9999 -9999 -9999 -9999 -9999 -9999 -9999 -9999 -9999 -9999 -9999 -9999 -9999 -9999 -9999 -9999 -9999 -9999 -9999 31.18 31 31.58 31.94 31.36 30.84 30.08 29.02 28.52 28.54 29.6 30.94 31.24 30.22 29.04 28.06 27.54 27.6 27.36 27.42 28.18 31.94 33.84 33.88 33.66 -9999 -9999 -9999 -9999 -9999 27.58 27.52 27.62 27.44 28.36 29.1 29.82 28.36 27.96 26.58 25.64 26.2 26.04 28.08 27.78 27.8
-9999 -9999 -9999 -9999 -9999 -9999 -9999 -9999 -9999 -9999 -9999 -9999 -9999 -9999 -9999 -9999 -9999 -9999 -9999 -9999 -9999 -9999 -9999 -9999 -9999 -9999 -9999 -9999 -9999 -9999 -9999 -9999 31.48 31.54 31.58 30.66 30.52 30.04 29.5 29.52 29.6 30.84 31.7 31.82 30.86 29.04 28.32 28.2 28.72 28.9 30.24 34.98 36.34 -9999 -9999 -9999 -9999 -9999 -9999 -9999 -9999 -9999 26.9 27.1 26.7 26.56 27.02 27.18 26.44 25.6 25.4 25.36 23.98 26.56 27.86 27.36 27.12
-9999 -9999 -9999 -9999 -9999 -9999 -9999 -9999 -9999 -9999 -9999 -9999 -9999 -9999 -9999 -9999 -9999 -9999 -9999 -9999 -9999 -9999 -9999 -9999 -9999 -9999 -9999 -9999 -9999 -9999 -9999 -9999 -9999 31.6 31.54 30.46 29.96 29.36 29.16 29.76 30.68 31.2 31.94 32.86 31.84 29.08 29.3 29.5 29.76 31.98 34.5 -9999 -9999 -9999 -9999 -9999 -9999 -9999 -9999 -9999 -9999 -9999 -9999 26 25.62 24.88 24.72 25.48 25.56 24.78 24.38 24.16 24.14 26.08 26.88 27.22 26.88
