data/default-data/raster/climate/pet_12.txt
ncols         720
nrows         360
xllcorner     -180
yllcorner     -90
cellsize      0.5
NODATA_value  -9999
[rows 70 to 104 of 360, columns 462 to 538 of 720]
0.72 0.6 0.6 0.74 0.54 0.56 0.82 0.72 0.9 0.96 0.84 0.92 0.82 1.12 1.02 1.4 0.92 1.02 0.5 0.72 0.54 0.58 0.5 0.74 0.72 0.62 0.78 0.62 0.5 0.46 0.44 0.7 0.7 0.62 0.66 0.72 0.64 0.64 0.66 0.62 0.68 0.66 0.6 0.46 0.62 0.56 0.54 0.58 0.96 0.94 0.78 0.9 0.86 0.7 0.78 0.76 0.74 0.62 0.62 0.56 0.58 0.64 0.64 0.72 0.74 0.56 0.86 0.78 0.46 0.46 0.32 0.44 0.4 0.96 1.82 2.08 1.22
0.8 0.68 0.94 0.9 0.58 0.94 0.66 0.78 0.78 1.04 0.9 0.76 1.08 1.02 1.64 1.24 0.86 0.8 0.58 0.4 0.6 0.6 0.58 0.52 0.84 0.74 0.58 0.56 0.74 0.72 0.6 0.54 0.94 0.82 0.8 0.8 0.44 0.94 0.86 0.84 0.82 0.64 0.68 0.64 0.82 0.8 0.86 0.98 1.04 0.96 0.88 0.88 0.66 0.9 1 1.02 1 0.9 0.7 0.72 0.66 0.78 0.82 0.72 0.48 0.7 0.66 0.6 0.58 0.64 0.34 0.52 0.42 0.48 1.62 1.74 2
0.8 0.86 0.84 0.64 1.02 0.74 0.8 0.96 0.92 1.06 0.86 0.9 1.14 1.12 1.46 0.92 0.62 0.62 0.64 0.56 0.6 0.58 0.56 0.66 0.92 0.9 0.68 0.62 0.86 0.62 0.64 0.54 0.5 0.86 0.7 0.78 0.98 0.84 0.58 0.68 0.66 0.58 0.62 0.7 0.68 0.76 0.82 1.18 1.34 1.32 1.22 1.02 0.78 0.8 0.84 0.94 0.74 0.62 0.8 0.82 0.6 0.54 0.74 0.7 0.56 0.82 0.58 0.5 0.38 0.52 0.58 0.44 0.48 0.32 0.84 1.42 2.06
0.92 0.98 0.7 1 0.9 0.86 1.04 0.98 0.9 1.16 1.02 1.04 1.16 1.28 1.18 0.94 0.68 0.72 0.64 0.56 0.7 0.66 0.68 0.66 0.74 1.12 0.82 0.64 0.64 0.82 0.8 0.64 0.9 0.74 0.54 0.72 0.94 0.9 0.82 0.62 0.7 0.54 0.56 0.6 0.66 0.72 1.14 1.18 1.44 1.3 1.46 1.24 1.02 1.08 1.14 1.14 1.06 1.02 0.76 0.74 0.84 0.68 0.76 0.92 0.64 0.72 0.46 0.5 0.4 0.44 0.42 0.4 0.48 0.6 1.64 1.52 1.3
1.06 0.86 0.96 1.12 1.18 1.12 1.5 1.5 1.22 1.16 0.98 0.92 1.1 1.36 0.94 0.62 0.72 1 0.86 0.64 0.8 0.76 0.7 0.58 0.98 0.88 1 0.98 0.66 0.92 0.74 0.56 0.76 0.62 0.54 0.92 0.6 0.76 0.78 0.94 0.68 0.76 0.62 0.66 0.88 1.12 1.2 1.1 1.4 1.4 1.4 1.12 0.92 0.94 0.9 0.94 1.04 0.9 1.14 0.82 0.88 0.96 0.92 0.76 0.6 0.54 0.6 0.42 0.58 0.46 0.34 0.42 0.56 0.84 1 0.96 1.02
1.12 1.14 1.06 1.34 1.42 1.42 1.4 1.78 1.5 1.42 1.02 0.86 0.98 1.04 1.1 1.02 0.9 1.04 1.12 1.06 0.86 0.92 0.82 0.76 0.66 0.98 0.72 0.96 0.62 0.7 0.92 0.84 1 0.86 0.88 0.8 0.84 1.1 0.74 0.9 0.9 0.68 0.82 0.66 0.96 1.16 1.02 1.04 1.2 1.2 1.06 1.02 0.98 0.94 0.94 1.3 1.32 1.22 1.14 1.12 1.18 1 1.06 0.9 0.76 0.7 0.74 0.62 0.56 0.62 0.42 0.58 0.64 0.9 1.34 1.46 1.24
1.42 1.28 1.24 1.18 1.46 1.38 1.32 1.84 1.58 1.32 1.32 1.14 0.98 1.06 1.08 1.18 0.92 1.06 1 1.12 0.9 0.9 0.94 0.92 0.96 0.86 0.98 0.86 0.96 0.94 0.9 0.76 0.84 0.88 1.04 1.06 0.78 0.88 0.7 0.82 0.72 0.9 0.8 1.32 1.32 1.04 1.46 1.4 1.48 0.94 0.9 0.86 1.26 1.26 1.32 1.24 1.18 1.12 1.38 1.36 1.18 1.28 1.16 0.92 1.12 1.24 0.82 1.44 1.48 1.62 1.62 1.42 1.32 1.8 2.06 1.86 1.68
1.32 1.22 1.2 1.24 1.52 1.48 1.74 1.48 1.58 1.54 1.24 1.12 1.1 1 1.08 1 1.16 1.3 1.06 0.82 0.94 0.96 1.14 1.14 1.1 1.14 0.72 0.72 0.8 1.04 1.04 1.04 0.94 0.94 0.92 1.22 0.84 0.94 1.02 0.66 0.58 0.82 0.68 1.2 1.7 1.34 1.34 1.3 1.3 1.38 1.38 1.08 1.16 1.32 1.28 1.34 1.58 1.62 1.54 1.5 1.56 1.06 1.14 1.28 1.84 1.94 2.62 2.46 2.38 2.78 2.44 2.78 2.64 2.26 1.88 1.48 1.14
1.3 1.34 1.46 1.54 1.38 1.6 1.66 1.68 1.42 1.44 1.3 1.34 1.24 1.2 0.88 1.1 1.26 1.04 0.96 0.9 0.84 0.84 1.3 1.28 1.2 1.24 0.9 1.04 0.76 1.02 0.92 0.78 1.06 1.1 1.1 1 1.1 1.16 0.98 0.84 0.9 0.96 1.4 1.54 1.56 2.02 1.74 1.62 1.5 1.82 1.72 1.32 1.5 1.58 1.52 1.52 1.8 1.72 1.9 1.68 1.42 1.5 1.3 1.5 2 2.78 3.12 2.86 3.02 2.66 2.64 2.74 2.34 2.32 2.06 1.64 1
1.92 1.56 1.74 1.48 1.4 1.44 1.66 1.74 1.62 1.46 1.44 1.48 1.34 1.16 1.18 0.96 1.12 1.26 1 1.38 1.22 1.16 1.3 1.44 1.4 1 0.92 0.94 1.12 1.06 0.88 0.88 0.8 0.9 1.14 1.04 0.94 1.04 0.74 0.7 0.94 1.12 1.5 1.5 1.72 1.88 1.84 1.56 1.88 2.06 2.32 1.66 1.56 1.8 1.68 1.72 1.62 1.84 2.08 1.98 1.64 1.8 1.48 1.42 1.94 2.88 3.3 2.86 2.54 2.7 2.68 2.68 1.98 1.72 1.74 1.42 1
2.02 1.92 1.72 1.64 1.32 1.52 1.56 1.86 1.38 1.46 1.4 1.12 1.38 1.08 1.18 1.1 1.3 1.3 1.28 1.24 1.04 1.24 1.16 1.16 1.22 1.22 1.12 1.28 1 0.82 1.06 1.2 1.04 1.08 1.38 1.22 1.06 1 0.88 0.98 1.02 1.6 1.84 1.96 1.88 2.22 1.88 2.14 2.12 1.96 2.42 2.56 2.52 2.62 2.36 2.24 2.06 2.4 2.58 2.58 2.3 2.56 2.38 2.24 2.04 2.12 1.36 1.54 3.08 2.7 1.86 1.5 1.82 1 1.1 1.16 1
2.16 2.02 1.84 2 1.5 1.74 1.76 1.8 1.64 1.46 1.42 1.3 1 1.16 1.28 1.22 1.32 1.42 1.24 1.16 1.04 1.28 1.14 1.7 1.54 1.7 1.44 1.32 1.04 1.06 1.1 1.06 1.6 1.52 1.14 0.9 1.04 1.18 1.22 1.18 1.36 1.3 1.52 1.94 2.4 2.18 2.36 2.5 2.16 2.24 2.34 2.48 2.5 2.62 2.7 2.68 2.62 2.72 2.76 2.98 2.96 3.06 3.14 2.88 2.44 1.52 1.22 1.66 2.36 2.8 2.58 1.88 1.32 1 1 1 1
2.24 1.96 1.96 2.22 1.8 1.62 1.64 1.7 1.66 1.3 1.3 1.2 1.16 1.1 1.4 1.6 1.26 1.2 1.16 1.48 1.54 1.58 1.3 1.6 1.74 1.74 1.62 1.3 1.38 1.3 1.06 1.46 1.52 1.42 1.06 0.96 1.12 1.06 0.96 1.18 1.36 1.56 1.92 2.12 2.5 2.38 2.22 2.68 2.4 2.26 2.44 2.1 2.4 2.46 2.74 3.2 3.16 3.04 3.2 3.24 3.42 3.44 3.3 3.12 2.2 1.76 2 2.56 2.88 2.26 2.72 2.6 1.7 1.1 1 1.04 0.98
2.54 2.54 2.28 1.98 1.78 1.86 1.82 1.86 1.86 1.62 1.46 1.24 1.18 1.08 1.54 1.6 1.32 1.28 1.62 1.58 1.34 1.88 1.62 1.62 1.66 1.56 1.44 1.6 1.36 1.3 1.58 1.48 1.58 1.28 1.34 1.18 1.16 1.06 1.24 1.36 1.42 1.56 2.14 2.24 2.34 2.38 2.14 2.28 2.12 1.96 2.16 2.38 2.28 2.38 2.68 2.82 3.18 3.24 3.2 3.4 3.8 3.82 3.4 2.9 2.3 1.52 1.26 1.22 1.18 1.38 1.9 1.88 2.3 1.88 1.82 1 0.96
2.96 2.74 2.46 2.28 2.28 1.96 1.92 1.82 1.58 1.76 1.54 1.14 1.54 1.58 1.3 1.4 1.36 1.52 1.84 1.64 1.68 1.8 1.84 1.8 1.9 1.74 1.74 1.62 1.58 1.66 1.82 1.84 1.44 1.3 1.32 1.12 1.04 1.16 1.12 1.32 1.46 1.88 1.84 2.34 2.16 2.16 1.66 1.58 1.64 1.78 2.08 2.24 2.5 2.78 2.54 2.66 2.88 3 3.28 3.38 3.74 3.8 3.62 3.28 2.62 1.8 1.48 1 0.96 1.2 1.36 1.22 1.2 0.94 1.48 1.86 1.66
3.02 2.78 2.76 2.54 2.36 2.16 2.1 1.78 1.86 1.66 1.24 1.4 1.28 1.44 1.64 1.9 1.86 2 2.04 2.02 2.06 2.34 2.18 2.12 2.06 2.14 2.12 2.06 1.76 1.86 1.82 1.7 1.62 1.46 1.54 1.38 1.3 1.4 1.4 1.78 1.76 1.66 2.04 2.26 2.4 2.08 1.66 1.36 1.58 1.92 2.26 2.52 2.42 2.86 2.88 2.9 3.02 2.98 3.14 3.2 3.44 3.68 3.92 3.8 3.5 2.86 2.7 2.2 2.96 2.88 2.52 1.9 1.1 0.92 0.68 0.78 1.1
-9999 -9999 -9999 -9999 2.88 2.5 2.32 2.18 2 1.8 1.78 1.5 1.72 1.76 1.68 1.84 2 2.3 2.22 2.42 2.48 2.68 2.54 2.4 2.44 2.4 2.62 2.08 2.14 2.14 2.04 2.12 2 1.86 1.56 1.5 1.74 1.8 1.66 1.96 2.14 2.1 2.22 2.04 2.22 2.1 1.94 1.58 1.54 1.96 2.24 2.48 2.54 2.72 2.86 2.9 2.92 3.18 3.14 3.04 3.18 2.78 3.14 3.3 3.06 2.52 3.1 2.94 2.9 3.12 2.58 2.02 1.28 0.96 0.86 0.76 0.72
-9999 -9999 -9999 -9999 2.88 2.8 2.4 2.4 2.24 2.08 1.78 1.76 1.82 1.94 2.22 2.18 2.34 2.44 -9999 -9999 2.96 3.04 2.68 2.62 2.64 2.66 2.62 2.66 2.54 2.44 2.48 2.5 2.4 2.06 2.02 2.14 2 2.1 2.02 2.06 2.3 2.3 2.58 2.32 2.3 2.38 -9999 -9999 2.1 2.32 2.52 2.46 2.68 2.74 2.94 3.18 3.2 3.08 3.14 3.08 2.66 -9999 2.36 2.62 2.2 1.48 2.62 1.74 1.7 2.12 1.64 1.58 1.22 1.2 1 0.86 0.94
-9999 -9999 -9999 -9999 3.1 2.86 2.9 2.62 2.5 2.16 2.3 2.06 2.18 2.36 2.28 2.46 -9999 -9999 -9999 -9999 2.98 3.18 3.18 3.08 3.08 3.4 3.02 3.04 3.12 3.04 2.94 2.8 2.68 2.8 2.4 2.5 2.68 2.6 2.5 2.56 2.58 2.66 2.88 2.88 2.96 -9999 2.54 2.78 2.76 2.86 2.9 3.16 2.96 3.3 3.3 3.44 3.24 3.46 3.12 3.32 3.6 2.8 1.9 2.82 1.1 1 0.96 0.82 0.86 1.12 1.2 1.24 1.02 1.08 0.9 0.98 1.32
-9999 3.92 3.9 3.66 3.38 3.42 3.26 2.8 2.76 2.6 2.52 2.4 2.54 2.74 2.78 -9999 -9999 -9999 -9999 -9999 -9999 3.64 3.82 3.82 3.78 3.76 3.72 3.72 3.42 3.48 3.52 3.24 3.08 2.98 3.14 3.06 3.16 3.02 2.92 3.04 3 3.28 3.06 3.42 3.42 3.12 3.38 3.24 3.54 3.56 3.6 3.46 3.62 3.48 3.5 3.68 3.56 3.5 3.42 3.54 3.24 2.9 1.88 0.96 2.54 1.86 1.66 1.62 1.2 1.74 1.18 1.22 1.14 1.34 1.36 1.2 1.62
4.5 4.62 4.24 3.92 3.74 3.54 3.4 3.24 3.32 3.12 3.02 3.14 3.1 3.22 3.3 -9999 -9999 -9999 -9999 -9999 -9999 4.24 4.08 4.12 4.18 3.94 4 3.96 4.14 3.88 3.92 3.8 3.62 3.82 3.58 3.54 3.62 3.4 3.32 3.38 3.44 3.68 3.68 3.76 3.76 3.7 4.08 3.88 4.06 4.04 3.98 3.86 3.96 3.8 3.74 4.04 3.66 2.96 1.6 2.82 3.3 2.86 1.46 1.1 1 1.04 1 1.18 1.26 1.3 1.18 1.22 1.24 1.4 1.3 1.42 1.3
4.76 4.66 4.38 4.28 4.48 3.9 3.94 3.82 3.7 3.42 3.54 3.66 3.48 3.6 3.92 -9999 -9999 -9999 -9999 -9999 4.28 4.24 4.26 4.72 4.56 4.62 4.48 4.6 4.26 4.46 4.54 4.2 4.16 4.46 4.08 4.08 3.92 4.04 3.96 3.98 4 3.86 4.02 4.34 4.34 4.4 4.24 4.28 4.38 4.3 4.24 4.12 4.16 4.08 4.4 4.44 4.54 4.12 4.56 3.78 3.66 3.08 2.9 2.88 2.8 2.38 2.1 2.36 1.84 1.8 1.76 1.54 1.38 1.44 1.36 1.34 1.32
5.06 4.94 4.86 4.78 4.82 4.6 4.48 4.66 4.28 4.3 4.16 4.04 4.38 4.24 4.34 4.38 4.5 -9999 -9999 4.84 4.92 4.78 4.98 4.94 4.98 5.02 4.84 4.8 4.98 5.04 4.9 4.8 5.02 4.94 5.38 5.32 4.7 4.6 4.58 4.48 4.28 4.42 4.48 4.46 4.48 4.58 4.96 4.82 4.72 4.36 4.26 4.32 4.18 4.26 4.22 4.28 4.26 4.18 4.04 3.88 3.68 3.4 3.14 3.36 2.94 2.84 1.94 2.62 2.82 3.32 3.64 3.94 3.74 3.24 2.94 3 3.32
-9999 5.5 5.48 5.34 5.06 5.06 4.9 5.14 4.82 4.64 4.68 4.48 4.78 4.52 4.96 4.88 5.06 5.28 5.22 5.12 5.46 5.54 5.28 5.38 5.28 5.34 5.34 5.28 5.32 5.66 5.56 5.42 5.32 5.36 5.5 5.42 5.5 5.5 5.3 4.62 4.7 4.54 4.74 4.72 4.96 5.14 5.24 5.32 4.88 4.56 4.26 4.44 5.04 4.96 5.2 4.96 4.98 5.24 4.7 4.24 4.22 4.62 4.3 3.56 3.5 3.28 2.82 2.56 3.2 3 2.72 3 3.12 4.02 3.8 3.52 4.04
-9999 -9999 -9999 5.88 5.9 5.94 5.74 5.54 5.1 5.14 5.14 4.96 4.98 5.3 5.1 5.5 5.48 5.6 5.82 5.8 5.8 5.8 5.86 6.04 6.22 6.1 6.26 6.06 6.12 6.32 6.2 5.8 6.14 5.98 6.06 6 6 6.06 6.44 6.08 5.84 6.26 6.64 6.26 5.76 6.04 5.82 5.4 5.1 5.16 4.44 4.32 5.1 5.14 5.46 4.9 4.92 4.8 5.14 5.04 4.78 4.08 3.78 3.22 2.8 3.82 3.76 3.78 4.02 4.04 5.16 4.24 3.64 4.78 2.58 2.1 2.12
-9999 -9999 -9999 6.52 6.46 6.26 6.12 6 5.84 5.46 5.58 5.58 5.36 5.5 5.58 5.76 5.86 6.14 6.18 6.42 6.46 6.3 6.24 6.28 6.64 7.12 6.98 7.06 7.02 6.72 6.7 6.48 6.52 6.84 6.76 6.64 6.72 6.74 8.06 6.86 6.32 6.22 6.34 5.62 5.12 4.7 4.88 4.4 4.54 4.7 5.2 4.76 -9999 5.7 4.78 4.76 4.1 3 2 2.92 3.68 3.84 4.7 5.54 4.5 4.58 4.8 5.02 5.32 5.98 5.82 5.92 5.86 5.62 4.82 3.6 3.18
-9999 -9999 -9999 7.28 7.14 6.8 6.74 6.62 6.46 5.84 6 5.84 5.64 5.82 5.96 6.22 6.24 6.62 6.72 6.84 6.98 7.02 7.14 6.98 7.08 7.36 7.78 7.98 7.44 7.38 6.96 6.98 7 7.02 7.3 7.36 7.46 8.22 7.68 7.2 7.16 7.3 7.28 6.06 6.3 6.54 5.76 5.16 4.72 4.62 4.6 4.42 3.96 3.66 3.4 3.7 4.58 4.6 4.64 5.72 6.6 5.06 5.32 4.96 5.2 4.94 3.84 4.08 4.26 5.36 5.1 5.5 5.8 5.26 5.66 5.26 4.4
-9999 -9999 -9999 -9999 -9999 -9999 7.06 6.8 6.5 6.38 6.18 6.54 6.28 6.34 6.36 6.8 6.76 6.84 7.08 7.04 7.3 7.62 7.62 7.78 8.16 8.36 8.48 8.44 8.08 7.78 7.32 7.24 7.42 7.48 7.44 7.74 7.86 8.48 8.28 8 7.52 5.62 5.5 6.22 6.54 6.08 6.32 5.3 5.48 5.14 4.82 4.4 3.84 3.86 4.28 6.36 6.38 5.54 4.76 4.82 4.82 4.92 4.88 4.36 4.1 4.06 3.86 4.12 4.16 4.24 4.36 4.52 5.8 7.16 6.9 5.7 5.96
-9999 -9999 -9999 -9999 8.7 8.44 7.64 7.2 6.92 6.84 6.6 6.66 6.66 6.64 6.94 7.08 7.04 7.18 7.56 7.44 7.84 8.04 7.96 8.2 8.4 8.7 8.48 8.3 8.26 8.32 8.12 7.68 7.44 7.54 7.44 7.58 7.8 8.68 9.22 6.48 5.86 4.96 4.4 4.32 6.1 6.78 4.88 4.36 4.84 4.94 4.64 4.8 4.88 5.2 6.04 6.9 7.14 7.1 4.3 4.36 4.36 4.3 4.34 3.92 3.82 4.02 4 4.18 4.24 4.34 4.42 4.48 4.56 4.64 4.88 5 4.7
-9999 -9999 -9999 9.86 9.84 9.14 8.18 7.8 7.18 7.38 7.34 7.1 7.08 7.08 6.92 7.26 7.24 7.52 8.02 8.32 8.46 8.6 8.6 8.6 8.62 8.64 8.4 8.72 8.88 9.08 9.26 9.1 9.28 7.76 7.68 7.62 7.66 7.68 7.62 7.06 7.28 5.88 6.72 6.16 7.66 6.6 5.98 4.6 5.16 5 5.42 6.12 6.62 6.64 7.32 7.48 5.36 5.36 4.34 4.22 4.54 4.36 4.3 3.88 3.82 3.94 4.04 4.16 4.24 4.4 4.4 4.5 4.68 4.78 4.72 4.56 4.5
-9999 -9999 -9999 -9999 -9999 9.46 8.68 9.22 7.74 7.56 7.6 7.56 7.54 7.4 7.44 7.44 7.54 7.88 8.44 8.64 8.74 8.92 9.1 9.04 9.08 8.86 8.78 8.9 8.96 9.04 8.62 8.2 8.46 11.38 10.92 11.48 11.72 10.8 9.2 9.22 7.88 6.62 7.3 6.16 6.28 5.62 6.48 6.34 6.6 5.32 4.38 3.94 3.98 4.12 4.42 4.34 4.54 4.76 5 5 5.06 4.46 4.18 4.14 4.28 4.46 4.54 4.68 4.68 4.86 4.92 5.04 5.4 5.58 5.66 5.44 4.88
-9999 -9999 -9999 -9999 -9999 9.18 8.68 8.6 8.56 8.54 8.36 8.34 8.22 7.96 7.9 7.76 8.2 8.28 8.68 9.16 9.52 9.58 9.96 9.8 9.4 9.4 9.18 9.22 8.98 8.88 8.88 8.88 10.98 11.82 10.6 10.34 8.98 8.46 9.56 9.04 7.64 5.52 5.56 4.7 4.92 4.74 5.54 5.8 6.8 4.96 4.3 4.08 3.94 3.92 4.1 4.38 4.6 4.66 5.14 5.12 5.2 4.42 4.32 4.48 4.1 4.18 4.34 4.46 4.56 4.66 4.76 4.92 5.26 5.62 5.98 6.08 5.54
-9999 -9999 -9999 -9999 -9999 -9999 9.04 8.74 9.08 9.8 10 9.72 8.76 8.28 8.36 8.22 8.68 8.82 9.44 9.82 10.16 10.46 10.4 10.48 10.04 9.84 9.68 9.32 9.22 9.26 9.26 9.56 12.54 12.56 11.58 10.64 10.96 10.38 10.1 9.08 7.46 6.34 5.02 5.42 5.7 5.26 5.66 5.86 5.2 6.3 5.26 4.38 4.18 4.22 4.44 4.84 5.18 5.34 5.44 5.34 5.24 4.68 4.7 5 5 4.66 4.82 5.28 5.12 4.98 5.16 5.3 5.02 7.46 8.5 7.6 7.2
-9999 -9999 -9999 -9999 -9999 -9999 9 9.04 9.16 9.5 10.46 11.96 12.34 9.74 8.7 8.76 8.76 9.24 9.86 10.42 10.96 11.14 11.54 10.96 10.78 10.16 9.82 9.56 9.56 9.76 10.04 10.62 10.98 9.46 9 8.7 8.48 7.96 9.4 8.3 7.5 7.14 6.3 6.72 5.8 5.74 5.96 5.74 4.98 6.08 6.98 5.48 4.06 4.34 4.68 5.02 5.32 5.6 5.56 5.48 5.42 5.04 5.22 5.06 4.82 4.84 4.84 5.2 5.3 5.3 5.56 7.86 7.52 6.4 6.98 6.28 6.7
-9999 -9999 -9999 -9999 -9999 -9999 8.92 9.38 9.36 9.94 11.14 11.5 12.68 14.34 14.16 10.64 9.54 9.84 10.64 10.98 11.68 12 12.2 11.8 11.2 10.7 10.32 9.94 9.66 9.54 9.8 9.8 9.28 9.08 8.38 7.68 7.84 7.38 8.22 8.84 8.44 7.32 5.78 5.94 5.7 6 5.6 5.3 5.98 6.04 6.84 6.94 5.18 4.88 5.08 5.68 6.12 6.16 5.72 5.62 5.48 5.4 5.2 4.92 4.74 4.76 4.78 4.94 5.5 6.34 7.16 6.1 6.12 5.44 5.44 6.5 6.84
