data/default-data/raster/climate/pet_12.txt
ncols         720
nrows         360
xllcorner     -180
yllcorner     -90
cellsize      0.5
NODATA_value  -9999
[rows 35 to 69 of 360, columns 616 to 692 of 720]
0.06 0.02 -9999 -9999 -9999 -9999 -9999 -9999 -9999 -9999 -9999 -9999 -9999 -9999 -9999 -9999 -9999 -9999 -9999 -9999 -9999 -9999 -9999 0.08 0.08 0.08 0 0 0 0.02 0 0 0.02 0.02 0.04 0 0 0 0 0.02 0.02 0.02 -9999 -9999 -9999 -9999 -9999 -9999 -9999 -9999 -9999 -9999 -9999 -9999 -9999 -9999 -9999 -9999 -9999 -9999 -9999 -9999 -9999 -9999 -9999 -9999 -9999 -9999 -9999 -9999 -9999 -9999 -9999 -9999 -9999 -9999 -9999
0 0 -9999 -9999 -9999 -9999 -9999 -9999 -9999 0 -9999 -9999 -9999 -9999 -9999 -9999 -9999 -9999 -9999 -9999 -9999 -9999 -9999 0.08 0.08 0.02 0.02 0 0 0.02 0 0 0.02 0.04 0.04 0 0 0 0 0 0.02 0.02 0.02 0.02 -9999 -9999 -9999 -9999 -9999 -9999 -9999 -9999 -9999 -9999 -9999 -9999 -9999 -9999 -9999 -9999 -9999 -9999 -9999 -9999 -9999 -9999 -9999 -9999 -9999 -9999 -9999 -9999 -9999 -9999 -9999 -9999 -9999
0 0 0 -9999 -9999 -9999 -9999 -9999 0 0 0.02 0.02 0 0 0 0 0.02 0.02 0.06 0.06 0.06 0.06 0.04 0.08 0.08 0.02 0.02 0 0 0 0 0 0.02 0.04 0.04 0 0 0 0.02 0 0 0 0 0 0.54 0.02 0.5 0.48 -9999 -9999 -9999 -9999 -9999 -9999 -9999 -9999 -9999 -9999 -9999 -9999 -9999 -9999 -9999 -9999 -9999 -9999 -9999 -9999 -9999 -9999 -9999 -9999 -9999 -9999 -9999 -9999 -9999
0 0 0 0 0 0 0 0 0 0 0.02 0 0 0 0 0 0 0.02 0.02 0.02 0.06 0.06 0.06 0.08 0.08 0.02 0.02 0 0 0 0 0.02 0.02 0.04 0 0 0 0 0.02 0 0.08 0 0.58 0.56 0.54 0.52 0.5 0.48 0.44 0.36 0.38 0.36 0.38 0.38 0.32 0.42 0.48 0.58 0.66 0.12 0.2 0.3 0.38 -9999 -9999 -9999 -9999 -9999 -9999 -9999 -9999 -9999 -9999 -9999 -9999 -9999 -9999
0 0 0 0 0 0 0 0 0 0 0 0 0 0 0 0 0 0 0 0 0.04 0.04 0.04 0.02 0.04 0.08 0.02 0 0 0 0 0.02 0.04 0.06 0 0 0 0 0.04 0 0 0.82 0.84 0.84 0.86 0.48 0.5 0.44 0.3 0.82 0.38 0.38 0.36 0.38 0.4 0.58 0.58 0.64 0.1 0.16 0.28 0.34 0.36 0.06 -9999 -9999 -9999 -9999 -9999 -9999 -9999 -9999 -9999 -9999 -9999 -9999 -9999
0 0 0 0 0 0 0 0 0 0 0 0 0 0 0 0 0 0 0 0 0 0 0 0 0 0.02 0.02 0.06 0.08 0 0 0 0.02 0.04 0.08 0 0 0 0.08 0.02 0.46 0.4 0.82 0.84 0.86 0.74 0.82 0.42 0.34 0.76 0.84 0.9 0.32 0.42 0.44 0.62 0.6 0.62 0.84 0.2 0.32 0.34 0.46 0.08 -9999 -9999 -9999 -9999 -9999 -9999 -9999 0.42 -9999 -9999 -9999 -9999 -9999
0 0 0 0 0 0 0 0 0 0 0 0 0 0 0 0 0 0 0 0 0 0 0 0 0 0.02 0.04 0.04 0.08 0.06 0 0 0.02 0.02 0.04 0 0 0 0.02 0.08 0.04 0.32 0.78 0.5 0.54 0.46 0.44 0.36 0.3 0.3 0.36 0.36 0.36 0.44 0.5 0.56 0.74 0.08 0.16 0.3 0.34 0.46 0.08 0.08 0.14 0.22 0.34 0.34 1.1 1.5 1.18 1.12 1.18 0.78 0.78 1.2 0.16
0 0 0 0 0 0 0 0 0 0 0 0 0 0 0 0 0 0 0 0 0 0 0 0 0 0.02 0.02 0.04 0 0 0 0 0.02 0.04 0.04 0 0 0 0.02 0.06 0.04 0.04 0.02 0 0 0.38 0.38 0.28 0.26 0.32 0.36 0.38 0.42 0.48 0.54 0.66 0.06 0.16 0.22 0.34 0.42 0.08 0.08 0.08 0.3 0.38 0.44 0.48 0.68 1.56 0.74 0.44 0.8 1.52 1.26 1.26 1.52
0 0 0 0 0 0 0 0 0 0 0 0 0 0 0 0 0 0 0 0 0 0 0 0 0 0 0 0 0 0 0 0 0.02 0.02 0.06 0.08 0 0.02 0.02 0.16 0.16 0.04 0.04 0.02 0 0.22 0.24 0.24 0.26 0.22 0.36 0.44 0.48 0.54 0.06 0.06 0.1 0.22 0.28 0.56 0.06 0.66 0.18 0.32 0.4 0.46 0.48 0.12 0.14 0.14 0.46 0.16 0.5 0.58 1.42 1.52 1.52
0 0 0 0 0 0 0 0 0 0 0 0 0 0 0 0 0 0 0 0 0 0 0 0 0 0 0 0 0.02 0 0 0 0 0.04 0.06 0.04 0 0.02 0.04 0.54 0.66 0.58 0.6 0.14 0.14 0.18 0.2 0.22 0.24 0.24 0.28 0.4 0.02 0.06 0.08 0.1 0.24 0.28 0.36 0.98 1.06 0.76 1.6 1.58 1.3 0.52 0.16 0.26 0.22 0.2 0.56 1.02 1.02 1.12 1.12 0.74 0.72
0 0 0 0 0 0 0 0 0 0 0 0 0 0 0 0 0 0 0 0 0 0 0 0 0 0 0 0 0 0.02 0 0.02 0.04 0 0.04 0.08 0 0.04 0.04 0.12 0.54 0.62 0.62 0.1 0.04 0.04 0.26 0.2 0.22 0.28 0.02 0.34 0.92 0.54 0.1 0.82 0.88 0.88 0.9 1.56 1.58 1.24 0.86 1.46 1.68 1.74 0.98 0.62 0.38 0.66 1.08 1.16 1.18 0.84 1.64 1.8 1.72
0 0 0 0 0 0 0 0 0 0 0 0 0 0 0 0 0 0 0 0 0 0 0 0 0 0 0 0 0 0.02 0 0 0 0 0.02 0.14 0.08 0.02 0.04 0 0 0 0.02 0.02 0.02 0.02 0.22 0.02 0.02 0.16 0.22 0.78 0.82 0.86 0.12 1.08 1.12 1.1 1.46 1.04 1.68 1.66 1.46 1.7 1.9 1.04 0.98 1.28 0.36 0.2 0.26 0.54 0.94 0.96 1 1.4 1.86
0 0 0 0 0 0 0 0 0 0 0 0 0 0 0 0 0 0 0 0 0 0 0 0 0 0 0 0 0 0 0.02 0.02 0 0.02 0.02 0.02 0.04 0.12 0.3 0.48 0.18 0 0 0.02 0.04 0.04 0.02 0.12 0.66 0.72 0.18 0.66 0.68 0.76 0.86 0.94 1.06 1.16 1.44 1.64 1.6 1.68 1.66 1.92 1.92 1.9 1.9 2 1.8 1.46 1.94 2 1.9 1.9 1.98 2.04 1.76
0 0 0 0 0 0 0 0 0 0 0 0 0 0 0 0 0 0 0 0 0 0 0 0 0 0 0 0 0 0 0 0 0.02 0.02 0.02 0.1 0.12 0.04 0.14 0.16 0.3 0.26 0.54 0.08 0.04 0.04 0.04 0.66 0.56 0.64 0.68 0.72 0.6 0.76 0.76 1.1 1.22 1.3 1.26 1.48 1.74 0.94 1.68 1.98 1.74 1.74 1.78 1.9 1.96 1.82 1.78 1.8 1.78 1.7 1.84 1.7 2
0 0 0 0 0 0 0 0 0 0 0 0 0 0 0 0 0 0 0 0 0 0 0 0 0 0 0 0 0 0 0 0 0 0 0 0 0.02 0.44 0.18 0.04 0.1 0.18 0.22 0.04 0.04 0.04 0.02 0.1 0.64 0.72 0.68 0.72 0.76 0.86 0.24 0.88 1.24 1.44 1.46 1.46 1.42 1.74 1.88 1.92 1.38 1.48 2.28 2.14 2.02 2.02 1.84 2.12 2.12 2.2 1.9 1.92 2.04
0 0 0 0 0 0 0 0 0 0 0 0 0 0 0 0 0 0 0 0 0 0 0 0 0 0 0 0 0 0 0 0 0 0.02 0.02 0.02 0.02 0.02 0.2 0.5 0.44 0.42 0.46 0.42 0.68 0.02 0 0 0.72 0.3 0.74 0.8 0.52 0.94 1.08 0.9 1.06 1.08 1.66 1.58 1.48 1.58 1.62 1.82 1.48 1.14 2.02 2.42 2.34 2.14 2.08 2.32 2.56 2.22 2.44 2.56 2.62
0 0 0 0 0 0 0 0 0 0 0 0 0 0 0 0 0 0 0 0 0 0 0 0 0 0 0 0 0 0 0 0 0 0.02 0.02 0.02 0.04 0.08 0.02 0.22 0.5 0.6 0.62 0.6 0.52 0.52 0.14 0.72 0.7 0.66 0.74 0.76 0.24 0.34 0.84 1.16 1.42 1.32 1.62 1.42 1.26 1.58 1.72 1.62 1.92 2.34 2.54 2.6 2.76 2.7 2.48 2.66 2.44 2.5 2.22 2.24 2.14
0.02 0.06 0 0.02 0.02 0 0 0 0 0 0 0 0 0 0 0 0 0 0 0 0 0 0 0 0 0 0 0 0 0 0 0 0 0.02 0.02 0.14 0.18 0.16 0.14 0.24 0.48 0.5 0.56 0.62 0.64 0.66 0.62 0.66 0.7 0.7 0.5 0.88 0.28 0.94 0.98 0.98 1.4 1.34 1.52 1.6 1.58 1.58 1.6 1.92 2 2.3 2.66 2.7 2.86 2.82 2.9 2.96 3.2 3.2 3.28 3.06 3.14
0.02 0 0 0 0 0 0 0 0 0 0 0 0 0 0 0 0 0 0 0 0 0 0 0 0 0 0 0 0 0 0 0.02 0.02 0.02 0.02 0.12 0.26 0.42 0.48 0.6 0.42 0.58 0.64 0.76 0.78 0.72 0.46 0.6 0.7 0.78 0.78 0.9 1.06 1.02 1 1.42 1.38 1.46 1.46 1.52 1.62 1.76 1.9 2 2.4 2.48 2.12 2.48 2.98 3.06 2.92 3.42 2.94 2.6 2.94 2.38 2.38
0.02 0.02 0 0 0 0 0 0 0 0 0 0 0 0 0 0 0 0 0.02 0 0 0 0 0 0 0 0 0 0 0 0 0.02 0.02 0.02 0.02 0.3 0.5 0.58 0.6 0.64 0.74 0.64 0.72 0.82 0.92 0.68 0.9 0.84 0.04 0.44 0.58 0.78 1.12 1.24 1.24 1.28 1.56 1.52 1.44 1.44 1.88 2 2.12 2.18 1.7 1.52 0.54 0.56 0.6 0.48 0.64 0.84 0.96 1.44 2.38 2.56 2.34
0.02 0.02 0 0 0 0 0 0 0 0 0 0 0 0 0 0 0 0.04 0.02 0.02 0.02 0 0 0 0 0 0 0 0 0 0 0.04 0.06 0.08 0.2 0.44 0.42 0.58 0.78 0.8 0.84 0.8 0.76 0.96 1.28 1.24 0.92 0.9 0.96 0.86 1.08 0.88 1.2 1.34 1.36 1.54 1.54 1.78 1.68 1.82 2.18 1.1 2.02 0.98 0.34 0.52 0.72 0.4 1.06 0.7 0.56 -9999 0.74 1.24 1.14 1.9 2.02
0.06 0.04 0 0 0 0 0 0 0.02 0 0 0 0.02 0 0 0.06 0.06 0.02 0 0 0 0.02 0.02 0 0.02 0.04 0.02 0.04 0.04 0.04 0.04 0.1 0.14 0.22 0.4 0.5 0.5 0.74 0.9 0.88 1 1.22 1.42 1.3 0.96 1.12 1.14 1.12 1.14 1.24 1.28 0.88 1.56 1.54 1.56 1.66 1.8 1.22 0.62 0.48 0.6 -9999 -9999 0.32 0.3 0.46 2.08 1.1 0.92 0.6 -9999 -9999 1.32 1.72 1.56 1.64 1.46
0 0 0 0 0 0 0 0 0.02 0.02 0 0.04 0.06 0 0 0.1 0.12 0.04 0.04 0.04 0.06 0.06 0.08 0.06 0.08 0.26 0.08 0.2 0.36 0.36 0.36 0.46 0.42 0.44 0.58 0.82 0.8 0.82 0.92 1.1 1.18 1.46 1.62 1.72 1.64 1.76 1.62 1.58 1.56 1.68 1.64 1.64 1.68 1.8 1.74 1.82 1.18 -9999 -9999 -9999 -9999 -9999 -9999 -9999 0.56 0.54 0.6 0.48 -9999 -9999 -9999 0.58 1.02 1.48 2.52 2.52 2.72
0.12 0.38 0.3 0.12 0.1 0.04 0.04 0 0 0.02 0 0 0 0 0.06 0.04 0.24 0.14 0.1 0.3 0.12 0.14 0.22 0.22 0.4 0.58 0.58 0.44 0.6 0.7 0.68 0.8 0.72 0.98 1.16 1.08 1.32 1.34 1.68 1.72 1.92 2.04 2.12 1.94 2 2.06 2.04 1.98 1.76 1.86 1.96 1.9 2.16 1.76 1.52 0.68 -9999 -9999 -9999 -9999 -9999 -9999 -9999 -9999 -9999 0.66 -9999 -9999 -9999 -9999 1.06 0.7 0.9 1.72 2.48 2.04 1.34
0.02 0.02 0 0 0 0 0 0 0 0 0.02 0 0 0 0.04 0.1 0.3 0.26 0.28 0.48 0.34 0.56 0.54 0.7 0.72 0.78 0.8 0.92 1.1 0.74 1.06 1.3 1.26 1.32 0.46 1.16 1.06 0.54 0.44 0.36 1.48 1.3 2.08 3.02 2.78 2.82 3.1 2.54 2.8 2.16 1.44 1.3 0.4 0.4 -9999 -9999 -9999 -9999 -9999 -9999 -9999 -9999 -9999 -9999 -9999 -9999 -9999 -9999 0.66 0.68 0.94 0.96 0.74 0.98 1.28 1 1.12
0.02 0 0 0 0 0 0 0 0 0 0 0 0 0 0.04 0.18 0.38 0.32 0.32 0.66 0.64 0.66 0.66 0.8 0.92 1.02 1.28 1.06 0.62 0.18 0.24 1.04 1 0.98 0.94 0.3 0.24 0.26 0.42 0.08 0.84 0.78 0.56 0.74 1.26 1.8 1.1 1.06 1.52 1.02 0.66 0.52 0.4 -9999 -9999 -9999 -9999 -9999 -9999 -9999 -9999 -9999 -9999 -9999 -9999 -9999 0.96 1.12 1.02 1.28 0.7 -9999 -9999 -9999 -9999 -9999 -9999
0.04 0.02 0 0 0 0 0 0 0 0 0.06 0.04 0.04 0.12 0.02 0.42 0.56 0.56 0.66 0.66 0.78 0.98 1 1.04 1.42 1.4 1.18 0.84 -9999 0.2 -9999 -9999 -9999 -9999 -9999 -9999 0.12 -9999 0.2 -9999 -9999 -9999 -9999 -9999 -9999 -9999 -9999 1.26 0.92 1.12 1.06 0.5 0.48 0.4 -9999 -9999 -9999 -9999 -9999 -9999 -9999 -9999 -9999 -9999 0.6 0.82 1.42 3 1.38 0.78 -9999 -9999 -9999 -9999 -9999 -9999 -9999
0 0 0.04 0 0 0 0 0 0.08 0.18 0.02 0.12 0.34 0.38 0.44 0.6 0.7 0.64 0.76 0.96 1.14 1.14 1.16 1.52 1.6 0.92 1.32 0.26 -9999 -9999 -9999 -9999 -9999 -9999 -9999 -9999 -9999 -9999 -9999 -9999 -9999 -9999 -9999 -9999 -9999 -9999 -9999 -9999 -9999 -9999 -9999 -9999 -9999 -9999 -9999 -9999 -9999 -9999 -9999 -9999 -9999 -9999 -9999 0.64 0.64 1.26 2.5 0.98 0.88 -9999 -9999 0.8 0.94 -9999 -9999 -9999 -9999
0.58 0.44 0.08 0.04 0 0 0.08 0 0.08 0.26 0.1 0.3 0.32 0.54 0.74 0.8 0.82 0.9 0.94 1.1 1.2 1.16 1.4 1.8 1.5 0.7 -9999 -9999 -9999 -9999 -9999 -9999 -9999 -9999 -9999 -9999 -9999 -9999 -9999 -9999 -9999 -9999 -9999 -9999 -9999 -9999 -9999 -9999 -9999 -9999 -9999 -9999 -9999 -9999 -9999 -9999 -9999 -9999 -9999 -9999 -9999 0.76 0.66 0.78 0.82 3.28 0.9 0.8 -9999 -9999 -9999 -9999 -9999 -9999 -9999 -9999 -9999
0.34 0.02 0.02 0.04 0 0.04 0.04 0 0.02 0.04 0.04 0.18 0.46 0.6 0.86 0.9 0.72 1.18 1.42 1.32 1.62 1.44 1.66 1.92 0.7 -9999 -9999 -9999 -9999 -9999 -9999 -9999 -9999 -9999 -9999 -9999 -9999 -9999 -9999 -9999 -9999 -9999 -9999 -9999 -9999 -9999 -9999 -9999 -9999 -9999 -9999 -9999 -9999 -9999 -9999 -9999 -9999 -9999 0.62 0.4 0.64 0.62 0.58 0.56 1.64 3.18 0.84 0.7 0.7 0.88 -9999 -9999 -9999 -9999 -9999 -9999 -9999
0.48 0.08 0.06 0.04 0.04 0.04 0.04 0.02 0.02 0.06 0.32 0.52 0.58 0.74 0.86 1 1.06 0.92 1.2 1.32 1.88 2.12 1.28 -9999 -9999 -9999 -9999 -9999 -9999 -9999 -9999 -9999 -9999 -9999 -9999 -9999 -9999 -9999 -9999 -9999 -9999 -9999 -9999 -9999 -9999 -9999 -9999 -9999 -9999 -9999 -9999 -9999 -9999 -9999 -9999 -9999 -9999 -9999 0.38 0.54 0.36 0.5 0.48 0.82 2.58 0.84 0.98 1.02 0.9 0.96 -9999 -9999 -9999 -9999 -9999 -9999 -9999
0.2 0.06 0.02 0.02 0.02 0.02 0.02 0.02 0.02 0 0.14 0.46 0.66 0.82 0.92 0.96 1.04 0.96 1.18 2.14 1.72 -9999 -9999 -9999 -9999 -9999 -9999 -9999 -9999 -9999 -9999 -9999 -9999 -9999 -9999 -9999 -9999 -9999 -9999 -9999 -9999 -9999 -9999 -9999 -9999 -9999 -9999 -9999 -9999 -9999 -9999 -9999 -9999 -9999 -9999 -9999 0.68 0.54 0.54 0.4 1.12 1.14 1.34 2.44 1.08 0.72 1.42 0.9 0.98 1.02 -9999 -9999 -9999 -9999 -9999 -9999 -9999
0.52 0.12 0.02 0.02 0.02 0.02 0.02 0.02 0 0 0.06 0.3 0.42 0.66 0.88 0.94 0.96 1.12 1.86 1.76 -9999 -9999 -9999 -9999 -9999 -9999 -9999 -9999 -9999 -9999 -9999 -9999 -9999 -9999 -9999 -9999 -9999 -9999 -9999 -9999 -9999 -9999 -9999 -9999 -9999 -9999 -9999 -9999 -9999 -9999 -9999 -9999 -9999 -9999 -9999 1.3 1 1.2 0.92 1.9 2.64 2.92 2.78 0.92 2.22 2.52 0.8 0.76 1.02 1.12 0.96 -9999 -9999 -9999 -9999 -9999 -9999
0.24 0.22 0.02 0.02 0 0 0 0 0 0 0 0.12 0.5 0.68 0.78 0.92 1.34 1.32 -9999 -9999 -9999 -9999 -9999 -9999 -9999 -9999 -9999 -9999 -9999 -9999 -9999 -9999 -9999 -9999 -9999 -9999 -9999 -9999 -9999 -9999 -9999 -9999 -9999 -9999 -9999 -9999 -9999 -9999 -9999 -9999 -9999 -9999 -9999 -9999 -9999 1.96 1.86 1.36 2.42 4.06 3.72 3.38 0.9 0.58 2.3 2.6 1 0.78 -9999 -9999 -9999 -9999 -9999 -9999 -9999 -9999 -9999
0.28 0.42 0.38 0.04 0.06 0.02 0 0 0.12 0.16 0.34 0.52 0.58 0.78 0.96 0.9 -9999 -9999 -9999 -9999 -9999 -9999 -9999 -9999 -9999 -9999 -9999 -9999 -9999 -9999 -9999 -9999 -9999 -9999 -9999 -9999 -9999 -9999 -9999 -9999 -9999 -9999 -9999 -9999 -9999 -9999 -9999 -9999 -9999 -9999 -9999 -9999 -9999 -9999 -9999 2.36 1.92 1.96 2.76 3.26 2.78 1.4 0.94 0.86 1.98 3.04 1.12 0.82 -9999 -9999 -9999 -9999 -9999 -9999 -9999 -9999 -9999
