data/default-data/raster/climate/pet_10.txt
ncols         720
nrows         360
xllcorner     -180
yllcorner     -90
cellsize      0.5
NODATA_value  -9999
[rows 68 to 101 of 360, columns 539 to 615 of 720]
7.5 7.52 7.54 7.44 7.4 7.58 7.44 7.54 7.3 7.28 7 7.04 7.1 7 7.04 7 6.82 6.82 6.7 6.48 6.14 5.92 5.62 5.38 5.14 5.2 5.02 4.92 5.14 5.24 5.22 5.1 5.12 5.44 5.48 5.68 5.44 5.8 6.68 6.06 5.72 6.66 7.18 6.5 7.02 6.86 7 6.58 6.92 7.58 7 6.76 6.02 6.62 6.74 6.46 6.76 6.74 6.66 6.36 5.82 5.74 5.84 5.4 5.48 5 4.78 4.96 5.04 5.26 5.1 5.02 5 5.78 5.36 5.46 5.8
7.72 7.7 7.66 7.7 7.62 7.52 7.4 7.5 7.64 7.32 7.4 7.36 7.38 7.04 7.2 7.14 7.04 7.04 7.06 6.8 6.52 6.2 6.22 6.04 5.66 5.44 5.4 5.46 5.52 5.54 5.32 5.46 5.68 5.92 5.66 5.76 5.84 5.88 6.92 -9999 5.96 7.08 7.76 6.72 7.82 7.04 7.12 6.62 6.42 6.98 7 7.04 6.5 6.46 6.7 6.68 6.88 6.8 6.68 6.8 6.34 5.84 6.06 5.76 5.7 5.66 5.52 5.36 5.16 5.06 5.06 5.04 5.28 5.3 5.54 5.24 5.6
7.74 7.82 7.8 7.82 7.62 7.68 7.74 7.6 7.52 7.68 7.4 7.32 7.36 7.34 7.38 7.56 7.26 7.22 7.36 7.2 7 6.88 6.7 6.32 6.14 6.06 5.86 5.84 5.76 5.86 5.58 5.78 5.84 6.22 6.26 6.06 6.24 6.32 6.34 -9999 6.6 7.28 6.72 6.94 7.72 6.96 6.96 6.62 6.62 6.76 6.6 6.68 6.82 7.2 7.08 7.02 7.22 7.06 6.98 6.64 6.82 6.78 6.42 6.46 6.52 6.5 6.02 5.98 5.88 5.44 5.66 5.5 5.48 5.76 5.56 5.9 5.74
7.84 7.88 7.76 7.92 7.76 7.82 7.66 7.72 7.54 7.54 7.58 7.58 7.6 7.82 7.96 7.64 7.78 7.68 7.64 7.46 7.44 7.28 6.98 6.94 6.88 6.46 6.38 6.44 6.2 6.18 6.08 6.16 6.18 6.56 6.58 6.52 6.62 6.7 -9999 -9999 7.12 6.78 6.9 7.7 7.58 7.4 7.04 6.7 6.76 6.78 6.98 7.2 7.46 7.34 7.28 7.44 7.66 7.4 7.34 7.56 7.12 6.96 6.84 7.08 7.16 6.6 6.3 6 5.74 6.04 6.04 6.36 6.46 6.4 6.52 6.5 6.08
8.22 8.02 8.1 8.14 7.72 7.82 7.96 7.92 7.62 7.66 7.66 7.5 7.84 8.08 8.14 8.58 8.16 7.82 7.86 7.76 7.66 7.58 7.54 7.52 7.48 6.9 6.96 6.96 6.74 6.64 6.7 6.62 6.68 6.74 6.6 6.82 6.84 -9999 -9999 6.78 7.02 7.1 7.66 7.92 7.54 7.76 7.52 7.12 7.26 7.46 7.46 7.86 7.84 8.12 8.02 8.24 8.24 7.88 7.76 7.36 7.64 7.52 7.34 7.32 7.24 7.14 6.64 6.42 6.44 6.2 6.36 6.5 6.64 6.68 6.76 6.7 6.78
8.46 8.44 8.28 8.42 8.16 8.08 7.96 8.14 7.58 7.66 7.64 7.74 7.84 7.92 8.02 8.2 8.4 8.4 8.6 8.6 8.2 7.86 7.86 7.92 7.84 7.8 7.74 7.38 7.34 7.24 7 7.06 7.12 7.04 7.16 7.08 -9999 -9999 7.02 7.22 7.64 8.04 8.16 8.12 7.98 8.02 8.1 8 8.08 8.28 8.52 8.16 8.14 8.28 8.24 8.36 8.34 8.22 8.06 7.92 8.18 7.94 7.88 7.7 7.8 7.74 7.46 7.3 7.1 6.92 7 7.24 7.38 7.3 7.54 7.5 7.44
8.82 8.64 8.34 8.16 7.86 7.92 7.96 7.6 7.96 7.84 7.84 7.92 8.06 8 8.22 7.98 8.18 8.26 8.88 8.84 8.92 9.04 8.58 8.04 8.16 8.1 8.36 8.04 7.76 7.74 7.66 7.56 7.74 7.68 -9999 -9999 7.68 7.7 7.78 7.78 8.2 8.08 8.38 8.56 8.44 8.58 8.78 8.78 8.7 9.08 9.06 8.9 8.76 8.7 8.42 8.78 8.78 8.74 8.66 8.7 8.52 8.48 8.42 8.48 8.3 8.26 8.12 8.3 8.32 7.9 8.08 8.08 8.02 8.16 8.1 8.22 8.12
8.98 8.56 8.62 8.12 8.04 8 7.98 7.94 7.9 8.06 8.06 8.14 7.94 8.18 8.16 8.26 8.44 8.96 9.24 9.2 9.2 8.84 9.08 8.88 8.76 8.58 8.46 8.5 8.5 8.38 8.12 8.14 8.24 -9999 8.26 8.16 8.16 8.22 8.26 8.38 8.52 8.6 8.6 8.74 8.96 9.24 9.52 9.42 9.48 9.3 9.48 9.44 9.36 9.26 9.32 9.24 9.16 9.28 9.22 9.14 9.2 9.16 8.86 9 8.92 9.12 9.26 8.98 8.96 8.78 8.8 8.72 9 9.14 9 8.8 8.8
9.26 9.14 8.8 8.5 8.36 7.98 8.12 8.14 8.22 8.24 8.18 8.02 8.18 8.32 8.44 8.48 8.7 8.72 9.06 9.46 9.54 9.5 9.24 9.64 9.24 9.12 9.08 8.74 8.58 8.9 -9999 8.78 8.76 8.58 8.76 8.6 9.02 8.84 8.7 8.86 8.98 9.14 9.06 9.46 9.56 9.76 9.9 10.1 10.1 10.02 10.04 9.92 9.82 9.86 9.66 9.64 9.76 9.94 10.06 9.86 9.64 9.64 9.82 9.76 9.76 9.68 9.72 9.78 9.52 9.4 9.66 9.82 9.68 10.04 9.94 9.98 9.56
9.94 9.32 9.12 8.9 8.58 8.18 8.22 8.28 8.46 8.5 8.54 8.58 8.56 8.62 8.56 8.88 8.82 9.02 9.36 9.24 9.3 9.52 9.5 9.82 9.72 9.66 9.8 9.6 9.6 9.24 9.26 9.5 9.38 9.18 9.36 9.4 9.38 9.5 9.46 9.5 9.5 9.54 9.9 10.18 10.2 10.3 10.56 10.84 10.38 10.56 10.56 10.54 10.46 10.38 10.42 10.46 10.28 10.42 10.4 10.26 10.12 10.36 10.3 10.24 10.4 10.2 10.4 10.46 10.28 10.28 10.42 10.4 10.58 10.44 10.7 10.66 10.34
10.28 9.4 9.26 9 8.76 8.36 8.5 8.72 8.38 8.6 8.4 8.74 8.76 8.84 8.9 8.78 9.12 9.38 9.62 9.54 10.34 9.84 9.96 10.18 10.16 10.1 10.04 10.06 9.98 10 10 10 10.18 10.1 10.2 10.16 10.08 10.14 10.24 10.38 10.26 10.36 10.38 10.46 10.64 10.78 11.14 10.9 11.18 11 11.16 11 11 10.88 10.94 10.98 11.08 11.06 11.16 10.86 10.98 11.04 11 10.8 11.2 10.94 11.08 11.18 11.32 11.18 11.2 11.42 11.44 11.04 11.42 11.48 11.24
10.54 10.46 9.54 9.14 9.18 9.54 -9999 9.34 9.28 9.3 9.32 9.08 8.8 8.86 9.16 9.04 9.12 9.58 9.56 9.9 10.12 10.1 10.3 10.48 10.52 10.76 10.7 10.64 10.6 10.58 10.64 10.72 10.9 10.96 10.88 10.72 10.42 10.68 10.78 10.8 10.82 10.92 10.98 11.36 11.34 11.48 11.66 11.7 11.62 11.92 12.04 11.64 11.84 11.88 11.58 11.7 11.64 11.78 11.78 11.84 11.78 11.58 11.84 11.72 11.7 11.8 11.98 12 11.9 11.98 12.1 12.38 12.66 12 11.98 12.04 11.94
11 10.52 10.06 10.08 9.22 9.06 9.18 9.06 9.12 9.2 9.08 9 9.3 9.16 9.26 9.36 9.44 9.68 9.58 9.82 10.46 10.74 11.18 11.16 11.5 11.28 11.24 11.1 11.18 11.18 11.46 11.48 11.5 11.72 11.46 11.5 11.34 11.4 11.44 11.58 11.54 11.7 11.86 11.98 11.66 12.04 12.14 12.16 12.08 12.04 11.94 12.22 12.36 12.56 12.26 12.48 12.58 12.64 12.64 12.42 12.5 12.26 12.32 12.6 12.46 12.46 12.52 12.72 12.78 13 13.22 13.02 13.04 12.86 12.44 12.42 12.2
11.18 10.96 10.62 10.12 9.5 9.7 9.78 9.96 9.48 9.46 9.4 9.4 9.56 9.52 9.48 9.58 9.42 9.58 9.74 10.1 10.62 11.06 11.64 11.62 11.78 11.9 12 12.04 12 11.88 11.96 12.4 12.52 12.18 12.3 12.08 11.92 12 12.22 12.22 12.16 12.44 12.2 12.46 12.78 12.56 12.56 12.46 12.58 12.44 12.68 12.94 12.98 13.24 13.12 13.3 13.42 13.18 13.36 13.26 13.66 13.36 13.34 13.28 13.3 13.18 13.26 13.64 13.74 13.6 13.96 13.94 13.84 13.52 12.94 12.86 12.62
11.62 11.28 10.8 10.68 10.1 10.38 10.54 10.76 10.46 10.28 10.02 9.76 9.7 9.74 9.62 9.6 9.72 9.9 9.9 10.36 10.94 11.12 11.58 12.18 12.44 12.16 12.34 12.34 12.44 12.64 13.2 13.02 12.98 12.76 12.62 12.26 12.66 12.88 12.68 12.72 12.94 12.94 13.24 13.12 13.24 13.24 13.38 13.48 13.36 13.6 13.36 13.4 13.5 13.54 13.9 14.14 14.18 14.18 14.12 14.08 14.06 14.12 13.9 14.1 14.24 14.08 14.2 14.58 14.52 14.78 14.76 14.64 14.24 14.14 13.68 13.5 13.16
11.76 11.74 11.34 11.38 11.72 11.52 11.44 11.32 11.12 10.5 10.36 10.24 9.98 9.92 10.02 9.94 9.66 10.3 10.42 10.68 10.98 11.36 11.98 12.54 12.8 12.72 12.82 13 13.02 13.36 13.42 13.56 13.22 13.14 13.36 12.98 13.1 13.42 13.08 13.52 13.64 14.08 14.14 14.08 13.88 13.94 14 14.26 13.9 14.16 14.22 14.14 14.42 14.66 14.62 14.66 14.66 14.72 14.66 14.48 14.46 14.3 14.36 14.46 14.86 14.92 15 15.36 15.82 15.7 15.56 15.44 15.1 14.76 14.34 13.74 13.88
12.06 11.94 12.02 11.64 12 13.5 14.36 14.02 13.5 11.44 11.24 11.06 10.98 10.3 10.28 10.42 10.6 10.5 11.08 11 11.28 11.64 12.16 12.54 13.02 13.52 13.44 13.38 13.68 13.9 13.7 13.7 14 13.62 13.82 13.42 13.66 13.7 14.08 14.24 14.22 14.78 14.9 14.82 14.9 14.9 14.84 14.64 14.68 14.7 14.92 14.76 15.12 15.18 14.98 15.02 15.48 15.18 15.1 14.8 14.5 14.54 14.56 14.84 15.46 15.76 16 16.56 17.02 16.88 16.68 15.98 16.02 15.16 14.82 14.54 14.2
12.9 12.48 12.08 11.98 11.84 12.94 13 11.7 11.62 12.18 11.76 11.54 11.42 11.06 10.62 10.64 10.54 10.84 11.08 11.1 11.38 11.98 12.1 12.62 13.14 13.94 14 13.94 14.22 14.28 14.56 14.46 14.46 14.48 14.38 14.24 14.2 14.24 14.48 14.88 15.04 15.42 15.54 15.6 15.6 15.48 15.38 15.6 15.42 15.76 15.72 15.78 15.8 15.94 15.86 15.76 16.06 15.8 15.74 15.32 14.86 14.86 15.02 15.36 15.9 16.5 16.94 17.5 17.2 17.34 16.92 16.56 16.2 15.62 15.52 15.2 14.54
15.06 13.52 12.72 12.22 12.12 12.04 11.94 12.02 11.9 12.08 12.44 11.9 11.56 11.42 10.88 11 10.86 11.22 11.58 11.46 11.52 12.02 12.54 13.34 13.48 13.82 14.2 14.6 14.78 15.34 15.34 15.6 15.28 15.04 15.28 14.94 14.82 14.52 15.06 15.52 15.62 16.62 16.7 16.82 16.74 16.72 16.84 16.38 16.36 16.32 16.12 16.48 16.32 16.56 16.54 16.34 16.32 16.08 16.06 15.98 15.36 15.7 15.8 16.2 16.78 17.28 17.66 17.76 18.04 18.14 17.68 17.3 17.04 16.68 16.2 15.66 15.32
15.96 14.94 14.22 13.54 12.58 12.48 12.1 12 12.1 12.54 13.12 13.72 12.72 11.7 11.44 11.4 11.38 11.58 11.8 12.08 12.18 12.66 13.4 13.68 14.04 14.7 15.68 16.02 16.02 16.18 16.16 16.04 16.46 16.26 16.3 16.02 15.7 15.5 15.68 16.34 16.68 17.26 17.6 17.74 17.72 17.64 17.42 17.32 16.96 17 16.78 16.86 16.68 17.04 17.16 16.94 16.8 16.78 16.74 16.4 16.18 16.3 16.8 16.8 17.42 18 18.2 18.04 18.26 18.4 18.24 17.62 17.38 17.16 16.62 16.2 15.92
16.4 15.48 15.16 15.12 15.06 14.5 14.08 13.66 12.68 12.42 12.88 12.62 12.2 11.96 11.64 11.68 11.82 11.88 12.36 13.68 13.9 15 14.96 15.22 15.86 16.6 17.06 17.34 17.46 17.8 17.76 17.84 17.68 17.86 17.42 17.44 17.14 17.06 17.12 17.5 18.4 18.2 18.22 18.26 18.34 18.08 18.08 17.9 17.76 17.22 16.98 16.56 17.1 17.3 17.26 16.66 16.76 17.42 17.24 17.04 17.06 16.76 16.84 17.66 18.46 19.34 19.26 19.06 18.7 18.6 18.68 18.1 17.66 17.48 17.08 16.36 15.72
16.16 16.04 14.76 15 15.58 14.9 14.92 14.82 14.38 14.02 14.6 13.42 13.04 12.2 12.18 12.22 12.18 12.14 12.56 13.1 14.14 14.84 16.3 16.92 16.94 17.36 18.3 18.14 18.44 18.86 18.74 18.82 18.8 18.7 18.54 18.46 18.26 17.96 18.08 18.86 19.34 19.14 19.3 19.38 19.14 19.4 18.82 18.72 18.52 17.36 17.08 17.1 17.66 17.92 17.9 17.6 17.36 18.18 17.92 17.58 17.66 17.56 17.52 18.64 19.32 19.88 19.78 19.48 19.16 19.28 18.88 18.64 18.26 17.84 17.56 16.52 16.18
18.58 18.6 17.86 17.84 17.46 17.72 18 17.86 17.62 16.76 15.24 13.62 13.94 13.5 13 12.9 13.04 13.18 13.54 14.3 14.38 14.86 15.42 16.24 16.68 17.5 18.12 19.84 19.58 20.02 19.78 20.06 19.74 19.48 19.26 19.32 18.98 18.92 18.82 19.78 20.18 20.78 20.08 20.14 20.26 19.94 19.72 19.28 19.02 18.72 18.38 18.56 18.66 18.54 18.44 18.52 18.38 18.34 18.36 18.26 19.42 19.82 20.5 20.06 19.92 19.98 19.98 19.78 19.34 19.36 19.38 19.14 18.66 18.3 17.92 17.2 16.98
18.58 19 18.58 18.14 17.4 17.2 17.78 18.12 19 19.12 18.46 17.22 16.02 15.2 15.5 14.96 14.64 15.18 15.1 15.24 15.48 16 16.72 17.42 17.64 18.9 19.02 20.14 20.2 20.6 20.36 20.6 20.6 20.64 20.34 20.1 19.7 19.8 19.86 20.76 21.02 21.26 21.28 21.26 21.08 21.16 20.26 20.8 20.34 19.86 19.14 19.18 19.14 19.36 19.32 19.46 19.46 19.4 19.3 20.16 19.94 20.7 20.88 20.8 20.16 20.3 20.22 19.94 19.88 19.62 19.94 19.5 19 18.66 18.34 17.74 17.18
18.14 18 18.4 18.62 18.36 17.58 18.14 17.06 16.46 18.2 19.38 19.62 18.96 16.96 16.98 16.66 16.4 16.1 16.34 16.96 17.6 17.84 17.48 18.16 18.4 18.76 19.08 19.68 19.88 20.8 21.4 20.94 20.64 20.48 20.64 20.78 20.52 20.58 20.66 21.2 21.24 21.5 21.48 21.84 22.04 22.02 21.72 21.32 20.68 20.66 20.14 19.98 20.16 20.22 19.96 20.26 20.66 20.66 20.78 21.06 21.1 21.46 21.32 20.66 20.44 19.88 19.82 20.16 20.1 20.1 19.98 19.54 19.22 18.36 18.44 17.52 17.24
19.16 18.98 19.6 20.22 20.88 20.24 19.58 18.6 17.84 16.8 17.64 19.1 19.36 17.36 16.64 16.78 17.26 17.04 17.12 18.06 18 17.66 18.08 18.16 18.78 19.56 19.9 20.3 20.64 21.38 21.46 21.54 21.6 21.4 21.1 21.1 20.98 20.88 21.1 21.4 21.72 22 21.94 22.12 22.14 22.92 22.12 21.88 21.46 20.94 21.02 20.92 20.76 20.9 20.98 21.04 21.56 21.72 21.8 22.12 21.96 21.68 21.46 21.26 20.64 20.32 20.06 20.2 20.06 20.12 20.08 19.58 19.16 18.6 18.48 17.68 17.52
23.98 23.06 22.44 23 23.02 23.52 23.16 22.66 22.52 19.82 18.94 18.78 18.84 18.08 17.88 18 18.32 18.12 17.68 18.38 18.88 18.66 19.04 19.2 19.24 19.92 20.34 20.82 21.36 21.42 21.64 21.8 21.64 21.72 21.48 21.44 21.24 21.2 21.24 21.56 21.88 22.28 22.34 22.4 22.32 22.54 22.66 22.3 21.92 22.06 21.8 21.5 21.46 21.74 21.68 22.16 22.5 22.24 22.48 23.32 22.64 22.12 21.78 21.08 20.3 20.5 20.3 20.64 20.48 20.38 19.84 19.6 19.24 19 18.22 17.66 17.76
23.34 23.02 22.48 22.64 22.7 23.42 23.44 23.32 22.62 22.06 21 19.62 19.22 18.74 18.7 19.02 19.14 19.32 19.38 19.28 19.32 19.28 19.5 19.7 20.02 19.9 20.48 20.72 21.34 21.56 21.6 21.94 21.86 21.6 21.5 21.4 21.2 21.14 21.34 21.34 21.78 21.98 22.18 22.14 22.04 22.62 22.82 22.66 22.4 22.48 22.32 21.96 22.26 22.04 22 22.46 22.58 23.04 23.24 23.74 22.84 22.56 22.2 21.2 20.72 20.54 20.5 20.64 20.44 19.74 19.68 19.3 18.96 18.56 17.84 17.84 17.64
23.58 23.12 23.14 22.76 22.68 22.7 22.82 22.48 22.54 21.54 20.66 20.38 19.92 19.58 19.3 19.24 19.46 19.56 19.46 19.66 19.8 19.68 19.78 20.08 20.04 19.84 20.46 20.62 21.08 21.5 21.66 21.68 21.48 21.5 21.52 21.36 21.06 20.96 21.18 21.24 21.24 21.3 21.42 21.7 21.62 21.88 22.52 22.7 22.48 22.94 22.7 22.46 22.56 23.18 23.22 23.1 23.22 23.7 23.94 23.48 23.38 22.92 22.22 21.86 20.86 21.08 20.82 20.56 20.58 19.9 19.54 19.16 18.66 18.32 18.2 17.62 17.78
23.8 23.76 23.58 23.62 23.44 23.06 22.9 22.54 22.76 21.92 21.16 20.52 20.42 19.98 20.1 20.12 20.14 20.34 20.12 19.98 19.84 19.88 19.72 19.98 19.96 19.86 19.92 20.44 20.72 21.14 21.3 21.66 21.62 21.24 21.12 20.9 20.68 20.6 20.76 20.94 20.98 21.18 21.18 20.68 20.58 21.38 21.76 22.3 22.34 23.12 23.18 23.42 23.14 23.48 23.7 23.44 23.88 24.12 24.22 23.44 23.44 22.9 22.82 22.42 21.76 21.2 20.7 20.42 20.14 19.96 19.8 19.26 18.82 18.26 17.84 16.94 16.98
24.68 24.58 24.42 24.3 23.84 23.28 23.08 22.76 22.08 21.66 21.64 20.88 20.5 20.3 20.5 20.68 20.9 20.82 20.72 20.46 20.24 19.86 19.76 19.6 19.68 19.62 19.72 19.92 20.22 20.58 21.1 21.4 21.18 21.02 20.78 20.64 20.44 20.36 20.46 20.44 20.46 20.36 20.62 19.62 19.68 20.58 21.4 21.62 22.24 22.44 23 22.86 23.3 22.94 22.98 23.5 23.6 23.68 23.48 23.18 22.84 22.32 21.96 -9999 -9999 21.16 20.86 20.46 20.08 20.04 19.84 19.6 19 18.24 17.74 17.5 17.74
25.3 24.9 24.68 23.92 23.58 23.54 23.22 22.78 22.78 22.28 21.72 21.04 20.64 20.68 20.88 20.96 20.96 21 20.98 20.76 20.04 19.84 19.56 19.42 19.14 19.08 19.04 19.26 19.56 19.76 20.42 20.68 20.78 20.44 20.48 20.24 19.94 20.36 20.36 20.42 20.4 19.92 19.78 19.48 19.48 19.7 20.66 21.6 22.08 22.06 22.64 22.78 23.18 22.66 23.18 23.44 23.7 23.66 22.8 22.76 22.48 21.72 -9999 -9999 -9999 20.42 20.78 20.64 20.6 20.24 20.16 19.48 18.66 17.96 17.34 16.36 15.08
25.5 25.1 24.64 23.94 23.38 23.14 22.8 22.36 21.72 21.62 21.2 21.46 20.34 21.2 19.78 21.76 21.56 21.58 21.32 20.54 20.18 19.78 19.58 19.32 18.82 18.94 18.78 19 19.54 19.66 19.86 20.02 20.22 20.56 20.2 20.5 20.52 20.4 20.38 20.26 20.38 20.38 19.56 19.6 19.92 20 20.5 21.1 21.46 21.96 22.04 21.98 22.28 22.96 23.66 24.18 24.58 24.04 23.44 23.12 -9999 -9999 -9999 -9999 22.46 21.86 21.74 22.02 -9999 -9999 20.8 20.24 19.38 18.12 16.84 16.28 -9999
24.64 23.5 23.5 22.46 22.5 22.48 22.22 22.18 19.28 22.18 20.1 20.06 18.48 16.38 12.94 16.92 16.24 17.92 19.02 20.68 19.92 19.62 19.54 19.54 18.8 18.76 18.42 18.72 18.9 19.28 19.66 19.78 20.02 20.08 20.36 20.04 20.36 20.3 20.18 20.16 19.94 20 19.88 19.8 20 20.16 20.36 20.82 21.18 21.26 21.28 21.6 22.74 23.48 24.14 24.84 24.78 24.3 23.78 -9999 -9999 -9999 -9999 -9999 24.74 24.2 -9999 -9999 -9999 -9999 -9999 -9999 20.18 18.64 16.86 16.42 -9999
