data/default-data/raster/climate/pet_7.txt
ncols         720
nrows         360
xllcorner     -180
yllcorner     -90
cellsize      0.5
NODATA_value  -9999
[rows 68 to 101 of 360, columns 77 to 153 of 720]
-9999 -9999 -9999 -9999 -9999 -9999 -9999 -9999 -9999 -9999 -9999 -9999 -9999 -9999 -9999 -9999 23.1 23.56 25.28 25.68 24.34 23.86 23.18 21.68 28 30.96 27.44 28.26 25.82 27.44 28.42 26.84 27.62 27.74 28.46 31.24 29.2 28.36 30.28 32.48 33.92 34 34.84 35.64 36.26 37.28 38.38 38.5 37.16 35.48 34.14 34.02 33.9 33.94 33.9 34.4 34.14 35.04 34.12 34.16 34.54 34.78 35.28 35.72 36.18 37.3 37.5 37.3 37.4 37.68 37.86 37.82 37.62 37.1 36.74 36.46 36.02
-9999 -9999 -9999 -9999 -9999 -9999 -9999 -9999 -9999 -9999 -9999 -9999 -9999 -9999 -9999 -9999 21.4 22.2 23.2 25.76 25.88 24.94 23.16 27.32 28.54 28.42 28.82 30.1 26.78 28.66 29.7 28.78 28.46 28.48 28.88 30.32 31.54 29.7 27.18 29.5 30.02 32.78 33.92 36.2 37.34 37.34 37.64 36.54 37.26 35.78 34.42 34.22 33.88 33.02 34.68 34.78 35.12 34.82 34.54 34.62 35.04 35.34 35.5 36.04 36.1 36.86 37.6 37.54 37.62 37.8 38.12 37.64 37.88 37.58 37.02 36.98 36.92
-9999 -9999 -9999 -9999 -9999 -9999 -9999 -9999 -9999 -9999 -9999 -9999 -9999 -9999 -9999 -9999 -9999 -9999 24.18 -9999 -9999 24.1 24.74 23.68 20.84 30.5 29.4 26.38 28.34 27.88 29.06 30.6 31.58 32.38 32.4 31.64 31.84 32.34 30.64 27.08 28.18 27.92 31.1 33.88 34.64 35.9 35.38 35.22 36.4 35.66 33.08 30.52 31.72 34.56 35.36 35.68 36.38 35.72 35.7 35.68 35.74 35.98 36.8 37.24 36.9 36.52 37.4 37.62 37.68 36.82 36.46 36.4 36.2 37.2 36.34 38.12 38.26
-9999 -9999 -9999 -9999 -9999 -9999 -9999 -9999 -9999 -9999 -9999 -9999 -9999 -9999 -9999 -9999 -9999 -9999 -9999 -9999 -9999 -9999 23.2 23.64 24.12 31.62 25.36 25.28 27.02 29.86 29.62 30.8 31.76 31.86 33.74 32.88 33.84 33.78 33.24 32.48 30.4 27.86 27.36 28.16 30.72 33.64 32.28 33.22 34.38 34.94 33.86 32.88 34.48 36.3 36.16 36.64 37.46 36.26 37.02 36.88 36.64 37.38 38.22 38.44 37.98 38.1 38.06 38.62 38.6 37.6 36.42 36.7 37.04 37.2 36.86 38.76 38.6
-9999 -9999 -9999 -9999 -9999 -9999 -9999 -9999 -9999 -9999 -9999 -9999 -9999 -9999 -9999 -9999 -9999 22.28 26.5 -9999 -9999 -9999 22.24 23.52 25.96 27.4 24.46 23.72 25.06 29.44 29.48 30.9 31.1 32.7 32.08 33.1 33.84 35.84 32.24 31.32 29.98 29.94 28.16 26.6 28.6 27.94 29.94 32.22 33.2 32.74 32.98 33.72 35.3 36.4 37.5 38.42 38.46 37.84 37.82 38.12 37.82 37.8 38.82 38.44 37.82 37.64 37.34 38.78 39.5 38.9 37.4 38.42 38.72 39.66 39.6 40.06 39.62
-9999 -9999 -9999 -9999 -9999 -9999 -9999 -9999 -9999 -9999 -9999 -9999 -9999 -9999 -9999 -9999 -9999 -9999 23.28 -9999 -9999 -9999 -9999 24.74 26.72 27.08 24.46 24.46 25.02 27.98 28.84 31.12 31.14 31.22 31.76 32.4 33.06 35.36 31.88 30.54 28.76 29.3 30.34 27.3 26.96 26.56 27.32 30.38 32.08 33.4 32.92 33.5 35.48 37.04 37.4 37.62 37.68 38.66 39.44 40.2 39.72 39.66 40.04 40.74 40.1 39.9 38.66 39.02 39.96 40.9 40.74 40.38 40.52 40.54 40.32 40.46 40.04
-9999 -9999 -9999 -9999 -9999 -9999 -9999 -9999 -9999 -9999 -9999 -9999 -9999 -9999 -9999 -9999 -9999 -9999 -9999 22.8 -9999 -9999 -9999 -9999 -9999 27.22 28 23.36 24.84 25.68 27.08 28.02 28.6 28.96 30.2 31.6 31.96 33.1 35.28 32.76 31.68 31.58 29.08 27.72 29.52 28.18 27.84 28.04 25.24 28.6 31.26 32.78 34.58 35.2 35.74 37.14 38.82 40.52 42.22 41.7 41.98 42.88 42.62 43.26 42.8 42.7 43.52 42.18 42.38 43.04 43.34 43.58 42.36 41.52 41.3 41 39.64
-9999 -9999 -9999 -9999 -9999 -9999 -9999 -9999 -9999 -9999 -9999 -9999 -9999 -9999 -9999 -9999 -9999 -9999 -9999 -9999 -9999 -9999 -9999 -9999 -9999 -9999 28.32 27.94 27.84 25.8 26.34 25.94 29.18 29.96 33.14 34.28 33.74 33.24 37.04 36.4 34.92 32.82 33.54 30.08 29.94 28.9 29.12 27.72 24.52 23.94 28.7 29.06 32.3 36.26 37.26 38.76 40.98 42.02 43.52 43.36 43.58 44.16 44.64 44.5 44.76 44.44 44.54 45.3 45.5 46.5 45.86 45.04 44.42 42.62 41.88 40.94 39.78
-9999 -9999 -9999 -9999 -9999 -9999 -9999 -9999 -9999 -9999 -9999 -9999 -9999 -9999 -9999 -9999 -9999 -9999 -9999 -9999 -9999 -9999 -9999 -9999 -9999 -9999 -9999 29.02 27.04 26.6 25.52 25.84 25.36 28.08 32.78 32.1 33.4 34.56 36.8 36.74 37.46 36.26 36.46 31.92 32.86 29.16 28.82 29.12 29.1 26.76 25.3 27 31.58 36.18 41.4 43.04 44.42 46.78 45.46 46.02 45.84 46.38 47.24 47.7 47.42 46.96 47.38 48.26 48.64 48.98 47.48 47.08 46.92 44.16 42.36 40.7 40.4
-9999 -9999 -9999 -9999 -9999 -9999 -9999 -9999 -9999 -9999 -9999 -9999 -9999 -9999 -9999 -9999 -9999 -9999 -9999 -9999 -9999 -9999 -9999 -9999 -9999 -9999 -9999 -9999 29.02 27.9 28.94 30.88 26.8 30.14 27.8 27.82 26.88 30.6 35.08 35.62 38.38 37.04 37.6 35.6 36.64 34.72 32.08 27.44 28.38 29.94 28.7 27.5 30.54 36.08 40.56 45.26 46.4 48.68 49.4 49.8 49.56 50.14 51.16 51.4 50.46 49.6 50.68 51.46 51.06 50.5 49.16 48.36 49.22 46.88 44.82 43.04 42.5
-9999 -9999 -9999 -9999 -9999 -9999 -9999 -9999 -9999 -9999 -9999 -9999 -9999 -9999 -9999 -9999 -9999 -9999 -9999 -9999 -9999 -9999 -9999 -9999 -9999 -9999 25.28 27.5 28.14 30.02 31.68 31.34 30.56 32.78 31.44 27.6 28.22 32.8 32 35.9 38.58 39.34 40.56 39.44 42.7 38.96 35.54 35.44 32.42 31.06 34.02 32.38 29.74 32.6 40.1 46.6 48.06 50.2 51.7 52.14 52.54 53.1 54.62 53.68 53.38 53.16 53.3 52.32 51.6 51.44 50.32 50.78 50.84 49.96 48.76 47.62 46.32
-9999 -9999 -9999 -9999 -9999 -9999 -9999 -9999 -9999 -9999 -9999 -9999 -9999 -9999 -9999 -9999 -9999 -9999 -9999 -9999 -9999 -9999 -9999 -9999 -9999 -9999 -9999 28.46 28.06 28.6 30.56 35.74 36.9 37.12 34.24 31.96 29.94 30.62 31.02 34.04 38.34 36.8 39.32 39.06 45.24 40.66 36.68 37.42 35.6 33.5 32.26 38.68 33.32 34.54 39.68 47.7 51.1 52.06 52.76 54.58 56.28 55.7 55.12 55.12 55.68 53.76 53.1 51.86 52.08 52.12 50.94 51.72 52.02 51.9 50.58 47.68 46.8
-9999 -9999 -9999 -9999 -9999 -9999 -9999 -9999 -9999 -9999 -9999 -9999 -9999 -9999 -9999 -9999 -9999 -9999 -9999 -9999 -9999 -9999 -9999 -9999 -9999 -9999 -9999 -9999 -9999 28.3 31.68 29.58 35.42 -9999 38.02 34.28 33.2 31.58 35.3 36.72 37.06 37.08 37.24 40.02 38.16 37.54 37.78 36.66 36.76 33.94 35.08 42.32 37.84 39.98 40.54 48.12 52.04 52.44 53.66 55.46 57.28 55.8 53.98 53.78 52.36 49.98 52.38 52.58 54.1 53.32 51.64 52.16 51.24 51.66 50.86 49.94 48.96
-9999 -9999 -9999 -9999 -9999 -9999 -9999 -9999 -9999 -9999 -9999 -9999 -9999 -9999 -9999 -9999 -9999 -9999 -9999 -9999 -9999 -9999 -9999 -9999 -9999 -9999 -9999 -9999 -9999 -9999 -9999 30.1 30.8 37.4 38.82 -9999 37.06 38.82 38.22 37.66 35.04 34.92 37.06 40.96 41.42 42 41.78 41.08 40.4 38.38 40.16 44.9 47.58 42.6 40.56 45.44 51.04 49.98 52.46 55 56.62 57.3 58.36 57.76 54.86 54.88 55.22 54.64 53.66 53.22 52.34 52.04 51.5 49.94 50.28 50.94 51.08
-9999 -9999 -9999 -9999 -9999 -9999 -9999 -9999 -9999 -9999 -9999 -9999 -9999 -9999 -9999 -9999 -9999 -9999 -9999 -9999 -9999 -9999 -9999 -9999 -9999 -9999 -9999 -9999 -9999 -9999 -9999 -9999 -9999 31.72 36.02 40.58 -9999 36.24 38.04 34.68 34.22 35.24 37.74 43.52 49.1 46.44 46.98 47.14 44.18 41.92 45.48 47.32 48.04 45.46 42.7 38.62 45.86 49.18 52.94 55.68 55.78 58.2 60.6 61.06 59.9 58.86 58.78 58.76 57.98 56.06 53.98 53.92 52.48 52.6 52.24 53.14 52.32
-9999 -9999 -9999 -9999 -9999 -9999 -9999 -9999 -9999 -9999 -9999 -9999 -9999 -9999 -9999 -9999 -9999 -9999 -9999 -9999 -9999 -9999 -9999 -9999 -9999 -9999 -9999 -9999 -9999 -9999 -9999 -9999 -9999 -9999 29.98 34.78 -9999 -9999 39.76 38.9 36.72 37.8 43.76 52.38 52.1 50.92 51.7 50.86 49.04 49.52 48.74 48.86 50.08 48.86 48.96 44.32 45.44 48.98 55.06 58.94 60.42 61.32 62.08 59.16 58.14 60.72 61.68 61.74 61.82 61.72 59.8 57.74 57.38 56.48 55.6 56.02 54.74
-9999 -9999 -9999 -9999 -9999 -9999 -9999 -9999 -9999 -9999 -9999 -9999 -9999 -9999 -9999 -9999 -9999 -9999 -9999 -9999 -9999 -9999 -9999 -9999 -9999 -9999 -9999 -9999 -9999 -9999 -9999 -9999 -9999 -9999 29.14 32.62 34.9 40.36 43.9 44.02 41.44 44.16 50.42 59.56 61.12 62.78 61.88 59.44 58.86 56.96 55.94 55.34 53.52 53.88 55.48 47.76 48.98 51.04 58.06 60.72 61.7 62.66 63.14 62.46 61.62 62.4 62.82 63.78 63.56 62.5 62.24 60.92 59.86 57.94 57.16 57.68 55.76
-9999 -9999 -9999 -9999 -9999 -9999 -9999 -9999 -9999 -9999 -9999 -9999 -9999 -9999 -9999 -9999 -9999 -9999 -9999 -9999 -9999 -9999 -9999 -9999 -9999 -9999 -9999 -9999 -9999 -9999 -9999 -9999 -9999 -9999 29.68 33.94 38.22 42.66 46.98 45.76 45.72 48.66 54.28 61.6 63.62 64.22 64.72 62.96 61.46 60.36 57.02 54.7 53.28 54.18 56.1 50.66 52.16 52.24 58.32 61.7 61.6 58.9 60.46 61.74 60.24 63.34 64.46 64.84 64.78 63.98 64.46 63.16 61.98 60.5 59.34 58.28 56.74
-9999 -9999 -9999 -9999 -9999 -9999 -9999 -9999 -9999 -9999 -9999 -9999 -9999 -9999 -9999 -9999 -9999 -9999 -9999 -9999 -9999 -9999 -9999 -9999 -9999 -9999 -9999 -9999 -9999 -9999 -9999 -9999 -9999 -9999 -9999 34.12 38.62 43.54 43.28 42.4 43.48 55.22 61.6 65.08 66.28 65.18 66.04 68.3 65.66 65.96 62.56 58.78 55.1 52.28 56.02 55.38 57.76 57.66 58.68 59.4 56.98 55.18 56.7 59.34 57.54 62.38 63.74 64.08 65.04 64.2 65.06 64.3 62.52 61.34 59.04 58.12 56.88
-9999 -9999 -9999 -9999 -9999 -9999 -9999 -9999 -9999 -9999 -9999 -9999 -9999 -9999 -9999 -9999 -9999 -9999 -9999 -9999 -9999 -9999 -9999 -9999 -9999 -9999 -9999 -9999 -9999 -9999 -9999 -9999 -9999 -9999 -9999 33.6 37.6 42.52 42 44.68 46.84 57.38 62.48 66.46 68.48 70.1 68.36 62.72 65.98 66.78 65.02 63.62 56.52 54.22 57.22 52.6 52.28 57.72 56.04 59.6 60.22 58.02 56.2 60.88 62.32 62.92 63.16 64.66 63.88 63.98 66.18 65.92 63.98 62.72 60.74 59.2 58.12
-9999 -9999 -9999 -9999 -9999 -9999 -9999 -9999 -9999 -9999 -9999 -9999 -9999 -9999 -9999 -9999 -9999 -9999 -9999 -9999 -9999 -9999 -9999 -9999 -9999 -9999 -9999 -9999 -9999 -9999 -9999 -9999 -9999 -9999 -9999 34.18 37.96 43.74 47.14 48.34 52.86 56.78 62.42 68.18 69.86 69.52 63.02 63.88 62.42 63.86 61.9 57 56.38 55.2 53.66 54.6 53.46 55.02 58.36 59.84 61.76 58.38 57.94 60.04 62.62 62.3 63.48 64.9 62.72 62.5 64.88 64.64 64.26 61.8 60.62 59.12 58.44
-9999 -9999 -9999 -9999 -9999 -9999 -9999 -9999 -9999 -9999 -9999 -9999 -9999 -9999 -9999 -9999 -9999 -9999 -9999 -9999 -9999 -9999 -9999 -9999 -9999 -9999 -9999 -9999 -9999 -9999 -9999 -9999 -9999 -9999 -9999 37.32 42.98 49.2 48.64 46.76 54.16 58.26 60.74 62.1 61.4 61.8 61.12 64.14 58.08 60.92 58.9 57.32 55.1 54.22 54.8 58.66 55.44 59.64 59.66 58.18 53.44 54.58 50.34 50.22 59.24 56.92 55.76 61.82 62.12 61.84 63.06 61.76 63.62 62.32 61.3 60.54 59.34
-9999 -9999 -9999 -9999 -9999 -9999 -9999 -9999 -9999 -9999 -9999 -9999 -9999 -9999 -9999 -9999 -9999 -9999 -9999 -9999 -9999 -9999 -9999 -9999 -9999 -9999 -9999 -9999 -9999 -9999 -9999 -9999 -9999 -9999 -9999 39.44 46.24 50.28 47.52 47.92 56.64 56.42 59.5 60.02 61.92 59.42 58.74 64.74 65.4 64.08 63.08 56.78 53.5 53.58 54.16 54.3 53.32 54.12 54.16 53.42 53 51.68 49.76 48.18 54.94 62.04 62.5 52.22 54.14 57.68 60.84 62.06 61.72 61.84 60.82 61.14 61.32
-9999 -9999 -9999 -9999 -9999 -9999 -9999 -9999 -9999 -9999 -9999 -9999 -9999 -9999 -9999 -9999 -9999 -9999 -9999 -9999 -9999 -9999 -9999 -9999 -9999 -9999 -9999 -9999 -9999 -9999 -9999 -9999 -9999 -9999 -9999 43.5 50.04 51.58 51.44 50.02 57.02 57.9 57.36 60.94 61.08 60.44 61.54 66.02 70.26 71.92 64.64 60.66 56.12 54.28 55.7 55.04 54.36 55.9 59.98 59.2 57.6 52.88 49.98 47.54 53.08 59.46 64.66 63.04 51.7 60.02 63.68 63.28 63.38 62.12 56.48 55.14 61.44
-9999 -9999 -9999 -9999 -9999 -9999 -9999 -9999 -9999 -9999 -9999 -9999 -9999 -9999 -9999 -9999 -9999 -9999 -9999 -9999 -9999 -9999 -9999 -9999 -9999 -9999 -9999 -9999 -9999 -9999 -9999 -9999 -9999 -9999 -9999 46.44 51.96 53.54 52.94 52.84 54.84 58.12 59.88 61.36 63.04 65.58 68.34 68.9 73.86 76.34 72.08 67.12 60.28 56.8 56.04 56.82 60.98 64.08 65.06 63.18 58.06 53.18 51.04 49.04 49.3 56.78 64.36 63.78 59.3 62.98 65.06 62.96 63.34 63.36 62.28 56.1 62.06
-9999 -9999 -9999 -9999 -9999 -9999 -9999 -9999 -9999 -9999 -9999 -9999 -9999 -9999 -9999 -9999 -9999 -9999 -9999 -9999 -9999 -9999 -9999 -9999 -9999 -9999 -9999 -9999 -9999 -9999 -9999 -9999 -9999 -9999 44.4 48.22 54.6 54.4 51.84 55.02 57.28 60.6 63.16 64.2 66.42 68.4 68.44 70.24 71.36 71.92 76.2 73.28 67.56 66.4 66.72 66.46 65.18 66.64 66.16 59.74 57.22 53.94 51.7 48.56 54.8 62.1 64.72 63.4 60.58 64.68 64.86 63.06 64.52 63.38 64.32 64.46 63.78
-9999 -9999 -9999 -9999 -9999 -9999 -9999 -9999 -9999 -9999 -9999 -9999 -9999 -9999 -9999 -9999 -9999 -9999 -9999 -9999 -9999 -9999 -9999 -9999 -9999 -9999 -9999 -9999 -9999 -9999 -9999 -9999 -9999 -9999 42.82 48.76 56.14 57.82 54.58 58.3 59.2 59.66 63.64 65.36 67.46 66.32 69.48 73.26 71.98 69.52 72.98 76.14 75.32 75.02 71.74 69.4 67.96 67.36 64.02 61.7 57.28 54.06 55.3 55.56 51.36 57.66 62.82 62.42 62.76 65.88 63.22 62.7 63.3 61.74 60.96 61.96 62.34
-9999 -9999 -9999 -9999 -9999 -9999 -9999 -9999 -9999 -9999 -9999 -9999 -9999 -9999 -9999 -9999 -9999 -9999 -9999 -9999 -9999 -9999 -9999 -9999 -9999 -9999 -9999 -9999 -9999 -9999 -9999 -9999 -9999 -9999 40.82 49.3 56.7 59.76 57.88 61.68 62.34 62.6 63.6 66.24 67.16 69.4 70.3 71.42 72.58 72.56 70.76 71.68 71.14 70.22 66.98 66.32 67.4 66.06 66.7 62.42 59.98 55.64 57.16 59.02 58.68 57.86 60.46 60.7 62.8 63.14 60.82 57.18 62.12 63.56 63.8 61.34 60.88
-9999 -9999 -9999 -9999 -9999 -9999 -9999 -9999 -9999 -9999 -9999 -9999 -9999 -9999 -9999 -9999 -9999 -9999 -9999 -9999 -9999 -9999 -9999 -9999 -9999 -9999 -9999 -9999 -9999 -9999 -9999 -9999 -9999 -9999 -9999 46.8 52.82 59.94 61.16 60.96 65.12 65.36 66.54 65.88 67.44 71.92 73.54 74.52 72.88 74.6 72.54 67.94 67.06 69.02 68.16 67.58 70.34 73.1 71.68 64.98 60.3 59.82 60.36 61.66 60.4 60.7 61.42 61.42 60.16 61.04 58.76 58.18 58.96 62.22 63.52 62.66 63.58
-9999 -9999 -9999 -9999 -9999 -9999 -9999 -9999 -9999 -9999 -9999 -9999 -9999 -9999 -9999 -9999 -9999 -9999 -9999 -9999 -9999 -9999 -9999 -9999 -9999 -9999 -9999 -9999 -9999 -9999 -9999 -9999 -9999 -9999 -9999 45.86 52.72 56.1 62.46 65.16 67.72 66.18 66.54 68.6 71.3 76.16 77.6 78.14 78.4 75.8 73.12 72.24 71.34 70.82 73.2 77.86 77.7 77.3 76.14 66.06 62.06 61.22 60.38 62.28 60.9 59.68 61.44 60.76 56.2 55.8 52.48 54.96 55.78 60.16 60.58 61.04 63.06
-9999 -9999 -9999 -9999 -9999 -9999 -9999 -9999 -9999 -9999 -9999 -9999 -9999 -9999 -9999 -9999 -9999 -9999 -9999 -9999 -9999 -9999 -9999 -9999 -9999 -9999 -9999 -9999 -9999 -9999 -9999 -9999 -9999 -9999 28.06 44.04 55.06 63.6 78.84 68.6 65.54 65.1 67.5 72.12 76.32 77.62 79.64 79.5 81.22 80.76 78.42 76.26 71.04 73.7 77.48 82.88 81.56 78.74 77.94 66.32 61.52 55.5 54.88 58.1 63.44 62.02 64.26 61.32 55.34 51.72 51.02 49.3 56.7 60.8 62.14 63.06 65.56
-9999 -9999 -9999 -9999 -9999 -9999 -9999 -9999 -9999 -9999 -9999 -9999 -9999 -9999 -9999 -9999 -9999 -9999 -9999 -9999 -9999 -9999 -9999 -9999 -9999 -9999 -9999 -9999 -9999 -9999 -9999 -9999 -9999 -9999 34.1 46.64 55.1 69.08 82.24 70.2 64.22 67.22 71.64 75.2 76.72 81.04 83.28 84.28 83.5 80.76 80.32 76.66 74.9 74.16 76.98 83.56 83.44 77.96 74.26 72.4 61.28 62.02 66.7 70.78 69.46 66 64.54 59.54 53.78 50.46 49.98 47.28 56.74 63.54 64.9 65.56 66.18
-9999 -9999 -9999 -9999 -9999 -9999 -9999 -9999 -9999 -9999 -9999 -9999 -9999 -9999 -9999 -9999 -9999 -9999 -9999 -9999 -9999 -9999 -9999 -9999 -9999 -9999 -9999 -9999 -9999 -9999 -9999 -9999 -9999 -9999 -9999 50.98 59.1 65.06 79.18 75.7 70.32 67.26 68.18 72.04 77.5 84.3 83.96 84.4 85.16 81.06 80.56 78.68 76.5 72.02 73.7 77.82 81.38 79.34 73.3 68.46 62.52 63.6 64.54 70.62 70.6 64.16 63.28 57.86 51.02 51.02 46.8 44.62 53.76 60.44 61.16 64.78 65.52
-9999 -9999 -9999 -9999 -9999 -9999 -9999 -9999 -9999 -9999 -9999 -9999 -9999 -9999 -9999 -9999 -9999 -9999 -9999 -9999 -9999 -9999 -9999 -9999 -9999 -9999 -9999 -9999 -9999 -9999 -9999 -9999 -9999 -9999 -9999 55.64 63.7 65.8 76.4 78.32 78.32 71.7 66.44 70.08 78.62 83.92 86.54 82.16 86.02 82.22 80.74 80.94 77.72 72.18 72.14 78.62 78.14 81.82 77.64 71.56 64.32 71.18 72.86 68.14 72.44 72.4 65.28 57.26 52.1 46.78 44.92 45.9 50 57.16 60.48 62.92 65.22
