data/default-data/raster/climate/pet_7.txt
ncols         720
nrows         360
xllcorner     -180
yllcorner     -90
cellsize      0.5
NODATA_value  -9999
[rows 204 to 237 of 360, columns 231 to 307 of 720]
33.98 34.36 33.96 33.96 33.6 33.6 33.54 33.4 32.96 33.22 32.96 33.14 33.2 32.96 33.32 33.26 33.78 32.92 34.08 33.84 32.96 32.7 32.76 33.46 33.14 33.2 32.92 32.52 32.62 33.12 34.8 34.06 34 35.04 36.12 36.7 40.32 39.5 39.3 38.78 38.62 37.58 36.06 34.8 32.94 29.68 27.04 26.44 25.8 25.48 25.28 25.26 25.16 25.5 -9999 -9999 -9999 -9999 -9999 -9999 -9999 -9999 -9999 -9999 -9999 -9999 -9999 -9999 -9999 -9999 -9999 -9999 -9999 -9999 -9999 -9999 -9999
34.64 34.62 34.48 33.88 34.26 34.2 33.9 33.64 33.64 33.48 32.98 32.84 32.84 32.9 33.2 33.46 33.72 33.32 33.86 33.28 33.16 32.9 32.64 32.88 32.9 33 32.34 31.58 32.16 34.06 33.76 33.58 32.5 32.22 34.34 36.1 38.68 38.36 37.68 38.08 38.32 37.18 36.56 35.24 32.86 29.22 26.54 26.34 25.42 24.8 24.62 24.82 24.5 -9999 -9999 -9999 -9999 -9999 -9999 -9999 -9999 -9999 -9999 -9999 -9999 -9999 -9999 -9999 -9999 -9999 -9999 -9999 -9999 -9999 -9999 -9999 -9999
35.28 34.82 34.98 34.82 34.6 34.3 34.06 33.88 33.7 33.68 33.28 33.28 33.24 33.32 33 33.24 33.58 33.18 33.96 33.46 32.84 32.68 32.36 32.02 32.72 33.04 31.54 31 32.32 33.58 33.84 33.38 32.12 32.98 32.94 34.44 36.94 37.02 36.52 36.08 37.02 36.98 36.58 35.68 32.84 29.74 27.42 26.28 23.58 22.74 24.08 -9999 -9999 -9999 -9999 -9999 -9999 -9999 -9999 -9999 -9999 -9999 -9999 -9999 -9999 -9999 -9999 -9999 -9999 -9999 -9999 -9999 -9999 -9999 -9999 -9999 -9999
36.66 36 36.12 35.62 35.5 34.78 34.42 34.1 33.74 33.58 33.38 33.02 33.28 33.28 33.74 33.62 34 33.76 33.86 33.56 33.56 33.04 32.62 32.3 32.62 31.9 30.6 30.76 30.56 32.2 33.72 32.98 30.98 34.52 34.82 32.54 36.34 35.98 35.76 35.46 36.76 36.12 36.2 34.94 33 31.32 29.06 27 24.8 23.62 23.9 -9999 -9999 -9999 -9999 -9999 -9999 -9999 -9999 -9999 -9999 -9999 -9999 -9999 -9999 -9999 -9999 -9999 -9999 -9999 -9999 -9999 -9999 -9999 -9999 -9999 -9999
38.14 37.1 36.72 36.04 35.74 35.14 34.4 34.3 33.52 33.16 33.26 33.66 33.36 33.32 33.64 33.64 33.64 33.54 33.8 33.54 34.2 33.98 33.78 33.92 32.14 31.06 29.94 29.72 30.04 31 33.16 31.26 31.06 33.72 33.3 31.32 34.36 34.86 34.84 34.86 35.08 35.3 35.72 34.74 33 31.16 29.38 27.16 24.64 24.66 24.34 -9999 -9999 -9999 -9999 -9999 -9999 -9999 -9999 -9999 -9999 -9999 -9999 -9999 -9999 -9999 -9999 -9999 -9999 -9999 -9999 -9999 -9999 -9999 -9999 -9999 -9999
38.44 37.52 36.98 36.28 36.38 35.92 34.7 34.24 33.6 33.34 33.2 32.92 32.52 32.3 32.68 32.8 33.3 33.26 33.96 34.4 34.06 33.6 33.88 32.66 31.08 30.24 29.76 29.18 30.26 31.5 30.68 30.82 33.36 33.8 30.58 31.96 33.42 34.22 34.06 34 33.84 34.4 34.88 35.02 33.22 31.1 28.84 26.02 24.5 24.44 24.4 -9999 -9999 -9999 -9999 -9999 -9999 -9999 -9999 -9999 -9999 -9999 -9999 -9999 -9999 -9999 -9999 -9999 -9999 -9999 -9999 -9999 -9999 -9999 -9999 -9999 -9999
37.28 36.98 36.46 36.68 36.66 36.38 35.68 34.2 33.82 32.8 32.12 31.8 31.66 31.66 31.76 32.36 32.34 33.88 33.88 34.4 33.8 33.42 33.02 32 31.54 29.12 28.76 28.8 31.86 30.2 31.32 30.96 31.48 31.56 30.06 31.12 30.98 32.68 32.32 31.64 31.94 32.9 33.44 33.52 32.3 30.08 27.62 25.78 25.06 24.16 23.64 -9999 -9999 -9999 -9999 -9999 -9999 -9999 -9999 -9999 -9999 -9999 -9999 -9999 -9999 -9999 -9999 -9999 -9999 -9999 -9999 -9999 -9999 -9999 -9999 -9999 -9999
34.96 35.36 35.48 36.44 37.38 37.3 35.58 34.02 33.04 32.72 32.38 31.66 31.12 30.42 31.14 31.72 31.78 32.18 33.5 33.58 33.86 33.78 32.88 31.2 30.2 29.64 29.66 29.1 30.12 30.22 30.42 31.34 31.5 31.22 29.86 29.86 28.86 29.54 29.76 29.9 31.48 31.28 31.96 32.12 30.42 28.94 26.62 24.76 24.1 23.44 23.34 -9999 -9999 -9999 -9999 -9999 -9999 -9999 -9999 -9999 -9999 -9999 -9999 -9999 -9999 -9999 -9999 -9999 -9999 -9999 -9999 -9999 -9999 -9999 -9999 -9999 -9999
32.98 34.72 35.52 36 37.72 38.1 35.72 33.98 33.52 32.32 32.36 31.34 30.62 30.12 30.82 30.88 31.18 31.32 32.86 32.32 32.9 32.88 32.58 31.58 30.96 30.78 30.08 29.48 30.46 30.18 30.3 30.56 29.44 29.16 29.18 28.38 28.26 28.46 28.6 29.74 30.66 30.5 30.72 30.12 29.02 27.4 25.74 24.48 23.46 23.1 23.1 -9999 -9999 -9999 -9999 -9999 -9999 -9999 -9999 -9999 -9999 -9999 -9999 -9999 -9999 -9999 -9999 -9999 -9999 -9999 -9999 -9999 -9999 -9999 -9999 -9999 -9999
32.24 34.74 36.82 37.56 38.18 38.34 36.42 35.16 33.96 32.74 32.22 31.3 30.9 30.46 30.52 30.76 31.08 31.38 31.58 31.84 32.66 33.32 32.32 30.98 31.4 31.4 29.7 29.38 29.36 28.16 29.4 29.14 28.54 28.66 28.46 27.98 27.82 28.2 28.06 28.34 29.84 29.62 29.28 28.14 26.78 25.4 24.28 23.34 22.64 22.66 22.42 -9999 -9999 -9999 -9999 -9999 -9999 -9999 -9999 -9999 -9999 -9999 -9999 -9999 -9999 -9999 -9999 -9999 -9999 -9999 -9999 -9999 -9999 -9999 -9999 -9999 -9999
32.9 35.28 38.6 40.34 40.34 39.12 37.34 35.98 34.62 33.58 32.32 31.44 30.84 30.46 30.28 30.66 31.18 31.6 31.1 32.24 33.06 33.16 32.14 31.72 32.22 31.86 31.42 30.02 28.3 28.24 28.36 28.14 27.6 27.98 27.66 27 27.38 27.42 28.12 28.12 28.4 28.4 27.54 26.2 25.46 24.18 23.22 22.8 22.58 22.42 22.36 -9999 -9999 -9999 -9999 -9999 -9999 -9999 -9999 -9999 -9999 -9999 -9999 -9999 -9999 -9999 -9999 -9999 -9999 -9999 -9999 -9999 -9999 -9999 -9999 -9999 -9999
31.72 33.62 39.96 41.66 40.56 39.54 37.84 36.36 34.98 34.3 32.94 31.76 30.88 30.28 30.36 30.38 30.92 30.92 31.12 31.7 31.86 31.72 31.92 31.48 31.1 30.4 30.16 29.3 27.34 27.76 27.8 27.22 27.2 27.56 28.32 27.26 27.56 27.68 27.58 27.84 27.94 26.94 25.84 24.58 23.76 22.86 22.64 22.22 22.32 22.14 21.98 -9999 -9999 -9999 -9999 -9999 -9999 -9999 -9999 -9999 -9999 -9999 -9999 -9999 -9999 -9999 -9999 -9999 -9999 -9999 -9999 -9999 -9999 -9999 -9999 -9999 -9999
30.48 31.54 38.54 40.46 39.84 38.32 36.8 35.94 35.16 34.16 32.78 31.52 30.36 30.16 29.96 29.92 30.66 31.3 31.66 31.92 31.52 31.6 31.12 30.74 30.4 29.34 29.06 28.36 27.84 27.28 27.22 27.08 27.28 27.68 27.68 28.2 27.74 27.76 27.54 27.08 26.78 25.3 24.38 23.88 23.74 22.6 21.9 22.18 21.94 21.74 -9999 -9999 -9999 -9999 -9999 -9999 -9999 -9999 -9999 -9999 -9999 -9999 -9999 -9999 -9999 -9999 -9999 -9999 -9999 -9999 -9999 -9999 -9999 -9999 -9999 -9999 -9999
31.9 32.86 37 38.32 37.82 36.98 36.02 34.84 34.12 33.22 32.24 31.18 30 29.44 29.58 29.78 30.3 31.14 31.2 31.32 31.38 30.86 30.54 30.22 30.16 28.64 28.54 28.12 27.6 27.08 27.1 27.08 27.42 27.84 27.84 28.04 27.66 27.42 27 26.84 26.68 25.58 24.04 23.46 22.86 22.84 22.3 22.04 21.84 21.54 -9999 -9999 -9999 -9999 -9999 -9999 -9999 -9999 -9999 -9999 -9999 -9999 -9999 -9999 -9999 -9999 -9999 -9999 -9999 -9999 -9999 -9999 -9999 -9999 -9999 -9999 -9999
33.98 33.16 33.42 35.68 35.28 35.02 34.32 33.58 33.28 32.32 31.52 30.56 30 29.22 29.32 29.92 30.36 31.1 31.04 31.18 31.18 30.48 30.36 29.64 29.38 28.9 27.88 27.42 27.18 27.56 27.24 27.58 27.32 27.02 26.98 26.5 26.58 26.88 26.82 27 26.76 25.34 23.98 23.52 22.98 23.1 23.62 22.76 21.9 21.36 -9999 -9999 -9999 -9999 -9999 -9999 -9999 -9999 -9999 -9999 -9999 -9999 -9999 -9999 -9999 -9999 -9999 -9999 -9999 -9999 -9999 -9999 -9999 -9999 -9999 -9999 -9999
35.08 30.94 30.48 32.18 32.62 32.3 32.38 32 31.94 31.5 31.3 30.74 30.22 29.78 29.7 29.94 30.12 30.72 30.36 30.86 30.14 29.84 29.72 28.74 28.86 28.04 28.04 27.58 27.42 27.3 26.86 26.92 26.52 26.2 25.18 24.92 25.2 25.86 26.16 26.44 25.7 24.4 23.54 23.28 22.52 22.74 23.62 22.66 22.3 -9999 -9999 -9999 -9999 -9999 -9999 -9999 -9999 -9999 -9999 -9999 -9999 -9999 -9999 -9999 -9999 -9999 -9999 -9999 -9999 -9999 -9999 -9999 -9999 -9999 -9999 -9999 -9999
35.46 30.18 28.72 29.74 30.18 30.24 30.32 30.88 31.06 31.04 31.4 30.86 30.62 30.42 30.42 30.24 30.3 30.58 30.14 29.78 29.54 29.54 28.66 28.28 27.64 27.48 27.16 26.82 26.54 26.74 26.68 26.52 25.88 25.14 24.7 24.22 24.5 25.04 25.02 25.44 24.68 23 22.92 22.8 21.96 22.12 21.62 21.22 22.26 -9999 -9999 -9999 -9999 -9999 -9999 -9999 -9999 -9999 -9999 -9999 -9999 -9999 -9999 -9999 -9999 -9999 -9999 -9999 -9999 -9999 -9999 -9999 -9999 -9999 -9999 -9999 -9999
37.54 31.1 28.88 28.36 28.68 28.7 29.26 29.94 30.76 30.74 31.08 31.1 31.02 30.92 30.72 29.92 29.66 30.02 29.7 29.32 28.92 28.48 27.64 27.48 27.2 26.4 26.42 26.2 26.38 26.3 26.5 26.16 25.46 24.9 24.16 24.32 24.46 24.48 24.5 24.16 23.24 22.42 21.96 21.58 21.62 21.96 22.1 22.16 -9999 -9999 -9999 -9999 -9999 -9999 -9999 -9999 -9999 -9999 -9999 -9999 -9999 -9999 -9999 -9999 -9999 -9999 -9999 -9999 -9999 -9999 -9999 -9999 -9999 -9999 -9999 -9999 -9999
37.18 30.8 28.62 27.48 27.82 27.86 28.64 29.68 30.44 30.74 31.14 31.14 31.36 31.18 30.84 30.08 29.5 29.06 28.86 28.48 27.8 27.38 26.92 26.26 26.28 25.84 25.76 25.46 25.5 25.48 25.58 25.48 25.16 25.12 24.56 24.18 23.94 24.44 23.82 23.34 22.5 21.32 21.82 22.12 22.06 22.22 22.08 -9999 -9999 -9999 -9999 -9999 -9999 -9999 -9999 -9999 -9999 -9999 -9999 -9999 -9999 -9999 -9999 -9999 -9999 -9999 -9999 -9999 -9999 -9999 -9999 -9999 -9999 -9999 -9999 -9999 -9999
36.34 30.82 27.26 27.04 27.16 27.38 28.42 29.76 30.12 30.64 30.72 31.26 31.68 31.58 30.8 29.64 29 28.1 27.8 27.56 26.98 26.78 26.04 25.52 25.12 25.02 24.58 24.64 24.72 25.02 24.88 24.54 24.42 24.54 24.18 23.62 23.56 24.02 23.54 22.78 21.32 20.78 21.44 21.58 21.78 21.3 21.56 -9999 -9999 -9999 -9999 -9999 -9999 -9999 -9999 -9999 -9999 -9999 -9999 -9999 -9999 -9999 -9999 -9999 -9999 -9999 -9999 -9999 -9999 -9999 -9999 -9999 -9999 -9999 -9999 -9999 -9999
28.26 26.84 26.08 26.2 26.62 27.58 28.48 29.5 29.8 29.8 29.94 30.36 30.86 31.2 30.06 28.78 27.7 26.74 26.8 26.74 26.16 25.76 25.08 24.34 24.12 23.68 23.68 23.58 23.68 23.66 23.64 23.4 23.38 23.5 23.48 23.1 22.18 22.08 21.54 20.3 20.84 21.12 20.36 19.52 19.56 21.66 -9999 -9999 -9999 -9999 -9999 -9999 -9999 -9999 -9999 -9999 -9999 -9999 -9999 -9999 -9999 -9999 -9999 -9999 -9999 -9999 -9999 -9999 -9999 -9999 -9999 -9999 -9999 -9999 -9999 -9999 -9999
23.58 24.38 25.36 26.22 26.86 27.76 28.78 28.84 29.28 28.98 28.8 28.6 29.14 28.68 27.9 26.78 26.2 25.82 25.66 25.36 24.3 24.26 23.82 23.4 23.14 23.02 22.6 22.62 22.94 23.14 22.54 22.64 22.82 22.7 22.48 22.02 20.36 19.88 20.1 19.64 19.72 21.38 21.76 21.42 21.48 -9999 -9999 -9999 -9999 -9999 -9999 -9999 -9999 -9999 -9999 -9999 -9999 -9999 -9999 -9999 -9999 -9999 -9999 -9999 -9999 -9999 -9999 -9999 -9999 -9999 -9999 -9999 -9999 -9999 -9999 -9999 -9999
21.2 23.3 25.34 26.94 27.54 28.24 28.4 28.44 28.38 27.82 27.04 26.18 25.96 25.78 24.98 24.9 24.56 24.52 24.08 23.5 23.18 23 22.5 22.18 21.96 22.16 21.64 21.64 21.98 21.78 21.92 21.92 21.98 21.6 21.34 20.66 19.88 19.4 18.4 18.82 -9999 -9999 -9999 -9999 -9999 -9999 -9999 -9999 -9999 -9999 -9999 -9999 -9999 -9999 -9999 -9999 -9999 -9999 -9999 -9999 -9999 -9999 -9999 -9999 -9999 -9999 -9999 -9999 -9999 -9999 -9999 -9999 -9999 -9999 -9999 -9999 -9999
21.7 23.54 25.88 28.2 28.78 28.84 28.38 28.1 27.4 27.08 26.16 25.26 24.66 24.06 23.66 23.46 23.88 23.3 22.56 22.24 21.8 21.46 21.1 20.88 20.9 20.82 20.54 20.38 20.74 20.74 20.62 20.6 20.5 20.4 19.64 19.58 19.5 18.8 -9999 -9999 -9999 -9999 -9999 -9999 -9999 -9999 -9999 -9999 -9999 -9999 -9999 -9999 -9999 -9999 -9999 -9999 -9999 -9999 -9999 -9999 -9999 -9999 -9999 -9999 -9999 -9999 -9999 -9999 -9999 -9999 -9999 -9999 -9999 -9999 -9999 -9999 -9999
23.08 24.08 26.72 29.24 28.44 28.24 28 28.12 27.5 26.44 25.64 24.82 24.08 23.28 22.84 23.08 22.74 22.1 21.36 20.76 20.6 20.26 20.02 19.72 19.44 19.68 19.58 19.36 18.9 19.12 19.24 19.32 19.16 19.54 19.72 -9999 -9999 -9999 -9999 -9999 -9999 -9999 -9999 -9999 -9999 -9999 -9999 -9999 -9999 -9999 -9999 -9999 -9999 -9999 -9999 -9999 -9999 -9999 -9999 -9999 -9999 -9999 -9999 -9999 -9999 -9999 -9999 -9999 -9999 -9999 -9999 -9999 -9999 -9999 -9999 -9999 -9999
23.04 24.36 26.42 27.74 28.04 27.58 27.08 27.54 26.74 25.7 25.02 24.38 23.32 22.7 22.54 22.16 21.7 21.32 20.58 19.96 19.38 18.78 18.92 18.74 18.34 18.48 18.34 18.26 17.7 17.62 17.8 17.72 18.14 18.5 -9999 -9999 -9999 -9999 -9999 -9999 -9999 -9999 -9999 -9999 -9999 -9999 -9999 -9999 -9999 -9999 -9999 -9999 -9999 -9999 -9999 -9999 -9999 -9999 -9999 -9999 -9999 -9999 -9999 -9999 -9999 -9999 -9999 -9999 -9999 -9999 -9999 -9999 -9999 -9999 -9999 -9999 -9999
22.9 24.38 25.64 27 27 26.64 25.8 25.52 24.62 24.34 23.86 23.2 22.34 22.58 21.86 21.46 21.32 20.92 20.26 19.3 18.54 18.26 18.12 17.94 17.82 17.54 17.08 16.92 16.98 16.6 16.1 16.3 16.82 -9999 -9999 -9999 -9999 -9999 -9999 -9999 -9999 -9999 -9999 -9999 -9999 -9999 -9999 -9999 -9999 -9999 -9999 -9999 -9999 -9999 -9999 -9999 -9999 -9999 -9999 -9999 -9999 -9999 -9999 -9999 -9999 -9999 -9999 -9999 -9999 -9999 -9999 -9999 -9999 -9999 -9999 -9999 -9999
23.26 24.04 25.26 26.26 26.28 26.02 25.08 23.22 22.68 22.26 21.88 21.6 22.08 21.94 21.64 21.28 20.9 20.32 19.56 18.36 17.66 17.76 17.66 17.8 17.18 16.8 16.24 16.06 16.24 16.3 15.68 15.74 -9999 -9999 -9999 -9999 -9999 -9999 -9999 -9999 -9999 -9999 -9999 -9999 -9999 -9999 -9999 -9999 -9999 -9999 -9999 -9999 -9999 -9999 -9999 -9999 -9999 -9999 -9999 -9999 -9999 -9999 -9999 -9999 -9999 -9999 -9999 -9999 -9999 -9999 -9999 -9999 -9999 -9999 -9999 -9999 -9999
22.64 23.8 25.32 26.36 26.68 25.86 24.72 23 21.56 21.12 20.16 19.86 21.64 22.02 21.92 21.78 20.78 20.34 19.32 17.96 17.44 17.7 17.78 17.7 17.04 16.38 15.54 15.6 16.08 16.06 15.8 16.2 -9999 -9999 -9999 -9999 -9999 -9999 -9999 -9999 -9999 -9999 -9999 -9999 -9999 -9999 -9999 -9999 -9999 -9999 -9999 -9999 -9999 -9999 -9999 -9999 -9999 -9999 -9999 -9999 -9999 -9999 -9999 -9999 -9999 -9999 -9999 -9999 -9999 -9999 -9999 -9999 -9999 -9999 -9999 -9999 -9999
22.04 23.6 24.86 25.94 26.18 25.82 25.08 23.18 21.08 20.14 19.56 19.82 20.2 21.24 22.24 22.22 21.92 20.52 20.02 19.02 18.12 18.28 18.1 17.8 17.44 16.38 15.84 15.6 15.62 15.82 16.24 15.96 -9999 -9999 -9999 -9999 -9999 -9999 -9999 -9999 -9999 -9999 -9999 -9999 -9999 -9999 -9999 -9999 -9999 -9999 -9999 -9999 -9999 -9999 -9999 -9999 -9999 -9999 -9999 -9999 -9999 -9999 -9999 -9999 -9999 -9999 -9999 -9999 -9999 -9999 -9999 -9999 -9999 -9999 -9999 -9999 -9999
21.22 22.68 24.08 24.78 25.5 25.82 25.46 23.48 21.5 19.94 18.74 19.1 20.22 21.3 22.1 22.62 22.04 19.44 20.32 20.3 19.28 18.84 18.38 18.36 17.78 16.96 16.16 15.92 15.8 15.98 15.66 15.86 -9999 -9999 -9999 -9999 -9999 -9999 -9999 -9999 -9999 -9999 -9999 -9999 -9999 -9999 -9999 -9999 -9999 -9999 -9999 -9999 -9999 -9999 -9999 -9999 -9999 -9999 -9999 -9999 -9999 -9999 -9999 -9999 -9999 -9999 -9999 -9999 -9999 -9999 -9999 -9999 -9999 -9999 -9999 -9999 -9999
21.12 21.92 23.2 23.8 24.5 24.32 23.76 22.56 20.62 19.22 18.46 18.74 19.82 20.52 21.12 21.36 20.54 18.16 18.74 20.02 19.38 18.54 18.4 18.34 17.76 16.88 16.22 15.84 15.46 15.08 14.38 14.72 -9999 -9999 -9999 -9999 -9999 -9999 -9999 -9999 -9999 -9999 -9999 -9999 -9999 -9999 -9999 -9999 -9999 -9999 -9999 -9999 -9999 -9999 -9999 -9999 -9999 -9999 -9999 -9999 -9999 -9999 -9999 -9999 -9999 -9999 -9999 -9999 -9999 -9999 -9999 -9999 -9999 -9999 -9999 -9999 -9999
20.34 20.94 22.12 22.6 23.08 22.6 22.2 21.02 19.44 18.66 18.7 19.28 19.36 19.46 19.7 19.3 18 17.36 18.3 19.28 18.56 18.48 18.04 17.98 17.56 16.9 16.26 15.44 14.92 14.74 14.4 14.88 -9999 -9999 -9999 -9999 -9999 -9999 -9999 -9999 -9999 -9999 -9999 -9999 -9999 -9999 -9999 -9999 -9999 -9999 -9999 -9999 -9999 -9999 -9999 -9999 -9999 -9999 -9999 -9999 -9999 -9999 -9999 -9999 -9999 -9999 -9999 -9999 -9999 -9999 -9999 -9999 -9999 -9999 -9999 -9999 -9999
19.36 20.12 20.8 21.36 21.42 21.1 20.38 19.4 18.34 17.66 17.96 18.4 18.64 18.52 18.26 17.92 17.04 16.68 17.44 17.94 18 17.84 17.48 17.16 16.82 16.22 15.6 15.28 14.54 14.24 14.5 -9999 -9999 -9999 -9999 -9999 -9999 -9999 -9999 -9999 -9999 -9999 -9999 -9999 -9999 -9999 -9999 -9999 -9999 -9999 -9999 -9999 -9999 -9999 -9999 -9999 -9999 -9999 -9999 -9999 -9999 -9999 -9999 -9999 -9999 -9999 -9999 -9999 -9999 -9999 -9999 -9999 -9999 -9999 -9999 -9999 -9999
