data/default-data/raster/climate/pre_2.txt
ncols         720
nrows         360
xllcorner     -180
yllcorner     -90
cellsize      0.5
NODATA_value  -9999
[rows 66 to 98 of 360, columns 450 to 524 of 720]
305 307.96 299.76 301.88 303.06 293.16 304.62 304.2 315.28 301.82 298.42 304.92 311.68 297.54 285.88 290.12 293.82 292.88 294.44 306.12 306.82 307.02 306.22 281.9 268.72 266.44 261.68 257.12 242.68 230 207.8 197.1 199.04 188.38 177.9 178.18 168.56 168.86 159.38 150.24 152.42 153.54 165.3 156.82 156.5 154.96 144.24 144.82 136.8 139 151.54 153.88 156.2 158.74 160.52 161.18 161.82 162.34 151.22 163 161.78 172.12 170.82 170.08 169.42 169.02 180.44 168.54 178.84 178.28 178.52 179.16 191.22 191.5 178.26
302.48 293.58 296.3 298.88 301.74 305.18 296.22 308.44 308.04 304.94 300.96 318.9 314.38 309.82 297.92 290.7 302.96 294.36 304.84 305.14 305.64 305.8 304.58 280.26 267.06 266.18 263.7 259.74 245.58 232.9 221.54 191.04 182.48 181.6 180.74 169.88 159.22 159.5 151.16 153.36 145.18 146.16 156.74 157.38 146.46 145.6 145.08 144.66 125.48 127.32 129.12 152.66 154.54 156.78 159 160.32 160.84 149.8 150.48 151.2 162.62 150.58 161.62 149.42 148.38 168.9 167.52 155.16 165.74 176.08 175.64 176.54 188.1 187.74 183.98
322.82 290.66 293 295.46 310.04 313.46 305.62 308.86 311.26 307.1 314.3 321 316.64 301.46 299.82 313.58 306.2 316.08 314.8 314.62 304.34 304.3 291.66 278.14 277.12 266.32 253.46 240.2 237.44 225.36 225.1 204.34 183.58 173.36 172.78 172.06 151.68 152.26 144 145.94 137.5 149 148.32 147.18 136.52 135.76 135.3 135.08 136.5 137.78 138.8 140.06 141.88 143.66 145.54 147.64 148.34 148.78 138.1 138.96 150.98 139.28 137.9 148.04 146.7 144.82 154.14 142.38 152.7 174.1 173.72 184.42 184.98 193.14 190.54
310.4 310.86 289.62 281.96 296.68 300.64 304.54 308.1 306.26 304.4 312.66 308.42 315.72 302.9 313.38 305.76 317.42 316.06 314.34 313.98 302.74 302.82 290.24 289.04 267.66 245.66 253.88 240.68 239.26 228.64 207.8 186.8 186.44 165.48 165.36 165.18 154.84 144.94 157.4 138.22 139.9 139.58 138.6 137.7 136.76 136.7 136.78 136.8 137.62 138.66 139.76 140.8 141.78 142.82 143.84 145.56 147.32 136.62 148.94 148.7 136.72 135.9 134.82 133.58 132 130.68 140.06 151.04 161.76 161.56 171.66 181.52 191.06 188.6 196.38
320.88 309.84 299.22 303.48 296.6 300.58 293.16 304.9 290.42 309.4 319.64 309.62 329.68 305.7 316.52 307.32 306.3 305.1 303.44 302.8 302.32 312.14 300.38 279.16 257.74 246.26 233.3 211.14 221.04 220.92 210.48 187.84 166.46 157.28 158.14 157.94 157.84 147.8 149.82 151.76 140.66 139.54 138.48 137.54 136.66 136.88 137.36 137.76 138.26 139.32 140.24 141.26 142.24 143.32 144.28 145.3 146.28 144.68 133.22 132.8 121.22 120.34 118.62 127.24 125.76 135.4 136.04 146.92 157.42 167.6 177.5 178.9 189.36 198.08 195.18
308.1 307.56 298.92 292.24 296.22 289.24 301.14 290.64 285.88 305.62 317.74 330.24 331.12 319.62 329.64 318.12 316.98 305 292.54 302.24 301.9 289.8 288.26 277.1 256 235.44 213.62 191.96 202.28 202.4 175.66 176.76 157.14 169.46 160.26 161.02 150.22 150.68 152.58 142.02 140.82 139.58 138.44 126.82 136.48 136.62 138.16 128.48 137.6 138.52 139.58 140.58 141.58 142.58 143.48 144.32 144.06 141.6 139.18 127.96 127.42 126.52 124.22 122.14 121.36 121.32 132.12 132.42 152.94 164.52 176.16 187.96 198.3 207.6 206.4
295.6 316.98 298.58 313.64 306.88 307.98 297.72 287.34 296.18 304.36 315.88 339.2 340.66 330.6 330.32 306.98 294.98 304.82 292.6 291.22 290.56 278.3 276.64 254.82 233.14 222.62 200.94 180.9 179.68 165.18 176.52 167.16 168.76 159.9 161.5 152.3 153.1 142.5 143.28 142.16 140.82 129.18 128.58 117.12 138.14 137.7 139.1 140.6 126.82 137.8 138.78 139.82 140.74 141.58 142.54 143.4 141.6 139.14 136.66 123.84 122.84 121.28 109.72 109.9 120.14 119.96 119.9 130.68 141.3 163.14 174.82 186.5 207.26 205.9 214.9
294.36 305.22 319.38 323.9 314.74 315.5 294.44 272.44 293.36 291.78 314.06 326.5 327.84 337.46 314.66 316.2 305.72 293.92 281.66 269.14 257.7 266.88 254.78 243.36 223.34 212.88 190.72 168.44 167 155.98 167.26 168.34 159.46 161.02 151.76 153.26 143.72 144.54 143.82 143.18 120.52 119.9 130.22 118.82 139.64 139.16 140.02 141.44 116.1 126.56 137.9 138.82 139.76 140.62 141.54 141.04 139.06 136.52 123.74 111.28 109.3 108.86 108.96 109.18 109.3 109.32 119.96 131.14 140.98 151.88 184.28 196.04 206.52 225.48 224.26
290.46 303.72 308.26 310.24 332.3 322.44 290.54 290.5 279.46 290.16 300.52 313.18 312.84 310.74 309.7 290.22 270.34 260.88 248.88 247.3 257.08 244.9 243.48 233.66 224.16 202.58 180.98 170.1 159.92 158.82 148.96 160.88 162.52 153.22 154.62 144.06 143.24 142.96 132.52 121.9 122.3 132.84 132.12 131.48 141.74 141.1 141.28 141.3 138.46 126.28 126.44 137.9 138.76 139.74 140.52 138.52 126.14 123.76 121.36 110.64 110.36 109.94 109.56 109.68 109.8 110.42 121.54 132.94 144.34 163.58 174.56 196.98 207.5 236.52 245.4
280 277.24 302.5 305.34 328.26 318.14 296.8 275.7 286.24 287.24 276.6 277.48 285.76 282.64 263.02 264.88 244.98 256.82 236.5 225.62 235.14 233.8 234.08 224.08 215.16 193.98 182.9 171.06 172.32 161.62 162.54 164.1 154.56 154.46 142.5 141.6 140.82 129.86 130.56 131.06 131.54 132.06 132.52 133.06 143.92 143.1 142.68 141.58 140.06 127.62 126.02 136.9 137.86 149.44 148.7 136.08 134.12 122.74 122.38 121.98 111.66 111.2 121.02 110.56 110.82 111.88 123.06 134.62 146.38 166.8 175.86 207.5 218.9 237.44 256.6
267.96 273.56 272.92 286.94 291.9 298.92 278.8 268.76 269.24 260.16 251.92 250.5 248.12 246.68 238.1 239.64 230.66 221.4 222.26 223.02 213.48 225.02 225.92 216.02 217.56 195.88 184.44 193.96 185 175.9 165.1 153.62 152.66 140.88 140.04 139.16 127.9 127.86 128.42 129.08 129.5 130 130.58 131.1 142.54 132.24 132.76 132.08 130.78 139.94 127.48 125.74 147.34 148.1 135.64 134.6 134.84 134.34 123.62 123.3 123 112.4 122.26 111.62 112.74 113.38 134.88 146.56 148 169.94 179.34 209.12 240.12 259.58 286.46
257.04 265.32 261.3 274.24 278.88 262.86 249.18 249.42 239.8 231.88 236.42 224.48 212 212.6 214.44 216.26 207.7 199.04 189.86 201.96 214.48 216.72 218.06 218.8 209.08 198 185.5 185.02 186.42 175.4 162.58 150.96 150 127.76 137.54 126.3 125.84 125.78 126.42 127.04 127.64 128.04 128.6 118.42 129.66 130.44 131.34 141.96 141.22 140.14 138.94 137.78 135.9 135.72 135.84 136.16 136.22 135.84 135.44 124.62 124.34 123.64 123.1 123.62 124.78 125.94 137.2 148.22 160.36 172.72 182.24 211.04 230.32 268.66 304.66
247.92 237.1 238.1 236.8 247.5 233.78 213.56 223.08 214.82 221.5 212.36 190.78 197.74 178.64 182.82 194.7 186.1 187.7 190.46 192.08 204.72 206.78 208.98 210.84 211.72 199.68 198.34 185.16 173.96 161.46 148 137.04 126.28 125.58 124.72 124.06 123.72 123.76 124.3 124.92 115.04 115.6 116.18 116.6 127.96 129.12 140.74 140.82 140.08 138.9 148.34 147.06 146.18 137 158.54 148.2 148.36 137.34 136.92 125.82 135.58 124.68 124.1 125.32 126.46 127.56 128.72 149.28 159.36 169.82 190.4 219.58 238 274.52 268.32
238.48 230 243.96 241.44 220.06 215.16 204.58 209.16 195.12 190.48 188.96 176.64 173.86 172.86 177.54 172.26 174.78 167.14 169.72 182.12 194.68 196.72 187.76 200.82 213.9 199.64 185.36 183.72 171.42 157.48 134.16 132.96 122.86 132.92 122.5 122.08 121.58 121.64 112.08 112.64 113.28 113.8 114.3 115.28 116.12 127.82 139.36 139.32 138.86 137.8 147.1 145.74 146.36 147.62 159.62 149.76 149.88 149.46 138.02 147.82 136.48 136.1 126.28 127.48 128.66 140.04 140.28 140.5 160.58 169.5 188.34 214.76 230.86 246.44 251.66
236.76 241.08 235.08 214.26 201.16 196.16 196.94 177 176.8 177.28 174.78 153.12 150.62 157.76 152.64 157.12 152.44 156.98 159.5 182.84 184.68 186.7 199.68 201.94 202.48 198.56 183.62 171.36 157.62 154.08 140.76 118.54 118.6 108.68 108.94 119.26 119.5 99.72 100.14 100.72 111.36 112 113.06 114 115.02 115.92 137.96 137.94 127.1 126.1 135.38 145.38 146.56 147.92 159.8 161.2 172.94 150.72 139.28 128.02 127.56 137.9 128.48 128.92 140.24 140.52 151.24 151.2 172.6 180.94 178.16 203.62 217.96 223.02 218.08
233.2 218.04 223.62 206.34 203.58 187.54 175.78 164.48 172.62 160.24 156 141.6 137.54 135.2 129.36 143.64 148.74 153.92 169.54 161.98 174.72 187.62 189.72 203.06 202.18 186.84 172.14 158.7 144.46 140.96 127.9 124.98 104.76 104.94 114.66 105.94 108.18 98.46 108.5 98.94 99.6 110.64 111.82 112.86 113.86 125.22 125.94 136.52 125.92 135.44 134.32 135.1 146.66 137.28 148.46 149.64 150.92 140.42 150.76 139.6 139.24 139.36 118.08 129.18 129.3 129.4 150.82 150.76 161.28 181.48 199.3 204.42 207.84 210.96 206.28
210.16 205.52 200.44 194.6 174.18 172.32 159.7 157.84 155.86 153.8 141.48 137.38 123.58 128.08 131.54 136.3 131.1 135.46 161.48 165.22 156.1 169.16 171.2 173.02 194.22 165.22 161 156.96 132.44 139.02 125.78 112.9 100.96 111.22 104.2 96.92 99.22 97.88 107.58 98.44 99.02 109.86 110.9 111.72 112.6 123.82 114.36 124.74 124.7 123.8 133.98 124.3 124.94 146.34 147.54 148.88 150.36 151.6 140.48 139.86 129.18 129.9 130.14 140.66 129.38 139.76 139.52 149.96 160.36 170.76 189.16 205.16 208.64 201.92 195.1
213.22 187.64 192.64 175.66 177.74 164.56 152.24 140.26 138.44 136.54 124.24 122.44 117.88 114.32 117.32 121.76 125.92 129.56 143.58 146.94 149.14 162.28 164.08 165.92 163.34 158.36 141.94 147.72 123.3 120 106.98 104.18 93.16 94.28 96.42 108.88 100.1 98.92 98.68 99.36 100.1 100.8 111.68 112.68 123.84 114.46 125.18 125.92 124.94 123.22 122.44 133.24 133.88 134.92 136.5 137.44 139.02 140.14 140.84 129.88 129.92 130.84 142.56 142.08 152.38 151.58 161.48 160.7 170.52 180.14 189.5 205.9 209.4 202.6 209.14
195.96 190.58 184.16 176.36 156.94 156.2 143.8 131.6 130.22 118.1 116.3 124.16 121.28 109.1 111.82 115.84 119.12 133.02 136.06 139.06 141.86 142.92 156.54 157.32 154.78 139.58 134.92 130.02 135.66 121.08 98.96 107.34 96.12 86.76 88.54 101.64 91.16 90.6 99.82 100.48 101.16 101.72 112.76 113.54 114.38 125.86 127.2 125.8 125.1 126.9 123.16 132.86 133.2 134.64 135.78 136.62 138.2 128.76 130.12 130.7 130.88 131.74 143.38 143.24 153.4 141.76 162.64 172.58 182.46 191.48 199.82 206.46 220.04 212.92 197.14
178.1 171.14 174.08 154.92 157.58 136.22 146.22 122.6 121.22 130.26 127.82 115.02 113.12 113.18 115.82 108.1 110.76 124.88 127.88 130.5 133.3 134.76 135.9 135.8 133.62 131.48 138.8 134 118.78 105.18 113 100.52 89.08 78.9 91.1 93.48 92.74 92.18 101.6 101.5 102.12 112.78 113.06 113.14 123.68 126.92 136.48 125.76 126.6 118.54 126.98 123.84 135.5 135.92 136.32 136.36 127.02 128.54 130.08 120.48 120.9 132.36 143.82 144.2 154.58 153.7 174.64 173.54 172.48 181.46 201.36 208.6 231.06 208.34 183.64
158.26 150.32 152.94 155.64 146.96 137.96 137.14 135.66 133.32 120.06 117.94 -9999 -9999 -9999 -9999 -9999 113.4 116.08 118.8 121.6 124.06 138.6 126.86 125.84 124.06 134.74 130.8 116.14 113.36 110.5 107.74 94.54 82.14 91.02 83.7 84.4 94.04 93.12 92.28 101.72 101.56 111.7 111.4 132.04 124.14 136.6 137.48 138.02 138.68 120.38 119.56 127.82 138.16 138.34 138.54 138.46 129.64 131.54 132.44 121.98 120.92 132.38 144.02 155.46 155.46 165.66 164.62 174.58 184 183.3 192.12 220.5 223.34 217.02 200.9
148.86 151.38 154.02 156.58 136.32 138.62 127.16 136.28 -9999 -9999 -9999 -9999 -9999 -9999 -9999 -9999 104.3 106.88 109.32 111.72 114.2 116.5 117.32 115.6 114.02 113.12 111.76 109.38 106.92 115.84 101.16 98.24 95.46 89.48 90.28 96.08 95.02 93.54 92.18 100.72 110.16 120.12 130.1 121.4 133.72 148.42 151.06 151.04 140.72 144.6 123.04 142.5 141.18 141.32 130.42 131.04 122.34 124.64 146.64 145.3 133.22 142.62 153.32 164.96 165.62 165.32 175.58 174.82 185.84 195.22 193.4 190.26 210.62 160.18 183.88
173.32 165.08 156.5 170.16 160.62 149.16 148.2 -9999 -9999 -9999 -9999 -9999 -9999 -9999 145.02 148.7 105.8 108.6 111.52 114.22 103.6 119 106.86 105.18 104.62 104.12 103.2 100.74 134.82 119.32 116.04 101.64 101.62 85.18 100.72 94.4 88.04 93.18 101.64 100 118.58 128.3 118.58 141.42 145.96 161.2 164.28 142.5 153.8 158.82 138.06 146.36 144.48 144.12 155.64 134.86 136.02 159.54 124.24 124.52 134.78 155 164.22 163.76 174.74 175.18 174.58 185.74 174.18 183.6 171.14 169.76 159.28 162.48 164.42
186.4 178.22 169.34 180.8 168.24 -9999 -9999 -9999 -9999 -9999 -9999 -9999 -9999 100.3 113.6 104.58 119.32 97.94 100.46 103.02 105.38 107.22 94.98 94.26 106.7 118.92 104.96 140.96 137.28 133.46 106.28 116.34 109.02 101.12 87.12 96.3 93.14 101.08 105.48 109.22 126.92 126.48 138.94 153.66 158.48 174.3 166.9 167.72 167.86 182.28 172.52 161.84 159.22 159.24 158.82 158.54 148.02 136.4 136.64 148.82 158.88 168.36 165.34 174.92 174.38 184.64 174.3 174.8 162.58 139.94 139.76 127.2 116.34 130.5 134.3
199.72 189.52 177.84 186.96 -9999 -9999 -9999 -9999 -9999 -9999 173.5 175.46 111.56 113.4 114.8 104.94 106.92 109.14 98.98 100.94 102.86 91.78 106.8 94.14 94.2 106.58 105.66 142.7 138.98 123.1 133.32 130.78 125 86.98 110.38 106.76 114.62 110.5 116.98 122.78 127.66 136.36 150.92 166.24 182.18 187.52 203.06 193.3 193.52 205.74 196.34 186.3 185.44 195.38 182.56 182 169.16 166.36 180.08 193.92 181.94 192.5 190.06 197.42 185.32 184.74 185.3 162.7 129.88 119.3 108.32 117.12 115.82 118.92 112.86
220.04 207.54 205.12 207.48 -9999 201.34 -9999 -9999 -9999 -9999 183.46 119.06 120.44 110.76 100.94 102.54 104.2 94.52 84.46 98.44 100.5 89.88 104.48 92.22 93.08 93.74 106.4 144.4 140.78 125.24 132.92 122.76 86.26 85.38 108.7 105.02 112.8 119.56 125.52 130.68 137.44 149.06 151.84 166.38 204.1 221.5 226.86 217.42 230.34 233.94 249.56 237.24 222.68 220.96 216.8 212.42 195.94 196.64 200.16 215.08 225.56 224.56 212.48 199.38 196.42 173.24 171.02 149.78 151.06 130.66 141.26 128.3 115.44 97.66 90.02
235.66 222.56 213.18 215.3 208.96 -9999 -9999 -9999 -9999 -9999 -9999 -9999 117.46 118.92 109.38 100.04 101.76 80.62 82.28 83.98 85.84 100.42 102.18 90.2 91.12 104.96 105.88 92.98 89.82 148.68 132.46 97.96 84.7 107.8 106.7 114.94 99.82 106.92 123.32 130.64 150.2 163.08 186.74 200.44 203.96 243.06 272.62 299.1 279.54 304.52 294.12 260.58 258.56 242.64 225.54 218.36 225.44 226.04 241.72 246.16 234.92 245.1 232.8 220.52 216.4 194.16 170.54 149.44 149.36 130.18 117.88 126.9 125.82 95.6 87.88
270.7 259.8 254.78 239.86 233.88 -9999 -9999 -9999 -9999 -9999 -9999 -9999 167.06 116.16 117.52 108.46 99.24 89.72 80.24 81.84 83.8 98.2 99.9 88.22 89.08 89.86 103.34 90.08 88.72 110.34 85 96.1 106.86 105.74 104.9 101.62 108.96 115.6 113.08 133.08 164.26 187.94 201.8 226.78 252.58 268.04 283.4 332.3 358.94 385.08 375.12 324.92 286.38 260.48 240.18 254.28 243.92 254.08 271.14 276.08 244.2 231.96 229.8 237.24 183.74 153.18 150.7 149.16 138.86 128.02 116.8 105.04 93.56 92.62 73.54
575.08 458.74 440.78 345.52 268.04 224.44 213.18 -9999 -9999 -9999 -9999 -9999 -9999 164.94 166.68 105.7 96.84 98.4 78.06 91.32 93.62 95.94 97.6 86.26 87.04 112.38 100.1 99.06 98.02 107.86 107.68 106.02 93.1 103.8 102.92 99.9 106.98 115.52 136.12 156.32 178.86 203.26 228.32 265.26 279.34 314.68 329.96 377.5 424.5 463.38 486.7 410.22 368.76 336.14 337.4 300.6 294.78 301 277 259.46 266.92 204.02 164.04 137.32 136.76 127.92 117.1 116.9 118.26 106.84 105.5 93.74 92.68 81.68 81.08
481.42 522.36 469.06 414.96 301.5 239.82 227.32 -9999 -9999 -9999 -9999 -9999 -9999 -9999 162.76 113.36 104.84 96.02 86.82 100.22 102.88 93.68 83.46 95.92 96.5 96.82 96.22 106.7 105 104.76 110.94 109.6 92.96 113.84 101.12 109.12 117.94 128.22 149.22 169.72 193.98 230 242.78 288.52 301.38 336.7 387.98 441.02 484.62 550.64 537.14 496.14 456.06 425.94 377.46 346.1 334.48 317.78 283.16 246.58 221.64 190.12 149.56 143.78 192.5 126.94 95.04 98.12 86.3 106.58 126.32 103.9 92.3 80.94 70.1
336.58 336.88 354 362.6 379.58 288.96 229.92 219.66 -9999 -9999 -9999 -9999 -9999 -9999 -9999 110.58 102.22 93.58 95.48 97.76 100.3 102.7 92.62 104.66 93.08 104.68 102.98 101.22 100.5 101.1 106.6 101.98 111.8 118.9 113.52 110.86 121.14 131.18 162.82 173.28 206.92 241.04 275.48 299.28 345.48 370.54 412.14 465.44 515.22 570.14 585.78 550.28 498.84 454.94 384.36 358.98 357.76 339 291.3 245.52 201.48 156.52 131.12 137.18 112.88 104.88 109.24 97.46 74.98 74.16 83.82 62 61.26 50.4 39.86
264.16 261.76 281.24 302.24 280.34 359.04 313.38 292.34 244.1 -9999 -9999 -9999 -9999 -9999 -9999 156.82 -9999 -9999 93.3 95.38 108.26 110.38 111.48 122.5 111.4 110.2 108.42 96.82 107.74 99.54 107.62 101.08 113.68 134.14 115.92 122.7 144.12 176.26 186 196.66 218.76 251.66 286.14 332.14 367.42 394.76 425.2 466.98 486.44 579.96 640.74 614.3 462.24 388.88 369.96 403.16 397.48 333.78 287.68 243.44 182.48 142.8 125.52 111.38 116.18 101.86 95.66 74.82 63.54 52.36 41.38 40.84 30.22 39.8 29.42
284.72 256.32 207.8 191.56 235.84 272.08 345.02 377.58 320.3 231.02 222.1 -9999 -9999 -9999 -9999 162.52 106.88 109 101.18 102.82 114.66 126.56 127.66 127.84 128.34 116.22 115.9 116.42 117.32 124.94 132 134.42 135.56 122.48 129.82 135.6 145.12 177.38 176.26 209.62 243.08 287.86 331.42 342.7 378 419.1 449.76 444.06 467.22 570.58 583.26 423.72 371.3 337.4 351.02 380.12 380.88 309.6 287.44 253 182.14 150.46 118.8 97.72 93.66 79.48 62.06 52.74 41.8 41.36 30.66 20.12 29.86 19.68 19.42
