data/default-data/raster/climate/pre_8.txt
ncols         720
nrows         360
xllcorner     -180
yllcorner     -90
cellsize      0.5
NODATA_value  -9999
[rows 33 to 65 of 360, columns 375 to 449 of 720]
-9999 -9999 -9999 -9999 -9999 -9999 -9999 -9999 -9999 -9999 -9999 -9999 -9999 -9999 -9999 -9999 -9999 -9999 -9999 -9999 -9999 -9999 -9999 -9999 -9999 -9999 -9999 -9999 -9999 -9999 -9999 -9999 -9999 -9999 -9999 -9999 -9999 -9999 -9999 -9999 -9999 -9999 -9999 -9999 -9999 -9999 -9999 -9999 -9999 -9999 -9999 -9999 -9999 -9999 -9999 -9999 -9999 -9999 -9999 -9999 -9999 -9999 -9999 -9999 -9999 -9999 -9999 -9999 -9999 -9999 -9999 -9999 -9999 -9999 -9999
-9999 -9999 -9999 -9999 -9999 -9999 -9999 -9999 -9999 -9999 -9999 -9999 -9999 -9999 -9999 -9999 -9999 -9999 -9999 -9999 -9999 -9999 -9999 -9999 -9999 -9999 -9999 -9999 -9999 -9999 -9999 -9999 -9999 -9999 -9999 -9999 -9999 -9999 -9999 -9999 -9999 -9999 -9999 -9999 -9999 -9999 -9999 -9999 -9999 -9999 -9999 -9999 -9999 -9999 -9999 -9999 -9999 -9999 -9999 -9999 -9999 -9999 -9999 -9999 -9999 -9999 -9999 -9999 -9999 -9999 -9999 -9999 -9999 -9999 -9999
-9999 -9999 -9999 -9999 -9999 -9999 -9999 -9999 -9999 -9999 -9999 -9999 -9999 -9999 -9999 -9999 -9999 -9999 -9999 -9999 -9999 -9999 -9999 -9999 -9999 -9999 -9999 -9999 -9999 -9999 -9999 -9999 -9999 -9999 -9999 -9999 -9999 -9999 -9999 -9999 -9999 -9999 -9999 -9999 -9999 -9999 -9999 -9999 -9999 -9999 -9999 -9999 -9999 -9999 -9999 -9999 -9999 -9999 -9999 -9999 -9999 -9999 -9999 -9999 -9999 -9999 -9999 -9999 -9999 -9999 -9999 -9999 -9999 -9999 -9999
-9999 -9999 -9999 -9999 -9999 -9999 -9999 -9999 -9999 -9999 -9999 -9999 -9999 -9999 -9999 -9999 -9999 -9999 -9999 -9999 -9999 -9999 -9999 -9999 -9999 -9999 -9999 -9999 -9999 -9999 -9999 -9999 -9999 -9999 -9999 -9999 -9999 -9999 -9999 -9999 -9999 -9999 -9999 -9999 -9999 -9999 -9999 -9999 -9999 -9999 -9999 -9999 -9999 -9999 -9999 -9999 -9999 -9999 -9999 -9999 -9999 -9999 -9999 -9999 -9999 -9999 -9999 -9999 -9999 -9999 -9999 -9999 -9999 -9999 -9999
-9999 -9999 -9999 -9999 -9999 -9999 -9999 -9999 -9999 -9999 -9999 -9999 -9999 -9999 -9999 -9999 -9999 -9999 -9999 -9999 -9999 -9999 -9999 -9999 -9999 -9999 -9999 -9999 -9999 -9999 -9999 -9999 -9999 -9999 -9999 519.24 510.24 -9999 -9999 -9999 530.76 -9999 -9999 -9999 -9999 -9999 -9999 -9999 -9999 -9999 -9999 -9999 -9999 -9999 -9999 -9999 -9999 -9999 -9999 -9999 -9999 -9999 -9999 -9999 -9999 -9999 -9999 -9999 -9999 -9999 -9999 -9999 -9999 -9999 -9999
-9999 -9999 -9999 -9999 -9999 -9999 -9999 -9999 -9999 -9999 -9999 -9999 -9999 -9999 -9999 -9999 -9999 -9999 -9999 -9999 -9999 -9999 -9999 -9999 -9999 -9999 -9999 -9999 -9999 571.4 563.78 615.36 586.54 567.76 660.7 682.48 571.7 583.88 544.48 564.04 613.74 622.32 630.9 649.56 668.14 615.98 -9999 -9999 -9999 -9999 -9999 -9999 -9999 -9999 -9999 -9999 -9999 -9999 -9999 -9999 -9999 -9999 -9999 -9999 -9999 -9999 -9999 -9999 -9999 -9999 -9999 -9999 -9999 -9999 -9999
-9999 -9999 -9999 -9999 -9999 -9999 920.12 -9999 -9999 -9999 -9999 -9999 -9999 -9999 -9999 -9999 -9999 -9999 -9999 -9999 -9999 -9999 -9999 -9999 618.04 654.76 831.44 806.8 807.4 831.98 815.3 625.34 667.42 679.32 701.48 631.9 663.86 666.14 616.96 647.34 614.88 613.36 693.34 711.88 760.72 708.16 595.1 582.18 -9999 -9999 -9999 -9999 -9999 -9999 -9999 -9999 -9999 -9999 -9999 -9999 -9999 -9999 -9999 -9999 -9999 -9999 -9999 -9999 -9999 -9999 -9999 -9999 -9999 -9999 -9999
-9999 -9999 -9999 -9999 -9999 -9999 980.16 -9999 -9999 -9999 -9999 -9999 -9999 -9999 -9999 -9999 -9999 -9999 -9999 763.34 748.64 733.68 810.78 840.58 764.58 861.78 917.32 831.88 837.2 781.7 825.06 766.54 758.48 730 772.68 703.34 735.78 748.48 678.98 647.98 646.08 664.76 703.52 701.56 719.86 687.48 664.62 654.7 666.76 727.12 722.42 610.92 -9999 -9999 -9999 -9999 -9999 -9999 -9999 -9999 -9999 -9999 -9999 -9999 -9999 -9999 -9999 -9999 -9999 -9999 -9999 -9999 -9999 -9999 -9999
-9999 -9999 -9999 -9999 -9999 -9999 -9999 -9999 -9999 -9999 -9999 -9999 -9999 -9999 -9999 865.16 842.24 807.12 802.84 849.16 926.62 826.38 820.66 837.8 860.92 846.72 791.28 806.98 802.34 721.42 754.46 736.22 647.18 669.12 691.24 694.08 694.36 705.28 665.16 604.2 612.88 611.1 650 678.48 677.3 705.14 703.5 735.34 731.14 749.66 764.9 770.44 742.1 724.8 697.68 690.92 626.54 610.54 -9999 -9999 -9999 -9999 -9999 -9999 -9999 -9999 -9999 -9999 -9999 -9999 -9999 -9999 -9999 -9999 -9999
-9999 -9999 -9999 -9999 -9999 -9999 -9999 -9999 -9999 -9999 -9999 -9999 -9999 1001.94 959.36 924.24 967.16 862.42 836.4 939.48 967.1 953.94 923.94 887.88 813.28 791.56 658.5 741.3 797.3 712.56 714.2 625.26 667.12 677.52 708.12 708.4 697.96 627.56 638.18 608.1 577.28 616.06 654.64 683.24 691 718.3 729 741.02 782.58 751.88 809.6 785.02 770.9 753.58 736.18 720.32 714.9 736.94 690.92 652.7 623.76 584.82 -9999 -9999 -9999 -9999 -9999 -9999 -9999 -9999 -9999 493.56 507.08 503.56 519.4
-9999 -9999 -9999 -9999 -9999 -9999 -9999 -9999 -9999 -9999 1230.38 1220.96 1141.52 1031.8 1008.64 938.38 930.84 836.78 848.34 879.4 938.94 1018.34 908.76 805.04 689.08 635.92 654.74 713.78 722.32 682.7 700.24 600.96 661.34 691.68 722.02 702.04 691.66 621.3 601.84 601.98 662.28 671.22 689.02 776.24 793.54 741.84 783.74 796.1 808.28 822.02 764.14 785.86 803.78 760.46 736.72 719.98 713.7 766.22 759.88 741.88 722.82 691.82 639.38 587.4 565.28 -9999 -9999 -9999 -9999 -9999 -9999 -9999 518.56 515.82 531.78
-9999 -9999 -9999 -9999 -9999 -9999 -9999 -9999 -9999 -9999 1360.68 1320.88 -9999 -9999 950.54 1011.84 981.66 951.16 931.48 856.3 1037.82 955.76 878.4 730.32 660.24 668.64 659.04 658.9 653.5 639.86 637.68 653.12 653.96 585.24 576.08 566.4 566.14 555.92 536.18 556.3 585.94 605.36 613.18 660.5 736.72 766.36 817.98 790.78 794.64 835.58 810.76 803.66 905.52 798.8 829.46 734.32 734.5 735.66 768.66 741.14 739.24 726.02 722.64 700.88 679.62 581.1 550.7 549.18 -9999 -9999 -9999 -9999 529.46 506.78 543.02
-9999 -9999 -9999 -9999 -9999 -9999 -9999 -9999 -9999 -9999 -9999 1420.76 1281.3 1085.44 1107.82 1027.74 948.82 1016.18 902.6 1004.34 1149.42 829.5 841.74 737.4 690.46 742.08 737.3 714.7 691.4 641.12 618.56 625.88 626.5 568.4 588.74 579.16 589.1 579.56 570.04 588.94 598.68 618.24 616.98 654 661.54 761.18 792.92 807.4 772.8 727.9 787.46 755.56 713.44 677.9 694.16 717.48 729.26 709.12 709.04 710.26 718.32 706.66 734.28 712.88 711.14 612.24 600.94 560.68 -9999 -9999 -9999 -9999 550.7 546.64 563.38
-9999 -9999 -9999 -9999 -9999 -9999 -9999 -9999 -9999 -9999 -9999 1600.9 1633.94 1448.64 1286.16 1136.5 991.44 839.88 848.98 829 773.14 788.14 798.24 767.52 780.34 722.88 785.46 702.48 730.1 662.34 649.5 597.12 580.18 571.2 581.48 591.38 592.12 604.48 583.98 650.66 657.54 705.72 724.8 741.68 741.36 715.16 690.62 734.36 718.2 672.58 659.18 664.14 639.32 653.98 664.96 688.62 683.1 684.8 708.04 718.6 710.5 699.06 707.16 695.64 684.06 662.92 622.32 572.36 -9999 -9999 562.22 -9999 -9999 567.86 592.98
-9999 -9999 -9999 -9999 -9999 -9999 -9999 -9999 -9999 1441.76 1553.68 1868.4 1493.08 1311.12 1161.48 1081.4 985 819.34 737.5 757.72 737.46 780.54 776.68 800.42 789.66 748.28 791.44 761.64 706.42 663.24 650.32 617.58 595.5 583.24 602.78 605.08 617.52 637.48 616.72 702.6 700.48 726.2 723.56 703.26 725.14 709.92 694.16 707.16 700.9 664.86 652.66 638.24 623.3 704.4 687.32 690.54 685.34 690.22 655.66 677.58 699.82 700.22 689.78 688.02 637.34 606.32 585.42 593.98 554.36 574.68 575.66 576.58 557.72 589.4 610.76
-9999 -9999 -9999 -9999 -9999 -9999 -9999 -9999 1251.86 1344.22 1428.38 1348.94 1215.04 1191.7 1060.84 975.96 893.04 788.1 780.74 752.66 735.66 760.14 767.12 766.18 736.3 772.7 766.4 706.02 675.64 622.32 600.36 608.04 663 605.38 589.08 620.48 632.92 678.46 706.06 714.76 742.1 720.3 736.26 716.86 736.66 683.18 696.18 670.8 684.84 675.2 656.24 623.04 608.3 606.06 589.38 -9999 -9999 -9999 -9999 -9999 -9999 -9999 -9999 -9999 619.7 637.88 646.42 635.42 626.34 617.62 608.72 610 611.28 601.14 619.78
-9999 -9999 -9999 -9999 -9999 -9999 -9999 -9999 1167.12 1279 1230.3 1101.46 1003.78 954.82 775.7 836.46 832.5 772.12 760.32 765.54 771.58 726.82 745.04 771.94 761.36 759.94 763.3 680.16 717.14 -9999 -9999 -9999 -9999 -9999 652.76 597.68 617.1 671.22 727.26 726.44 734.86 742.74 751.32 725.52 733.9 706.36 698.78 673.1 705.7 677.28 668.1 664.94 621.8 612.1 700.02 -9999 697.04 -9999 675.7 679.28 673.56 -9999 -9999 -9999 643.36 662.82 691.78 682.48 644.36 655.82 656.14 635.54 644.66 633.64 643
-9999 -9999 -9999 -9999 -9999 -9999 992.14 1062.38 1347.82 1307.62 1136.56 938.34 807.94 725.1 750.98 736.18 720.88 765.88 743.16 776.42 787.6 766.02 773.62 770.44 766.94 648.32 683.74 685.2 -9999 -9999 -9999 -9999 -9999 672.54 633.94 632.5 666.92 711.1 719.72 728.38 727.46 690.64 684.56 677.42 658.1 723.14 695.6 696.34 716.7 716.74 717.12 706 691.16 674.44 658.86 -9999 706.78 -9999 679.5 712.98 727.14 701.26 694.4 669.46 655.42 660.12 660.12 661 660.48 649.88 639.34 648.68 656.68 646.54 657.14
-9999 -9999 -9999 -9999 -9999 862.34 864.7 975.34 1164.16 1092.9 989.6 846.28 818.32 724.96 726.28 692.54 701.62 713.96 757.68 774.2 798 770.62 796.12 778.94 755.28 643.22 652.58 638.9 -9999 -9999 -9999 682.04 637.7 653.26 676.96 654.36 669.54 722.94 749.88 767.4 749.7 716.3 711.12 685.86 695.14 731.34 693.64 722.8 741.04 738.22 727.7 727.84 714.18 698.76 705.2 682.86 722.82 714.82 -9999 699 683.36 745.12 740.38 756.7 702.52 687.06 679.64 659.56 658.7 647.8 666.8 665.82 665.24 656.84 658.18
-9999 812.9 923 782.24 915.56 955.04 901.04 993.7 1102.34 1063.24 948.16 868.2 786.12 712.12 679.7 699.3 749.92 766.42 782.98 718.38 735.28 749.56 764.52 738.74 703.18 608.3 642.1 -9999 -9999 681.68 563.46 650.42 653.22 676.08 698.84 684.98 708.92 734.58 761.2 772.14 753.54 747.32 731.5 742.62 731 793.1 817.14 768.82 737.32 769.98 730.08 720.84 710.32 697.8 702.08 715.52 737.44 778.16 759.94 735.56 740.64 729.6 733.88 708.98 713.94 711 663.28 663.6 644.06 654.18 653.24 681.92 672.42 694.74 706.3
825.72 1046.92 1037.3 913.76 834.46 856.76 897.92 1006.12 1035.6 999.06 921.82 876.04 793.66 696.76 674.22 734.8 781.38 814.98 801.96 758.3 747.26 757.68 711.74 567.04 582.26 -9999 -9999 649.24 637.9 608.28 635.62 644.74 666.52 670.1 692.58 714.84 719.94 736.74 748.16 738.78 719.84 721.9 733.8 749.16 749.46 813.28 841.9 796.28 760.08 783.18 771.58 741.7 727.2 724.14 739.56 764.7 774.18 806.32 810.68 792.48 779.06 760.18 733.9 720.26 707.54 734.56 676.66 666.78 657.34 647.98 677.6 677.78 689.42 692.02 704.52
1153.1 1074.3 1050.62 984.78 856.78 842.3 811.66 825.66 861.76 911.18 899.5 827.9 882.9 754.34 730.66 781.72 816.94 803.96 812.66 817.08 762.94 722.92 583.4 -9999 -9999 -9999 -9999 626.6 665.12 662.74 658.74 668.58 669.82 664.14 686.42 726.46 748.72 742.7 742.58 742 734.24 745.36 758.02 800.42 816.76 799.54 783.22 772.96 764.08 767.92 765.24 749.54 768.32 755.3 770.54 769.26 788.18 808.16 823.6 811.86 791.82 754.3 744.72 751.74 730.46 718.84 699.48 670.16 660.58 651.36 641.9 662.12 665.22 698.44 692.02
1019.5 934.12 908.22 851.18 794.26 672.62 705.18 742.6 779.54 836.9 852.4 854.98 899.86 825.7 823.24 823.64 861.2 825.58 833.42 757 602.32 605.46 -9999 -9999 -9999 -9999 -9999 686.18 688.96 692.52 707.9 708.56 680.86 683.2 713.08 733.68 765.12 763.98 766.76 740.72 742.1 743.32 764.6 786.04 819.86 800.44 803.34 773.62 772.02 790.9 772.76 783.44 781.08 797.46 804.82 800.7 770.96 817.7 823.54 805.98 766.24 759.64 747.08 744.88 724.26 712.24 711.98 721.5 702.26 664.1 645.24 656.36 660.52 684.58 699.06
557.96 955 836.22 676.54 680.24 682.26 736.84 776.12 816.94 811.94 839.52 782.74 860.3 846.5 874.04 863.52 880.94 878.36 832.5 685.74 -9999 -9999 -9999 -9999 -9999 -9999 -9999 694.4 695.26 723.36 752.04 732 713.46 725.76 755.86 801.9 809.8 801.64 782.74 782.84 765.98 728.9 701 726.18 765.32 808.24 839.72 811.96 793.08 788.22 797.82 799.72 835.24 862.02 790.54 788.54 778.32 835.86 820.48 808.86 781.12 747.3 724.54 700.94 689.88 753.08 705.62 678.28 689.16 652.48 645.88 673.9 677.6 681.54 686.08
621.24 967.6 970.28 810.12 844.54 872.08 860.7 847.1 830.32 877.84 848.54 808.04 832.78 866.4 865.9 880 908.4 896.84 833.82 728.74 -9999 -9999 -9999 -9999 -9999 -9999 -9999 692.8 726.22 755.3 755.34 768.96 729.2 736.16 774.3 822 837.4 811.84 800.92 791.06 780.88 723 677.64 722 758.24 844.4 839.58 -9999 830.7 763.26 770.66 775.32 834.62 838.26 818.92 845.48 774.94 840.68 839.92 824.68 786.16 760.72 727.44 719.94 700.56 736.1 727.84 690.78 672.82 656.44 641.86 658.18 677.78 681.5 685.42
826.92 776.08 767.94 810.54 919.94 908.86 873.92 764.14 813.12 815.04 826.82 795.6 805.18 874.64 846.4 861.24 881.86 842 812.96 797.44 754.2 -9999 -9999 -9999 -9999 -9999 -9999 729.26 782.46 797.2 764.72 748.22 758.88 762.2 764.14 773.38 788.52 802.2 761.64 747.7 752.4 745.38 706.44 727.48 761.46 800.42 834.1 -9999 -9999 -9999 797.36 769.22 802.56 834.18 845.44 853.52 841.1 907.1 850.78 822.42 794.14 749.86 746.92 726.04 715.36 739.74 711.64 703.3 677.34 671.96 666.94 673.34 671.6 671.96 685.52
807.62 726.14 777.3 898.4 1002.06 952.44 949.96 846.78 845.7 858.74 872.1 853.4 859.3 881.52 861.86 883.36 825.6 808.44 802.26 766.32 727.04 688.28 738.56 -9999 748.08 746.7 741.82 746.06 741.2 755.64 714.42 737.7 787.08 783.8 755.48 745.5 768.02 779.36 767.54 -9999 -9999 -9999 788.84 751.98 763.28 816.56 779.34 811.94 749.18 792.08 748.96 757.84 790.36 830.7 851.54 871.64 890.3 904.72 852.12 827.96 793.44 749.74 737.96 726.3 701.56 734.74 706.36 708.96 683.66 678.08 662.82 678.76 665.28 674.46 673.74
903.02 881.38 981.28 991.6 1075.26 965 918.02 881.26 880.5 827.4 835.7 795.34 805.82 829.58 827.42 812.38 765.36 738.56 710 706.16 679.08 639.58 610.86 757.82 -9999 -9999 -9999 -9999 -9999 756.48 760.4 755.1 752.68 769.86 -9999 -9999 766.08 773.98 754.32 -9999 -9999 814.14 787.3 798.64 798.14 787.02 774.72 760.6 746.52 749.32 769.66 760.06 774.42 836.74 847.86 842.76 856.72 853.16 849.4 847.98 823.66 791.3 758.34 726.38 706.84 710.2 703.32 697.32 691.26 684.92 676.96 671.16 666.2 674.02 673.5
1071.32 1120.52 1191.72 1143.16 1157.36 985.56 856.16 897.2 891.08 826.52 786.74 757.1 730.3 773.42 736.52 706.36 738.5 714.18 687.8 669.28 637.84 579.94 775.96 782.82 789.5 -9999 -9999 -9999 -9999 -9999 776.08 766.74 722.06 747.96 782.5 772.34 768.08 800.54 808.7 802.22 843.94 855.72 815.36 812.94 802.7 773.52 776.54 741.64 727.36 747.36 780.32 789.34 793.26 823.94 830.54 824.72 842.8 838.88 844.78 837.38 823.8 791.3 768.9 766.14 714.62 716.14 708.72 701.26 693.68 686.22 686.56 667.24 662.14 658.24 667.26
1274.84 1178.16 1254.04 1134.18 834.38 -9999 778.58 805.72 877.82 791.68 749.12 732.72 747.14 770.52 723.76 710.12 686.72 660.28 639.82 601.44 812.96 786.42 -9999 -9999 -9999 -9999 -9999 -9999 -9999 810.82 680.3 799.9 707.12 735.32 753.08 768.84 776.74 788.52 795.92 791.4 826.26 845.42 798.34 777.18 767.26 749.68 736 705.28 716.16 745.32 785.34 802.32 782.24 783.88 788.74 831.62 809.42 825.84 830.66 826.68 794.2 782.5 761.02 748.58 724.5 717.34 699.82 672.3 694.42 698.3 685.6 676.18 667.7 662.5 660.64
1371.92 1301.96 924.26 -9999 -9999 -9999 -9999 765.92 858.62 811.2 746.54 723.82 752.06 707.46 685.14 675.16 645.12 631.62 593.86 -9999 -9999 -9999 -9999 768.04 -9999 -9999 -9999 -9999 823.34 683.8 682.96 791.2 776 720.7 723.46 757.58 772.22 778.68 795.36 793.36 779.96 787.38 784.1 764.82 749.24 721.48 728.12 716.18 730.78 761.4 780 790.68 780.1 771.08 796.02 831.02 807.52 803.96 838.88 837.04 809.04 786.06 752.88 750.38 733.3 697.66 691.22 693.22 696.66 680.42 674.78 665.54 665.8 639.46 647.18
-9999 -9999 -9999 -9999 865.22 835.58 796.7 -9999 816.3 857.64 803.66 785.74 748.72 688.32 713.52 672.64 653.58 607.68 797.94 -9999 -9999 799.46 519.64 774.78 -9999 -9999 -9999 -9999 822.42 699.12 803.92 -9999 -9999 765.92 742.32 738.42 746.82 743.74 759.04 770.7 741 729.3 746.32 752.68 757.28 727.74 724.92 743.28 765.34 786.48 817.3 824.7 823.46 824.96 804.08 820.28 826.4 842.74 826.82 836.3 808.06 787.56 764.84 738.76 732.02 706.34 698.5 685.62 669.44 683 654.7 645.56 655.64 627.24 633.48
-9999 -9999 937.12 904.56 718.4 699.4 807.1 773.46 762.46 832.58 863.72 827.3 773.52 701.64 685.94 652.14 629.6 570.72 783.06 775.06 -9999 493.64 782.1 -9999 -9999 -9999 -9999 794.66 727.22 728.58 763.14 740.56 -9999 727.04 743.6 751.7 759.76 739.32 717.86 714.44 707.64 700.46 716.72 768.64 735.56 744.36 731.46 760.58 803.86 863.6 841.42 832.66 825.98 817.52 799.42 804.4 809.84 815.52 810.96 808.62 804.86 796.5 805.74 757.92 730.66 694.62 695.98 680.7 683.08 673.48 664.64 645.46 645.9 646.18 629.86
