data/default-data/raster/climate/pre_3.txt
ncols         720
nrows         360
xllcorner     -180
yllcorner     -90
cellsize      0.5
NODATA_value  -9999
[rows 132 to 164 of 360, columns 370 to 443 of 720]
20.32 31.58 49.66 41.08 30.96 32.66 28.54 7.78 0 17 43.58 62.12 26.78 17.66 17.78 8.8 17.72 17.9 0 0 0 0 0 0 0 0 0 0 21.94 33.8 11.98 0 12.34 0 0 0 0 0 12.48 48.46 82.16 89.82 86.14 51.24 29.38 28.18 8.86 8.42 17.2 7.52 0 0 12.22 11.82 11.34 4.9 9 12.14 18.62 19.96 13.98 0 -9999 -9999 -9999 -9999 0 15.06 81.76 75.46 96.16 116.58 117 117.44
22.24 65.48 45.32 27.46 18.34 40.18 36.62 23.86 0 0 0 27.28 45.84 18.42 18.06 18.22 18.5 18.46 17.98 8.74 17.66 0 0 0 0 0 0 21 44.04 33.94 11.42 0 0 0 0 0 0 0 12.44 24.4 58.88 79.14 109.08 41.74 29.92 28.68 0 0 8.52 8.04 0 0 6.16 6.06 5.94 5.26 5.08 17.76 24 18.3 6.84 0 -9999 -9999 -9999 -9999 -9999 0 36.5 55.82 113.16 97.1 136.72 147
4 8.66 14.9 0 0 20.54 22.58 8.18 0 0 0 8.9 18.22 37.62 28.04 27.88 28.02 27.72 18.6 18.02 36.02 18.36 8.82 0 0 0 0 42.34 77.06 45.22 0 0 0 0 0 0 0 0 12.58 49.14 71.28 68.4 54.6 21.1 19.86 9.62 0 0 0 0 15.4 14.2 13.66 6.46 5.86 5.72 5.02 9.44 21.44 23.34 17.46 0 0 -9999 -9999 -9999 -9999 0 9.08 73.54 102.44 104.46 117.16 107.92
0 0 0 0 0 0 15.28 16.64 0 0 0 0 0 18.7 28.9 38.5 28.64 9.36 0 0 27.6 36.8 27.6 18.36 28.6 19.9 31.12 74.7 153.42 45.58 0 0 0 0 0 0 0 0 11.94 48.06 58.96 45.82 22.34 21.14 10.26 0 0 0 0 0 7.94 15.34 14.38 7.12 6.48 12.02 0 4.78 8.76 16.5 29.46 12.94 8.16 2.72 -9999 -9999 -9999 -9999 17.74 54.1 119 83.66 105.46 107.72
0 0 0 0 0 0 0 0 8.5 0 0 0 0 0 0 9.68 0 0 0 0 0 28.02 47.2 37.6 76.68 59.72 92.88 149.44 110.2 45.14 0 0 0 0 0 0 0 0 12.06 47.84 69.48 56.88 44.28 10.9 10.4 0 0 0 0 9.12 8.54 8.02 7.86 7.22 0 0 0 0 13.92 16.82 38.72 29.5 24.14 6.52 -9999 -9999 -9999 -9999 8.62 35.42 116.98 109.76 112.24 115.74
0 0 0 0 0 0 0 0 17.4 8.78 0 0 0 0 0 0 0 0 0 0 0 19.22 105.94 125.18 134.38 140.1 186.06 181.28 54.82 22.52 0 0 0 0 0 0 0 0 12.2 23 34.74 33.4 10.96 0 0 0 9.44 9.4 0 9.4 9.04 8.6 8.5 0 0 0 0 0 15.68 24.78 28.52 31.76 30.32 16.76 0 -9999 -9999 -9999 8.58 17.38 168.1 143.44 127.38 121.92
0 0 0 0 0 0 0 0 0 0 0 0 0 0 0 0 0 0 0 0 0 9.62 68.8 127.18 205.62 189.58 185.74 137.76 43.36 10.64 0 0 0 0 0 0 0 0 11.38 23.24 33.52 11 0 0 0 0 9.72 19.4 19.4 19.4 9.5 9.24 0 0 0 0 0 0 12.78 24.22 29 27.18 26.04 34.98 0 -9999 -9999 -9999 0 17.04 86.64 167.02 160.48 155.54
0 0 0 0 0 0 0 16.48 0 0 0 0 0 0 0 0 0 0 0 0 0 10 30 40 120 110 193.58 134.64 42.52 21.68 0 0 0 0 0 0 0 11.28 22.56 33.6 22.1 11.16 0 10.58 9.88 10 10 20 20 20 10 9.42 0 0 0 0 0 0 21.92 28.4 27.3 25.86 36.58 52.94 12.68 -9999 -9999 -9999 -9999 0 16.8 34.48 158.08 187.94
0 0 0 0 0 0 7.76 16.5 0 0 0 0 0 0 0 0 0 0 0 0 0 10 20 20 40 80 110 132.32 31.26 21.26 0 0 0 0 0 0 11.2 11.2 22.36 11.04 0 0 0 9.88 0 0 0 0 0 10 0 9.82 9.3 0 0 0 0 8.54 16.14 16 22.92 29.82 28.44 41.1 13.54 -9999 -9999 -9999 -9999 -9999 -9999 0 17.34 167.52
0 0 0 0 0 0 7.78 56.62 16.3 8.38 0 0 0 0 0 0 0 0 0 0 0 0 10 10 20 30 40 30 20.42 20.84 0 0 0 0 0 11.08 11.08 11.08 21.38 0 0 0 0 0 10 0 0 0 0 0 0 9.28 8.78 9.12 0 0 0 0 0 14.92 22.16 21.5 20.92 20.24 6.26 -9999 -9999 -9999 -9999 -9999 -9999 -9999 8.62 69.62
0 0 0 0 0 0 7.7 55.56 73.4 33.6 0 0 0 0 0 9.58 9.34 0 0 0 0 0 0 0 10 10 0 0 10 20.42 0 0 0 0 0 0 21.2 31.38 10.18 0 0 0 0 0 0 0 0 0 9.44 9.84 0 0 8.24 8.58 0 0 8 7.48 7.82 0 6.8 7.24 6.72 6.3 6 0 -9999 -9999 -9999 -9999 -9999 -9999 8.62 44.16
0 0 0 0 0 0 22.96 70.54 48.4 25.02 0 0 0 0 0 9.56 9.14 9.56 0 0 0 0 0 0 0 10 0 0 10 0 0 0 0 0 0 0 10.1 10.1 0 0 0 0 0 0 0 0 0 0 0 0 0 0 0 0 7.54 7.88 7.4 6.94 7.3 0 7.14 0 0 6.26 13.18 8.12 7.7 -9999 -9999 -9999 -9999 -9999 0 45.98
0 0 0 0 0 0 30.18 77.08 32 7.92 0 0 0 0 0 9.36 0 0 0 0 0 0 0 0 0 0 0 0 0 0 0 0 10 10 0 0 40 50 0 0 0 0 0 0 0 0 0 0 0 0 0 0 8.02 7.52 7.88 7.36 6.84 7.22 0 6.26 6.32 6.22 12.48 12.48 7.14 46.5 71.3 16.54 -9999 -9999 -9999 -9999 -9999 28.98
0 0 0 0 0 0 22.06 15.16 0 0 0 0 0 0 0 9.04 0 0 0 0 0 0 0 0 0 0 0 0 0 0 0 0 9.22 26.88 53.78 52.94 44 26 0 0 0 0 0 0 0 0 0 0 0 0 0 8.02 14.94 14.76 14.62 6.84 7.18 0 0 6.22 6.2 6.2 12.44 6.24 7.5 53.5 80.48 33.84 -9999 -9999 -9999 -9999 -9999 -9999
0 0 0 0 0 0 0 0 0 0 0 0 0 0 0 0 0 0 0 0 0 0 0 0 0 0 0 0 0 0 0 0 0 7.68 23.34 38.38 22.4 15 0 0 0 0 0 0 0 0 0 0 0 0 0 14.94 22.64 14.6 6.82 6.3 0 0 6.1 6.14 12.34 12.38 6.2 6.18 14.2 38.06 89.62 59.62 0 -9999 -9999 -9999 -9999 -9999
0 0 0 0 0 0 0 0 0 0 0 0 0 0 0 0 0 0 0 0 0 0 0 0 0 0 0 0 0 0 0 0 0 0 13.16 25.78 12.62 6 0 0 0 0 0 0 0 0 0 0 0 0 7.56 22.68 20.96 13.5 0 0 6.12 6.04 6.12 6.14 12.32 12.36 6.2 6.64 14.12 45.62 73.14 59.86 36.38 -9999 -9999 -9999 -9999 -9999
0 0 0 0 0 0 0 0 0 0 0 0 0 0 0 0 0 0 0 0 0 0 0 0 0 0 0 0 0 0 0 0 0 11.56 16.7 10.94 0 0 0 0 0 6.5 6.18 6.14 0 0 0 0 8.3 7.68 8.02 22.26 0 13.42 0 0 6.02 6.06 6.1 6.12 6.16 12.32 6.22 19.64 14.22 7.58 40.9 95.7 64.62 9.62 19.6 -9999 -9999 -9999
0 0 0 0 0 0 0 0 0 0 0 0 0 0 0 0 0 0 0 0 0 0 0 0 0 0 0 0 0 0 0 0 0 17.94 13.26 4.44 0 0 0 0 0 0 5.6 5.64 12.96 7.36 0 0 24.42 15.38 7.58 6.96 0 12.56 0 0 7 7.22 7.16 7.16 0 7.08 0 13.6 21.66 23.26 41.52 105.88 86.3 68.1 48.62 -9999 -9999 -9999
0 0 0 0 0 0 0 0 0 0 5.92 0 0 0 0 0 0 0 0 0 0 0 0 0 0 0 0 0 5.86 0 0 0 7.9 13.6 12.84 9.32 0 0 0 0 5.66 20.56 5.26 5.34 11.92 6.84 7.28 7.76 31.18 23.1 0 0 0 6.28 0 0 0 0 8.46 9.02 9.1 0 0 8.06 16.4 24.78 68.16 99.44 125.26 118.58 47.88 37.78 57.8 -9999
0 0 0 0 0 0 0 0 0 0 0 0 0 7.24 0 0 0 0 0 0 0 0 0 0 0 0 0 0 5.2 0 0 0 8.72 9.84 8.9 3.82 0 0 7.66 0 9.22 13.6 4.92 5 5.12 12.62 13.48 20.78 29.02 22.68 0 0 0 6.24 0 0 0 0 10.62 12.72 0 11.68 0 0 9.36 19 76.8 125.76 183.06 148.58 57.72 65.26 62.86 64.64
8.08 0 10.34 0 0 0 0 0 0 0 0 0 0 0 0 0 0 0 0 0 0 0 0 0 0 0 0 0 0 0 0 0 3.14 5.62 4.96 2.32 1.88 8.1 28.24 11.38 3.56 8.12 9.22 9.4 10.5 10.68 6.2 13.34 7.14 6.76 0 0 0 0 0 0 0 0 0 0 0 0 0 0 63.44 42.8 108 130.42 173.02 220.54 68.24 46.72 72.68 53.06
8.18 18.86 21.3 24.04 0 0 0 6.24 0 0 0 0 0 0 0 0 0 0 0 0 0 0 0 0 0 0 3.56 3.68 3.88 7.88 3.76 0 0 4.58 11.34 10.52 7.68 21.98 79.28 44.96 12.94 12.88 8.52 12.78 14.04 9.88 11.24 12.24 12.34 13.34 0 0 0 0 0 0 0 0 0 0 0 0 0 11.44 75.3 132.68 260.62 185.58 257.9 283.98 139.54 91.16 95.24 144.2
33.58 18.86 32.18 33.3 10.1 8.46 7.42 0 0 0 0 0 0 0 0 0 0 0 0 0 0 0 0 0 0 0 3.86 6.1 11.96 3.9 8.12 0 4.94 12.8 26.28 13.08 18.62 25.22 70.88 22.84 15.52 10.38 10.28 10.18 10.1 10.04 0 5.46 0 0 0 7.48 0 0 6.04 6.34 7.78 1.86 0 0 0 0 0 44.74 154.1 245.34 236.3 282.72 362.76 325.74 191.52 189.54 172.24 176.22
59.58 38.4 50.28 31.4 37.08 15.8 6.94 6.72 0 0 0 0 0 0 0 0 0 0 0 0 0 0 0 0 4.54 9.06 9.64 20.22 45.04 5.74 6.32 13.42 14.18 14.68 14.32 7.12 20.74 20.18 24.48 14.56 13.28 8.7 8.92 14.38 10.24 10.92 0 0 6.18 0 0 0 0 0 0 6 3.78 3.34 3.12 0 0 0 23.92 45.7 105.18 264.04 310.8 364.96 528.94 397.78 271.58 278.9 280 262.04
80.96 54.5 55.56 46.54 47.08 25.5 15.16 15.58 7.98 8.8 0 0 10.46 9.72 0 0 0 0 0 8.1 0 0 0 11 9.5 5.24 27.62 23.18 23.6 19.74 12.5 13.4 7.98 15.58 23.18 23.04 37.58 14.34 0 0 8.86 10.1 11 11.62 11.74 11.76 11.76 11.9 24.54 26.98 8.2 0 19.7 15.24 6.28 5.4 9.74 8.82 7.82 4.6 5.84 28.24 91.26 133.52 85.88 267.98 452.68 493.82 650.3 580.88 436.56 375.96 318.24 299.94
92.48 57.06 75.54 63.2 44.98 36.88 24.62 31.54 49.72 20.98 11.26 10.88 0 0 9.18 17.88 8.44 26.14 17.6 16.96 6.04 0 6.34 11.64 10.72 22.6 19.48 25.88 25.72 19.06 17.98 21.82 36.08 25.66 24.68 32.68 47.82 27.12 0 0 0 16.14 17.92 12.18 12.22 12.28 12.26 25.02 25.44 26.7 16.7 9.76 19.9 16.54 13.94 5.84 11.96 11.12 15.96 11.12 32.96 60.78 103.86 168.14 328.72 271.86 359.98 512.44 743.36 778.06 549.62 408.06 428.64 347.34
89.94 70.32 65.54 78.4 58.38 44.18 61.98 71.72 85.66 36.42 35.32 32.66 0 20.1 40.38 40.14 38.24 102.18 73.28 41.38 17.06 12.38 15.4 10.54 16.22 18.28 13.16 6.6 26.06 26.2 25.48 41.32 49.14 46.82 35.48 34.6 40 21.3 6.4 5.78 0 5.76 6.18 6.32 12.68 12.68 12.74 19.4 26.38 27.36 23.86 18.08 19.6 16.78 21.52 14 27.8 27.78 40.66 73.38 69.08 191.3 158.5 237.32 349.54 492.78 507.68 579.58 742.22 788.02 588.62 514.34 519.12 456.08
126.76 90.94 78.76 82.14 72.96 83.46 95.34 129.54 139.76 85.6 62.92 49.74 35.88 33.1 43.52 75.98 81.04 88.44 66.42 22.36 26.62 25.88 33.48 24.1 24.52 19.38 28.46 0 31.86 31.26 42.72 68.74 77.64 76.18 65.28 64.08 50.9 54.5 49.9 39.56 18.22 18.76 12.64 19.5 19.7 19.8 13.22 13.38 20.56 21.68 31.3 41.68 46.34 42.64 31.5 39.44 48.24 48.9 89.42 153.18 126 171.82 231.08 243.02 272.3 428.7 437.72 458.98 612.64 736.52 548.98 554.8 548.5 529.88
195.16 143.6 101.62 102.06 104.98 124.86 145.82 203.14 200.26 117.26 110.38 89.9 104.2 74.02 81.32 68.98 65.1 58.88 29.38 29.24 9.34 15.2 23.44 21 29.28 33.3 24.58 28.06 37.28 43.24 55.54 89.3 95.62 94.06 110.6 124.82 121.18 125.52 101.56 73.12 54.38 67.94 40.3 33.28 27.14 27.22 20.5 20.9 21.64 22.74 15.7 16.72 26.28 52.48 52.84 53.72 62.56 71.34 149.98 251.32 351.94 328.72 312.34 407.72 420.24 383.2 482 573.94 643.72 707.74 482.46 515.24 559.52 638.94
276.4 223.64 163.82 145.12 148.02 168.96 156.52 222.68 243.74 168.4 149.08 143.54 129.76 116.28 94.4 70.14 45.76 35.1 47.04 37.32 42.98 39.28 22.32 33.06 50.96 50.88 36.1 34.88 60.8 94.82 105.72 121.28 151.28 157.52 171.14 157.2 194.56 197.54 161.7 135.1 120.28 110.14 86.2 62.36 41.92 42.04 28.24 35.98 30.38 38.84 23.72 16.88 35.36 64.26 73.42 72.86 99.96 108.86 279.7 347.6 365.56 469.3 381.04 478.68 557.1 500.9 667.74 653.34 672.9 539.8 448.38 631 752.02 726.08
375.98 311.5 260.82 194.16 202.82 198.06 185.6 188.78 177.56 201.48 182.52 185.12 171.9 247.48 172.4 170.42 114.98 85.2 79.02 91.54 88.8 51.74 54.08 60.84 54.72 47.5 45.74 68.18 123.64 146.26 164.22 182.14 204.66 208.36 246.5 247.56 256.56 250.12 230.84 197.44 172.02 132.46 106.86 88.5 71.22 65.22 51.16 45.36 54.52 39.64 40.32 33.92 53.56 74.3 102.56 102.84 129.68 156.56 257.78 446.76 424.14 548.08 534.64 554.1 570.62 683.22 705.92 594.14 512.7 435.86 608.3 640.04 617.74 563.74
522.12 440.9 386.62 299.86 281.98 255.48 250.04 245.82 254.9 254.88 270.88 277.06 255.48 348.14 266.3 192.52 185.24 169.98 172.26 164.02 132.12 98.48 98.88 88.34 72.12 108.68 105.86 137.26 195.84 218.44 231.3 257.6 286.16 304.92 313.94 304.86 313.32 297.78 295.12 269.18 227.4 185.76 153.76 146.86 121.48 104.66 75.52 62.36 63.52 56.62 57.76 59.9 81.28 93.82 122.58 151.32 180.2 198.44 243.04 379.76 570.7 695.62 755.6 719.62 712.18 649.48 862.64 610.72 669.48 799.68 616.98 592.88 529.84 441.84
657.12 589.78 486.36 421.36 383.56 355.64 336.08 347.24 356.16 379 383.3 410.68 398.76 388.66 360.6 356.5 290.48 304.84 316.06 260.64 227.16 193.66 164.3 145.28 150.44 182.56 213.66 219.68 269.36 290.94 334.4 337.1 383.68 400.38 389.36 379.18 362.12 363.48 344.2 324.38 312.18 268.78 227.28 203.12 179.1 155.12 125.02 103.52 89.22 82.76 84.34 86.22 118.84 132.88 162.04 181.66 201.36 240.48 278.52 380.3 787.38 879.82 931.18 927.14 918.16 845.7 851.32 747.26 992 879.48 756.48 651.06 516.82 409.24
