data/default-data/raster/climate/pre_6.txt
ncols         720
nrows         360
xllcorner     -180
yllcorner     -90
cellsize      0.5
NODATA_value  -9999
[rows 33 to 65 of 360, columns 525 to 599 of 720]
324.08 314.8 315.46 316.36 316.18 305.76 295.22 295.02 294.84 294.56 294.52 295.22 295.88 296.68 307.72 308.48 309.32 320.58 321.44 322.4 323.14 324.04 313.16 320.72 318.06 317.62 316.84 316.26 316.44 316.76 316.96 317.04 305.58 303.64 301.44 299.28 297.56 297.02 296.46 295.66 294.66 284.3 303.56 293.58 293.14 292.08 290.98 290.36 291.56 282.96 284.02 285.16 286.26 287.08 296.5 296.14 295.78 294.24 292.22 290.46 279.76 270.08 279.76 279.76 270.34 270.76 272.2 274.2 275.98 277.82 279.56 271.2 272.82 274.56 276.04
333.5 324.14 325 325.86 315.98 315.76 325.7 305.08 314.92 314.7 325.06 315.64 316.54 317.44 318.16 329.42 330.2 331 332.04 332.86 344.24 334.7 334.84 331.98 339.68 328.86 328.14 327.58 327.6 327.82 328.08 327.7 325.44 323.26 321.04 299.02 297.02 294.96 304 303.32 292.78 292.32 301.72 300.54 299.42 298.34 287.72 298.44 299.64 291.14 292.28 293.46 294.58 295.76 296.1 295.74 305.2 304.16 302.04 290.08 288.22 286.74 286.74 286.78 277.68 269.62 271.76 273.74 275.76 277.58 289.42 291.16 292.98 294.84 296.7
332.8 333.62 334.48 335.28 325.94 335.82 335.64 325.24 324.92 324.74 335.54 326.2 327.1 327.94 339.02 339.96 351.18 352 342.56 353.8 354.84 344.78 344.88 343.22 351.1 350.4 349.88 349.32 349.04 338.4 337.58 337.06 335.4 333.06 330.94 318.76 316.6 304.54 302.46 310.64 300.42 299.44 298.2 306.62 295.96 294.98 295.6 306.36 307.68 318.48 329.14 330.28 331.42 332.74 324.24 324.12 314 303.66 311.26 299.3 297.08 285.48 283.5 283.64 285.7 278.62 280.98 293 285.26 287.22 289.2 292.06 293.78 295.64 297.54
332.46 342.88 343.8 344.7 345.5 345.86 345.54 345.3 345.02 355.14 345.88 336.6 337.6 338.48 359.92 360.82 372.02 373.02 373.98 354.12 354.7 365.22 365.28 354.68 352.2 351.62 361.4 350 348.58 337.52 336.96 336.42 335.12 322.88 330.7 318.54 316.4 323.94 311.94 300 307.72 305.5 313.7 322.04 330.32 330.58 341.42 333.26 334.58 335.54 336.7 347.4 348.56 330.4 331.7 322.96 332.4 322.18 320.42 318.08 334.9 322.94 320.58 301.42 294.52 306.7 299.8 302.28 304.56 296.82 288.98 302.92 304.8 306.7 308.74
354.18 353.34 353.18 364.24 365.12 365.94 365.74 365.38 365.14 355.48 356.46 357.34 368.52 369.46 380.7 381.7 372.36 373.36 374.32 375.08 364.76 375.16 375.24 385.74 363.78 362.82 371.64 370.34 368.84 367.54 356.6 355.82 354.74 352.36 329.94 327.6 325.32 322.98 320.66 337.78 336.86 333.94 331.02 337.74 336.74 347.5 339.46 350.18 351.4 352.44 353.56 364.34 365.46 357.02 358.38 359.8 350.68 340.52 329.5 327.16 334.34 331.88 320.28 311.76 303.5 305.52 298.86 311.58 314.08 306.46 298.76 313.14 315.92 317.86 309.66
365.74 365.02 374.4 373.58 384.54 375.3 375.7 375.3 385.34 376.06 377.14 388.24 389.32 390.24 391.38 392.4 393.4 404.76 405.82 405.88 416.42 406.06 406.36 417.18 416.28 403.48 391.48 389.76 388.16 376.34 375.54 374.76 373.94 371.4 378.78 366.26 373.58 370.9 387.54 376.26 365.44 353.42 341 347.94 347.58 347.48 356.7 357.22 367.88 369.1 379.84 390.46 391.82 383.48 375.14 376.48 377.98 378.14 367.66 345.82 333.78 340.86 321.26 322.18 323.5 315.22 307.18 319.88 322.92 325.8 318.46 323 337.24 329.12 320.88
387.64 386.94 386.16 395.44 394.62 394.74 395.7 385.26 385.46 396.76 407.94 398.8 410.14 431.74 422.58 444.32 455.94 488.62 479.14 500.54 511.38 501.52 512.66 492.78 480.2 477.16 464 471.48 448.24 436.18 424.62 413.58 412.72 420.46 407.5 394.78 382.24 379.5 386.46 376.12 365.22 353.68 341.48 341.04 350.24 368.5 377.46 367.54 376.66 367.08 386.7 387.96 408.22 419.14 401.44 393.12 394.46 386.24 376.2 354.8 352.16 349.78 331.8 323.32 334.06 335.36 327.06 338.06 331.44 334.54 317.5 322.38 337.48 319.74 332.28
399.46 398.72 408.16 397.2 406.46 405.62 404.98 415.42 406.24 417.4 408.36 430.06 462.38 474.36 465.66 467.32 500.14 522.24 554.3 607.08 597.24 577.16 578.34 558.4 544.42 561.82 548.04 524.2 510.8 487.44 484.46 502.7 461.3 459.18 446 433.08 420.22 397.74 385.32 385.58 365.1 363.2 363.02 391.24 381.14 390.1 408.46 417.3 407.12 397.18 406.28 406.08 424.7 435.32 417.82 400.04 391.82 402.8 394.08 382.94 370.68 369.7 351.82 343.36 344.7 346.16 347.54 339.16 340.54 333.38 336.42 341.64 336.66 361.36 353.56
411.38 410.46 409.8 419.26 428.72 427.68 426.8 416.04 417.8 429.48 461.72 473.76 465.04 435.62 457.94 522.18 534.14 555.7 577.28 609.34 621.04 622.36 602.56 602.3 619.52 647.02 632.52 597.76 594.16 570.24 566.76 553.96 501.62 469.04 454.92 441.54 428.76 415.94 403.88 385.5 374.58 364.5 355.62 374.68 383.6 392.6 391.96 400.9 409.7 409.22 408.5 407.98 398.12 407.38 407.22 407 398.76 390.56 391.94 391.94 389.04 399.32 381.56 363.64 355.56 366.5 367.96 359.68 341.64 342.88 345.34 350.72 366.34 361.7 353.9
433.64 432.76 432 431.22 440.64 450.06 449.16 427.94 449.96 462.18 484.9 507.62 478.12 458.9 481.48 504.14 525.68 536.8 537.3 538.54 603.1 593.76 605.54 582.78 610.88 627.88 624.02 609.78 585.46 561.54 558.18 564.98 562.82 520.32 486.06 462.04 448.18 415.14 394.26 375.76 365.76 376.08 367 357.68 357.14 366.18 356.08 374.7 374.14 373.48 372.94 381.86 381.3 371.32 380.54 389.66 389.52 408.38 398.76 399.98 408.96 391.18 382.78 393.7 385.58 367.72 359.5 360.94 362.32 353.88 345.66 339.92 355.4 360.94 364.76
456.08 444.86 444.04 463.82 463.08 472.54 461.42 450.34 451.38 463.7 496.8 478.16 469.82 482.36 494.78 506 538.22 560.16 571.84 594.3 574.3 607.46 608.72 584.62 612.64 608.8 605.1 580.54 587.12 573.3 549.58 536.02 533.58 531.46 527.16 473.26 439.74 426.04 405.78 386.54 377.52 378.18 407.9 398.94 398.66 388.34 407.12 406.56 396.26 395.62 385.36 394.42 384.16 393.24 392.62 392.06 401.3 420.1 410.22 400.34 417.12 399.28 410.06 401.64 393.58 375.76 367.46 368.82 370.22 351.94 353.76 360.62 373.88 381.1 365.92
468.24 467.44 477.04 465.86 465.04 464.36 473.88 473.04 483.78 485.82 477.7 510.96 523.68 536.48 569.64 581.38 582.84 584.18 574.8 586.66 620.04 610.56 621.98 596.88 572.04 589.54 575.52 582.18 568.34 564.7 561.32 537.58 514.28 512.32 498.82 474.62 450.7 408.02 398.32 398.82 389.8 409.94 430.26 411.38 421.62 421.02 420.36 419.68 419.08 428.24 408.1 407.52 406.82 425.62 415.26 433.92 433.04 432.36 422.18 419.6 434.72 414.46 406.2 416.86 408.84 400.88 383.26 365.5 357.12 370.58 375.1 362.04 372.52 377.4 384.6
491.12 490.22 479 478.18 477.52 476.66 486.18 484.84 487.9 489.58 501.58 534.56 546.86 558.84 570.42 550.9 552.52 554.14 598.52 621.58 612.32 602.88 623.82 598.62 595.02 580.82 577.16 573.58 580.3 587 552.52 559.42 545.88 513.22 520.26 485.9 452.06 429.88 439.6 430.66 441.26 442.22 442.92 433.94 434.56 444.22 443.64 433.16 432.4 431.8 431.12 430.6 429.82 429.02 428.2 417.7 436.34 445.22 462.94 429.16 434.66 412.34 430.46 431.72 423.84 425.22 407.64 391.84 386.78 381.4 386.14 373.52 384.04 384.5 391.8
493.14 492.34 502 501 509.86 508.42 496.58 509.1 501.76 507.98 530.88 521.86 523.48 566.66 557.02 579.5 580.58 560.12 593.54 637.82 628.1 616.92 604.06 611.16 618.04 614.2 610.4 564.86 592.46 599.06 574.66 550.78 537.22 544.42 541.84 507.24 473.24 491.12 472.06 453.26 454.14 454.9 455.82 446.7 457.36 457.9 457.18 476.34 445.96 455.12 444.52 473.12 472.34 481.28 450.98 440.4 449.34 467.92 454.1 458.52 453.94 459.22 446.02 436.9 438.24 412.28 416.96 393.08 397.68 392.58 377.54 384.12 365.28 375.88 357.92
505.24 514.28 512.8 521.72 520.14 508.24 510.44 524.02 527.14 512.08 517.76 540.92 541.82 564.5 598.2 588.28 577.16 576.76 619.92 619.4 619 649.92 649.68 603.06 620.24 616.08 612.2 618.96 604.66 580.06 576.38 572.82 548.96 545.54 533.06 528.66 514.04 493.96 484.84 485.9 476.86 467.92 458.74 449.58 470.36 471.12 481 480.18 469.3 458.46 467.6 476.66 485.72 474.9 474.08 473.08 452.6 469.78 464.62 459.08 445.02 450.4 437.04 432.68 418.48 423.2 418.52 404.04 399.02 393.86 378.8 384.76 365.96 377.5 367.82
526.26 535.14 533.58 532.04 520.1 522.24 525.38 528.62 531.8 536.34 544.68 547.76 558.32 568.88 568.38 600.78 600.36 621.76 621.24 631.66 620.22 627.9 638.76 649.34 623.38 629.7 614.78 610.38 585.52 592.32 578.18 564.24 540.3 526.86 524.04 520.18 506.46 497.12 508.08 499.08 499.98 490.88 471.68 472.58 463.26 473.88 474.36 473.54 462.58 471.82 470.9 480.14 489.2 488.28 487.34 486.54 495.48 480.36 484.58 469.46 474.18 460.42 447.24 426.46 421.08 425.4 410.72 424.96 420.18 395.26 390.36 385.56 376.88 368.16 379.76
546.62 544.7 542.9 530.54 532.42 535.3 549 541.46 544.46 536.54 543.04 564.46 564.9 608.76 598.26 609.64 642.7 643.22 643.54 655.02 641.58 627.5 617.14 618.62 637.38 632.94 607.3 613.58 619.82 594.42 590.28 576.26 562.38 569.02 555.32 521.68 499.38 490.38 481.16 492.14 493 504.02 514.84 505.5 496.22 486.74 487.22 487.1 476.04 465.12 474.28 463.32 472.64 481.8 480.92 480.08 486.4 461.46 475.52 460.56 474.76 471.78 449.54 439.3 433.86 428.38 413.54 408 402.54 386.94 381.8 386.38 377.72 368.88 380.68
553.78 541.48 539.6 541.36 544.48 558.06 561.14 553.66 545.6 537.46 551.04 571.9 581.08 581.52 603.42 603.9 604.32 637.18 659.2 637 623.96 632.26 612.52 604 637.74 634.24 609.28 574.06 570.28 597.6 593.42 599.46 574.64 560.54 536.66 533.22 532.66 503.46 494.32 494.98 495.72 496.62 507.48 487.86 488.64 489.32 489.98 490.5 479.38 468.42 467.52 476.88 465.86 465 474.3 472.44 467.42 462.04 447.12 461.2 458.78 446.44 441.5 442.86 437.4 431.68 416.36 410.78 405.04 389.46 394.12 387.5 388.68 379.96 381.52
560.82 548.58 560.74 553.48 556.56 559.66 562.5 565.3 557.28 557.78 558.86 568.92 575.62 597.32 608.38 619.56 630.68 641.8 631.56 629.18 626.76 603.28 605.16 607.58 599.18 597.92 605.22 601.8 598.54 574.24 581.34 567.74 564.48 561.24 558.06 545 535.8 526.62 507.08 497.68 498.42 499.18 489.74 490.44 491.22 481.62 482.4 493.28 472.46 481.88 481 480.24 479.32 468.28 477.7 483.32 468.02 472.54 457.38 465.14 462.8 467.22 462.04 455.84 440.9 425.4 409.76 413.6 407.7 391.9 406.8 399.5 390.4 381.32 392.84
567.76 569.6 562.5 565.58 568.66 571.42 563.64 566.3 578.56 567.28 566.68 576.6 593.2 581.02 602.6 613.68 635.24 635.76 634.14 652.86 629.44 626.98 629.36 631.78 613.18 604.4 601.1 576.78 573.44 570.28 546.42 574.12 562.44 561.2 550.28 528.1 548.08 539.14 540.34 530.94 511.28 491.54 471.74 472.5 483.48 473.9 474.5 464.96 465.44 464.56 463.8 483.58 492.92 461.38 458.84 484 468.54 473.92 471.9 459.96 454.86 468.98 446.58 450.44 454.12 448.3 432.46 406.52 400.46 404.46 399.12 411.52 402.56 393.44 394.6
578.32 581.66 595.44 577.38 580.18 582.88 575.16 577.84 587.92 576.68 565.46 584.12 579.44 585.92 596.84 628.72 629.16 628.6 626.24 634.22 642.08 639.88 642.44 634.54 616.12 608.18 586.5 583.16 571.16 580.24 568.48 577.4 545.26 545.06 534.5 531.32 549.6 550.9 552.16 522.82 513.82 514.68 515.52 485.22 475.66 466.02 456.3 456.96 467.92 457.4 446.26 455.86 475.72 454.02 469.58 484.56 480.76 478.7 486.52 471.5 475.98 461.2 469.66 473.62 467.84 451.96 435.94 419.58 403.08 407.08 401.6 413.4 404.28 395.22 417.2
611.08 604.06 596.46 588.94 602.3 605.22 608.12 587.18 586.66 586.16 584.06 569.56 586.86 582.12 601.34 601.84 633.48 630.92 628.52 636.36 644.06 652.36 655.02 637.1 630.68 624.9 618.92 607.22 584.94 583.6 571.84 560.68 550.04 549.86 548.04 545 542.46 521.8 523.06 534.58 525.54 526.88 517.7 498.22 509.34 499.58 479.52 480.2 470.48 492.06 480.68 459.02 458.2 485.76 490.78 487.74 455.2 443.2 459 473.4 458.38 472.62 464.06 458.2 462.02 446 439.6 443.14 426.34 419.82 413.92 425.54 426.86 427.64 426.58
602.08 605.06 618.46 600.44 603.38 595.68 608 586.1 606.88 605.44 599.44 585.06 582.24 578.98 595.48 606.12 604.78 602.44 600.06 607.84 636.78 637.42 632.04 626.34 630.92 614.72 619.2 621.24 598.74 576.44 555.26 555.06 554.84 554.54 551.44 558.68 545.48 513.1 514.32 515.48 527.04 518.02 519.18 510.06 521.68 491.54 482 503.7 504.44 484.1 462.84 462.16 470.74 465.72 484.26 471.98 469.74 456.12 491.2 485.4 470.16 494.08 478.02 472.14 475.92 469.8 463.46 446.82 440.1 433.36 415.74 425.86 435.26 444.56 453.9
623.92 606.2 609.18 612.3 615.3 607.42 606.8 606.36 604.72 589.02 604.02 589.76 597.08 604.46 601.46 599.36 607.82 607.4 617.24 616.94 596.34 617.46 632.26 626.66 600.24 583.76 577.44 581.54 581.62 560.28 549.38 549.2 548.98 547.38 544.22 530.76 527.82 536.74 536.34 527.2 528.44 529.86 520.62 511.46 512.62 513.84 504.54 516.26 506.9 465.36 465.94 475.82 482.64 470.2 467.88 496.64 513.12 498.58 514.04 507.98 482.5 508.44 502.66 496.54 510.46 504.34 497.94 481.34 464.28 454.6 445.18 433.62 441.72 451 460.12
625.26 628.4 620.96 624.14 616.5 616.98 605.64 604.14 610.44 604.06 587.82 584.08 581.1 588.5 590.68 602 621.8 630.82 629.66 618.56 597.98 639.98 634.5 608.32 613 617.56 590.58 574.72 565.22 564.98 532.72 532.58 532.36 529.52 526.44 534.04 530.84 539.66 527.7 539.14 519.68 531.34 511.58 512.84 514.02 515.24 516.48 496.58 497.74 467.02 468.12 478.44 476.1 484.34 481.42 508.42 514.4 510.04 515.68 509.62 503.76 522.14 526.18 520.38 524.36 518.16 511.92 502.86 481.74 483.26 474.72 483.4 482.34 468.88 476.44
616.18 629.76 622.38 625.36 626.84 626.38 614.04 600.3 593.8 587.76 592.18 589.1 600.6 593.94 595.22 605.78 648.6 668.58 647.46 636.2 634.96 623 617.5 591.1 585.08 600.28 574.32 567.88 559.06 537.42 547.9 536.9 535.46 532.56 529.56 526.58 523.62 521.76 530.76 499.04 500.2 532.76 523.56 514.22 515.52 516.9 518.32 509.18 489.46 490.8 470.22 491.4 489.4 496.48 492.4 509.04 525.32 520.78 516.38 521.1 525.06 535.94 530.18 534.24 538.26 530.06 529.44 518.68 509.16 501.98 513.86 501.6 510.74 509.74 506.9
628 620.48 623.6 626.4 615.18 613.38 621.52 604.64 608.48 603.72 601.7 593.6 607.44 599.32 609.62 609.34 622.56 664.78 664.22 653.22 652.66 660.84 641.74 636.16 610.22 594.94 590.06 571.76 552.48 541.82 541.64 519.72 517.06 514.28 500.74 487.3 484.58 482.48 491.7 480.2 502.02 503.54 515.46 516.96 518.46 519.9 500.14 501.52 502.98 482.24 461.3 493.26 500.72 507.42 503.38 509.64 526.02 521.62 527.24 532.58 526.42 529.98 544.2 556.82 576.42 575.74 585.16 555 537.8 510.5 532.16 529.84 528.72 527.6 526.58
629.28 621.84 635.48 635.82 623.36 620.9 615.46 610.58 608.32 596.54 607.7 600.5 612.96 614.98 603.26 592.24 605.4 618.72 628.7 638.66 669.06 656.64 623.92 609.5 615.52 610.9 573.16 564.8 545.32 535.3 524.16 511.98 509.12 506.38 471.5 479.46 476.8 485.46 505.96 495.38 493.18 484.46 496.78 498.12 499.58 511.62 513.16 503.94 504.5 494.36 484 472 500.88 486.98 493.38 510.04 516.12 511.9 517.72 513.28 539.84 563.04 572.42 591.8 621.26 650.54 630.06 632.92 596.52 579.98 580.92 547.72 546.4 555.38 554.24
620.04 623.12 635.24 622.58 609.68 618.36 615.62 612.8 613.08 603.58 614.68 605.82 618.5 598.02 596.72 606.12 608.96 601.22 603.04 634.18 653.84 610 588.62 592.26 577.32 561.92 566.1 557.6 537.92 506.56 506.44 492.96 479.34 465.86 474.3 482.8 480.7 478.84 489.8 499.72 495.4 485.62 487.48 489.36 512.52 513.94 525.98 515.7 494.64 505.78 495.36 494.2 491.02 487.96 494.84 490.7 496.84 502.78 518.8 524.3 549.66 607.7 636.82 656.1 685 664.36 646.82 680.74 644.82 638.72 649.48 626.92 574.04 572.92 571.66
621.4 623.98 621.92 612.08 612.84 620.7 608.2 619.24 620.14 610.34 620.06 611.2 613.26 612.44 611.18 609.8 601.94 604.76 586.18 597.7 607.06 596.04 595.7 596.02 548.72 565.52 536.1 516.86 508.32 488.22 487.32 462.56 460.54 447.56 467.32 475.96 463.42 473.06 483.9 482.76 478.3 476.34 499.38 522.66 513.84 525.68 505.14 494.92 506.06 495.62 496.1 495 502.48 477.98 474.82 481.68 508.68 524.64 540.12 575.96 590.94 625.02 662.08 679.34 698.28 709.92 693.78 668.34 682.66 646.32 646.68 605.08 621.42 620.1 601.38
611.42 614.34 605.3 606.82 615 625.28 614.78 626.18 627.02 615.48 625.18 627.08 617.56 616.2 604.3 613.64 594.64 608.12 589.42 589.4 580.7 580.22 569.22 568.8 551 523.54 537.3 529.04 509.64 478.14 490.38 477.4 453.18 440.06 438.1 458.42 468.22 488.9 477.76 476.12 471.54 500.28 511.12 512.84 503.2 504.08 504.82 484.18 506.5 507.1 496.68 484.88 481.82 478.64 485.9 492.84 519.84 525.3 561.74 597.5 602.38 636.6 660.22 677.1 695.8 697.08 681.34 705.62 700.2 754.2 704.34 643.48 668.32 707.64 670.94
615.7 608.72 610.24 620.68 631.44 631.48 631.92 643.52 642.68 631 640.9 631.96 631.76 609.04 607.74 606.46 597.72 597.62 586.36 574.84 587.8 558.16 560.72 550.7 518.84 522.86 525.56 505.22 495.16 484.44 466.24 488.8 477.78 443.4 431.04 463.16 461.5 470.62 480.36 477.42 495.2 503.98 501.38 491.6 492.5 493.1 504.7 505.5 495.54 485.52 486.32 463.94 471.38 489.4 496.42 524.36 562.14 567.82 593.82 619.16 613.82 668 651.9 665.62 687.06 689 711.28 713.9 747.62 770.98 741.36 731.82 724.7 746.84 729.92
609.72 601.7 613.78 622.32 637.76 637.74 638.5 648.54 647.62 635.94 645.82 625.86 624.46 612.48 611.14 608.08 605.72 595.44 592.36 592 584.2 575.56 556.58 559.16 508.2 500.3 503.12 504.28 493.32 472.64 478.8 479.3 457.42 435.18 432.26 451 482.12 480.3 489.76 486.26 495.98 485.6 503.32 502.28 492.44 514.78 504.72 505.82 475.3 466.26 477.54 473.64 492.54 521.32 559.84 545.38 594 589.84 584.78 610.44 635.58 689.62 683.16 696.78 730.22 724.7 729.2 753.38 757.92 809.16 857.88 818.52 774.14 762.98 771.78
