data/default-data/raster/climate/pre_8.txt
ncols         720
nrows         360
xllcorner     -180
yllcorner     -90
cellsize      0.5
NODATA_value  -9999
[rows 66 to 98 of 360, columns 525 to 599 of 720]
658.8 670.22 680.74 681.8 690.8 692.6 694.84 678.56 657.44 645.88 643.84 629.64 632.7 631.26 643.18 647 652.6 666.6 680.38 695.76 701.9 674.18 685.54 705.76 667.06 639 620.12 609.16 638.54 647.1 645.74 664.86 663.48 679.22 684.42 685.56 678.92 684.84 670.42 660.18 677.92 645.6 653.98 670.26 651.02 672.56 663.5 664.74 676.28 677.5 657.52 648.68 702.44 725.58 749.32 743.34 786.78 809.58 811.7 802.68 857.1 901.36 935.58 911.88 905.9 877.82 853.52 850.22 888.2 917.56 886.46 803.46 843.98 886.96 898.46
658.5 661.38 685.32 676.54 694.58 689.7 705.32 683.52 671.56 639.46 624.42 632.2 643.04 646.02 659.9 655.2 659.48 682.94 706.86 722.88 729.98 712.08 721.7 731.34 711.02 656.12 632.5 630.32 667.96 684.84 683.38 694.58 700.46 685.18 700.7 709.24 702.9 716.96 701.06 679.9 678.58 688 676.68 684.98 673.88 715.98 696.72 687.8 709.6 689.72 649.08 681.66 715.04 748.56 782.58 796.04 810.74 826.92 808.5 810.2 854.46 899.06 931.38 906.08 898.62 870.02 852.86 880.54 897.8 916.28 914.9 898.78 893.54 886.16 897.26
669.02 661.28 674.34 667.84 675.42 677.32 679.6 669.9 660.76 651.56 642.62 640.38 645.18 659.84 664.9 678.58 681.28 715.52 750.16 746.72 784.88 793.64 793.06 770.58 752.9 695.66 689.46 717.58 736.18 744.28 731.8 759.96 745 739.54 744.4 749.32 732.88 727.04 708.94 711.68 712.38 721.82 741.4 730.1 748.24 749.52 719.9 741.9 732.26 701.88 671.38 683.6 789.9 729.88 690.76 819.44 854.14 826.54 907.98 914.68 937.96 939.68 959.5 994.8 976.04 936.34 886.7 899.4 915.12 912.74 906.28 899.9 902.46 893.46 865.48
652.22 654.48 662.94 652.62 667.18 670.36 644.58 631.14 640.82 652.72 675.44 683.32 702.66 712.42 686.7 699.46 702.12 715.88 740.66 788.52 851.42 849.34 857.16 860.18 802.54 781.68 757.58 774.56 792.66 822.06 814.98 816.64 781.78 789.94 774.9 780.78 762.86 756.48 735.06 749.28 751.6 752.7 774.46 784.9 773.42 773.02 763.88 795.74 744.64 724.5 683.62 716.88 792.32 690.28 682.34 832.42 899.52 850.9 951.36 935.34 953.56 935.88 941.94 977.1 979.26 948.68 897.26 908.66 910.46 904.32 897.42 900.84 892.24 889.96 892.1
621.66 642.08 644.8 655.74 649.96 654.04 637.68 614.04 625.42 647.14 671.18 729.08 758.84 728.24 715.26 730.64 713.14 746.78 813.12 841.28 867.2 911.6 964.9 967.1 972.9 921.38 930.02 895.4 901.64 869.32 882.3 872.78 857.14 825.88 814.88 803.92 793.36 780.66 780.8 773.76 790.3 791.44 802.8 824.62 805.08 795.92 776.5 797.9 757.1 726.46 716.54 729.5 721.52 671.44 726.4 845.4 785.98 843.28 933.28 905.12 930.28 945.02 958.8 939 930.3 900.54 902.4 924.56 907.54 889.08 908.6 911.42 892.76 896.94 907.74
605.48 604.14 626.38 626.98 633.06 638.14 635.4 640.62 638.62 652.18 668.18 736.16 745.44 793.08 770.46 757.5 775.22 747.66 772.4 825.62 898 948.16 990.82 972.34 1021.1 1020.5 1030 1037.94 1044.64 1011.68 939.64 920.06 881.04 828.72 817.1 795.3 794.24 773.84 765.68 788.52 815.04 819.54 841.3 875.98 871.96 846.76 805.34 786.62 778.32 749.08 770.82 742.04 702.64 694.48 791.92 721.22 767.48 909.98 935.18 934.9 944.22 936.38 920.48 912.42 924.9 905.78 928.08 911.52 925.72 918.46 930.7 917.08 922.2 924.72 922.64
578.4 568.3 578.44 598.12 629.2 637.64 653.82 658.2 635.48 658.22 665.02 693.18 750.12 808 795.54 772.44 738.28 724.28 761.78 855.36 893.8 952.48 994.02 986.8 1015.82 1014.38 1064.42 1070.12 1075.3 1079.16 1000.54 938.62 919.22 885.96 824.64 793.42 784.74 769.1 776.8 803.44 808.54 849.98 898.94 926.2 922.36 877.82 833.3 783.4 785.44 777.12 727.58 741.82 735.2 685.88 751.9 743.06 869.42 900.14 898.72 897.24 909.66 903.32 920.3 915.88 929.88 931.58 935.78 949.98 943.64 957.14 949.12 920.1 915.9 920.32 928.12
559.56 549.46 560.8 604.18 627.36 635.64 640.9 656.98 663.12 672.32 698.64 745.26 742.48 739.62 758.74 736.74 735 755.12 777.24 876.9 925.16 991.88 1079.72 1038.9 1057.5 1055.7 1022.08 996.18 1018.98 991.96 979.88 943.22 936.88 920.62 909.06 878.12 850.76 808.28 800.96 819.8 858.52 915.9 949.46 966.76 970.14 908.8 860.8 841.98 823.34 732.1 723.96 706.18 667.22 716.14 788.88 814.74 864.62 863.18 861.72 882.8 897.54 891.7 898.02 935.4 941.68 928.52 923.14 927.14 941.42 945.2 947.58 907.62 886.76 882.92 914.84
538.5 544.36 560.9 604.16 633.86 632.78 659.1 655.56 661.88 688.24 714.18 702.84 721.7 709.92 708.08 737.96 801.28 861.62 917.9 1029.64 1144.5 1270.48 1210.36 1139.52 1047 993.8 948.6 942.18 932.12 905.4 895.44 892.78 916.86 911.62 903.24 921.14 914.48 895.72 893.26 879.46 919.5 994.54 1038.72 1007.88 970.22 951.52 898.22 825.3 764.32 755 685.12 713.9 795 794.04 834.64 830.24 833.98 858.6 866.54 891.24 895.64 837.98 906.94 923.76 932.5 910.52 908.68 924.08 917.96 910.84 924.26 904.64 883.26 898.9 903.58
542 541.14 560.9 615.36 625.44 634.96 661.22 667.78 694.52 702.86 715.58 734.4 733.04 731.38 751.8 815.6 848.14 878.38 963.32 971.66 1056.38 1076.12 1060.48 1048.54 1026.22 1024.14 978.14 886.82 876.78 870.82 891.58 921.78 916.66 890.94 871.8 863.68 899.3 942.7 1044.78 1063.12 1107.48 1126.32 1144.6 1066.44 1067.14 1017 887.16 820.22 735.66 750.68 753.12 789.7 757.28 776.7 806.48 793.86 818.22 842.14 879.94 901.64 893.48 867.2 895.68 903.96 901.14 888.52 906.58 885.6 872.54 898.96 905.58 893.1 899.42 905.18 911.56
546.1 606.08 648.74 663.58 713.48 754.52 760.04 731.52 738.52 748.14 747.54 756.26 766.26 787.26 786.92 823.46 812.62 830.34 815.32 904.34 975.82 950.42 941.2 887.26 894.28 879.94 893.14 903.72 862.92 867.04 887.82 847.92 857.38 861.68 869.12 889.56 896.96 988.46 1052.34 1097.7 1231.76 1492.16 1504.34 1136.46 1182.82 981.12 924.72 889.88 849.6 752.52 724.78 744.24 763.72 772.82 792.24 811.44 836.44 862.56 889.84 890.8 882.3 867.66 871.58 870.06 857.42 854.92 844.74 844.36 871.88 878.56 872.66 894.84 915.5 911.38 919.6
580.5 642.96 686.24 742.96 754.48 786.64 813.56 772.6 796 784.2 729.16 738.08 726.66 736.28 743.68 679.74 639.48 662.86 715.68 810.68 844.24 835.2 822.68 807.04 752.02 777.02 767.26 777.54 787.84 832.84 783.38 814.32 824.74 774.34 780.8 811.28 840.08 940.52 1032.78 1210.3 1331.38 1534.86 1632 1409.48 1251.5 1174.36 1038.14 897.62 801.16 770.22 773.86 772.34 800.6 799 827.3 825.6 841.92 866.92 894.98 891.36 893.78 881.36 869.46 833.54 822.2 813.86 823.46 832.96 840.9 856.9 859.78 871.98 883.5 884.26 907.2
548.3 642.28 695.3 743.32 765.04 786.5 808.1 774.42 773.86 739.2 679.64 644.42 652.54 672.04 664.22 615.76 621.66 676.62 690.54 684.62 688.5 711.78 735.48 717.16 731.8 713.48 744.1 795.2 774.88 748.56 740.06 771.2 781.92 734.2 817.36 761.82 801.98 854.78 934.4 1106.36 1224.6 1343.34 1353.58 1365.54 1221.34 1094.36 948.08 826.16 781.74 774.38 788.12 790.1 817.66 844.84 852.46 863.02 899.98 892.4 892.52 931.04 914.4 915.04 867.78 830.86 778.12 788.58 780.42 773.22 791.84 814.72 827.78 833.74 839.56 863.16 895.88
488.62 594.06 667.96 715.02 703.9 723.72 754.32 748.2 698.04 727.92 686.76 591.14 553.34 583.78 580.22 598.62 570.82 564.58 507.56 482.24 539.88 534.24 548.94 546.14 559.08 619.56 670.38 741.56 731.52 685.28 687.36 718.76 729.78 721.24 750.72 731.6 773.34 841.6 881.56 988.6 1103.08 1223.8 1227.92 1164.3 1083.3 988.12 886.78 814.9 783.38 777.58 829.52 833.56 833.46 861.28 876.62 895.46 933.72 937.48 935.18 933.24 910.48 878.28 837.5 778.22 717.38 746.54 719.14 711.1 732.86 770.16 777.52 793.62 809.26 833.7 866.28
441.8 498.82 570.74 554.78 580.14 692.28 765.76 810.78 822.62 703.98 718.14 608.32 481.6 499.1 529.38 405.86 444.38 613.56 545.04 455.66 492.94 508.54 513.54 477.58 507.22 556.94 566.78 627.6 658 672.58 684.68 667.02 659.14 651.22 662.28 711.72 732.64 791.22 821.94 909.56 973.3 1043.66 1105.2 1044.18 982.52 911.66 848.58 821.12 770.14 782.16 794.18 856.94 895.8 891.88 911.1 920.28 936.1 967.9 941.56 900.72 883.32 875.18 817.76 764.32 732.24 686.9 688.04 695.98 703.4 710.26 726.42 751.92 778.72 813.06 846.16
398.04 435.78 434.58 435.02 487.66 575.6 630.8 655.56 706.08 701.58 687.18 602.34 536.92 449.24 421.44 363.86 328.54 435.02 431.96 362.24 377.7 392.5 447.72 507.9 545.08 570.5 539.5 579.48 569.52 584.52 587.5 599.86 621.44 642.26 666.38 665.02 674.06 743.2 784.36 823.9 883.12 922.96 939.06 935.42 906.16 830.88 785.74 765.78 750.1 754.82 829.16 856.72 865.28 897.26 908.42 913.82 927.12 919.32 930.82 856.12 831.92 814.22 760 722.92 700.82 647.1 653.34 656.26 674.12 671.64 697.34 704.04 748.12 782.54 816.7
286.64 330.42 345.9 400.26 480.22 543.94 619.18 555.34 568.48 629.56 595.3 543.84 463.16 477.2 386.5 415.72 430.8 288.8 359.26 322.6 307.3 315.92 345.92 375.9 405.88 449.66 512.1 560.6 560.58 526.32 520.22 552.04 565.98 612.44 621.4 667.04 690.28 729.2 779.74 804.22 860.92 861.7 825.98 826.3 770.36 781.52 756.54 744.46 734.4 790.2 835.98 863.44 865.9 889.82 876.54 843.04 850.02 865.74 873.64 860 806.8 731.96 701.86 665.88 652.2 648 660.32 635.4 644.88 642.52 658.6 674.06 707.82 731.76 797.56
243.24 247 267.3 285.76 279.12 285.06 302.08 363.24 368.36 444.34 493.42 452.76 468.74 479.42 429.08 412.24 406.56 287.74 213.4 232.66 253.36 263.86 294.72 355.72 385.7 404.48 455.02 513.34 532.32 527.38 530.86 568.12 596.02 595.54 651.72 659.72 720.4 734 757.78 776.9 795.32 795.82 780.22 730.06 731.44 715.76 747.18 717.48 709.2 787.54 776.96 814.84 798.32 817.08 795.62 790.3 793.24 793.44 812.82 800.7 771.06 700.94 656.86 602.82 598.28 601.02 611.84 594.72 613.62 620 626.02 641.16 665.48 696.62 778.46
248.96 231.28 234.78 249.2 228.42 201.06 223.2 248.26 247.52 233.56 217.56 259.8 301.78 291.64 387.18 348.24 343.3 338.8 249.98 139.14 129 149.24 179.56 299.78 330.44 361.16 377.64 458.24 477.98 532.86 589.48 617.46 645.4 616.36 663.26 671.22 703.9 746.76 749.42 720.7 729.12 730.08 726.58 722 712.86 697.08 709.5 699.78 682.86 685.62 690.54 699.58 726.88 734.88 729.26 729.86 726.74 727.08 721.52 712.44 717.34 690.98 648.94 586.86 569.06 560 579.22 589.42 599.54 596.64 602.72 617.9 635.06 723.04 797.1
323.82 329.16 311.58 305.4 297.66 374.46 377.62 295.44 237.34 173.32 154.82 154.56 161.62 192.06 266.26 353.78 368.84 367.24 330.66 158.8 167.7 264.64 263.04 253.38 273.56 323.06 323.66 394.72 464.88 493.04 520.72 576.76 608.2 599.32 646.34 682.74 697.66 726.36 735.84 673.7 691.34 675.5 672.92 670.66 649.38 650.08 643.42 634.62 618.64 622.48 622.68 630.4 657.14 663.74 638.84 651.36 669.18 681.3 675.18 678.8 680.04 653.54 621.56 586.54 552.18 538.24 546.66 565.46 584.48 582.92 579.78 594.88 641.86 713 796.64
184.26 178.68 231.22 357.22 346.88 329.36 284.48 251.92 203.4 149.82 143.5 141.08 135.72 130.58 137.2 218.32 284.42 287.52 352.72 367.52 355.2 294.02 340.68 270.66 249.8 305.52 401.86 380.22 415.92 425.14 471.88 518.34 564.74 507.64 535.1 612.28 674.84 723.84 695.46 705.04 682.08 668.44 658.4 618.5 587.86 585.72 577.34 578.84 563.54 565.38 553.3 552.48 579.66 578.48 586.02 534.12 563.74 567.84 582.52 597.2 600.08 608.36 587.58 555.14 548.3 545.12 550.84 550.88 560.44 578.46 593.52 654.34 676.7 721.08 798.26
170.8 175.74 155.18 298.48 220.32 177.5 168.08 150.1 132.7 126.36 131.9 140.88 134.7 129.64 124.22 141.68 159.12 165.8 253.56 259.26 316.6 344.04 341.62 261.8 211.88 200.8 237.3 386.58 432.4 422.22 392.84 419.42 483.02 425.84 470.66 499.64 523.88 631.18 626.06 659.08 586.68 567.24 566.9 546.34 525.28 513.8 521.42 513.28 516.64 505.86 505.52 502.1 512.66 502.92 501.9 470.2 500.48 505.04 529.28 542.4 551.98 566.2 554.96 557.66 536.46 542.88 548.82 545.8 554.96 583.08 602.76 652 688.78 728.54 785.84
339.1 112.4 103.2 115.38 127.16 127.68 104.66 93.56 85.5 89.36 120.04 115.14 133.64 128.54 124.34 153.6 139.18 115.18 122.6 150.58 188.56 226.7 283.86 340.32 260.7 278.28 337.8 349.4 412.44 346.22 438.48 399.76 361.42 323.14 350.18 351.86 402.34 454.12 477.1 489.9 472.46 474.46 464.44 444.28 423.36 431.4 420.24 428.24 435.5 442.2 429.98 436.54 432.36 431.36 419.76 444.28 465.98 479.26 499.56 506.04 512.48 532.48 538.56 570.86 578.48 572.9 569.74 552.52 576.42 625.48 660.38 667.84 714.84 755.12 784.18
179.04 377 292.1 261.88 239.76 194.06 169.38 84.98 86.42 90.34 94.38 89.38 108.22 152.22 171.34 166.44 216.2 168.94 134.04 171.74 169.2 168.14 186.48 224.26 195.16 245.26 251.36 302.64 373.84 438.58 455.96 463.66 434.32 359.26 340.68 342.94 327.54 350.16 392.24 414.2 396.36 428.14 419 389.3 387.8 367.1 375.32 384.94 394.1 412.86 421.88 411.86 428.5 377.28 374.54 390.16 400.76 425.96 451.68 467.8 482.7 500.18 517.58 562.96 581.98 581.6 563.2 573.18 594.14 641.3 693.52 701.38 731.54 780.4 818.42
114.1 116.14 94.96 97.02 98.74 112.08 113.18 88.68 101.52 91.38 94.98 102.08 96.2 118.34 115.36 101.16 98.6 85.32 93.7 81.54 70.02 89.24 98.68 119.02 189.52 276.9 232.3 227.34 242.48 269.84 315.48 323.72 350.3 312.96 331.72 361.74 365.06 369.2 430.62 383.48 397.32 321.92 353.26 323.56 322.38 321.22 330.72 350.52 369.48 378.66 397.66 416.42 405.26 393.94 372.94 361.6 394.34 399.78 424.84 460.44 481.36 498.68 524.86 536.08 554.4 571.92 574.88 597.38 628.94 660.22 719.66 752.52 790.32 809.94 792.56
280.06 309.9 218.74 185.52 201.32 153.24 142.4 130.72 118.76 119.3 122.02 128.22 110 131.2 128.24 113.92 99.9 108.12 115.74 123.42 120.74 90.26 80.66 91.18 101.12 118.82 164.78 180.36 167.74 194.76 231.34 230.64 248.52 276 304.34 297.2 299.56 312.32 323.24 305.96 338.12 302.62 324.86 315.92 324.82 304.64 314.72 334.72 364 382.9 401.62 400.76 418.42 396.9 375.08 392.44 392.08 402.82 418.04 453.26 489.82 487.08 521.5 544.92 573.62 588.54 616.14 644.14 674.94 722.2 760.74 785.02 810.76 801.26 823.84
177.32 192.88 233.26 374.86 317.36 322.04 300.42 291.44 228.34 231.48 204.76 314.96 264.36 220.66 167.72 173.88 134.8 131.46 138.76 146.24 134.12 184.48 216.22 124 91.2 99.18 106.8 142.54 148.98 175.78 184.66 211.58 220.66 211.44 212.34 241.76 262.24 283.22 283.16 314.62 337.2 340.76 363.98 317.78 327.64 317.96 347.72 357.56 377.08 385.72 404.42 413.42 431.16 419.2 435 442.48 443.16 442.02 422.14 452.02 478.18 513.2 545.86 577.78 595.18 611 635.96 668.62 714.12 752.52 782.2 807.4 815.16 823.08 828.12
141.46 180.3 208.08 286.32 315.88 282.06 286.06 316.54 306.62 295.86 229.34 172.58 156.08 189.66 172.86 144.42 116.84 101.04 86.68 86.08 95.62 146.82 168.1 186.34 152.14 119.26 116.74 152.26 167.62 184.6 184.16 193.02 202.16 201.98 212.52 242 243.62 253.06 282.18 285.22 297.82 300.96 313.9 326.68 318.28 330.22 350.12 360.02 379.86 398.54 426.98 445.88 463.82 469.38 476.54 503.02 494.8 512.96 500.96 503.92 517.76 551.88 574.26 607.52 633.44 659.26 672.48 724.56 746.92 782.22 803.36 829.7 829 837.02 847.28
223.22 263.64 207.4 185.8 213.8 204.2 219.04 182.12 210.04 238.48 159.96 117.22 115.58 101.2 97.88 82.72 68.46 65.96 64.28 63.92 63.94 63.82 84.56 114.08 121.92 109.38 117 142.98 139.86 147.6 165.44 183.76 202.04 192.88 203.44 214.26 223.68 223.32 243.78 265.4 258.58 270.58 292.68 285.78 304.72 317.5 330.26 352.46 382.56 411.44 430.02 468.84 495.98 510.88 538.22 564.26 574.02 574.08 586.12 589.18 588.14 589 633.02 651.92 694.84 708.06 729.66 759.9 793.06 815.76 846.6 863.22 865.16 863.28 899.9
93.74 155.18 133.6 147.86 136.74 138.18 126.78 89.58 103.36 91.32 92.04 115.32 113.4 111.48 107.96 81.22 78.28 64.62 63.34 72.98 72.94 72.66 82.52 91.08 100.34 99.22 117.06 133.68 140.12 147.38 165.12 174.4 183.54 193.14 194.48 204.64 203.68 203.52 224.32 245.16 266.74 269.48 291.38 303.3 311.98 313.86 336.6 359.44 402.78 424.62 473.54 501.66 536.76 573.26 600.02 633.08 653.98 670.64 670.56 665.26 661.78 674.34 687.5 712.32 744.18 775.48 782.02 805.56 829.46 862 889.84 910.3 910.74 919.74 947.22
117.58 94.82 71.88 84.74 85.64 86.46 74.88 88.16 88.98 89.9 103.5 75.92 98.84 109.22 82.5 68.26 65.78 63.54 62.42 61.26 71.74 69.9 79.7 88.56 77 96.16 104.48 122.02 129.76 138.44 165.42 165.58 183.84 193.96 204.72 204.12 203.4 202.36 232.16 244 256.22 267.88 290.34 310.72 319.4 329.44 361.96 375.2 408.28 451.18 493.84 544 578.96 614.3 658.54 704.84 721.48 744.96 761.82 766.84 746.58 747.42 757.76 776.56 807.48 837.84 853.1 861.08 893.78 919.84 938.7 974.1 988.1 1006.66 1023.66
129.72 141.22 117.78 95.04 84.08 85.12 98.16 111.5 112.66 88.48 63.68 49.98 97.06 94.86 80.94 66.9 85.88 83.42 82.1 71 69.06 67.34 76.74 77.54 74.96 91.4 100.36 109.02 118.02 129.36 158.44 186.12 195.46 206.02 215.62 214.82 212.98 230.36 231.22 261.74 273.26 276.28 308.84 318.08 326.54 344.68 357.68 400.12 423.42 466.24 507.3 576.4 612.42 653.82 710.54 756.36 781.76 823.98 841.7 842.12 828.68 835.5 835.74 854.16 868.78 898.1 924.22 924.12 957 986.58 1007.46 1033.86 1051.8 1066.98 1107.84
164.78 152.66 128.8 105.5 94.32 83.48 96.54 121.92 135.48 136.78 150.42 135.52 131.58 139.28 124.8 120.24 115.82 113.48 112 88.96 85.38 83.22 73.94 84.36 91.78 106.66 104.36 123.04 133.88 136.64 179.02 188.34 207.34 217.8 235.58 243.32 251.06 259.24 258.14 269.04 290.82 303.78 316.7 334.74 343.18 361.02 382 404.92 438.02 489.7 539.34 607.76 664.34 697.48 760.4 804.72 829.46 889.6 924.66 913.76 899.6 895.52 913.22 921.88 947.86 967.66 1002.8 1028.72 1081.28 1095.42 1101.76 1130.62 1145.9 1170.44 1191.64
