data/default-data/raster/climate/pre_4.txt
ncols         720
nrows         360
xllcorner     -180
yllcorner     -90
cellsize      0.5
NODATA_value  -9999
[rows 33 to 65 of 360, columns 518 to 591 of 720]
154.92 -9999 164.66 174.3 193.78 193.78 193.78 200 200 201.1 202.16 203.24 214.56 215.36 215.36 215.38 215.48 205.24 205.38 205.38 205.54 195.48 195.66 184.74 173.28 171.84 170.5 179.36 168.1 157.38 157.3 157.18 157.12 157.04 147.1 147.04 136.82 136.4 145.64 134.64 142.96 132.84 122.96 122.68 122.68 122.68 122.68 132.02 132.02 132.02 132.02 122.88 123.22 114.12 114.68 115.64 106.9 107.9 108.78 109.72 110.4 110.4 100.32 100.32 100.44 110.66 110.74 100.86 100.86 100.86 100.86 100.92 101.02 100.94
190 -9999 -9999 190 200 210 220 210 211.16 212.38 213.54 214.68 226.18 227.18 227.12 227.32 227.22 227.34 217.3 217.64 207.4 207.62 206.74 205.26 183.4 182.02 170.66 169.38 178.06 176.5 156.5 166.3 156.36 156.26 156.12 146.08 145.66 135.58 135.22 133.92 132.52 131.58 121.9 121.28 120.94 130.06 130.06 130.06 130.06 130.2 121.18 121.54 121.9 122.36 123.38 124.6 125.7 126.82 118.08 119.1 120.06 110.48 110.48 110.48 100.5 100.64 110.86 110.98 101 101 101.02 101.12 111.16 110.9
200.28 190.3 190.3 200.28 210.28 220.36 220.36 221.84 234.44 235.76 237.02 238.32 239.66 240.84 251.42 230.52 241.02 240.76 240.24 229.96 219.72 218.64 217.06 205.22 193.58 182.12 180.84 179.52 177.92 166.5 165.58 165.5 165.4 165.28 155.4 145.18 144.78 134.68 134.26 133.26 131.86 130.44 120.62 120.12 128.94 128.4 128.1 118.88 128.48 119.46 129.12 120.28 120.66 131.02 132.2 123.88 134.66 135.82 137.04 128.38 129.38 130.48 110.52 110.52 110.56 110.72 110.92 111 101.06 101.2 101.24 111.3 111.04 110.8
200.6 200.6 200.6 200.6 220.72 220.72 221.3 233.92 236.52 249.3 250.72 252.06 263.94 265.42 265.62 265.66 244.48 243.88 232.6 232 220.2 229.04 227.44 215.64 214.06 192.38 191.06 179.46 187.82 176.16 164.8 164.7 164.6 164.46 164.06 144.2 143.8 143.34 133.44 132.64 131.16 139.14 137.88 128.3 127.86 118.44 118.12 118.04 117.86 118.24 136.8 137.3 138.22 139.58 140.8 132.62 133.84 135.08 136.26 137.5 138.68 129.9 130.74 120.74 120.74 110.84 111.02 121.2 121.34 121.46 111.38 111 110.94 110.64
200.92 210.98 210.98 210.98 231.12 231.12 233.3 246.08 248.72 261.84 264.56 276.62 278.08 279.64 269.22 269.34 269.12 257.56 246.2 243.62 230.68 229.2 238.02 226.06 214.28 212.72 191.1 189.36 187.72 185.92 174.38 163.92 163.86 163.7 163.04 162.5 152.58 142.84 152.12 132.72 131.46 130.2 128.98 128.24 127.96 127.62 136.42 136.94 136.68 136.3 135.86 136.1 137.48 138.8 140.04 141.3 142.6 144.04 145.38 146.58 137.96 139.18 140.3 141.02 130.88 120.9 111 111.18 121.42 111.44 121.4 111.04 110.72 110.52
211.3 221.4 221.4 231.42 231.42 242.88 235.34 258.46 261.2 274.52 277.34 290.88 292.48 294.08 283.76 283.88 283.32 282.26 268.56 255.26 242.26 239.74 227.76 226.26 224.62 223.06 211.18 209.28 207.46 195.92 184.7 183.56 173.8 173.54 173.1 153.52 153.16 143.3 143.1 142.84 141.56 140.28 139.02 137.74 137.14 155.06 155.24 146.86 137.54 137.26 136.98 137.42 137.8 138.3 148.52 149.92 151.38 152.72 163.68 165.18 156.88 148.34 149.68 150.84 141.04 131.02 111.06 111.26 111.32 111.36 111.1 110.84 110.64 110.42
221.72 221.72 231.82 231.82 242.28 244.92 257.84 260.56 273.9 287.3 290.36 293.16 307.08 319.92 309.84 309.56 308.24 294.14 280.6 277.88 275.04 261.66 259.04 257.3 276.46 264.5 252.62 250.88 249.56 247.88 226.22 215.3 204.5 203.74 203.12 192.72 173.06 172.6 172.28 162.4 170.8 159.94 149.04 147.66 137.32 155.14 146.92 138.32 138.36 138.12 138.5 139.02 148.72 149.24 149.72 150.22 150.74 151.94 162.8 164.3 165.74 157.36 148.84 150.16 141.18 131.14 111 111.18 121.48 111.16 110.92 110.72 110.58 110.26
243.42 233.2 243.42 243.42 255.58 258.36 261.08 284.32 286.58 300.26 303.3 306.28 309.3 323.46 324.84 323.3 320.06 305.82 303.42 311.82 309.32 285.44 272.4 280.58 289.24 297.6 306.48 294.9 283.08 270.76 258.76 257.54 255.94 244.48 224.12 213.56 203.1 202.48 201.84 191.84 181.26 170.22 168.56 157.74 147.06 146.22 147.62 138.84 139.08 149 149.46 149.98 150.48 169.82 179.86 161.4 152.42 172.04 153.44 163.54 174.62 156.48 148.02 149.38 150.62 141.34 121.2 121.34 121.36 121.1 110.78 120.7 110.4 110.2
244.84 244.84 244.84 245.9 269.14 261.5 274.28 276.58 300.24 302.7 316.42 319.5 333.74 336.9 348.24 336.76 333.9 331 328.56 304.3 280.36 278.26 297.24 294.74 302.92 301.58 300.24 298.52 296.56 284.14 282.06 290.74 298.54 286.44 274.96 254.32 233.96 242.9 232.42 202.74 182.6 171.26 160.14 158.54 157.1 156.02 138.98 139.46 130.82 131.72 141.64 151.68 152.16 162.2 153.2 153.7 144.54 154.7 145.5 145.96 146.34 146.88 147.36 138.7 139.94 151.18 131.38 141.68 131.32 131.08 130.84 120.58 120.36 120.16
246.24 246.24 246.28 259.32 262.1 285.5 287.7 300.76 303.24 316.52 319 332.88 322.22 331.76 330.28 330.78 342.66 343.44 354.08 318.44 294.3 303.16 290.6 288.5 286.52 284.52 261.76 280.92 279.2 277.12 265.1 263.56 281.7 279.66 267.62 246.56 235.88 225.2 234.18 233.48 213.22 191.98 171.02 169.2 158.06 148.2 139.64 131.02 132.06 132.9 133.82 124.68 125.04 125.52 135.48 126.2 126.68 127.1 127.44 127.82 128.26 128.62 139.08 139.44 139.84 130.28 141.62 141.56 141.2 141.02 140.8 140.56 130.28 130.02
247.66 257.98 259.78 273.06 275.42 288.34 301.44 303.78 317.12 319.52 330.9 317.8 326.78 336.18 312.94 323.74 313.78 325.18 315.28 306.06 307.74 307.84 283.92 292.74 301.28 298.58 296.12 273.48 282.24 269.82 257.84 266.26 254.24 252.32 240.5 258.6 237.6 226.92 216.34 215.68 214.98 213.16 182.18 161.28 159.56 150.02 131.54 132.2 142.7 153.3 144.72 135.7 136.12 146.26 146.76 137.4 137.84 128.38 138.64 129.14 129.56 140.02 130.46 140.8 151.36 141.66 141.9 141 140.72 140.48 140.16 129.96 129.68 129.46
259.44 260.3 273.54 275.9 299.66 301.92 304.32 317.64 318.74 305.7 314.5 312.28 320.8 308.02 306.62 306.18 306.84 297.44 309.7 311.54 324.06 336.54 327 317.1 304.9 291.46 288.84 286.5 274.36 283.28 260.54 238.06 246.72 234.66 243.1 231.28 239.5 228.7 217.98 207.34 196.72 195.34 174.02 162.42 141.96 142.16 142.6 143.04 134.3 164.22 155.66 156.6 157.02 157.56 148.22 158.6 149.12 149.64 150.02 150.46 151 151.38 151.88 152.1 142.2 152.52 152.24 150.78 139.84 139.58 139.32 139.02 138.72 128.56
260.98 273.98 276.54 289.46 281 304.96 306.64 315.4 302.48 311.08 308.94 306.76 315.1 302.5 301.7 291.18 302.46 303.46 315.34 316.8 318.24 330.28 299.1 289.1 289.9 301.38 302.18 279.02 266.14 275.18 252.28 250.82 238.86 237.14 235.34 233.56 241.82 220 219.16 218.26 207.58 196.58 175.12 153.94 153.02 162.96 153.84 163.96 164.42 165.5 166.62 157.96 158.68 169.06 159.56 160.08 150.56 151 151.5 152.02 152.2 152.36 142.38 152.86 153.06 153.22 152.26 150.74 139.4 148.58 148.26 147.96 147.74 147.36
274.46 277.08 279.36 292.26 305.36 303.36 301.22 309.88 307.7 316.02 314.36 313.92 313.38 312.9 311.76 310.6 310.88 311.84 313.18 314.68 315.68 295.04 306.08 295.98 275.3 286.3 286.8 287.32 276.9 255.66 254.08 263 261.26 270 247.56 245.78 243.9 231.84 220.36 209.48 208.62 207.82 195.86 164.72 183.58 184.14 175 175.5 176.1 176.62 177.84 179.18 180.16 170.74 181.28 171.78 172.24 162.44 172.78 172.96 173.18 153 153.24 153.64 164.24 163.48 152.12 150.62 149.36 157.7 147.28 147.02 146.84 146.92
277.6 279.8 282.06 302.1 300.14 298.02 295.82 295.06 294.64 315.1 304.26 303.76 324.02 322.98 321.8 320.56 309.4 309.82 321.5 312.12 302.06 312.98 303.06 293.06 283 293.88 283.82 273.74 284.62 284.46 252.74 263.34 262.84 261.14 269.7 247.38 245.7 233.88 232.04 210.54 209.74 199.02 197.24 195.08 195.22 186.1 186.7 187.36 177.98 178.56 179.3 180.5 181.7 192.62 193 193.28 173.14 173.32 183.72 183.9 173.96 174.24 164.3 164.74 164.56 173.84 152.14 150.66 139.26 137.94 146.46 136.68 146.5 146.52
280.44 290.18 288.24 286.58 286.06 296.22 295.8 295.28 305.4 304.92 314.92 314.48 323.86 322.6 321.36 309.76 319 318.62 318.62 319.04 309.24 299.3 299.8 300.2 290.22 280.26 291.16 270.68 271.32 281.44 281.36 270.86 260.56 260.5 249.98 248.86 257.5 245.56 223.5 211.88 200.72 190.1 188.56 187.08 177.66 188.16 188.76 199.22 199.88 190.4 191.08 181.72 182.54 183.4 183.62 183.82 173.84 174.12 184.48 184.72 185.1 175.16 175.68 176.08 174.98 163.7 151.94 150.56 149.2 147.82 136.52 136.28 136.3 126.74
298.6 287.66 287.26 286.78 286.36 296.5 295.94 295.3 305.26 315.22 314.54 313.44 322.38 321 319.62 308.14 306.74 306.74 306.86 306.84 316.98 307.26 307.7 318.38 308.54 308.9 288.7 278.94 279.56 268.74 268.56 278.72 278.74 258.16 268.24 268.16 247.44 236.9 225.04 223.58 211.84 200.92 189.86 179.14 189.58 170.2 190.74 191.36 201.94 212.26 202.32 202.6 193.18 194.14 194.68 194.88 184.86 185.02 185.22 175.46 186.08 176.24 187.02 176.18 175 163.72 162.12 160.5 149.2 147.4 136.44 136.22 135.98 136.14
287.52 297.6 286.3 296.38 295.84 295.26 305.18 315.08 314.5 303.4 312.68 311.44 320.42 319.08 317.82 306.14 304.7 305.7 326.18 325.86 325.92 315.54 315.5 316.04 316.42 316.78 296.86 277.06 287.9 277.22 266.7 276.74 276.7 256.22 246.02 235.6 256.04 245.76 235.42 225.14 214.06 202.46 201.22 201.1 181.6 192.08 182.24 192.52 202.94 203.2 203.44 203.6 203.88 194.56 195.52 195.76 185.56 185.86 186.3 186.8 176.76 177.26 177.3 176.24 164.8 153.48 152 150.8 149.18 137.14 136.3 126.38 135.76 135.76
296.86 306.94 295.86 295.24 294.6 294.06 303.94 313.7 302.82 312.14 310.88 319.94 318.64 317.28 315.8 304.2 304.12 304.82 315 324.36 324.54 324.56 334.4 324.1 324.14 314.38 294.74 285.24 285.82 275.24 285.16 264.56 264.48 264.52 264.4 264.36 254.14 243.96 233.76 233.72 223.6 213.42 202.7 202.92 192.88 203.3 203.62 193.62 193.76 194.06 194.28 204.7 194.72 194.98 196.06 196.5 196.8 186.96 187.38 187.82 177.8 178.28 177.44 176.16 164.92 163.7 152.3 150.84 148.5 146.3 136.18 135.94 126.02 116.18
306.24 305.66 305.14 293.96 293.38 313.8 313.32 302.36 301.22 300.12 319.46 318.14 316.7 315.26 323.82 313.06 303.42 314.04 324.16 323.2 312.78 323.08 323.26 322.9 322.74 312.64 322.98 293.3 304.12 293.5 293.24 282.8 272.56 282.62 262.42 252.36 252.36 242.16 242.22 232.3 222.32 222.64 201.56 212.38 213.54 214.5 204.6 215.06 194.92 184.84 185.02 205.76 195.72 185.62 186.06 187.12 187.58 188.04 188.5 188.88 178.84 178.58 177.44 176.36 175.4 153.84 152.54 150.2 147.84 136.32 136.14 135.84 135.66 125.8
304.92 304.4 314.34 313.86 313.3 312.82 301.88 300.86 309.98 308.74 317.5 316.12 314.62 313.24 321.8 322.42 322.9 323.5 323.12 322.14 311.32 311.44 331.82 331.88 321.62 321.8 311.76 311.92 311.94 311.48 301.16 290.8 280.6 270.5 260.52 260.78 260.92 251.1 251.3 231.32 222.06 212.16 200.66 210.78 222.16 213.26 214.6 215.98 216.44 216.68 206.7 196.52 186.36 186.62 186.96 177.42 178.14 178.58 178.94 189.94 179.7 178.62 177.44 176.62 176.02 174.78 162.12 149.56 147.28 146 136.02 135.74 125.88 116.06
303.92 303.48 303.08 312.88 312.3 301.46 300.36 299.26 308.12 306.7 305.34 303.92 302.5 311.18 301.02 311.66 322.32 333.82 322.82 301.12 310.18 309.98 310.14 320.3 320.8 320.8 310.82 320.98 320.76 309.78 309.02 298.98 299 279.2 289.44 269.68 259.88 250.04 240.58 231.34 232.08 211.14 209.76 209.14 200.46 211.7 213.04 224.54 225.92 227.26 218.06 218.26 208.16 198.2 198.64 188.72 200.18 190.1 169.34 180.36 190.36 189.18 177.8 166.76 155.8 164.02 151.28 148.92 146.8 136.16 136 126.02 116.08 125.52
303.54 302.44 301.98 291.1 301 299.92 309.02 307.52 306.12 314.92 313.44 302 300.72 310.12 300.76 311.52 322.82 324.72 323.78 311.26 309.28 318.4 308.62 308.98 299.46 299.84 300 320.2 330.28 309.7 309.08 308.48 308 298.08 298.26 278.52 258.74 249.62 250.56 241.38 231.56 230.18 228.58 217.58 209 210.18 211.44 212.76 213.98 215.32 226.88 217.98 209.04 199.56 210.48 211.08 190.42 169.98 180.96 181.08 179.8 179.06 178.44 167.46 166.32 174.12 161.26 158.68 156.2 145.92 135.92 145.36 125.7 125.52
292.72 291.2 290.68 290.12 299.46 298.14 296.8 305.6 304.34 303 301.78 300.46 299.42 300 300.56 321.98 323.84 325.78 314.6 312.26 309.86 307.4 317.06 307.8 308.48 309.32 310.06 310.56 310.54 320 309.46 298.84 288.24 287.6 287.02 277.7 258.7 249.62 240.46 241.38 230.56 219.14 217.64 225.88 227.1 228.42 229.9 221.16 222.54 223.96 215.22 227.06 218.3 219.84 210.86 212.36 180.98 170.88 171.32 181.16 180.42 169.34 190.12 188.38 186.76 184.7 181.76 158.9 166.64 146.76 146.36 146.1 145.74 135.66
292.32 301.18 299.92 299.02 297.72 296.46 295.22 294.12 302.86 301.56 290.2 289.04 289.16 299.76 311.14 323.1 324.98 326.84 315.52 303 300.78 309.18 308.98 319.9 320.54 321.18 301.8 312.56 312.8 332.32 301.56 290.96 290.62 290.18 279.86 250.22 260.32 250.36 240.54 241.04 239.56 228.04 226.36 234.46 225.46 226.78 228.16 229.54 220.88 222.42 213.9 215.48 206.74 218.6 209.7 200.6 191.54 171.34 171.8 171.36 181.58 170.06 189.56 177.4 186.24 184.52 181.54 168.74 166.96 166.58 156.42 146.3 136.36 135.96
301.7 299.06 298.02 297.4 296.3 295.16 293.76 292.62 281.32 280.04 288.88 288.48 299 310.38 302.08 314.02 315.84 317.64 306.38 305.28 303.4 312.02 312.16 333.18 344.12 334.82 325.36 315.84 316.38 315.72 284.76 284.4 283.88 273.38 263.12 263.42 243.68 243.74 243.76 242.52 230.18 227.98 235.38 233.34 233.52 234.88 226.4 227.82 229.5 221.12 212.68 214.2 205.18 216.46 207.22 208.28 198.88 179.38 180.58 181.46 181.28 179.86 188.78 186.96 185.34 183.62 181.26 178.28 167.3 157.14 156.8 146.64 136.64 136.64
286.58 296.08 295.9 295.44 284.6 283.46 282.34 281.14 279.92 278.72 287.64 298.22 299.54 311.44 303.08 304.84 317.34 320.52 309.48 317.76 305.64 294.74 294.82 316.02 337.22 327.76 318.38 318.98 330.14 319.74 308.72 297.92 276.88 276.6 276.62 246.1 257.08 257.4 236.72 224.44 222.28 220.2 217.78 215.44 214.32 214.96 225.24 216.14 217.08 208.18 209 210.04 201.14 202.04 193.02 194.38 196.06 187.14 188.42 188.22 187.74 187.42 186.96 186.22 184.5 182.8 181.06 178.04 167.68 157.42 157.24 157.2 157.14 157.08
294.26 283.82 283.5 283.16 282.74 272.04 270.86 269.74 278.54 277.36 277.56 298.8 300.5 292.22 294.56 307.8 321.02 312.78 311.7 309.74 297.74 287.48 287.5 298.42 299.34 310.36 311 342.92 322.98 323.68 302.18 301.58 290.48 269.38 269.66 249.16 260 239.88 228.6 226.54 214.26 202.12 199.98 197.66 215.9 226.58 227.08 209.18 218.08 217.76 208.78 209.66 210.52 191.52 192.84 194.36 195.7 196.44 186.22 195.84 184.76 173.6 172.78 172.44 161.9 161.54 170.28 168.44 168.14 168.04 177.82 177.88 187.7 177.7
292.08 281.74 271.3 270.92 270.7 270.32 269.56 268.36 267.26 276.74 278.14 289.8 302.38 305.42 308.52 310.94 312.98 315.1 313.96 291.22 290.3 290.34 290.34 280.46 281.28 292.38 293.08 314.72 304.98 295.14 295.18 284.06 262.5 262.38 262.38 241.64 231.48 232.08 220.22 218.2 195.62 193.86 201.92 209.9 207.86 218.22 209.06 212.3 212.18 211.16 210.22 209.46 200.82 202.32 203.44 194.12 184.76 185.42 175.18 174.46 184.12 183.56 182.64 171.68 170.84 169.88 169.1 168.98 188.88 198.86 198.72 208.66 188.66 178.18
269.66 269.52 259.2 258.92 258.58 258.26 257.9 257.16 256.32 277.42 280.02 282.94 295.98 298.54 300.62 302.74 304.86 307.06 295.08 293.38 282.66 282.68 282.7 282.94 273.32 274.06 274.78 285.92 297.16 297.92 298.5 276.6 254.94 244.32 244.48 223.28 212.8 212.58 211.24 199.46 197.74 195.98 204.3 192.02 199.78 199.66 190.78 203.76 216.2 204.86 204.3 203.8 202.84 202.14 192.62 183.28 184.02 184.54 174.48 173.86 163.14 172.7 172.08 171.22 170.34 179.48 178.54 188.3 199.86 189.86 209.88 199.84 199.24 188.72
267.44 267.08 256.92 256.7 246.6 246.28 246.08 245.8 267.96 260.7 283.66 286.54 288.62 290.62 292.64 294.76 296.76 298.62 297.44 296.08 285.54 275 275.1 275.2 265.4 276.88 256.12 256.5 267.76 268.4 279.78 258.14 247.12 247.24 236.68 226.04 225.76 214.1 202.32 190.6 178.82 177.2 185.78 183.64 201.7 201.1 202.32 205.32 208.76 208.92 207.9 207.02 206.26 195.04 184.18 183.42 173.04 173.72 173.76 173.2 172.68 172.06 171.64 170.72 159.9 178.82 178.18 187.7 179.2 180.58 180.66 190.48 179.84 160.08
255.16 255.02 254.72 254.44 254.16 256.02 257.32 258.56 261.44 264.58 287.42 279.08 291.42 293.46 306.1 308.1 299.52 312.28 300.14 299.58 299.7 278.26 278.26 267.66 268.12 268.14 269.08 280.86 259.7 259.98 249.62 250.08 228.28 228.3 228.04 237.96 215.8 215.52 203.26 201.98 180.48 179.02 187.44 185.06 192.9 191.56 182.72 195.36 208.6 211.06 199.82 188.56 198.3 197.62 176.26 175.62 185 173.86 162.98 172.54 161.82 171.44 180.92 180.28 179.34 178.32 187.86 177.46 178.68 170.14 161.34 171.1 161.1 171.46
243.56 243.04 244.36 246.48 248.6 248.82 259.86 261.4 264.34 278.12 269.82 281.78 294.26 306.86 308.92 311.14 302.3 304.3 303 292.26 292.26 270.66 270.68 270.02 280.5 270.3 282.24 283.36 273.38 274.1 274.34 242.14 221.84 233.36 233.48 222.1 208.46 219.96 207.46 184.2 171.48 168.22 176.82 184.86 182.36 180.68 192.22 194.64 186.72 200.34 190.26 189.52 199.34 188.16 187.52 176.34 154.92 154.16 172.92 171.84 181.38 210.92 200.24 199.5 188.66 178.1 167.72 177.2 178.26 169.66 191.28 193.02 193.34 173.22
