data/default-data/raster/climate/pre_3.txt
ncols         720
nrows         360
xllcorner     -180
yllcorner     -90
cellsize      0.5
NODATA_value  -9999
[rows 66 to 98 of 360, columns 518 to 591 of 720]
154.6 154.12 163.9 174.5 175.92 187.02 186.5 175.12 184.1 184.08 205.22 205.56 225.3 224.14 212.88 201.92 191.08 180.14 170.32 171.04 161.12 162.34 143.64 145.28 167.48 168.92 169.1 178.64 167.8 167.44 167.82 158.46 138.34 138.98 139.5 139.1 127.96 117.72 127.92 116.78 117.02 117.12 117.28 106.58 117.36 117.6 117.58 127.94 116.7 116.56 116.44 105.64 115.88 105 104.76 104.22 103.72 103.3 103.06 114.66 116.16 128.26 118.14 118.48 118.88 108.48 97.96 98.06 96.62 94.42 92.44 80.2 68.48 66.38
141.44 151.02 162.24 173.9 174.58 185.04 173.6 182.78 181.56 191.42 212.24 212.82 224.62 223.2 211.56 200.06 178.82 168.1 168.16 168.96 160.44 152.38 144.36 146.08 157.84 169.82 180.26 168.56 168.28 169.12 169.98 160.32 138.72 106.58 106.28 116.46 126.66 116.54 116.14 105.86 105.98 106.32 106.3 106.62 117.44 117.8 117.56 116.92 116.14 115.7 104.96 104.76 104.44 104.2 103.86 103.58 103.04 92.42 102.36 113.04 125.46 127.04 118.02 119.04 108.8 98.28 87.68 87.82 86.8 84.9 72.64 70.9 59.3 57.8
149.28 160.44 151.58 162.24 172.92 182.34 171.28 180.28 178.94 188.32 199.32 211.24 221.82 221.2 199.28 187.56 176 176.58 169.02 160.78 163.22 144.96 157.26 159.48 171.2 183.22 172 192.08 191.54 181.8 171.58 160 127.32 127.42 116.56 116.12 115.64 115.9 115.56 105.5 84.6 84.72 95.56 106.46 96.12 107.08 116.56 116.04 104.8 114.78 104 103.78 103.48 103.26 102.8 102.36 102.22 91.78 101.7 121.84 113.56 104.88 116.88 118.4 98.1 98.7 99.34 88.52 76.7 75.18 73.46 71.66 59.98 58.46
148.7 149.86 160.4 160.82 180.74 179.76 188.52 177.08 185.76 186.42 207.06 217.94 207.32 196.12 195.06 183.6 175.62 177.5 180.14 183.68 176.96 157.98 159.92 162.14 163.72 164.86 175.14 205.46 193.6 215.24 203.34 159.64 137.94 137.64 127.1 115.66 115.28 104.9 105.22 84.2 84.4 84.5 84.76 85.04 85.5 106.66 104.98 114.56 103.7 113.62 113.44 102.88 92.34 91.98 91.42 91.44 91.2 91.1 91.02 110.94 91.54 93.4 115.72 117.2 97.28 109.46 88.52 77.88 44.36 54.16 63.5 61.98 60.48 49.02
139.16 149.54 149.8 168.86 178.4 188.4 177.62 176.12 184.8 194.7 195.04 214.46 202.36 200.94 182.2 184.3 166.86 168.98 192.72 206.82 178.86 170.74 173.62 153.88 166.98 179.34 189.38 219.1 216.28 257.9 235.1 223.1 190.64 179.28 136.66 125.7 104.36 104.64 105.04 94.52 73.76 73.84 74.02 74.24 85.36 106.2 104.54 102.78 102.44 112.18 112.06 101.72 81.32 90.88 100.76 90.54 80.44 90.28 80.28 80.12 70.18 92.02 104.14 84.48 85.58 86.74 66.02 67.1 57.44 56.08 54.52 52.82 40.84 49.3
129.32 148.12 167.16 166.5 175.76 176.96 197.96 186.84 194.58 194.6 204.14 211.64 209.62 200.14 192.4 185.4 168.58 171.36 195.32 198.68 212 183.3 175.62 167.48 147.18 159.9 191.92 231.3 259.24 257.26 255.28 233.1 221.72 199.78 177.96 156.18 124.82 104.4 104.74 94.22 84.06 63.12 73.86 63.4 85.14 94.98 104.08 112.44 100.98 120.68 120.6 110.78 101.08 90.76 90.56 90.14 79.72 79.52 79.6 59.66 59.62 90.72 72 73.14 84.86 75.54 65.5 55.14 45.46 44.34 43.1 41.66 40.32 48.64
138.48 136.88 155.6 164.6 183.26 184.14 195.18 195.92 195.6 194.56 202.2 210.02 209.02 200.16 193.38 177.68 170.96 173.64 176.68 189.72 213.98 195.98 188.36 169.14 160.5 162.68 214.9 230.86 257.68 276.98 254.38 242.8 220.78 198.94 176.98 176.14 145.98 135.36 114.54 104.46 93.98 73.34 73.42 73.64 74.04 83.78 103.42 111.96 120.06 119.48 129.38 119.62 110.52 90.94 80.66 80.3 79.82 69.64 79.24 59.26 59.16 69.4 70.88 82.62 83.82 63.64 64.5 53.98 44.36 43.22 42.14 41.12 49.7 48.4
128.3 146.4 163.86 182.22 191.18 210.82 222.08 213.22 203.94 212.72 209.46 207.04 215.46 199.34 183.98 177.8 181.12 183.54 196.36 188.36 180.4 193.94 175.04 166.44 168.02 168.06 235.12 262.92 288.14 318.02 274.4 252.22 230.24 187.46 165.66 155.84 135.9 125.78 115.04 114.86 103.98 104.24 94.02 84.08 73.56 83.1 92.44 112.08 130.14 138 128.02 128.46 110.22 91.18 90.88 90.46 70.02 59.72 49.64 49.34 58.44 68.6 79.42 81.04 72.12 62.56 52.68 42.26 43.16 42.04 41.02 49.88 39.32 48.26
129.46 156.82 174.64 191.82 200.64 210.38 231.68 242.16 232.54 218.52 216.42 209.72 201.8 196.42 171.58 175.08 168.14 159 160.74 162.9 165.58 157.66 170.26 182 212.94 235.36 313.36 353.86 435.3 380.38 326.1 261.82 208.56 176.4 155 135.7 115.54 105.38 105.48 115.7 104.76 104.4 104.2 104.76 83.44 92.68 92.56 112.28 140.22 147.28 136.12 127.24 119.96 101.7 90.84 70.32 59.9 49.52 58.52 67.34 67.72 68.18 68.88 69.96 60.9 51.26 51.52 51.64 31.2 40.92 49.82 49.02 38.48 37.86
131.46 158.38 175.92 193.32 210.38 229.76 251.36 261.18 245.64 223.98 213.58 212.16 192 165.98 160.14 153.64 154.52 154.38 156.16 158.72 161.32 172.44 193.88 203.94 222.08 254.78 288.26 321.24 345.08 316.5 293.74 250.44 228.56 196.26 145.42 125.94 116.12 116.48 116.86 95.44 105.86 85.12 74.92 94.54 113.8 133.88 133.52 162.96 170.02 176.52 144.38 146.32 139.56 101.68 70.88 59.86 58.98 57.46 57.16 57.52 57.84 48.38 48.8 49.82 60.68 60.86 40.5 50.52 40.48 39.8 39.22 38.74 38.28 47.24
133.42 159.92 177.48 194.52 221.22 260.08 280.06 266.76 258.06 248.48 230.34 225.84 208.22 186.78 166.44 160.42 150.62 149.8 170.9 181.98 183.32 174.76 194.52 191.98 201.26 203.4 244.64 271.74 267.44 259 240.84 208.36 186.32 175.7 167.02 137.02 127.24 117 95.98 97.12 97.86 98.56 99.1 96.8 115.1 145.48 154.66 182.9 277.58 281.3 164.9 125.66 128.16 110.86 101.2 79.68 37.94 37.66 47.62 47.96 48.38 48.72 49.22 49.94 59.96 49.9 50.34 50.78 41.04 40.82 40.62 40.32 39.88 39.54
134.98 161.56 178.76 196.36 235.08 271.04 316.76 279.38 264.54 237.06 241.3 218.72 194.3 194.08 152.56 165.34 163.96 144.34 154.44 146.38 156.52 148 137.28 126.08 136.24 156.02 207.16 214.14 211.04 214.44 187 156.02 144.68 145.72 126.02 116.58 127.86 96.86 98.16 88.46 78.24 67.56 67.92 77.08 96.04 125.68 184.92 218.72 273.1 300.58 242.54 192.2 174.2 137.78 99.82 68.3 47.34 46.92 47.06 47.58 48.02 48.66 59.3 50.1 50.4 51.42 53.64 42.8 42.82 42.1 42.08 31.76 42.02 41.62
146.1 153.94 180.7 199.58 237.94 281.16 302.38 265.94 244.42 238.1 234.7 211.28 196.38 170.4 148.02 139.34 139.22 119.78 103.82 113.28 131.52 130.32 119.82 118.62 137.1 149.16 154.54 150.52 165.3 170.14 151.52 155.8 135.02 136.26 137.52 128.76 87.08 88.16 100.58 90.46 68.78 92.56 58 67.7 76.74 94.44 142.06 176.3 200.76 220.28 222.84 182.4 133.46 106.16 78.48 57.64 47.64 47.2 47.04 37.98 38.82 49.54 50.08 51.6 54.2 55.8 54.68 55.94 55.7 43.52 32.48 43.12 43.36 43.6
155.4 173.96 171.9 208.68 233.76 247.5 269.72 253 227.16 222.86 227.74 193.72 177.74 160.8 149.38 131.4 142.18 118.94 98.58 91 106.92 97.28 111.44 103.56 97.6 84.46 87.62 72.64 103.42 106.92 109.12 101.3 115.04 116.66 129.72 121.12 89.36 79.14 91.58 81.02 70.36 71.2 47.66 57.96 66.56 73.94 100.24 134.68 169.82 179.72 171.78 153.54 123.52 95.46 67.42 58.88 49.06 49.16 39.38 29.42 39.86 41.36 53.36 55.18 68.62 55.88 57.36 46.12 46.26 44.82 44.1 32.96 44.2 44.4
164.52 172.5 181.14 206 219.32 223.74 227.74 224.6 209.2 204.3 180.1 174.2 167.8 170.84 197.92 183.84 130.4 143.02 102.7 80.34 76.56 82.6 44.16 67.46 109.38 89.42 75.98 87.54 90.7 93.92 77.66 79.54 94.94 97.92 99.76 101.62 103.1 92.68 82.1 59.3 48.06 36.38 36.54 35.04 55.74 53.06 80.48 85.34 111.82 140.16 131.54 122.94 95.16 64.4 63.16 58.72 49.84 40.66 41.46 53.12 43.34 55.28 56.88 56.9 54.94 58.22 47.46 47.1 46.76 45.96 44.92 44.78 33.68 45.3
172.5 180.92 190.24 205.32 207.7 200.5 197.84 197.3 191.88 176.9 161.4 154.84 157.82 149.62 149.4 160.24 157.88 151.36 126.58 100.92 68.22 62.34 47.92 35.86 59.82 54.56 40.58 50.48 61.18 72.44 84.48 95.92 89.5 73.82 86.32 76.9 78.1 79.04 68.62 69.38 46.78 35.62 36.24 23.46 44.86 42.76 50.44 67.28 64.64 91.96 92.58 81.94 62.08 51.86 43.1 48.18 50.78 42.34 44.08 46 46.8 47.34 46.1 55.46 45.18 57.1 35.32 47.58 47.32 46.82 45.84 45.64 34.44 34.36
169.98 189.18 189.4 194.62 188 201.6 187.8 180.34 183.4 177.32 170.88 164.3 157.48 159.24 141.58 132.54 143.72 129.22 114.26 79.1 71.32 56.44 59.6 54.74 21.34 37.18 31.12 32.44 33.74 43.72 45.36 56.54 66.34 68.72 72.16 73.64 64.1 54.16 65.76 55.6 56.62 46.18 47 47.5 45.16 43.02 51.02 58.58 65.28 63.04 61.76 43.2 50.84 41.36 34.56 39.66 53.94 67.6 58.54 61.04 62.36 47.76 33.98 32.86 32.34 32.74 44.56 45.86 35.48 35.5 46.76 46.46 46.56 46.4
187.34 197.3 188.52 193.82 189.28 184.1 180.32 179.58 172.42 166.76 151.64 144.56 117.64 98.12 99.32 101.7 103.88 114.74 89.86 82.14 74.66 67.26 61.18 61.7 34.96 21.48 22.38 23.38 24.28 16.88 35.14 45.6 37.7 56.84 77.34 80.52 71.54 62.12 74.02 64.7 55 67.22 45.68 58.14 56.88 53.98 51.58 49.26 36.7 36.52 36.62 35.7 43.46 51.08 43.98 41.34 80.16 71.5 61.86 50.82 49.24 34 42.66 42.48 32.1 32.52 44.02 33.56 34.18 34.9 35.66 47.24 47.12 46.66
185.6 196.34 187.42 203.9 198.5 193.02 182.06 180.68 163.34 155.84 139.36 142.18 105.02 86.32 87.94 70.04 71.7 63 62.12 57.24 52.44 71.34 50.32 48.74 42.64 21.72 7.38 0 0 8.04 33.9 35.22 36.66 37.24 56.64 67.22 68.64 90.06 81.66 83.24 53.04 64.88 55.1 67.3 68.54 65.14 41.08 28.62 35.24 44.82 36.46 45.6 44.7 43.88 35.84 31.48 47.88 37.7 51.06 48.28 44.34 31.3 31.5 32 32.22 32.76 33.3 33.78 22.88 34.62 35.38 35.24 34.92 34.56
203.74 205.44 195.1 191.74 207.06 204.32 193.08 190.76 182.44 165.1 148.34 139.26 121.48 112.32 86.1 78.48 60.68 62.7 63.84 50.7 46.56 50.76 61.78 65.38 58.06 44.34 7.54 15.4 31.28 32.02 24.62 25.62 35.5 36.88 46.64 66.6 68.3 60.06 71.76 73.5 53.38 65.02 65.92 66.04 65.44 63.68 39.28 36.34 25.9 26.3 44.94 36.82 27.58 27.08 36.34 42.66 36.7 37.02 34.58 31.7 30.16 20.6 31.4 31.78 32.22 21.68 21.8 22.02 22.12 34.54 35.16 34.46 45.98 34.18
212.74 212.96 202.78 198.32 204.36 194.86 175.6 173.7 164.2 144.46 142.88 133.08 116.5 100.48 85.12 78.38 70.86 62.56 63.54 52.08 49.7 45.46 50.14 54.14 52.72 53.6 54.38 47.42 40.12 49.06 33.34 25.54 34.68 62.64 55.18 56.52 48.34 49.54 50.12 60.18 39.94 39.94 49.88 69.7 78.86 67.14 55.82 42.76 33.68 34.62 35.56 36.42 27.96 27.92 27.66 32.38 34.32 32.26 29.94 28.66 29.68 30.4 20.46 20.56 10.3 10.52 10.52 10.68 11.22 23.8 23.04 33.88 33.66 33.76
220.6 221 210.46 205.6 192.68 185.9 168 167.3 149.24 139.26 128.52 108.92 91.28 83.26 75.82 68.66 70.7 72.84 63.24 52.98 60.96 48.54 44.82 32.98 32.06 39.76 32.2 49.1 58.24 50.92 34.42 17.54 8.9 18.12 55.1 55.02 45.54 27.2 27.04 44.9 17.74 26.68 26.46 43.82 60.9 50.94 49.3 31.94 32.84 25.4 26.2 26.96 27.68 28.3 28.02 31.5 19.64 18.48 18.24 27.48 18.94 19.42 19.54 9.76 10 10.06 10.44 11 11.6 23.24 22.68 22.24 43.76 43.98
230.02 211.2 210.18 205.38 197.42 191.34 162.98 180.04 132.86 114.02 103.78 93.36 84.12 84.72 76.18 68.62 70.56 72.68 63.06 63.66 61.98 49.52 47.94 35.44 16.9 16.48 16.72 16.9 34.52 43.98 53.7 36.46 37.12 47.46 47.12 56.92 28.5 47.22 46.94 18.7 9.34 18.5 9.16 18.24 27.1 26.44 25.76 16.78 25.2 25.78 17.64 17.88 18.34 18.76 19.18 19.02 9.4 9.26 9.18 17.78 8.9 9.18 18.62 18.94 9.62 10.16 10.78 11.34 11.7 22.96 33.6 32.68 53.74 53.62
249.24 240.24 229.38 206.82 200.04 194.78 166.22 135.2 154.34 135.2 135.44 124.56 105.46 96.2 77.2 78.22 80.54 82.98 62.74 63.24 62.96 60.5 58.56 56.7 44.72 17.46 25.88 17.54 26.96 27.44 37.28 19.06 29.26 29.16 38.58 48.48 68.48 58.84 58.54 58.28 38.64 28.78 19.16 9.5 18.74 18.36 17.8 8.82 26.08 26.4 18.06 18.32 18.82 9.56 19.04 9.42 9.44 9.32 9.16 17.52 8.7 8.64 17.74 9.18 9.88 20.96 11.06 11.68 11.52 22.52 32.96 42.8 52.78 31.4
240.46 240.4 239.02 210.26 192.9 186.98 157.44 117.88 107.84 108 98.26 98.32 98.16 98.26 88.46 88.68 90.52 93.18 83.34 73.44 63.86 51.32 39.82 38.44 27.98 9.2 9.08 9.14 9.36 9.56 9.74 20 50.08 29.84 29.62 29.72 30.02 40.4 40.5 50.38 30.14 29.88 39.74 39.26 29.24 37.96 27.7 27.48 9.06 18.1 18.46 9.46 19.34 19.24 9.36 9.3 9.32 9.22 9.16 17.44 8.54 8.5 8.82 9.46 20.3 21.58 22.72 23.44 22.7 22.16 21.64 42.1 41.34 40.78
260.92 232.3 222.4 194.2 195.66 197.36 167.64 167.74 158.16 138.78 119.28 119.64 110.02 110.32 110.42 90.46 100.66 103.12 93.34 83.46 74 62.76 50.82 39.56 28.8 19.36 19.34 9.52 9.76 0 0 0 10.22 20.32 20.24 10.06 20.4 10.3 20.82 20.88 31.16 31.02 30.88 20.42 10.04 29.4 19.28 28.64 19.02 18.84 18.94 19.38 19.34 18.98 9.24 9.22 9.28 9.22 18.34 8.88 8.42 8.62 9.22 19.62 20.82 22.18 23.4 23 11.14 21.8 31.82 41.24 40.58 50
233.18 196.36 179.54 179.66 182.32 156.5 137.1 137.54 138 148.42 178.8 169.6 160.42 151.06 151.7 132.02 142.82 121.68 140.74 129.56 99.32 80 70.82 50.56 29.54 29.24 30.12 20.28 41.04 41.88 21.3 0 0 10.44 10.22 10.26 10.36 10.52 10.62 21.42 10.74 10.74 10.64 10.54 20.82 20.24 30.08 29.88 29.74 39.38 29.34 29.36 28.82 19 18.7 18.6 9.42 18.76 18.78 9.08 8.64 17.94 19.26 20.34 21.52 22.8 23.32 22.6 32.96 32.04 31.3 40.48 39.68 48.84
258.02 224.82 219.72 212.62 192.76 151.22 124.28 104.72 133.88 134.38 163.84 174.32 165.3 166.2 176.76 167.04 156.82 126.44 97.96 75.24 83.36 68.14 52.18 35.92 28.4 9.76 10.22 10.58 32.06 32.7 43.5 32.38 10.7 10.54 10.6 31.34 10.56 10.7 10.8 10.88 11.02 11.18 11.06 10.86 10.82 31.48 10.4 31.08 30.88 30.66 39.72 29.82 29.4 29.02 19.12 18.88 9.48 19.2 19.2 18.58 18.16 18.94 30.04 31.66 33.48 34.56 34.28 22.18 32.3 31.42 40.64 39.34 48.02 56.66
209.84 227.78 211.72 203.7 190.86 180.14 169.64 161.26 166.76 139.54 140.2 150.32 151.04 150.78 131.66 140.98 140.72 113.54 59.72 31.18 14.52 23.38 25.02 17.74 9.34 0 0 0 10.92 11.22 11.12 21.96 11.02 10.86 10.82 10.64 10.82 10.88 11 11.12 11.22 11.38 11.4 11.3 11.08 10.86 21.78 21.52 21.14 30.44 29.86 20 20.04 19.76 19.4 19.28 9.62 9.74 9.8 19.24 19.46 30.1 31.26 32.54 33.46 44.76 44.5 43.6 42.16 40.72 48.64 38.06 46.7 54.94
200.68 242.14 307.42 251.94 211.36 188.86 157.22 99.02 131.84 117.1 117.48 117.32 117.12 98.86 80.84 80.66 89.92 82.08 65.8 44.54 36.32 31.02 24.82 8.84 9.42 9.44 9.56 0 10.54 11.16 11.18 11.14 11.2 22.1 11.02 21.8 10.98 11.1 11.26 11.34 11.48 0 23.1 11.54 11.3 11.26 11.18 10.88 20.74 20.18 19.96 19.94 20.16 20.3 19.96 19.64 9.88 9.94 10 20.24 31.16 31.9 42.64 43.32 43.38 43.5 43.18 42.84 40.94 48.76 37.76 46.3 54.24 71.06
202.54 208.82 200.96 165.4 122.92 93.16 66 51.88 49.04 55.66 43.72 42.98 51.46 51.32 51.26 59.66 68.84 61.02 55.72 49.76 36.18 30.9 24.68 17.72 9.32 9.3 9.3 9.76 10.16 10.78 11.24 11.14 11.12 22.22 22.24 22.12 22.26 11.32 11.5 11.52 11.64 11.74 11.68 11.68 11.74 22.96 11.12 10.66 20.58 20.02 19.96 20 20.2 20.4 20.54 20.32 20.16 10.14 20.7 21.46 43.52 44.1 53.64 63.64 64.08 64.98 76.08 63.48 61.22 58.82 57.36 65.84 64.54 63.96
140.34 118.08 107.16 108.5 77.84 74 46.72 22.08 30.72 28.74 27.1 33.98 32.64 32.52 32.42 40.62 49.3 66.68 54.3 40.94 36.14 30.78 16.54 8.82 9.14 9.22 9.2 9.38 9.74 10.38 11.18 11.16 22.2 22.12 33.02 33.56 34.16 34.32 23.16 23.28 11.74 23.5 23.56 11.78 11.58 22.58 10.9 10.56 10.24 9.98 20.08 10.06 10.06 20.4 20.58 20.8 20.62 31.36 21.32 21.84 44.36 54.92 63.96 75.22 75.74 76.52 75.56 73.78 82.04 79 79.04 87.72 76.72 85.1
108.76 97.72 71.16 57.04 40.86 25.98 24.62 23.16 10.82 20.06 18.9 8.86 16.46 15.48 23.04 23.2 23.58 24 22.68 20.72 21.52 7.66 8.26 8.84 9.08 9.1 9.08 9.02 9.28 9.98 11.02 11.26 22.4 22.12 22.08 22.9 23.3 34.68 35.14 35.38 35.52 23.78 23.66 23.18 11.36 11.06 10.76 10.46 10.1 20.02 10.06 10.08 10.16 20.48 20.6 20.86 31.22 31.22 42.66 32.74 54.44 64.88 75.42 86.92 98.5 98.58 97.4 84.74 72.38 80.7 90.92 90.96 99.1 87.5
