data/default-data/raster/climate/pre_4.txt
ncols         720
nrows         360
xllcorner     -180
yllcorner     -90
cellsize      0.5
NODATA_value  -9999
[rows 198 to 230 of 360, columns 370 to 443 of 720]
-9999 -9999 -9999 -9999 -9999 -9999 -9999 -9999 -9999 -9999 -9999 -9999 -9999 -9999 -9999 -9999 1423.9 1626.54 1836.3 2263.92 2270.82 2031 1783.72 1643.92 1600.42 1584.64 1598.98 1548.94 1528.18 1465.52 1427.22 1417.52 1427.16 1441.48 1416.38 1381.56 1338.32 1246.9 1148.54 1044 927.22 836.5 791.26 815.18 753.68 989.54 986.58 1044.42 1109.12 1102.2 1121.26 1110.38 1117.24 1018.88 955.68 868.82 878.06 1023.22 1238.2 1382.6 1544.6 1981.56 2416.38 2871.96 3095.84 3203.9 3211.7 3204.62 3228.3 2963.34 -9999 -9999 -9999 -9999
-9999 -9999 -9999 -9999 -9999 -9999 -9999 -9999 -9999 -9999 -9999 -9999 -9999 -9999 -9999 -9999 1360.6 1567.7 1711.84 2034.04 2098.16 1904.58 1699.6 1585.88 1578.72 1553.16 1494.1 1435.58 1424.24 1357.24 1299.82 1300.22 1329.32 1346.08 1321.24 1277.76 1224.78 1150.56 1044.2 925.18 848.72 769.68 774.04 629.7 620.98 886.98 926 1010.36 1104.36 1091.34 1044.26 1018.54 1002.98 941.98 873.24 813.74 812.84 1399.54 1481.66 1587.14 1605.96 1849.5 2152.98 2472.96 2688.48 2778.76 2767.16 2716 2670.56 2590.1 -9999 -9999 -9999 -9999
-9999 -9999 -9999 -9999 -9999 -9999 -9999 -9999 -9999 -9999 -9999 -9999 -9999 -9999 -9999 -9999 1296.26 1448.3 1626.36 1912 1927.9 1813.38 1666.96 1572.84 1545.3 1530.56 1430 1345.88 1316.24 1258.9 1227.04 1206.52 1228.12 1247.48 1251.26 1198 1136.9 1067.06 975.1 886.76 782.4 817.42 750.94 654.16 638.94 824.62 825.86 910.12 1010.74 1005.12 966.26 924 875.64 832.12 826.7 818.64 911.98 1402.22 1615.68 1816.76 1639.78 1579.54 1857.48 2071.76 2252.12 2341.4 2326.52 2242.04 2170.86 2010.82 1879.7 -9999 -9999 -9999
-9999 -9999 -9999 -9999 -9999 -9999 -9999 -9999 -9999 -9999 -9999 -9999 -9999 -9999 -9999 -9999 -9999 1257.68 1511.08 1756.96 1785.8 1740.08 1639.32 1492.28 1425.06 1362.54 1300.78 1238.36 1199.22 1167.48 1117.06 1114.04 1104.78 1144.98 1171.16 1109.38 1039.36 988.82 940.2 831.22 774.62 735.26 710.5 664.7 655.3 722.08 704.24 723.36 843.68 905.26 875.9 812.98 715.38 641.22 671.42 690.32 783.86 1345.3 1896.14 1968.42 1568.18 1314.4 1601.98 1764.58 1904.6 1945.68 1906.48 1832.82 1786.78 1702.1 1718.72 2019.4 -9999 -9999
-9999 -9999 -9999 -9999 -9999 -9999 -9999 -9999 -9999 -9999 -9999 -9999 -9999 -9999 -9999 -9999 -9999 1185.02 1382.9 1631.3 1654.78 1637.38 1532.76 1413.76 1297.72 1225.14 1190.36 1122.6 1099.98 1039.52 998.58 986.52 993.38 1003.42 1021.98 981.48 951.36 911 873.3 813.52 757.38 711.9 726.02 678.6 665.84 637.6 622.44 607.68 799 909.48 816.84 686.58 568.2 493.78 514.96 627.42 700.78 1031.68 2042.98 2185.62 1851.5 1618.26 1548.88 1602.8 1644.02 1625.52 1575.44 1527.04 1500.12 1500.48 1593.86 -9999 -9999 -9999
-9999 -9999 -9999 -9999 -9999 -9999 -9999 -9999 -9999 -9999 -9999 -9999 -9999 -9999 -9999 -9999 -9999 935.9 1262.4 1499.8 1532.74 1506.68 1447.64 1348.44 1200.06 1105.44 1074.26 1004.42 982.28 922.56 872.54 869.56 857.24 864.34 865.66 844.46 823.92 799.38 812.76 749.52 721.26 694.38 699.62 677.88 650.5 602 591.46 644.9 743.34 788.08 715.12 595.16 453.9 390.52 434.36 516.26 667.04 1005.8 3117.64 2036.34 1969.42 1703.52 1534.38 1471.28 1417 1367.22 1305.4 1251.22 1268.34 1353.3 1449.84 -9999 -9999 -9999
-9999 -9999 -9999 -9999 -9999 -9999 -9999 -9999 -9999 -9999 -9999 -9999 -9999 -9999 -9999 -9999 900.96 815.24 1212.02 1347.92 1464.34 1404.82 1383.16 1274.98 1127.34 1026.04 965.8 906.02 855.96 778.04 756.76 753.68 741.38 729.46 728.42 718.08 708.08 692.22 645.8 622.44 596.94 626.76 666.76 637.66 574.38 533.56 576.92 589.78 616.52 632.22 591.88 501.18 409.78 450.32 426.22 367.6 446.58 863.68 1938.22 2396.42 1873.54 1543.8 1377.84 1269.66 1203.7 1145.56 1080.42 1012.26 1030.74 1157.36 1265.32 1476.2 -9999 -9999
-9999 -9999 -9999 -9999 -9999 -9999 -9999 -9999 -9999 -9999 -9999 -9999 -9999 -9999 -9999 713.5 595.1 822.54 1024.34 1247.44 1351.92 1375.44 1276.84 1149.58 1004.28 932.32 888.42 823.88 752.2 671.98 631.52 638.44 617.66 624.26 585.46 584.52 562.98 482.86 414.98 432.7 481.22 529.4 549.74 556.78 518.04 514.74 589.44 506.66 499.96 505.6 490.76 429.5 374.68 434.16 410.12 288.38 344.84 787.5 2128.62 1933.46 1379.18 1221.36 1164.66 1095.7 1007.66 951.98 879.56 807.4 820.4 939.58 1100.06 1303.18 -9999 -9999
-9999 -9999 -9999 -9999 -9999 -9999 -9999 -9999 -9999 -9999 -9999 -9999 -9999 -9999 -9999 461.4 648.86 780.44 891 1090.6 1193.22 1222.76 1130.44 999.28 913.9 879.84 843.88 771.68 661.56 585.48 543.44 529.94 535.04 521.7 500.54 464.22 414.3 307.78 212.14 285.44 377.22 434.02 479.66 470.52 462.98 482.72 499.1 432.7 435.76 441.02 398.86 384.74 368.98 398.66 413.8 344.06 353.92 547.96 1361.5 1313.48 976.72 944.06 925.72 866.98 836.58 788.48 730.24 663.16 687.54 830.3 983.42 1163.94 -9999 -9999
-9999 -9999 -9999 -9999 -9999 -9999 -9999 -9999 -9999 -9999 -9999 -9999 -9999 -9999 502.88 469.68 637.12 691.24 925.06 1035.92 1049.2 1048.88 994.32 912.36 858.76 838.96 801.84 700.4 589.82 497.74 480.72 469.92 475.52 462.56 439.34 440.14 372.68 260.7 123.44 221.6 294.96 370.2 391.9 402.66 395 398.14 415.16 401.54 383.66 394.6 355.2 357.82 361.94 401.66 453.72 524.14 463.64 368.92 751.08 824.52 653.06 663.18 699.08 697.1 717.06 709.96 697.28 668.6 696.16 796.66 951.02 1114.16 -9999 -9999
-9999 -9999 -9999 -9999 -9999 -9999 -9999 -9999 -9999 -9999 -9999 -9999 -9999 -9999 420.92 394.98 544.64 651.86 817.94 870.28 900.36 900.52 895.36 872.24 869.46 846.92 763.92 668.26 548.48 456.32 429.44 412.1 404.24 392.72 397.38 436.36 457.96 341.78 252.9 249.86 287.96 319.08 323.62 335.64 327.7 320.6 327.5 337.62 369.12 368.54 337.14 335.98 324.36 383.38 455.48 511.58 509.3 453.28 512.08 351.16 393.2 495.96 559.1 609.1 670.68 698 691.88 712.18 734.52 850.68 968.14 1078.76 -9999 -9999
-9999 -9999 -9999 -9999 -9999 -9999 -9999 -9999 -9999 -9999 -9999 -9999 -9999 -9999 194.8 347 588.88 737.66 736.48 755.06 783.58 804.66 808.9 816.6 842.66 829.54 723.52 627.92 517.88 453.78 398.84 362.24 353.66 343.3 345.28 375.36 418.9 371.78 316.78 314.5 299.54 285.1 298.2 302.12 283.04 262.82 274.84 288.72 322.42 329.46 344.44 341.44 340.18 359.34 421.88 428.7 454.8 476 461.86 393.2 395.24 526.62 571.44 608.8 692 757.76 773.98 774.74 799.24 905.18 1005.06 1087.56 -9999 -9999
-9999 -9999 -9999 -9999 -9999 -9999 -9999 -9999 -9999 -9999 -9999 -9999 -9999 -9999 132.96 225.42 436.4 601.4 605.7 613.26 628.18 653.12 675.18 702.06 711.02 702.06 622.42 556.4 473.74 429.08 375.66 341.06 312.94 293.92 285.82 305.74 360.86 333 304.38 284.04 259.58 245.52 232.84 237.44 264.56 263.1 304.7 316.82 322.94 369.44 354.38 332.5 313.88 322.9 313.82 320.28 340.1 384.3 450.3 432.88 558.44 844.16 894.64 876.54 904.72 918.64 932.12 921.5 927.84 1016.04 1071.9 962.08 -9999 -9999
-9999 -9999 -9999 -9999 -9999 -9999 -9999 -9999 -9999 -9999 -9999 -9999 -9999 259.68 114.74 184.38 258.08 432.52 505.74 501.04 543.06 547.98 601.18 618 580.62 574.58 543.5 496.98 430.26 377.22 352.18 308.92 289.54 254.3 242.64 257.18 274.64 285.12 271.46 264.52 237.44 214.82 173.64 189.16 211.02 222.28 241.44 278 287.76 323.88 319.06 279.32 258.96 238.3 228.96 239 227.98 282.18 438.94 511.78 853.02 1233.86 1220.32 1159.12 1103.84 1092.16 1089.44 1092.46 1118.42 1184.44 1178.66 -9999 -9999 -9999
-9999 -9999 -9999 -9999 -9999 -9999 -9999 -9999 -9999 -9999 -9999 -9999 -9999 75.26 104.7 167.42 265.52 316.72 388.56 410.48 465.86 486.5 512.06 518.88 489 481.88 448.8 427.02 379.06 353.78 311.42 282.84 249.02 238.32 238.42 220.46 218.96 236.7 222.04 236.48 223.26 193.86 177.76 185.62 221.38 258.5 254.8 242.82 298.94 316.66 299.76 274.56 225.32 223.26 204.82 195.68 186.46 195.02 306.3 456.74 991.38 1471.3 1355.68 1279.84 1249.28 1241.14 1233.2 1240.26 1262.18 1328.56 893.64 -9999 -9999 -9999
-9999 -9999 -9999 -9999 -9999 -9999 -9999 -9999 -9999 -9999 -9999 -9999 -9999 62.82 124.82 162.9 217.86 261.9 297.8 340.72 399.08 428.18 451.98 448.88 417.3 401.5 395.58 378.4 339.52 321.88 287.46 251.32 223.52 226.96 228.88 218.6 207.42 204.18 193.36 209.18 200.24 203 212.38 234.3 280.16 280.28 267.96 265.2 315.8 361.58 340.2 325.24 304.78 246.16 221.24 214.28 214.68 264.4 336.08 444.64 664.48 1116.48 1284.52 1311.68 1328.72 1342.36 1347.64 1327.66 1311.32 866.92 -9999 -9999 -9999 -9999
-9999 -9999 -9999 -9999 -9999 -9999 -9999 -9999 -9999 -9999 -9999 -9999 -9999 48.78 121.7 193.32 198.62 185.6 212.96 234.5 295.9 371.3 377.46 380.92 356.92 349.84 343.44 328.44 318.82 281.96 261.52 227.64 231.28 217.7 218.38 216.44 187.66 193.32 190.68 193.62 192.38 210.34 235.88 271.7 360.92 313.12 306.34 284.56 306.84 338.7 337.1 365.82 340.6 302.18 288.9 301.32 335.7 395.76 440.84 507.66 695.58 1007.2 1212.54 1326.36 1387.02 1413.06 1397.76 944.14 -9999 -9999 -9999 -9999 -9999 -9999
-9999 -9999 -9999 -9999 -9999 -9999 -9999 -9999 -9999 -9999 -9999 -9999 -9999 43.2 94.88 171.5 172.12 195.18 178.86 189.3 215.78 282.72 312.02 319.86 301.44 292.04 292.94 303.26 280.54 272.66 240.34 227.5 214.18 216.62 225.74 212.9 193.92 183.08 174.8 170.64 180.14 199.42 218.36 225.52 264.32 333.08 321.88 290.08 268.86 290 303 402.76 407.78 382.18 376.2 468.84 488.1 521.78 570.62 670.2 824.04 1025.46 1209.8 1356.62 1398.02 1056.56 -9999 -9999 -9999 -9999 -9999 -9999 -9999 -9999
-9999 -9999 -9999 -9999 -9999 -9999 -9999 -9999 -9999 -9999 -9999 -9999 -9999 157.3 55.36 110.38 127.4 178.36 171.54 175.42 189.46 243.64 266.6 265.4 263.52 280.04 287.88 278.56 254.1 237 232.96 211.26 217.2 241.88 236.8 227.58 201.76 192.8 189.92 195.42 190.46 175.26 184.44 182.7 288.06 314.8 312.68 319.82 276.88 244.56 257.4 346.68 411.16 437.38 459.04 670.54 527.38 596.6 687.98 799.66 964.56 1093.94 1240.54 1337.6 -9999 -9999 -9999 -9999 -9999 -9999 -9999 -9999 -9999 -9999
-9999 -9999 -9999 -9999 -9999 -9999 -9999 -9999 -9999 -9999 -9999 -9999 -9999 -9999 9.82 68.56 107 177.38 186.4 177.58 206.76 226.14 222.6 208.78 219.12 256.66 266.54 269.34 250.78 246.74 237.46 235.76 241.52 258.26 253.92 236.42 227.44 210.82 207.4 199.82 195.78 175.8 200.34 247.54 289.76 297.72 288.06 286.44 260.36 252.22 262.62 287.8 336.62 374.84 418.66 662.64 492.64 624.06 780.8 940.16 1065.78 1155.64 1245.86 -9999 -9999 -9999 -9999 -9999 -9999 -9999 -9999 -9999 -9999 -9999
-9999 -9999 -9999 -9999 -9999 -9999 -9999 -9999 -9999 -9999 -9999 -9999 -9999 -9999 -9999 20.48 61.08 120 167.68 212.64 215.22 230.48 217 213.1 237.96 296.82 315.28 260.14 247.24 255.4 240.04 240.72 240.4 256.78 236.68 229.78 230.06 233.12 224.1 214.6 213.08 204.2 208.96 242.48 278.12 290.92 294.22 272.78 270.3 259.06 288.38 286.34 316.48 289.86 277.7 325.5 453.12 665.2 860.56 1067.82 1164.74 1085.02 -9999 -9999 -9999 -9999 -9999 -9999 -9999 -9999 -9999 -9999 -9999 -9999
-9999 -9999 -9999 -9999 -9999 -9999 -9999 -9999 -9999 -9999 -9999 -9999 -9999 -9999 -9999 77.64 38.64 113.94 166.68 191.24 215.6 241.02 217.48 253.2 292.94 362.42 320.08 260.7 263.84 256.52 257.56 257.96 249.32 249.22 247.42 231.92 249.62 229.98 228.48 235.56 238.14 221.56 224.56 230.64 275.18 305.64 319.16 284.52 268 262.76 275.74 274.94 311.9 323.26 289.94 505.98 487.24 663.82 894.8 1167.02 1075.1 -9999 -9999 -9999 -9999 -9999 -9999 -9999 -9999 -9999 -9999 -9999 -9999 -9999
-9999 -9999 -9999 -9999 -9999 -9999 -9999 -9999 -9999 -9999 -9999 -9999 -9999 -9999 -9999 -9999 17.5 60.82 108.28 160.42 215.74 241.26 263.92 294.74 317 290.4 296.22 288.38 291.28 293.4 286.48 269.76 260.96 260.68 241.56 234.48 233.38 228.56 244.48 252.96 250.38 227.2 205.84 217.58 276.92 334.28 304.44 291.72 278.66 324 323.52 292.04 304.2 291.66 307.56 446.3 444.38 617.58 821.92 1026.9 -9999 -9999 -9999 -9999 -9999 -9999 -9999 -9999 -9999 -9999 -9999 -9999 -9999 -9999
-9999 -9999 -9999 -9999 -9999 -9999 -9999 -9999 -9999 -9999 -9999 -9999 -9999 -9999 -9999 -9999 38.38 30.76 81.08 118.06 176.08 259.38 306.08 331.96 306.6 319.56 326.12 324.5 316.18 303.06 288.54 281.04 281.72 263.02 243.22 245.52 223.94 221.04 224.56 228.98 222.64 215.4 202.14 206.32 244 277.64 239.2 235.36 254.44 423.84 395.64 312.3 263.52 263.52 265.28 383.36 454.92 581.4 732.16 846.76 849.28 -9999 -9999 -9999 -9999 -9999 -9999 -9999 -9999 -9999 -9999 -9999 -9999 -9999
-9999 -9999 -9999 -9999 -9999 -9999 -9999 -9999 -9999 -9999 -9999 -9999 -9999 -9999 -9999 -9999 -9999 13.06 51.04 100.72 151.04 226.86 280.78 278.14 282.22 346.42 386.66 362.02 317.52 319.24 305.32 300.04 292.14 281 269.1 262.38 239.1 225.22 219.88 219.56 218.68 227.26 204.78 221.2 225.74 232.54 195.96 194.34 205.54 268.94 286.66 243.5 236.42 247.14 286.34 364.64 465.44 523.02 611.14 671.56 697.34 -9999 -9999 -9999 -9999 -9999 -9999 -9999 -9999 -9999 -9999 -9999 -9999 -9999
-9999 -9999 -9999 -9999 -9999 -9999 -9999 -9999 -9999 -9999 -9999 -9999 -9999 -9999 -9999 -9999 -9999 17.2 23.94 56.32 119.2 193.78 227.4 285.52 302.4 352.76 380.48 351.42 338.8 329.14 314.78 309.26 286.18 297.46 282.66 264.3 255.04 238.94 231.02 229.54 228.02 234.14 218.38 220.62 232.44 202.1 182.1 173.48 184.48 213.1 216.64 206.56 224.88 262.32 312.18 373.98 447.3 514.28 554.94 550.86 523.38 -9999 -9999 -9999 -9999 -9999 -9999 -9999 -9999 -9999 -9999 -9999 -9999 -9999
-9999 -9999 -9999 -9999 -9999 -9999 -9999 -9999 -9999 -9999 -9999 -9999 -9999 -9999 -9999 -9999 -9999 -9999 16.88 32.34 74.92 138.18 181.88 251.92 312.54 367.7 371.74 365.64 349.04 328.36 304.18 288.14 287.78 290.42 287.82 270.82 253.3 249.82 256.8 256.5 251.4 242.82 245.98 252.58 220.86 190.58 177.46 155.92 174.46 197.54 207.9 206.76 222.8 259.72 318.18 379.5 445.04 502.68 517.38 509.66 458.06 564.3 -9999 -9999 -9999 -9999 -9999 -9999 -9999 -9999 636.56 -9999 -9999 -9999
-9999 -9999 -9999 -9999 -9999 -9999 -9999 -9999 -9999 -9999 -9999 -9999 -9999 -9999 -9999 -9999 -9999 -9999 14.46 13.92 54.22 114.36 188.1 247.56 304.92 312.42 340.78 344.22 330.26 320.66 305.36 299.76 300.54 283.64 282.82 275.12 272.08 261.56 259.38 274.88 270.76 265.38 260.84 245.3 216.96 212.96 195.5 196.66 209.52 245.04 314.12 261.54 249.98 285.7 334.64 397.66 451.42 527.12 550.16 542.96 545.96 604.62 -9999 -9999 -9999 -9999 -9999 -9999 -9999 -9999 -9999 -9999 -9999 -9999
-9999 -9999 -9999 -9999 -9999 -9999 -9999 -9999 -9999 -9999 -9999 -9999 -9999 -9999 -9999 -9999 -9999 -9999 16.22 8.94 39.6 83.8 155.52 208.1 226.4 255.5 279.08 291.12 288.1 289.74 300.26 293 287.98 296.7 286.3 282.02 273.66 281.74 279.96 302.38 299.48 301.9 304.86 265.68 241.34 224.24 234.88 252.44 275.54 335.46 390.54 278.74 266.98 301.32 354.26 428.42 499.4 564.62 615.12 645.82 633.36 -9999 -9999 -9999 -9999 -9999 -9999 -9999 -9999 -9999 -9999 -9999 -9999 -9999
-9999 -9999 -9999 -9999 -9999 -9999 -9999 -9999 -9999 -9999 -9999 -9999 -9999 -9999 -9999 -9999 -9999 -9999 -9999 0 29.3 72.64 142.68 172.28 177.86 210.3 225.02 238.44 242.76 271.92 297.34 297.4 306.06 284.3 283.58 275.18 283.58 283.54 299.72 315.18 345.46 358.8 328.1 300.14 256.34 211.24 251.22 272.26 283.44 343.76 360.24 260.38 239.12 303.08 362.06 473.16 563.12 651.64 715.36 745.46 741.38 -9999 -9999 -9999 -9999 -9999 -9999 -9999 -9999 -9999 -9999 -9999 -9999 -9999
-9999 -9999 -9999 -9999 -9999 -9999 -9999 -9999 -9999 -9999 -9999 -9999 -9999 -9999 -9999 -9999 -9999 -9999 -9999 0 37.1 80.04 138.64 122.72 148 155.2 173.34 202.84 230.1 263.04 294.88 310.66 301.36 299.92 291.06 283.64 284.12 301.4 310.16 343.1 383.82 388.6 352.74 314.48 269.52 279.76 300.32 288.34 295.18 333.48 381.46 271.52 236.4 283.44 402.44 531.34 661.06 765.82 815.22 833.9 835.4 -9999 -9999 -9999 -9999 -9999 -9999 -9999 -9999 -9999 -9999 -9999 -9999 -9999
-9999 -9999 -9999 -9999 -9999 -9999 -9999 -9999 -9999 -9999 -9999 -9999 -9999 -9999 -9999 -9999 -9999 -9999 -9999 0 43.86 75.16 128.02 126.92 120.56 127.86 146.26 185.92 205.14 255.7 288.26 321.24 310.04 298.98 281.02 279.94 261.78 287.74 314.1 356.68 392.16 406.46 405.88 352.58 275.64 280.92 296.5 261.3 222.82 333.66 404.92 487.2 343.78 350.18 441.76 586.74 745.88 877.16 922.84 918.1 748.94 -9999 -9999 -9999 -9999 -9999 -9999 -9999 -9999 -9999 -9999 -9999 -9999 -9999
-9999 -9999 -9999 -9999 -9999 -9999 -9999 -9999 -9999 -9999 -9999 -9999 -9999 -9999 -9999 -9999 -9999 -9999 -9999 23.12 41.48 79.52 106.58 139.44 111.14 111.9 134.78 154.52 187.54 238.2 296.68 327.26 323.94 305.76 279.6 263.44 245.76 275.92 306.08 358.58 405.06 420.88 466.22 433.42 315.4 296.9 310.58 299.36 256 398.22 504.58 548.42 460.54 395.9 441.38 602.2 773.82 634.22 -9999 -9999 -9999 -9999 -9999 -9999 -9999 -9999 -9999 -9999 -9999 -9999 -9999 -9999 -9999 -9999
