data/default-data/raster/climate/pre_8.txt
ncols         720
nrows         360
xllcorner     -180
yllcorner     -90
cellsize      0.5
NODATA_value  -9999
[rows 66 to 98 of 360, columns 375 to 449 of 720]
-9999 831.84 777.36 743.06 705.34 641.26 801.08 -9999 -9999 722.7 879.36 836.72 747.72 684.28 608.02 630.4 596.84 563.76 558 -9999 -9999 777.36 -9999 -9999 -9999 -9999 -9999 743.68 798.8 778.9 790.38 760.36 749.48 727.84 712.32 730.04 738.22 717.48 676.1 668.48 685.5 706.68 720.54 746.36 766.9 743.5 740.92 785.76 847.12 853.68 844.86 851.66 805.9 825.66 794.88 788.64 793.2 808.62 814.34 788.86 796.26 799.24 787.22 764.68 739.16 697.88 688.4 662.6 662.46 661.04 644.66 646.72 637.14 627.52 611.16
-9999 824.44 792.76 718.2 675.38 601.72 570.38 -9999 -9999 721.22 781.78 746.16 675.68 591.62 562.04 557.26 574.66 757.58 767.04 -9999 -9999 -9999 -9999 -9999 -9999 -9999 -9999 805.86 841.96 824.84 794.44 743.38 720.14 686.14 677.54 711.2 735.58 704.62 683.02 667.1 691.4 693.72 697.24 721.54 739.18 763.88 770.54 785.32 801.56 817.38 828.66 815.18 804.74 784.38 770.92 803.86 787.92 792.38 817.64 812.76 808.64 798.32 765.56 765.36 730.64 688.42 679.42 653.56 652.4 648.96 632.44 635.84 618.94 600.3 597.38
-9999 831.24 816.72 777.48 673.68 769.48 752.04 607.42 640.5 684.5 643.38 634.2 594.7 551.98 -9999 -9999 -9999 -9999 -9999 -9999 -9999 -9999 -9999 -9999 -9999 -9999 -9999 858.92 870.94 834.36 789.48 727.5 715.64 697.68 691.5 715.9 740.22 745.08 707.3 679.54 684.72 690.64 672.16 683.82 714.92 714.7 741.88 760 775.8 770.22 759.14 790.82 779.92 776.44 766.02 787.4 802.38 796.84 801.48 795.66 788.9 768.28 747.7 706 693.28 671.52 650.84 645.3 642.4 627.64 640.08 633.38 614.08 595.98 599.52
-9999 825.8 810.46 796.08 633.42 626.36 568.52 602.02 621.24 631.58 724.08 696.5 697.9 696.16 705.64 695.72 -9999 -9999 -9999 -9999 -9999 -9999 -9999 -9999 -9999 -9999 -9999 872.32 873.7 812.72 754.68 734 715.02 697.54 684.24 733.08 738.06 737.5 705.36 674.32 651.46 666.9 657.78 666.58 690.08 702.14 725.02 731.54 738.74 777.18 766.78 765.32 755.48 770.52 771.58 770.34 783.92 754.96 746.38 758.56 752.4 735.16 716 686.02 653.02 644.72 625.22 627.6 622.28 603.32 603.54 594.36 593.42 592.16 576.88
-9999 782.28 821.02 817.82 715.56 714.28 722.26 631.68 599.12 710.82 712.88 711.5 706.68 -9999 -9999 685.2 -9999 -9999 722.98 704.04 727.86 706.22 715.3 -9999 733.54 845.82 918.7 862.14 837.86 803.7 766.14 720.02 726.88 703.78 708.28 721.26 729.44 714.62 701.72 680.08 667 643.84 625.82 652.94 660.9 678.98 680.98 695.6 711.78 730.48 728.28 725.78 736.22 728.14 748.26 744.8 724.98 715.96 718.02 699.22 703.52 700.96 692.3 651.5 639.4 611.72 594.52 598.42 587.08 579 579.14 568.92 566.64 555.32 548.36
-9999 -9999 729.3 825.16 806.54 718.72 672.26 718.08 722.32 648 612.68 588.7 699.36 697.5 676.68 686.96 697.64 729.2 717.92 715.98 752.88 751.6 692.8 720.96 761.62 825.6 859.44 823.02 797.14 769.84 734.98 696.76 672.7 679.04 695.14 682.64 706.1 700.82 707.64 685.74 672.52 633.44 651.24 662.72 673.06 671.14 645.72 647.08 671.62 674.3 683.18 696.8 698.88 711.18 721.86 717.58 696.5 678.34 680.26 669.64 655.4 643.98 638.2 607.56 604.56 558.28 557.58 545.74 535.02 521.06 521.64 529.92 518.5 519.26 521.06
775.02 726.34 778.66 788.8 768.46 758.82 708.72 675 674.42 649.74 649.36 628 609.96 580.6 614.84 657.22 689.12 710.54 659.16 667.18 686.22 676.38 689.52 704.04 732.36 749.38 756.4 744.44 738.9 732.74 685.36 669.46 637.38 664.42 672.9 669.6 673.88 659.86 675.9 663.08 651.12 656.14 684.32 684.08 674.68 664.74 653.58 648.94 645.44 642.32 649.48 669.22 661.34 652.96 654.18 651.12 639.42 631.2 633.4 642.14 658.84 658.62 633.84 574.8 554.96 525.18 524.02 493.42 484.74 490.8 475.08 494.68 493.8 520.46 511.44
728.36 746.02 742.3 738.44 743.12 715.16 690.52 664.18 654.08 651.76 635.92 646.34 622.74 610.78 613.34 646.9 659.1 652.72 615.48 615.76 632.22 640.92 646.84 657.06 685.6 692.72 693.82 683 686.46 691.36 676.38 661.96 623.14 645.4 658.12 637.5 650.94 654.34 642.92 639.22 653.02 662.42 677.4 705.26 696.5 654.22 644.16 641.08 634.82 631.68 635.24 620.88 622.24 634.36 636.52 625.98 622.96 605.34 605.58 605.28 632.02 631.2 615.88 561.64 534.96 497.92 478.5 458.1 440.84 437.26 453.58 463.46 474.22 494.34 502.92
695.42 698.08 701 685.84 677.12 658.54 642.08 628.6 620.94 609.94 614 624.74 611.76 587.76 622.54 644.54 625.14 618.96 582.44 596.16 632.36 624.82 633.86 648.34 657.94 644.8 612.44 620.82 626.14 622.3 651.2 650.1 643.2 627.14 619.78 627.12 625.5 622.86 619.96 615.76 640.82 650.12 668.54 680.12 660.24 642.66 627.78 610.22 624.8 618.34 610.42 605.64 604.28 616.84 618.96 619.88 608.08 609.14 606.82 578.3 581.6 579.28 562 548.6 502.38 466.74 431.8 415.56 401.16 408.5 415.22 441.94 451.12 461.78 470.02
667.04 691.52 704.54 685.32 654.98 624.8 618.92 602.64 588.36 588.4 593.3 602.08 594.74 580.46 647.7 660.2 644.58 637.28 597.84 600.64 614.2 623.72 639.92 658.56 674.72 643.74 603.7 588.3 620.68 613.5 603.56 637.96 661.76 621.02 611.22 591.98 613.26 601.06 606.92 613.96 630.14 648.5 666.58 665.88 645.68 640.5 627.62 615.68 609.5 614.48 598.38 592.5 588.46 589.12 591.52 592.88 575.28 572.44 565.64 547.12 552.56 547.84 547.62 538.1 503.64 459.82 436.34 413.46 400.08 404.28 411.58 401.38 410.78 434.96 448.06
702.78 693.24 725.34 735.52 705.68 653.82 656.68 600.58 553.76 577.44 583.78 592.3 595.7 608.94 658.68 693.42 689.1 678.36 653.46 649.46 647.04 654.66 666.36 702.78 704.82 683.14 634.54 626.74 619.54 622.8 626.64 612.88 617.4 617.02 607.16 598.16 602.3 593.92 590.48 616.44 623.54 641.6 650.8 660.66 656.8 627.54 633.38 629.56 601.86 596.74 602.22 598.84 594.76 572.06 564.74 556.24 548.94 546.74 540.84 541.5 527.2 537.7 540.78 523.46 490.54 466.82 424.66 402.2 398.02 384.78 371.58 378.48 392.38 395.42 407.56
778.38 779.08 758.64 721.94 705.16 653.4 563.7 548 552.26 558.16 575.64 562.78 589.42 694.62 775.68 725.66 728.16 727.88 696.7 741.66 735.4 713.6 704.68 715.44 724.06 721.76 711.32 658.22 657.2 664.1 629.86 607.18 598.58 607.48 597.46 610.36 605.9 587.8 582.04 600.7 617.76 645 650.78 678.76 657.8 638.32 637.54 622.66 598.22 600.06 585.38 591.3 579.8 577.86 566.88 560 531.34 529.66 531.56 535.9 517.96 519.86 512.2 513.5 479.94 445.48 422.44 390.92 386.9 365.18 371.1 378.94 372.66 376.48 380.16
712.42 710.62 693.62 723.04 704.52 656.08 620.02 598.06 614.46 631.14 651.52 623.92 611.04 736.26 914.18 910.9 886.04 881.66 897.16 808.62 792.4 783.26 773.24 769.18 781.72 781.26 761.78 752.92 676.18 684.16 676.1 669.5 657.74 665.74 667.68 643.74 618.38 591.1 574.64 583.22 611.52 657.58 688.14 694.7 678.82 643.98 632.74 625.54 597.46 595.06 588.42 585.48 573.38 552.44 554.92 527.74 514.92 494.76 488.86 492.7 487.08 490.54 492.78 474.76 461.62 428.18 406.62 391.28 369.52 359.52 361.62 348.76 361.62 355.2 340.44
671.6 662.1 646.64 692.26 707.6 643.96 613.74 628.42 703.58 701.34 706.18 637.64 622.4 636.58 686.84 695.02 744.22 933.58 991.08 1050.6 814.92 794.86 852.36 878.76 884.72 823.28 817.3 798.5 751.08 745.72 726.42 716.06 697.26 706.1 692.24 666.8 621.42 566.2 531.18 538.94 586.2 664.06 716.62 706.62 671.12 665.56 631.36 602.28 575.92 575.4 572.84 549.92 549.06 526.9 518.48 509.36 498.02 485.14 467.2 469.22 452.68 467.68 461.8 454.8 433.76 425.46 413.78 388.32 357.52 349.96 342.62 346.06 331.54 325.12 326.98
627.26 588.56 657.84 667.7 662.16 656.6 625.42 657.88 683.5 698.54 688.66 646.52 721.92 732.6 766.22 762.48 803.3 843.14 830.3 738.94 816.82 904.74 1112.78 1156.78 1123.22 1001.74 919.58 875.42 817.4 818.42 788.56 774.88 759.1 755.12 738.74 674.08 599.68 516.98 474.4 518.1 586.22 675.9 729.48 702.42 675.64 635.7 609.32 576.32 558.32 534.34 539.48 520.38 512.62 489.56 470.22 460.22 470.32 467.16 445.3 438.86 441.28 425.92 441.52 427.24 420.18 412.88 388.88 370.5 371.32 360.68 351.54 323.44 317.52 310.56 314.64
662.2 628.6 663.78 668.86 684.16 724.02 721.84 680.22 698.4 722.94 805.44 901.88 806.64 739.48 767.94 816.36 718.54 712.58 650.08 634.72 832.58 1021.98 1157.72 1194 1258.4 1104.32 926.78 877.88 823.82 900.74 916.64 871.66 803.02 797.88 797.92 699.66 597.96 471.58 411.66 486.76 561.84 645.5 684.98 686.74 666.1 633.5 597.54 565.02 543.18 522.8 509.94 489.88 478.66 449.52 437.7 434.8 451.1 449 428.34 417.4 405.62 417.48 413.36 422.82 407.88 402.94 379.62 370.34 361.82 331.96 327.3 325.18 304.68 310.64 298.42
661.64 793.96 840.9 732.14 809.58 767.78 791.38 789.28 767.78 852.26 952.88 1031.58 1102.78 904.92 866.06 771.42 692.94 573.74 569.86 621.84 762.18 808.72 939.62 1012.04 1017.72 842.68 852.3 813.34 782.26 815.64 917.44 961.02 1005.5 937.62 814.16 751.74 629.7 530.02 463.76 478.76 525.14 582.94 636.54 640.58 611.42 590.74 578.08 537.18 536.76 509.66 497.86 494.94 471.48 424.7 408.22 406.72 422.14 428.88 419.2 419.06 393.86 404.5 407.62 401.46 396.02 385.8 371.66 358.52 334.76 312.04 300.06 289.94 289.14 278.98 268.14
828.34 1148.96 1035.98 1036.92 915.58 925.82 982.52 934.58 867.84 1022.82 1206.88 1267.5 1197.66 995.66 986.46 943.96 823.68 682.2 653.48 715.12 639.88 658.1 655.32 665.54 687.82 720.7 688.5 678.94 657.82 682.36 736.98 835.86 952.64 1048.94 977.22 806.6 681.9 594.2 517.02 496.94 503.24 532.7 584.66 588.5 592.48 557.9 544.78 514.02 503.92 494.26 469.86 445.64 446.12 430.52 416.96 405.04 411.86 418.02 399.6 408.96 398.36 418.4 411.12 400 386.34 386.32 366.86 339.28 325.78 285.18 283.06 264.9 273.14 273.98 256.92
1193.28 1249.1 1129.04 995.52 1108.62 1288.62 1397.66 1279.8 1282.22 1401.3 1648.14 1742.3 1766.94 1625.02 1440.76 1389.42 1250.72 932.92 770.38 698.7 669.36 617.02 635.46 599.52 603 608.56 599.36 561.88 555.66 609.8 629.42 759.66 928.18 973.26 1022.1 908.36 799.48 649.26 574.4 531 530.12 545.38 543.38 530.18 536.98 544.86 510.82 489.32 468.38 460.46 437.88 416.34 408.84 397.16 399.4 401.1 419.74 415.4 419.74 401.4 400.78 400.86 402.36 391.7 391.02 374.2 376.22 345 318.44 286.2 268.32 279.52 272.26 264.1 248.66
1249.2 1390.38 1450.8 1595.18 1828.76 2093.44 1895.94 1704.28 1580.16 1596.82 1670.88 1784.66 1916 1838.36 1697.42 1398.76 1215.78 1005 858.42 748.12 707.76 637.36 568.52 536.74 542.38 539.4 539.68 514 521.38 581.76 679.16 716.22 793.28 795.72 891.64 958.9 871.66 671.46 596.4 574.54 565.02 545.4 513.44 482.66 491 467.36 454.44 453.96 439.28 439.64 435.28 418.78 385.16 369.72 374.72 397.54 393.36 422.44 427.3 434.74 401.44 406.72 384.16 385.76 380.56 391.94 395.56 383.58 335 312.46 303.56 278 271.18 254.16 240.88
1691.48 2155.46 2424.4 2528.94 2343.54 2278.54 1925.18 1625.84 1593.36 1547.04 1567.46 1633.12 1747.2 1532.8 1465.66 1319.1 1167.04 982.58 849.66 774.78 694.12 624.14 580.8 536.22 523.18 520.32 502.48 525.98 546.54 639.18 807.68 834.86 671.2 681.84 746.18 863.14 838.72 773.46 617.62 605.7 578.32 518.32 479 448.36 430.02 407.94 395.26 435.4 461.36 504.8 477.26 424.22 365.4 354.98 347.74 370.88 377.76 406.6 425.08 466.1 461.24 423.64 419.22 417.36 413.2 424.42 431.16 431.42 383 340.98 316.04 306.12 278.68 272.9 251.58
2149.86 2074.96 1985.04 2102.78 2191.72 1963.04 1732.78 1394.02 1480.14 1454.98 1516.6 1738.52 1692.24 1588.88 1476.42 1450.16 1181.68 1034.86 870.54 787.68 703.22 631.3 579.62 545.14 530.84 515.9 512.02 524.76 584.16 692.56 805.46 939.2 687.56 683.58 684.96 740.8 745.96 731.74 648.04 587.88 531.78 487.76 455.88 401.76 384.78 367.44 448.82 -9999 437.22 572.14 522.58 438.58 364.84 330.8 319.42 468.3 472.78 -9999 -9999 -9999 472.78 456.34 453.24 459.52 463.32 462.64 476.22 442.94 414 378.62 345.94 319.08 309.1 293.12 264.68
1711.6 1332.4 1306.92 1248.72 1226.8 1247.82 1172.2 1087.46 994.1 995.76 1045.54 1143.1 1239.46 1361.04 1353.2 1308.08 1059.54 960.54 873.3 875.68 778.12 648.82 604.86 555.28 546.72 509.98 506.66 508.66 570.58 772.86 833.84 808.66 986.94 772.2 852.22 764.62 724.46 779.52 726.8 532.7 496.08 453.9 433.02 366.54 323.46 415.6 -9999 -9999 -9999 -9999 422.88 464.02 395.56 368.1 360.16 -9999 -9999 -9999 -9999 -9999 495.16 508.44 503.06 496.96 512.88 515.98 499.6 473.28 445.32 417.76 393.94 369.12 337.48 325.14 304.72
823.54 875.66 922.8 852.16 798.52 753.16 724.94 702.86 707.34 719.2 899.42 -9999 917.14 1025.3 1207.94 1251.22 1051.02 981.9 923.54 906.34 833.98 705.14 652.56 610.96 574.08 524.06 512.32 535.26 672.92 863.5 1127.12 829.8 927.66 828.24 845.24 906.18 830.8 679.68 601.9 507.76 454.38 444.02 411.22 342.02 302.58 -9999 -9999 -9999 -9999 410.68 421 482 434.34 415.28 422.02 472.74 484.62 485.02 514.08 541.38 566.22 588.04 560.02 527.3 573.5 587.24 545.08 501.52 485.38 468.82 439.42 412.36 385.5 366.52 344.98
607.24 727.08 794.96 924.24 824.14 677.78 595.68 569.22 581.4 628.02 764.36 -9999 901.42 942.66 974.14 1085.82 1075.36 983.32 964.9 910.1 828.98 750.72 758.14 625.56 581.5 546.7 535.62 551.58 639.56 686.78 577.38 523.94 544.86 563.02 573.52 593.08 574.82 563.82 521 482.22 451.28 415.22 379.34 421.52 405.72 -9999 -9999 -9999 -9999 -9999 -9999 407.14 451.8 471.28 458.82 449.34 435.64 -9999 -9999 505.48 656.94 692.36 707.92 679.24 707.82 686.56 632.2 603.48 586.22 547.24 500.96 456.42 440.52 416.74 405.7
700.98 621.08 500.58 544 653.48 689.48 618.42 590.54 566.08 597.42 654.26 -9999 -9999 -9999 788.5 756.7 863.32 928.32 940.66 854.58 841.48 764.66 778.04 748.42 707.6 642.94 576.06 528.76 663.14 566.28 428 413.18 435.36 478.08 480.86 511.34 522.46 533.9 506.18 477.28 434.94 399.82 428.74 -9999 -9999 -9999 -9999 -9999 -9999 -9999 -9999 -9999 460.2 466.7 -9999 -9999 -9999 -9999 -9999 -9999 -9999 611.86 855.82 855.86 827.2 823.14 792.78 755.28 700.54 650.58 554.36 500.38 498.18 485.62 450.68
412.12 385.44 -9999 -9999 388.82 503.46 487.24 475.3 563.94 630.18 660.5 613.52 629.18 -9999 -9999 667.88 572.72 700.58 774.78 797.84 839.36 796.04 751.8 719.92 719.84 679.6 603.82 517.96 580.48 522.46 423.48 340.92 386.5 416.4 434.32 456.24 472.98 474.28 470.2 438.48 409.9 387.44 418.6 -9999 -9999 -9999 -9999 -9999 -9999 -9999 -9999 -9999 -9999 -9999 -9999 -9999 -9999 -9999 -9999 -9999 -9999 -9999 -9999 672 949.44 827.66 816.8 811.1 793.84 763.04 714.68 612.92 545.56 534.8 531.28
-9999 -9999 -9999 -9999 320.96 317.72 399.54 370.64 424.76 519.54 608.76 624.14 556.06 -9999 -9999 -9999 -9999 539.52 542.38 636.26 707.76 755.4 801.16 779.56 719.92 684.18 649.18 584.48 462.76 511.82 523.42 458.7 415.12 414.8 427.74 423.72 430.74 451.16 425.42 394.34 367.02 413.5 404.7 -9999 -9999 -9999 -9999 -9999 -9999 -9999 -9999 -9999 -9999 -9999 -9999 -9999 -9999 -9999 -9999 -9999 -9999 -9999 -9999 -9999 646.98 1065.52 958.6 851.94 812.84 808.92 781.12 784.46 669.44 619.72 615.78
-9999 -9999 289.62 322.42 246.46 270.94 271.58 314.78 365.66 411.28 500.88 604.12 543.44 449.42 -9999 -9999 -9999 -9999 464.78 493 596.1 671.68 720.28 736.86 749.38 687.8 550.14 508.46 476.88 504.5 503.46 469.04 487.26 477.82 486.1 491.8 436.08 446.7 370.3 331.72 333.92 -9999 -9999 -9999 -9999 -9999 -9999 -9999 -9999 -9999 -9999 -9999 -9999 -9999 -9999 -9999 -9999 -9999 -9999 -9999 -9999 -9999 -9999 -9999 -9999 -9999 691.46 1346.08 1165.38 860.8 767.94 769.76 808.1 850.64 848.82
-9999 -9999 315.28 360.84 197.46 219.36 241.52 247.8 306.5 373.32 440.02 527.18 526.7 457.36 378.4 364.76 -9999 -9999 -9999 -9999 -9999 420.3 487.8 636.8 667.34 599.4 541.94 445.9 413.6 476.12 476.04 515.46 511.94 401.68 335.12 333.46 323.56 321.14 314.78 300.22 293.24 -9999 -9999 -9999 -9999 -9999 -9999 -9999 -9999 -9999 -9999 298.62 323.5 323.32 327.18 331.62 -9999 -9999 -9999 -9999 -9999 -9999 -9999 -9999 -9999 -9999 -9999 -9999 1634.42 1190.82 805.02 607.12 628.44 695.1 739.56
-9999 -9999 215.42 254.18 -9999 -9999 -9999 -9999 -9999 273.82 341.66 404.16 404.26 457.42 388.08 309.52 308.32 320.34 -9999 -9999 -9999 -9999 -9999 381.96 568.84 524.8 496.46 440.6 314.84 317.9 417.56 457.16 421.48 445.56 443.54 332.54 286.98 263.54 232.9 230.56 282.62 328.52 -9999 -9999 -9999 -9999 -9999 -9999 -9999 245.94 581.88 462.2 424.04 377.76 352.2 384.18 357.18 386.64 -9999 -9999 -9999 -9999 -9999 -9999 -9999 -9999 -9999 -9999 1379.24 706.18 638.64 610.16 619.7 565.64 521.54
-9999 162.76 167.46 174.98 131.74 -9999 -9999 -9999 -9999 -9999 195.64 335.64 358.7 376.22 354.88 339.48 261.5 280.52 309.94 332.04 -9999 -9999 -9999 337.92 461.52 477.72 418.76 341.14 326.08 329.52 288.52 315.94 341.48 345.62 336.98 294.34 266.18 198.04 192.92 154.64 178.84 275.22 389.44 501.52 311.28 270.54 239.26 226.84 534.92 403.66 358.58 315.42 262.78 249.82 240.64 223.8 253.3 341.48 534.4 311.3 316.56 -9999 -9999 359.46 385.92 428.4 490.98 819.16 558.72 598.1 608.78 581.74 601.18 513.56 458.72
-9999 76.18 118.16 210.54 153.44 -9999 -9999 -9999 -9999 -9999 165.42 174.64 -9999 331.14 357.76 365.98 344.28 304.04 290.58 303.92 286.9 294.98 -9999 295.84 362.26 428.9 379.1 359.9 313.14 238.9 199.8 230.88 257.36 278.58 217.74 233.6 234.06 137.32 169.52 153.98 230.18 -9999 290.98 324.1 375.36 424.98 389.16 320.56 252.18 251.98 236.88 195.78 166.24 161.44 165.96 127.3 127.96 141.16 195.32 222.48 215.38 199.46 235.14 270.32 317.56 349.2 331.96 387.78 381.32 430.58 484.16 455.76 367.68 510.02 488.38
