data/default-data/raster/climate/pre_2.txt
ncols         720
nrows         360
xllcorner     -180
yllcorner     -90
cellsize      0.5
NODATA_value  -9999
[rows 99 to 131 of 360, columns 375 to 449 of 720]
-9999 672.54 748.02 795.58 543.14 -9999 -9999 -9999 -9999 -9999 -9999 -9999 -9999 -9999 589.54 699.58 708 669.8 473.82 694.52 506.4 582.02 770.34 775.08 1363.06 1025.44 756.28 558.64 377.94 317.84 581.78 380.16 472.3 624.12 -9999 -9999 739.64 740.06 770.36 754 715.1 748.66 744.14 894.06 606.16 518.98 516.24 498.48 475.24 486.08 510.86 456.5 396.8 388.78 430.24 406.44 371.64 360.96 386.72 432.04 461.5 467.66 453.7 399.66 342.28 401.44 444.04 377.76 339.84 343.82 364.58 349.78 249.02 192.9 212.24
-9999 646.12 639.9 661.36 719.72 -9999 -9999 -9999 -9999 -9999 -9999 -9999 -9999 -9999 -9999 633.26 828.34 818.12 720.12 -9999 760 754.32 -9999 -9999 730.6 1437.22 1070.68 731.26 603.48 405.22 363.3 610.84 631.58 -9999 -9999 720.36 -9999 838.62 893.72 881.24 771.78 796.6 835.8 935.28 829.26 502.52 386.62 396.4 355.02 344.96 369.52 387.1 403.26 403.84 498.72 435.9 380.28 355.16 360.94 405.32 412.8 451.96 522.22 543.52 570.08 542.2 468.56 382.32 377.56 439.96 427.48 392.28 301.66 197.52 181.4
-9999 657.3 638.98 542.56 708.8 -9999 -9999 -9999 -9999 -9999 -9999 -9999 -9999 -9999 -9999 -9999 693.54 971.74 846.18 738.7 -9999 -9999 -9999 -9999 734.96 728.98 1202.66 950.66 704.54 518.64 451.88 685.74 678.9 -9999 -9999 -9999 777.9 898.44 939.56 951.7 827.88 837.32 893.08 922.92 774.5 549.26 436.02 384.2 358.2 317.54 318.9 370.56 429.48 415.32 416.16 379.8 353.14 356.28 372.46 390.52 389.18 524.5 635.68 702.9 752.82 901.3 752.82 641.38 614.88 579.16 485.28 420.86 363.84 292.72 204.28
-9999 650.86 691 684.5 -9999 -9999 -9999 -9999 -9999 -9999 -9999 548.38 -9999 563.64 598.26 626.62 680.54 1011.5 720.04 738.8 -9999 -9999 -9999 -9999 -9999 -9999 722.1 996.66 753.88 563.82 526.14 608.82 702.8 725.88 740.56 -9999 812.3 822.48 813.38 1018.28 906.06 862.04 880.88 788.82 641.52 553.72 481.62 483.78 405.72 297.64 283.38 322.16 366.06 383.22 388.2 349.14 337.56 383.88 411.38 420.58 449.82 585.14 689.3 589.64 695.94 816.22 850.6 865.66 934.88 840.22 603.68 427.2 395.24 346.98 269.02
-9999 -9999 -9999 -9999 -9999 -9999 -9999 -9999 -9999 549.22 547.02 541.34 540.04 547.44 600.38 767.8 903.68 914.62 692.76 -9999 -9999 -9999 -9999 -9999 -9999 742.12 748.62 724.3 797.52 645.64 563.5 583.18 583.64 575.26 784.66 -9999 794.54 812.18 937.98 1006.92 962.58 930.94 824 668.34 539.38 577.12 627.6 609.02 461.1 306.62 264.82 267.98 320.76 314.42 349.5 405.5 462.02 525.62 535.72 524.58 552.04 549 614.24 682.28 744.36 756.54 805.36 888.46 1132.08 1186.6 815.7 586.18 492.12 417.98 358.08
-9999 -9999 657.9 -9999 -9999 -9999 -9999 -9999 -9999 536.64 475.2 472.2 451.42 466.56 565.3 659.14 644.38 674.6 -9999 -9999 -9999 -9999 -9999 -9999 -9999 -9999 745.7 954.54 888.18 840.98 721.7 550.74 742.62 739.26 765.3 773.04 -9999 839.12 852.26 1057.86 1117.82 1134.28 1014.7 744.46 549.7 549.16 653.24 634.04 574.58 432.9 324.54 279.12 281.7 314.4 380.84 534.66 717.66 778.72 767.04 661.9 659.64 763.84 718.28 779.9 824.92 797.78 839.18 867.1 986.6 1117.62 1008.66 821.3 703.88 692.54 510.52
643.36 -9999 681.84 859.66 712.14 643.3 629.44 646.9 -9999 -9999 -9999 512.72 444.5 440.2 482.78 544.48 -9999 -9999 -9999 -9999 -9999 -9999 -9999 -9999 -9999 -9999 -9999 -9999 919.68 906.22 812.66 762.86 -9999 764.42 778 802.5 845.02 -9999 818.64 800 1180.78 1452.4 1226.34 837.94 596.72 551.84 900.2 760.14 707.08 654.2 523.04 345.32 346.32 457.6 688.06 999.42 938.12 1027.86 989.02 835.1 743.32 703.54 721.94 734.2 767.08 776.54 849.38 882.44 917.56 980.82 962.86 928.82 902.06 780.76 626.84
921.66 913.38 1015.44 964.72 752.18 584.84 525.18 615.04 591.7 580.42 -9999 -9999 -9999 508.3 479.6 576.88 -9999 -9999 -9999 -9999 -9999 -9999 -9999 -9999 -9999 -9999 -9999 -9999 751.76 827.66 727.58 780.68 -9999 810.14 821.04 832.96 838.6 846.54 -9999 798.64 771.66 1286.94 1368.56 1070.52 698.54 645.48 1406.7 562.1 1136.7 834.14 729.24 574.4 574.08 763.3 946.6 980.54 977.2 1072.92 979.26 743.14 619.48 578.66 554.6 580.5 609.6 616.46 578.68 649.42 738.52 817.46 782.2 783.3 779.7 708.52 624.9
860.42 913.36 826.78 812.88 656.58 464.26 525.02 -9999 -9999 -9999 -9999 -9999 -9999 500.54 -9999 -9999 -9999 -9999 -9999 -9999 -9999 -9999 -9999 -9999 -9999 -9999 -9999 -9999 -9999 757.28 790.06 786.96 -9999 -9999 -9999 862.1 849.62 -9999 -9999 -9999 803.3 778.32 -9999 740.72 1097.64 1257.34 -9999 -9999 -9999 1187.48 888.42 797.78 755.4 760.12 -9999 -9999 868.54 1132.1 859.64 567.88 505.6 456.42 437.6 454.7 502.1 517.36 449.22 533.12 649 662.3 660.6 628.44 634.76 660.1 602.24
529.22 635.34 735.5 724.96 625.9 297.04 265.52 465.8 -9999 -9999 461.3 -9999 -9999 485.72 509.1 -9999 -9999 -9999 -9999 -9999 -9999 -9999 -9999 -9999 -9999 -9999 -9999 -9999 -9999 -9999 -9999 782.4 823.96 846.82 -9999 -9999 -9999 -9999 -9999 830.84 794.68 -9999 -9999 -9999 -9999 -9999 -9999 -9999 -9999 -9999 -9999 -9999 -9999 763 -9999 -9999 1035.64 977.94 762.66 521.02 413.16 365.08 351.32 348.32 344.86 368.66 359.08 427.06 483.4 530.5 538.48 555.62 571.84 597.12 594.38
355.18 352.48 447.76 420.42 427.72 243.54 226.26 416.4 -9999 -9999 430.6 -9999 -9999 -9999 -9999 -9999 -9999 -9999 -9999 -9999 -9999 -9999 -9999 -9999 -9999 -9999 -9999 -9999 -9999 -9999 -9999 -9999 903.46 1039.14 1153.48 981.52 842.84 872.54 811.34 800.12 -9999 -9999 -9999 -9999 -9999 -9999 -9999 -9999 -9999 738.22 774.76 601.16 636.38 799.96 -9999 -9999 836.36 944.66 637.98 477.54 389.06 313.7 294.26 319.18 285.74 247.92 277.68 318.8 393.74 439.16 465.94 492.38 518.72 553.36 559.58
169.48 178.1 198.06 197.4 203.32 183.16 179.92 380.36 -9999 -9999 -9999 -9999 -9999 -9999 -9999 -9999 -9999 -9999 -9999 -9999 -9999 -9999 -9999 -9999 -9999 -9999 -9999 -9999 -9999 -9999 -9999 -9999 -9999 -9999 877.48 897.6 -9999 -9999 -9999 -9999 -9999 -9999 -9999 -9999 -9999 -9999 -9999 813.86 716.34 781.3 774.16 685.7 828.46 -9999 -9999 -9999 945.08 1012.06 681.82 508.74 365.5 281.94 237.32 201.72 194.24 183.46 209.54 252.44 316 359.74 386.02 412.06 437.92 472.74 489.16
48.78 70.1 109.36 151.66 166.14 303.42 -9999 -9999 -9999 -9999 -9999 -9999 -9999 -9999 -9999 -9999 -9999 -9999 -9999 -9999 -9999 -9999 -9999 -9999 -9999 -9999 -9999 -9999 -9999 -9999 -9999 -9999 -9999 -9999 -9999 -9999 -9999 -9999 -9999 -9999 -9999 -9999 -9999 -9999 -9999 -9999 -9999 -9999 -9999 -9999 -9999 -9999 -9999 -9999 -9999 -9999 1398.14 1153.46 798.2 495.66 314.9 190.76 162.62 192.98 182.78 181.36 179.84 205.98 260.4 286.68 321.54 337.44 370.9 377.26 402.48
39.6 41.32 59.74 86.88 149.54 178.34 280.34 294.22 -9999 -9999 -9999 -9999 -9999 -9999 -9999 -9999 -9999 -9999 -9999 -9999 -9999 -9999 -9999 -9999 -9999 -9999 -9999 -9999 -9999 -9999 -9999 -9999 -9999 -9999 -9999 -9999 -9999 -9999 -9999 -9999 -9999 -9999 -9999 -9999 -9999 -9999 -9999 -9999 -9999 -9999 -9999 -9999 -9999 -9999 -9999 1051 1351.9 1105.94 603.74 343.74 260.5 205.3 186.82 167.6 176.02 174.92 193.02 210.18 225.24 241.94 259.02 275.96 292.46 308.54 342.36
40.3 50.78 60.14 80.06 130.82 192.32 164.18 165.5 275.38 -9999 -9999 -9999 -9999 -9999 -9999 -9999 -9999 -9999 -9999 -9999 -9999 -9999 -9999 -9999 -9999 -9999 -9999 -9999 -9999 -9999 -9999 -9999 -9999 -9999 -9999 -9999 -9999 -9999 -9999 -9999 -9999 -9999 -9999 -9999 -9999 -9999 -9999 -9999 -9999 -9999 -9999 -9999 -9999 -9999 -9999 1381.56 1263.1 769.2 343.68 203.14 170.72 160.48 151.4 150.2 179.46 168.32 186.86 175.96 182.48 198.18 195.6 203.58 220.78 228.64 272.74
48.46 50.74 60.74 88.72 121.34 156.98 158.48 140.22 171.86 222.98 296.3 357.32 372.36 304.22 -9999 -9999 -9999 -9999 -9999 -9999 -9999 -9999 -9999 -9999 -9999 -9999 524.86 674.9 781.36 757.14 636.38 626.92 -9999 -9999 -9999 -9999 -9999 -9999 -9999 -9999 -9999 -9999 -9999 -9999 -9999 -9999 -9999 -9999 -9999 -9999 -9999 -9999 -9999 -9999 945.88 1077.16 918.5 530.82 430.3 184.58 152.68 133.98 143.76 153.26 152.16 171.42 150.28 159.64 166.84 173.62 170.58 158.36 175.8 193.06 210.2
40.54 50.86 44.08 62.66 94.08 88.3 120.58 111.12 150.16 196.66 279.78 352.94 259.7 237.24 247.02 263.86 -9999 -9999 -9999 -9999 -9999 -9999 -9999 -9999 410.26 456.6 580.82 636.76 646.14 606.78 519.84 423.22 593.34 600.18 606.82 -9999 -9999 -9999 -9999 -9999 -9999 -9999 -9999 -9999 -9999 -9999 -9999 -9999 -9999 -9999 -9999 -9999 -9999 828.7 941.24 1081.22 815.08 361.6 278.26 141.12 122.04 103.88 125 135.1 134.3 123.12 122.44 121.94 120.28 137.98 145.32 133.26 130.7 157.26 165.46
32.98 33.56 42.64 42.32 61.78 93.42 108.16 130.88 158.04 232.58 256.22 252.28 117.18 80.9 135.4 170.98 -9999 -9999 -9999 -9999 -9999 -9999 -9999 -9999 369 370.2 424.42 452.22 427.5 409.24 373.02 305.94 218.52 225.3 242.62 550.1 547.08 527.36 -9999 -9999 -9999 -9999 -9999 -9999 -9999 -9999 -9999 561.08 -9999 -9999 -9999 -9999 -9999 769.94 852.48 923.1 608.18 425.12 173.02 96.06 87.9 91.76 81.94 82.34 103.4 93.52 114.2 92.98 102.3 110.74 118.7 116.68 133.84 121.96 129.46
22.98 22.76 22.92 31.62 41.74 62 83.48 106.18 116.86 115.96 113.48 64.46 28 39.14 70.68 113.54 160.42 211.1 248.44 279.34 -9999 -9999 -9999 -9999 -9999 290.8 305.6 316.92 318.14 293.04 268.72 213.26 164.18 156.32 164.98 173.68 185.04 194.7 226.34 212.04 473.58 476.16 467.86 -9999 481.42 248.14 178.82 124.02 130.18 564.82 582.02 619.58 651.12 373.02 394.42 442.7 529.02 342.14 180.74 73.1 47.86 59.94 70.78 60.84 61.16 71.7 72.06 62.12 83.16 82.12 90.9 109.22 117.18 115.18 112.92
21.06 21.14 21.7 22.52 31.2 41.48 60.76 72.92 66.02 66.16 65.86 64.96 36.64 9.46 19.86 80.84 104.08 140.62 175.32 230.56 241.54 241.58 272.62 -9999 288.14 219.2 216.02 220.92 217.58 212.6 177.8 149.96 130.62 112.12 116.38 111.72 133.64 154.36 152.36 149.38 169.16 168.04 167.42 174.02 171.1 142.1 98.92 70.2 53.64 56.66 75.94 101.6 108.54 123.24 136.84 135 345.52 219.54 152.98 62.58 28.12 19.6 49.98 49.76 50.14 60.42 40.56 51.08 61.56 71.48 81.22 80.76 89.62 107.68 105.82
13.78 13.92 13.86 21.02 22 30.94 32.68 43.14 35.9 36.74 27.38 27.28 36.36 0 19.08 49.44 60.76 115.3 136.42 157.52 167.96 177.52 165.52 162.8 159.54 156.46 142.02 146.92 146.42 121.86 124.16 106.08 88.18 79.48 70.82 64.56 86.02 105.94 103.92 101.82 100.06 99.86 109.06 117.88 118.56 90.7 49.32 28.64 36.02 26.58 42.76 74.46 55.84 47.08 62 70.22 118.78 78.52 74.54 52.36 27.5 0 0 9.76 39.3 39.68 39.98 40.22 50.64 50.46 50.2 69.84 69.34 88.58 88.1
12.6 12.64 12.94 20.1 21.02 21.94 23.06 24.48 25.56 26.36 26.54 35.26 44.02 9.06 9.5 28.72 48.98 100.36 120.18 129.12 137.68 145.48 133.86 103.28 101 98.84 96.76 85.04 84.98 87.94 80.9 64.58 47.58 39.02 19.9 20.78 51.5 60.6 29.72 38.7 47.72 74.76 65.62 74.46 75.06 66.72 38.74 24.44 46.16 22.66 0 44.18 29.18 49.52 48.1 48 42.52 30.58 40.48 42.6 26.84 0 0 0 19.34 19.46 29.44 29.66 39.92 49.88 49.6 68.96 68.54 77.76 77.46
5.78 12.18 12.7 26.32 27.36 21.34 14.6 15.34 16.04 16.54 25.5 25.62 25.74 17.56 18.26 18.68 28.56 57.18 74.86 73.34 90.1 97.36 86.88 59.66 58.54 57.34 48 39.06 39.22 40.36 33.38 25.84 26.98 18.74 9.7 9.92 9.8 19.22 18.88 18.34 18.04 35.36 43.9 53.1 54.2 27.58 9.36 14.3 41.36 13.14 0 31.22 67 71.4 23.68 41.7 37.66 21.84 23.84 33.5 8.8 0 0 0 9.58 18.98 29 39.04 39.32 49.24 48.94 58.38 58.04 67.36 67.32
5.68 5.92 12.5 25.72 26.68 13.86 7.1 7.4 15.26 15.68 16.02 32.98 24.9 33.76 35.12 35.96 36.26 26.96 35.28 43.08 50.52 57.74 48.36 47.36 38.62 22.72 14.84 7.24 7.24 7.52 7.72 8.12 8.46 8.84 0 0 9.6 9.36 9.04 17.52 25.86 25.42 24.7 25.1 17.2 16.9 16.36 12.52 13.94 55.54 0 0 61.56 51.86 21.96 65.02 34.42 13.4 15.4 8.16 8.68 9.08 9.52 0 0 18.78 28.28 28.7 38.68 38.92 48.34 48.08 57.26 57.38 57.54
5.5 5.7 6.06 12.58 13.04 6.76 0 0 0 0 0 39 64.08 24.36 16.86 25.82 25.74 33.88 41.76 32.58 23.84 23.28 22.72 14.74 14.48 7.14 6.9 0 0 0 0 0 0 0 0 0 0 0 0 0 8.4 8.2 15.74 15.34 7.46 14.66 6.96 10.84 12.5 33.46 17.86 0 13.36 40.8 0 9.76 38.82 18.6 14.3 8.02 8.46 9 9.38 0 0 18.8 18.66 18.8 28.42 28.8 38.2 47.46 57.14 47.8 47.9
0 0 5.8 6.16 6.34 0 0 0 0 0 0 0 7.62 0 0 8.12 16.08 23.78 46.98 45.98 37.34 14.54 7.1 7 0 0 0 0 0 0 0 0 0 0 0 0 0 0 0 8.48 8.16 8.1 7.76 7.78 8 7.64 7.38 9.98 11.22 34.04 30.58 11.1 53.22 70.32 -9999 71.02 10.68 17.88 39.88 22.78 8.32 8.74 9.24 9.5 9.44 18.82 28.06 27.84 28.06 28.3 37.76 37.9 47.64 47.8 47.76
0 0 0 0 0 0 0 0 0 0 0 0 0 0 0 7.66 7.56 22.2 43.94 64.96 35.2 6.88 6.64 0 0 0 0 0 0 0 0 0 0 0 0 0 0 0 0 8.24 16.08 7.86 7.66 7.78 7.82 8.02 8.52 5.28 11.84 20.14 27.06 27.12 3.1 -9999 -9999 -9999 0 0 12.86 28.54 32.16 8.6 9.02 9.48 18.8 37.52 46.52 37 37.1 37.48 37.7 28.44 38.02 38.14 48.04
0 0 0 0 0 0 0 0 0 0 0 0 7.16 7.3 7.34 7.18 7 6.98 20.66 34.1 26.78 6.48 0 0 0 0 0 0 0 0 0 0 0 0 0 0 0 0 0 7.72 7.88 7.74 7.6 7.54 15.42 8.1 17.06 16.84 21.2 19.76 18.26 26.72 15.78 -9999 -9999 -9999 44.74 0 0 6.82 0 8.34 8.84 9.28 18.68 46.62 55.84 18.5 18.4 27.94 28.14 18.94 38.08 38.36 57.92
14.88 10.3 10.72 11.16 0 0 0 0 0 6.64 6.76 0 0 0 0 0 0 0 6.5 6.36 0 0 0 0 0 0 0 0 0 0 0 0 0 0 0 0 0 0 0 7.14 7.34 15.12 14.9 7.48 23.22 23.72 23.26 23 22.7 14.7 13.36 21.76 20.32 2.92 -9999 -9999 -9999 37.96 0 13.34 0 0 17.36 18.3 18.6 46.28 55.48 18.46 18.52 27.82 28.38 28.62 28.72 38.64 48.82
29.46 35.34 26.14 21.66 22.42 0 0 0 0 0 0 7.22 7.88 0 0 0 0 0 0 0 0 0 0 0 0 0 0 0 0 0 0 0 4.96 5.2 0 0 5.82 12.34 12.76 13.26 6.86 7.12 14.44 21.98 21.96 14.36 21.24 21.16 14.16 14.06 12.22 14.72 11.3 12.76 10.54 -9999 -9999 -9999 0 0 0 0 0 8.96 27.6 36.76 36.66 27.68 18.64 37.64 38.14 47.96 48.38 48.78 49.26
24.94 35.7 36.78 26.78 22 11.24 17.32 5.94 0 6.74 14.28 15.1 15.86 0 0 0 0 0 0 0 0 0 0 0 0 0 0 0 0 0 0 0 4.44 4.72 4.9 5.16 5.4 11.36 17.74 18.4 12.68 13.28 14.26 14.32 14.24 14.12 14.02 14 14.02 13.96 5.5 9.08 7.02 18.22 0 -9999 -9999 -9999 -9999 0 6.78 0 0 8.88 27.34 27.46 27.6 27.92 18.82 38.02 38.42 58.1 39.14 39.48 59.68
25.22 25.86 21.2 32.52 39.12 17.18 12.38 6.3 13.46 7.04 7.22 15.78 16.56 8.02 0 0 0 0 0 0 0 0 0 0 0 0 0 0 0 0 3.7 3.66 0 0 4.44 9.36 9.84 16.2 23.12 18.4 19.72 20.44 14.84 22.24 14.78 7.5 7.44 14.4 14.38 13.36 5.48 8.18 7.98 12.38 12.72 4.66 -9999 -9999 -9999 0 14 22.48 24.18 17.32 18.16 27.2 27.58 27.88 18.8 28.54 38.52 38.88 58.98 59.54 60.02
20.38 20.88 27.22 28.46 41.08 31.08 19.26 6.7 14.16 7.42 7.52 15.92 16.64 0 0 0 0 0 0 0 0 0 0 6.04 0 0 0 0 0 0 3.42 3.16 0 0 4.6 14.02 20.6 27.66 24 19.14 13.72 7.08 7.32 7.48 7.54 7.36 7.22 14.88 14.82 6.3 0 4.66 4.48 9.28 23.78 4.88 0 -9999 -9999 -9999 0 0 16.7 17.52 26.88 27.06 27.36 27.72 18.78 28.48 28.82 38.7 58.8 69.22 69.9
