data/default-data/raster/climate/pre_9.txt
ncols         720
nrows         360
xllcorner     -180
yllcorner     -90
cellsize      0.5
NODATA_value  -9999
[rows 99 to 131 of 360, columns 525 to 599 of 720]
94.98 92.54 80.22 77.94 65.8 54.66 61.7 69.14 69.62 70.76 63 80.84 70.24 77.4 68.38 68.28 59.86 68.58 60.56 71.32 64.28 58.94 60.96 71.54 50.98 59.98 58 37.72 46.66 56.28 77.92 121.28 101.32 110.92 120.48 119.98 119.2 135.9 132.84 131.38 122.92 123.02 133.5 145.26 147.46 159.66 162.24 196.28 220.48 244.92 278.8 309.66 351 388.2 401.74 422.24 433.68 434.62 442.16 448.04 450.98 434.48 446.22 430.3 423.3 431.1 419.48 409.4 416.66 425.54 435.38 448.44 461.7 465.28 490.22
86.44 84.4 72.04 70.18 58.3 46.9 54.48 61.84 61.16 70.24 71.54 71.56 70.1 86.02 77.42 77.88 69.68 61.12 53.94 55.5 47.62 40.04 30.88 51.46 41.06 30.38 9.92 19.62 29.1 66.82 87.96 102.52 136.06 135.42 145.2 144.54 143.16 160.02 157.04 144.72 144.62 144.34 155.84 168.14 180.62 183.36 185.7 220.24 244.92 291.02 332.66 350.1 401.64 415.92 448.56 445.12 464.48 468.36 477.3 493.22 474.02 469.5 484.38 470.2 462.74 431.18 439 418.22 417.44 426.72 448.02 461.22 474.46 497.28 560.48
88.52 108.06 94.82 82.2 80.1 67.82 74.84 82.56 81.72 89.88 80.02 80.28 88 104.96 69.68 52.9 44.22 8.98 9.24 9.58 9.88 0 0 0 0 10.22 10.14 20.16 29.8 58.38 88.24 133.46 136.2 147.02 179.92 180.06 168 185.56 182.74 179.86 176.3 186.14 188.92 191.76 213.92 214.72 227.34 253.94 290.64 333.38 372.52 411.1 428.1 463.04 494.16 489.04 504.88 522.78 530.94 528.88 520.1 513.44 509.6 487.26 479.84 448.64 438.06 427.84 427.02 436.16 459.1 472.14 495.22 548.44 -9999
90.54 99.46 97.16 94.78 61.56 59.94 67.62 85.8 103.56 119.66 80.14 44.54 17.86 8.88 0 0 0 18.66 19.04 9.82 10.02 20.58 20.68 20.62 30.84 40.82 40.94 30.88 70.88 70.64 113.02 126.3 147.2 167.1 189.24 211.26 212.36 231.3 228.06 235.54 230.9 229.52 241.06 252.16 253.22 264.2 279.4 298.4 341.7 369.18 415.3 455.4 485.06 509.08 528.54 532.48 549.46 557.08 556.46 566.14 548.16 532.54 536.12 485.4 477.98 447.92 439.14 437.54 436.62 453.94 504.1 -9999 -9999 -9999 -9999
127.2 135.7 132.56 118.66 105.2 90.6 86.7 111.5 80.7 25.98 0 17.68 0 17.96 26.94 45.26 45.88 46.86 38.18 38.92 39.72 40.4 50.94 51.22 51.26 51.14 51.36 52.24 74.12 116.02 138.6 149.72 168.34 188.28 209.02 229.82 252.06 275.52 288.08 295.86 278.22 272.46 281.92 292.62 304.2 305.52 321.38 364.26 393.56 438.34 463.4 513.14 552.42 570.7 581.98 594.08 603.1 607.82 595.08 605.4 587.9 572.5 547.86 513.72 496.76 488.44 468.3 456.8 465.24 474.16 489.06 569.76 574.02 -9999 -9999
188.38 191.98 185.18 178.56 172.02 145.72 120.36 8.88 0 0 0 8.98 45.24 54.58 45.62 45.92 46.72 55.92 65.98 76.7 87.46 88.94 89.78 90 100.62 101.58 93.78 106.6 108.82 142.24 175.24 172.24 210.54 219.76 241.8 273.4 293.74 325.84 347.26 366.88 348.12 331.38 328.66 328.36 338.36 358.78 373.06 401.16 454.24 490.9 529.38 568.08 596.98 625.88 635.78 639.94 643.08 629.7 631.2 630.04 617.48 591.94 575.74 540.02 513.14 504.54 492.38 480.38 483.54 493.98 506.24 523.74 567.48 -9999 -9999
252.4 243.8 181.84 164.88 89.1 37.7 0 0 0 17.62 35.58 63.76 73.24 101.38 102.02 84 56.76 57.8 86.38 104.58 133.34 135.68 136.58 136.36 138.82 142.28 152.32 156.74 183.5 200.28 209.84 216.52 254.16 283.02 306.14 329.14 368.98 377.06 412.92 416.18 424.12 415.84 404.42 423.82 423.12 421.5 442.82 471.82 521.04 573.94 600.48 631.48 667.66 685.98 685.08 687.16 683.84 678.96 653.28 652.06 646.34 629.94 604.08 550.6 525.3 515.2 514.32 514.06 516.36 525.16 541.5 568.94 596.54 659.26 672.92
135.1 86.82 41.94 0 0 0 0 0 0 26.68 63.1 92.2 101.98 102.72 93.96 113.84 95.98 87.76 118.7 126.54 153.44 143.4 153.98 166.98 170.86 183.04 202.56 223.2 251.2 269.06 265.18 260.72 287.28 304.92 359.2 424.66 424.22 453.02 502.56 493.22 492.76 498.5 484.74 492.66 500.16 514.54 525.34 565.98 613.9 674.56 693.22 722.82 732.56 742.18 746.34 741.3 717.94 693.6 681.04 667.88 661.72 649.1 614.46 570.62 556.32 547.94 548.82 548.48 546.2 573.84 591.72 609.54 627.42 653.62 677.4
0 0 0 0 0 0 0 8.82 53.08 53.94 73 130.82 141.2 151.24 142.6 125.02 97.36 108.16 119.16 139.74 137.86 137.14 148.4 171.18 204.54 214.68 234.32 264.16 277.44 315.66 312.28 326.32 342.8 358.6 409.3 453.4 486.34 522.66 538.84 577.3 582.34 586.56 567.28 580.66 592.6 594.72 626.12 662.94 707.1 758.62 804.04 813.02 812.18 821.34 801.32 781.94 758.96 740.18 715.68 702.9 680.76 658.54 643.98 601.36 586.38 588.06 589.16 587.42 605.64 609.02 635.54 653.5 671.42 705.58 735.06
0 0 0 0 0 0 0 26.94 89.1 136.1 175.68 189.3 181.36 191.68 183.06 175.42 167.06 158.04 149.08 150.84 171.86 181.1 204.28 225.66 246.92 247.48 267.18 286.58 300.7 334.76 361.14 372.56 400.14 405.5 440.74 501.42 527.16 554.84 586.36 633.76 641.6 669.02 667.88 675.12 674.9 686.42 717.4 753.68 792.84 862 900.38 903.24 892.88 881.94 862.22 821.98 798.32 760.92 745.08 725.16 721.1 699.28 675.66 642.2 633.8 627.22 628 637.08 656.7 671.24 681.26 706.76 733.88 751.94 777.28
0 0 0 9.6 28.54 37.44 101.46 136.22 171.34 201.82 233.4 258.62 241.98 242.98 234.8 236.46 217 208.44 199.54 201.48 215 228.24 259.44 280.12 290.88 312.04 329.5 337.54 361.24 394.88 406.94 426.84 453.84 458.56 493.56 553.28 554.02 570.06 611.94 658.68 697.82 726.68 738.96 748.08 754.88 783.4 804.16 849.78 888.92 950.82 967.54 973.88 963.32 932.9 903.68 869.3 847.1 820 789.14 771.48 742.02 721.1 698.44 691.14 683.06 675.5 668.26 679.58 699.86 717.12 744.16 780.78 790.86 798.24 841.3
0 0 19.82 9.78 38.42 37.86 102.7 174.72 183.74 231.7 245.22 290.38 313.92 315.24 297.3 288.2 258.26 239.74 241.22 242.78 246.86 280.04 313.1 333.52 352.2 370.54 388.1 387.46 420.38 442.66 473.62 489.8 495.44 490.72 542.24 568.82 609.46 643.06 659.3 697.44 735.26 783.44 802.62 817.56 844.12 876.6 909.16 937.44 988.8 1049.28 1051.98 1057.68 1032.74 1001.74 978.72 931.22 910.66 865.44 834.92 807.72 775.38 770.4 738.26 730.22 713.12 704.8 708.08 722.22 733.78 758.46 789.18 818.48 831.72 846.54 -9999
20.04 40.16 79.9 59.12 97.14 86.1 141.46 215.4 252.76 299.62 323.88 322.68 337.38 388.82 329.78 300.6 300.6 291.96 303.74 305.4 326.56 336.52 356.8 366.68 366.22 406.64 425.38 415.66 446.96 459.04 497.3 542.4 556.6 559.76 605 616.26 650.6 678.78 713 731.42 778.96 826.66 845.82 883.84 910.2 955.02 1003.1 1041.6 1082.5 1139.52 1155.56 1140.6 1116.44 1079.88 1043.88 998.5 958.94 921.68 902.92 859.74 844.02 811.68 776.76 762.08 733.48 743.22 736.5 750.6 764.88 777.1 808.6 825.64 848.08 878.98 914.98
79.46 129.2 149.34 188.56 225.8 203.3 229.04 276.52 371.56 371.18 365.42 424.82 401.08 390.96 352.7 373.94 343.54 333.96 365.38 365.46 362.82 360.48 368.7 387.72 377.76 387.38 476.86 511.42 502.58 545.16 538.66 581.84 572.28 612.02 651.6 667.08 691.84 714.8 753.9 791.22 819.84 867.44 886.96 937.64 974.94 1027.12 1088.3 1169.54 1194.96 1198.24 1156.04 1216.58 1195.16 1161 1124.04 1068.82 1031.16 989.68 955.32 904.7 887.58 857.4 818.14 801.96 783.46 772.58 761.58 772.36 775.02 790.5 810.06 829.5 860.62 882.86 927
176.68 176.96 206.94 237.08 276.46 263.9 330.12 397.78 455.64 426.16 466.2 498.8 473.56 463.96 445.18 425.9 384.46 364.38 375.58 383.54 380.38 397.54 404.8 402.8 450.68 457.64 467.46 549.28 594.72 593.92 614.58 626.98 601.28 643.92 706.1 715.46 728.08 738.56 773.78 837.1 846.24 901.34 928.94 982.06 1037.84 1083.74 1184.56 1267.58 1332.24 1381.82 1374.6 1353.9 1295.84 1252.5 1206.26 1143.78 1089.12 1051.34 1008.2 974.28 931.48 891.14 869.54 851.38 813.66 779.64 766.62 778.34 786.74 793 812.88 831.96 872.6 909.8 938.86
301.32 320.82 331.4 371.44 411.58 383.3 453.28 513.26 552.2 591.12 570.92 589.46 574.5 544.3 495.46 486.5 466.46 455.8 424.34 421.86 418.2 424.54 431.8 439.66 504.44 520.88 521.66 583.16 557.76 595.92 627.22 610.7 671.58 687.06 739.3 778.46 795.82 816.12 834.68 882.42 894.8 931.32 1007.46 1079.72 1134.22 1206.38 1277.7 1331.8 1381.96 1400.04 1404.1 1470.14 1424.7 1346.56 1284.84 1222.32 1158.54 1110.06 1072.82 1003.82 952.82 919.52 898.1 875.78 841.44 799.14 794.3 788.84 788.26 794.74 813.88 837.26 881.98 918.76 961.7
376.22 355.9 385.64 444.88 458.44 479.38 549.94 600.38 631.6 611.68 641.38 659.22 636.22 596.58 578.22 579.36 518.36 496.86 494.18 491.14 476.98 472.88 479.26 475.82 533.64 592.3 630.04 609.4 640.1 629.44 642.24 645.02 687.6 748.34 790.44 830.1 839.62 833.64 913.8 971.12 962.4 1017.5 1083.14 1162.4 1230.86 1283.3 1372.22 1435.78 1499.28 1539.34 1534.82 1494.68 1442.86 1383.8 1321 1262.58 1202.88 1129.56 1082.18 1008.78 946.34 920.46 894.96 864.94 848.06 838.42 828.12 830.34 806.46 813.12 823.3 860.08 895.62 927.46 988.04
388.3 398.1 419.8 493.86 538.6 574.68 577.38 657.42 698.14 749.14 761.34 705.6 767.9 750.54 691.7 652.98 591.14 556.9 563.72 559.96 545.4 521.42 537.46 575.64 565.96 615.8 586.52 640.92 643.92 662.36 655.96 699.9 732.76 813.86 894 904.86 895.16 913.44 995 1015.02 1013.52 1014.3 1141.2 1252.4 1324.44 1378.3 1438.68 1495.7 1574.94 1613.16 1594 1535.84 1482.4 1418.24 1335.62 1272.96 1215.52 1135.4 1076.94 1000.5 939.56 887.06 868.04 859.66 858.48 852.72 842.54 860.16 843.24 823.18 839.48 869.06 909.74 953.96 1009.84
460.8 474.74 526.42 676.64 661.06 651.18 724.2 749.24 792.9 776.82 770.64 815.7 764.36 741.52 686.34 674.8 650.92 616.5 622.9 603.06 601.88 577.84 605.02 624.46 663.8 701.74 637.22 640.4 672.06 666.08 699.34 752.98 816.96 880.38 883.24 953.58 971.48 1023.82 1089.98 1070.9 1045.28 1147.9 1248.12 1324.78 1364.82 1429.72 1462.26 1519.56 1567.88 1593.42 1568.26 1537.4 1492.66 1430.32 1359.68 1269.82 1188.6 1111.68 1041.46 955.9 907.02 865.88 833.86 824.28 831.46 836.22 848.98 871.36 861.28 857.76 865.62 866.58 916.7 991.52 1058.02
473.06 523.74 575.5 600.12 624.66 625.66 744.08 760.02 822.62 829 798.6 799 795.74 774.5 770.52 742.08 679.52 665.62 645.64 627.32 646.58 646.04 643.82 679.96 685.9 701.24 673.66 693.4 687.6 730.02 781.28 818.6 854.12 929.58 943.88 1030.94 1018.44 1059.3 1115.12 1118.96 1135.94 1288.86 1370.48 1341.38 1360.18 1388.68 1434.64 1488.54 1532.08 1533.46 1515.02 1491.8 1458.72 1404.98 1336.7 1238.68 1158.62 1087.32 985.34 910.04 855.8 823.28 808.22 797.56 797.28 824.18 839.48 850.64 852.94 868.92 876.96 902.22 957.94 1016.88 1114.16
656.16 689.2 641.38 577.58 590.68 576.44 694.28 797.18 835.82 825.88 817.52 856.56 870.68 862.42 808.32 775.48 755.34 727.1 729.86 699.32 709.14 729.02 743.08 766.16 887.28 837.4 722.1 738.78 767.24 795.08 803.6 850.02 907.36 956.06 977.4 1029.1 1057.1 1123.62 1134.6 1252.32 1342.28 1499.04 1430.02 1398.2 1373.08 1371.82 1365.68 1442.04 1450.16 1454.88 1417.52 1389.56 1356.34 1334.42 1276.64 1167.74 1085.74 1004.94 925.98 851.16 780.48 747.7 743.7 750.66 776.34 796.6 802.66 822.38 835.58 866.2 906.18 940.68 999.72 1060.14 1154.78
627.76 725.74 780.1 802.48 723.28 747.68 812.28 998.56 991.92 864.66 911.12 979.38 1077.28 1015.8 937.3 927.82 898.78 902.64 811 778.28 767.32 802.4 853.46 854.1 864.26 1005.84 896.34 797.14 813.38 841.9 902.4 951 979.5 977.64 972.44 1047.72 1183.84 1251.58 1165.7 1363.2 1404.48 1467.42 1462.52 1424.6 1383 1360.08 1347.42 1346.82 1366.4 1350.38 1323.62 1302.84 1262.7 1266.16 1191.76 1093.76 1002.12 916.36 843.24 783.22 719.92 695.88 691.98 716.2 751.1 770.14 784.74 804.46 826.02 854.86 908.38 953.18 1023.88 1093.3 1179.12
788.56 789.6 765.14 830.36 793.66 833.7 971.24 957.68 1088.04 1062.44 1126.62 1212.6 1254.38 1241.38 1137.16 1100.18 1092.84 1005.8 965.5 882.16 900.92 930.74 929.92 1003.1 1027.82 1208.92 1099.86 947.56 909.12 928.86 973.74 929.08 952.98 1052.6 1046.68 1036.64 1215.94 1295.58 1170.46 1378.32 1378.14 1385.38 1410.9 1390.2 1365.06 1333.8 1313.2 1287.76 1274.48 1257.26 1231.4 1202.32 1189.64 1147.08 1073.82 989.58 899.9 822.64 763.14 700.08 658.26 633.86 672.8 694.2 727.76 756.84 775.22 780.9 815.22 861.26 908.56 965.08 1039.08 1102.98 1213.86
1358.74 938.5 966.82 845.7 728.4 740.28 935.18 939.46 1007.56 1075.88 1224.34 1322.18 1323 1348.24 1303.68 1243.5 1239.68 1128.94 1108.28 1011.92 985.06 1016.76 1092.9 1245.66 1657.5 1417.12 1365.58 1186.88 1073.16 1065.92 995.9 990.92 986.12 1087.7 1081.08 1041.46 1185.44 1300.36 1324.54 1320.28 1396.76 1338.92 1332.82 1351.58 1310.92 1267.94 1222.62 1193.22 1185.6 1165.12 1147.66 1101 1103.32 1043.78 972.7 893.58 816.96 756.56 699.92 669.1 645.68 634.5 650.46 682.68 736.36 747.26 754.34 789.44 815.72 854.18 909.12 964.2 1032.02 1151.98 1256.98
2024.28 1945.46 2040.58 2180.24 1693.54 1320.8 1048.98 1046.76 1069.52 1241.84 1262.2 1466.2 1414.28 1502.68 1458.7 1419.76 1487.62 1376.42 1267.82 1201.84 1153.1 1528.1 1658.84 1730.72 1966.74 1849.94 1865.18 1535.54 1326.14 1171.6 1104.08 1072.56 1060.68 1084.68 1123.36 1101.74 1244.04 1367.98 1435.18 1463.9 1407.18 1356.34 1280.08 1304.9 1279.74 1209.46 1146.46 1111.46 1082.54 1076.32 1050.42 1012.66 981.26 928.16 858.86 804.44 743.4 691.62 656.72 635.4 628.64 628.54 647.14 686.08 720.84 731.38 759.22 778.5 827.24 868.14 898.92 957.54 1075.7 1192.42 1337.94
2516.66 2613.2 2874.06 3059.04 2989.9 2604.32 2538.26 2154.98 1421.48 1655.54 1624.56 1479.68 1809.56 1704.56 2093.22 2359.8 1987.44 2231.68 1978.32 1616.22 1833.86 2034.4 2124.68 2140.82 2274.64 2335.92 2249.32 2106.12 1457.72 1701.22 1632.72 1421.74 1203.54 1249.66 1174.6 1213.38 1292.4 1414.2 1436.14 1480.78 1389.56 1365.32 1315.5 1256.96 1230.66 1164.54 1112.34 1047.78 1002.84 999.1 979.62 933.02 897.22 815.8 759.78 728.92 690.76 655.74 614.02 618.2 606.66 626.38 649.64 687.96 716.7 734.5 771.2 786.86 823.7 892.6 957.02 982.3 1094.92 1270.66 1432.4
2334.48 2438.22 2648.5 2831.02 2957.44 2796.36 2250.12 2322.52 2914.72 3357.6 3206.9 2987.24 3200.14 2766.74 2560.3 3079.12 2944.16 2909.1 2590.84 2326.58 2354.4 2245.62 2241.88 2364.06 2446.12 2445.34 2325.26 2211.44 1914.66 1921.1 1989.64 1489.12 1402.76 1306.08 1300.58 1276 1397.12 1480.46 1517.52 1477.86 1426.7 1386.76 1347.36 1298.76 1240.14 1170.5 1107.74 1035.34 968.24 940.94 903.76 860.68 803.74 748.48 695.9 705.56 677.7 616.24 588.24 586.34 608.32 648.32 713.28 754.54 759.72 776.42 798.7 823.56 833.7 900.94 951.22 997.26 1120.68 1317.36 1497.86
2004.46 2027.24 2193.48 2380.8 2466.4 2460.68 2471.94 2429.86 2356.6 2629.3 3276.86 3667.88 3971.8 4012.24 3751.2 3381.26 3172.46 2916.58 2722.82 2464.04 2317.04 2273.3 2249.74 2348.9 2386.44 2126.56 2121.32 2308.28 2231.02 1967.14 2131.34 1715.46 1401.54 1349.5 1339.08 1394.46 1491.7 1564.72 1594.62 1573.64 1495.58 1431.28 1387.1 1334.08 1281.84 1182.5 1095 1016.86 940.94 892.04 822.54 792.14 750.24 700.06 691.32 702.46 696.38 634.12 592.4 590.88 622.72 695.4 779.18 855.74 842.12 845.16 848.62 860.82 913.14 934.02 994.52 1070.28 1201.74 1326.06 1517.18
1880.4 1893.82 1922.86 2008.8 2072.72 2069.5 2028.9 2130.62 2345.56 2754.88 3276.6 3710.04 3915.54 4052.94 3654.34 3223.42 3040 2840.04 2626.84 2576.48 2399.76 2248.42 2251.02 2268.04 2264.8 2139.74 2358.4 2457.54 2474.76 2184.98 2222.56 1742.72 1507.12 1501.42 1486.72 1612.4 1582.66 1524.86 1555.96 1547.22 1459.44 1433.64 1405.38 1389.62 1337.14 1190.6 1077.12 987.62 921.46 853.12 780.66 757.86 716.66 682.16 696.68 766.68 736.94 672.36 638.7 691.88 699.54 776.74 866.74 952.24 944.64 903.12 898.22 921.82 970.14 986.32 1061.08 1165.42 1236.06 1335.62 1271.96
1781.28 1779.18 1759.18 1764.9 1846.44 1935.7 1928.04 1987.18 2175.04 2498.82 2878.02 3189.74 3402.02 3393.12 3262.5 3356.18 3721.96 4205.1 4290.54 3522.3 2713.38 2328.64 2168.3 2303.96 2249.62 2224.1 2446.28 2400.28 2501.02 2410.78 2339.06 1830.82 1637.68 1570.9 1536.3 1603.36 1565.3 1517.88 1490.68 1423.52 1405.46 1380.74 1393.6 1415.2 1398.88 1217.68 1089.92 978.66 898.64 805.86 768.92 742.3 707.1 688.24 705.1 730.72 738.36 728.02 728.9 754.66 817.92 890.78 956.04 992.26 959.64 982.52 987.68 1010.44 1057.38 1084.42 1144.42 1240.92 1272.58 1307.7 1291.54
1723.26 1661.2 1667.36 1708.62 1817.16 1953.14 1982.24 2025.58 2078.76 2265.78 2486.66 2643.66 2888.48 3057.66 3155.84 3603.74 3899.84 4683.98 5210.24 4491.4 3222.36 2186.88 2333.12 2248.26 2222.42 2278.74 2398.86 2478.58 2559.44 2695.82 2230.28 1820.84 1661.02 1548.88 1555.22 1561.54 1522.88 1474.5 1407.42 1333.4 1295.54 1299.96 1358.84 1391.38 1375.06 1236.3 1094.7 961.38 849.04 796.1 777.28 727.84 714.98 685.04 706.2 708.08 791.24 773.98 804.42 880.42 916.5 988.56 1016.16 1070.3 1068.38 1094.12 1102.6 1124.8 1161.04 1205.78 1293.84 1183.52 1181.04 1264.18 1345
1714.72 1658.44 1679.86 1756.56 1872.3 1959.54 2029.84 2102.28 2162.5 2261.22 2360.38 2456.54 2674.4 2850.3 3021.78 3285.72 3484.72 3678.38 4136.46 4001.52 3381.58 2479.98 2089.62 2053.36 2078.86 2232.56 2316.86 2419.88 2524.22 2552.62 2051.96 1895.84 1756.3 1569.58 1531.28 1538.06 1489.36 1421.46 1345.28 1264.12 1209 1243.5 1307.78 1310.06 1255.24 1143.12 1068.9 981.24 906.12 823.78 792.3 756.58 726.96 708.3 739.58 783.78 811.88 854.66 945.78 982.12 1070.88 1105.22 1096.28 1219.8 1249.26 1247.72 1292.48 1268.04 1268.86 1314 1280.86 1135.3 1165.42 1360.96 1437.26
1746.14 1713.78 1733.46 1801.02 1923.26 2008.3 2110.74 2204.7 2262.62 2381.36 2379.6 2392.24 2496.3 2702.42 2843.04 3102.84 3090.54 3080.78 2967.26 3573.8 3352.64 2826.42 2376.06 2034.72 2081.18 2138.86 2229.32 2299.2 2398.24 2402.24 2079.36 1959.6 1779.18 1709.26 1577.32 1560.28 1479.98 1407.28 1328.62 1245.76 1193.54 1153.12 1239.04 1259.22 1221.76 1132.36 1087.46 1031.2 954.36 886.24 856.38 820 784.1 765.58 795.4 889.04 920.5 956.42 1030.84 1175.24 1253.24 1277.16 1331.4 1404.68 1429.3 1427.32 1445.14 1457.64 1443.04 1475.2 1245.2 1350.92 1409.28 -9999 -9999
