data/default-data/raster/climate/pre_9.txt
ncols         720
nrows         360
xllcorner     -180
yllcorner     -90
cellsize      0.5
NODATA_value  -9999
[rows 198 to 230 of 360, columns 375 to 449 of 720]
-9999 -9999 -9999 -9999 -9999 -9999 -9999 -9999 -9999 -9999 -9999 42.14 66.34 85.54 158.12 229.16 330.72 383.8 427.86 465.72 494.22 532.06 553.86 586.76 588.92 589.88 578.84 577.92 573 565.08 544.6 545.04 517.46 493.62 441.46 372.52 315.4 288.74 301.34 234.82 265.94 188.7 144.26 117.24 106.7 95.38 75.38 55.86 36.16 8.86 9.12 16.7 25.72 44.46 58.92 56.2 23.52 94.38 118.58 125.08 144.14 148.14 181.26 192.42 209.54 -9999 -9999 -9999 -9999 -9999 -9999 -9999 -9999 -9999 -9999
-9999 -9999 -9999 -9999 -9999 -9999 -9999 -9999 -9999 -9999 -9999 29.06 61.06 88.1 153.04 234.8 301.48 361.44 382.68 421.4 440.08 459.08 481.02 512.92 512.8 492.84 491.48 489.96 473.04 465.14 456.8 435.6 425.4 390.54 362.44 306.1 280.84 258.86 201.94 174.86 217.34 137.3 116.12 99.94 95.94 93.48 61.92 27.78 18.16 9.28 9.04 11.7 0 14.62 44.18 63.28 44.4 79.82 109.44 100.66 122.9 128.82 142.08 155.16 155.6 -9999 -9999 -9999 -9999 -9999 -9999 -9999 -9999 -9999 -9999
-9999 -9999 -9999 -9999 -9999 -9999 -9999 -9999 -9999 -9999 -9999 45.18 55.28 91.02 182.48 240.8 290.6 316.3 347.04 396.2 414.32 424.16 436.18 446.32 445.76 434.18 422.74 411.26 401.12 374.5 379.02 380.36 369.18 331.18 302.56 282.86 270.38 235.5 166.08 118.74 158.12 95.7 72.14 84.4 78.7 57.96 38.24 18.2 8.12 8.22 9.02 25.08 7.8 16.52 8.22 9.58 41.84 56.26 97.64 119.68 113.7 105.2 114.98 142.02 131.64 143.18 -9999 -9999 -9999 -9999 -9999 -9999 -9999 -9999 -9999
-9999 -9999 -9999 -9999 -9999 -9999 -9999 -9999 -9999 -9999 -9999 -9999 40.82 93.98 187.86 237.24 297.02 299.9 320.7 320.88 339.34 359.48 359 378.66 376.88 355.68 354.28 333.32 322.28 306.84 320.38 323.86 313.04 281.66 262.38 245.12 215.3 183.08 141.2 90.16 96.8 66.22 37.7 41.6 31.28 30.36 28.2 15.48 13.52 7.6 9.14 16.28 36.6 7.8 17.18 28.06 30.58 33.18 71.94 88.08 78.98 83.72 106.6 123.24 111.66 139.26 162.44 -9999 -9999 -9999 -9999 -9999 -9999 -9999 -9999
-9999 -9999 -9999 -9999 -9999 -9999 -9999 -9999 -9999 -9999 -9999 -9999 50.64 97.3 175.7 214.26 259.16 272.62 274.18 283.98 293.2 302.3 311.6 329.54 317.78 306.58 285.66 274.8 266.22 268.86 261.7 265.34 275.4 250.48 220.26 209.18 177.1 152.2 100.7 70.34 50.76 30.78 31.32 20.34 10.34 19.68 16.38 12.88 17.54 8.36 0 20.44 21.58 29.48 23.04 17.68 10.02 32.42 34.94 49.34 56.9 60.84 64.2 93.2 108.9 123.1 -9999 -9999 -9999 -9999 -9999 314.04 -9999 -9999 -9999
-9999 -9999 -9999 -9999 -9999 -9999 -9999 -9999 -9999 -9999 -9999 -9999 26.24 109.72 181.3 199.16 231.34 254.14 256.72 245.74 255.1 264.48 252.6 271.06 259.24 247.66 236.66 227.94 219.04 230.12 232.86 246.22 227.86 200.54 182.8 172.64 132.48 94.62 69.54 40.62 18.54 8.48 22.82 10.48 11.04 10.38 7.76 10.72 5.56 7.32 0 9.96 36.48 11.82 28.96 17.44 9.8 21.12 22.6 33.8 54.46 39.2 53.36 80.66 104.26 115.64 -9999 -9999 -9999 -9999 -9999 324.62 290.02 -9999 -9999
-9999 -9999 -9999 -9999 -9999 -9999 -9999 -9999 -9999 -9999 -9999 8.56 27.14 113.22 147.64 190.92 192.9 225.68 228 217.08 216.02 214.56 213.16 211.6 190.08 188.78 189.28 189.68 190.44 181.22 192.78 226 230.84 199.06 165.68 131.92 101.42 63.04 32.28 22.36 20.06 18.82 12.18 11.62 0 10.62 8.1 6.94 0 0 7.96 0 17.84 10.9 14.1 8.56 19.16 20.66 20.48 30.76 41.32 37.52 34.02 51.14 73.84 98.2 121.06 -9999 -9999 -9999 -9999 -9999 272.26 256.9 231.12
-9999 -9999 -9999 -9999 -9999 -9999 -9999 -9999 -9999 -9999 0 17.38 55.08 86.3 139.1 180.82 172.46 184.46 194.38 184.4 171.66 180.66 179.78 169.48 149.22 150.06 140.48 151.08 151.4 141.62 162.66 195.64 198.86 227.36 168.5 115.16 83.26 43.42 23.02 13.44 6.6 19.88 25.46 12.32 12.18 11.66 10.18 11.64 0 0 8.2 8.96 15.86 0 6.8 25.42 37.48 28.04 18.72 28.1 28.26 36.64 32.02 39.4 48.4 56.24 91.44 -9999 -9999 -9999 -9999 -9999 -9999 -9999 -9999
-9999 -9999 -9999 -9999 -9999 -9999 -9999 -9999 -9999 -9999 8.28 26.64 46.62 78 119.12 140.34 162.14 160.56 152.52 141.92 129.74 137.66 135.68 125.12 116.1 117 108.04 108.82 99.62 110.26 119.14 140.7 211.96 257.56 192.08 130.62 63.02 40.98 16.58 8.98 9.7 11.38 27.18 28.44 13.66 13.38 14.88 0 0 0 8.84 0 16.14 0 11.14 25 25.28 25.48 25.68 25.8 35 26.64 31.74 23.12 38.2 53.66 68.9 -9999 -9999 -9999 -9999 -9999 -9999 -9999 -9999
-9999 -9999 -9999 -9999 -9999 -9999 -9999 -9999 -9999 0 25.46 45.12 37.98 88.3 109.08 109.34 127.92 126.48 131.88 120.28 109.02 117.02 105.34 104.44 94.6 85.34 76.26 86.42 87.06 87.82 86.76 103.3 178.76 270.2 176.54 115.36 56.44 37.48 19.92 10.66 11.3 12.02 26.52 30.06 29.98 30.28 0 0 0 0 6.98 14.4 24.8 0 9.76 17.9 17.56 25.62 34.46 43.78 25.82 25.68 24.86 31.9 35.6 52.14 54.58 -9999 -9999 -9999 -9999 -9999 -9999 -9999 -9999
-9999 -9999 -9999 -9999 -9999 -9999 -9999 -9999 -9999 0 17.34 36.76 38.54 68.5 77.94 77.14 85.78 94.5 100.32 99.14 97.94 96.6 76.68 66.44 65.86 55.86 46.4 55.72 56.06 57.6 55.44 67.12 105.7 145.08 122.08 88.52 42.64 20.28 20.6 10.92 11.7 12.58 14.04 31.12 28.68 15.92 19.62 23.44 18.64 13.4 8.02 17.66 12.66 31.66 9.16 19.14 37.64 35.96 34 39.92 23.24 22.92 40.68 31.6 43.26 40.4 51.82 -9999 -9999 -9999 -9999 -9999 -9999 -9999 -9999
-9999 -9999 -9999 -9999 -9999 -9999 -9999 -9999 -9999 0 17.22 46.68 67.62 66.86 47.18 46.64 64.62 66.46 69.34 68.6 77.42 77.12 57.52 47.36 46.88 37.16 45.98 36.4 36.6 18.86 35.28 37.62 56.18 65.7 62.52 60.54 35.18 22.62 21.78 11.08 11.92 13.14 0 0 0 13.96 16.78 19.36 20.12 16.36 11 8.72 23.58 24.08 21.88 26.18 55.92 63.22 59.54 55.7 44.6 36.54 45.42 38.54 33.6 47.94 59.1 -9999 -9999 -9999 -9999 -9999 -9999 -9999 -9999
-9999 -9999 -9999 -9999 -9999 -9999 -9999 -9999 -9999 0 0 26.3 46.16 36.74 27.28 36 26.82 47.74 58.84 58.2 48.18 39.16 48.76 38.58 38.18 37.6 27.68 27.38 27.78 18.68 16.06 20.22 35.44 33.04 37.88 39.8 25.48 24.54 11.74 11.36 11.5 12.82 27.36 12.82 11.94 0 13.16 0 16.18 0 0 9.1 33.14 30.5 36.88 48.8 72.02 99.5 78.24 81.58 70.3 62.96 54.96 46.22 48.94 36.34 37.48 -9999 -9999 -9999 -9999 -9999 -9999 -9999 -9999
-9999 -9999 -9999 -9999 -9999 -9999 -9999 -9999 0 0 0 7.92 25.16 26.12 17.5 8.7 26.32 38.5 38.8 19.16 38.32 29.58 29.96 29.62 29.26 19.2 18.86 18.8 19.06 18.94 18.1 15.42 18.98 21.96 25.82 28.16 27.76 13.36 12.18 10.66 12.22 10.9 0 0 0 0 0 0 0 0 0 11.92 31.1 43.82 45.46 86.38 123.42 121.74 110.04 105.22 85.92 75.32 49.06 56.3 40.26 43.48 -9999 -9999 -9999 -9999 -9999 -9999 -9999 -9999 -9999
-9999 -9999 -9999 -9999 -9999 -9999 -9999 -9999 0 0 0 22.14 22.5 24.14 8.34 8.24 17.58 19.38 9.66 9.6 9.58 9.86 20.24 30.32 29.88 19.62 19.22 19.28 19.24 19.24 19.22 18.8 19.12 21.78 26.32 29.76 14.72 13.52 13.62 12.98 13.44 10.62 0 10.1 9.56 0 0 0 0 9.68 10.12 21.24 22.12 52.34 69.66 131.22 184.28 155.76 134.54 116.64 88.1 68.56 58.86 57.62 40.74 16.66 -9999 -9999 -9999 -9999 -9999 -9999 -9999 72.7 51.78
-9999 -9999 -9999 -9999 -9999 -9999 -9999 -9999 0 7.4 6.94 6.9 21.62 21.64 15.3 15.7 0 18.9 9.42 9.44 9.48 9.78 10.02 20.58 20.2 19.8 19.86 19.86 19.98 19.76 19.14 17.98 16.84 19.5 26.1 30.74 28.04 24.52 25.18 13.46 0 0 0 9.06 39.08 18.94 25.78 7.24 7.04 16.46 28.26 30.78 42.66 63.34 85.24 108.72 148.42 148.68 130.86 114.08 89.94 79.32 69.2 58.94 32.94 -9999 -9999 -9999 -9999 -9999 -9999 -9999 -9999 60.9 41.56
-9999 -9999 -9999 -9999 -9999 -9999 -9999 -9999 0 7.52 21.24 13.32 6.86 7.06 6.8 15.2 0 9.22 18.44 9.3 9.48 9.72 19.86 20.4 20.36 20.44 20.7 30.78 29.92 29.5 26.92 17.06 16.06 23.5 22.94 30.32 28.88 24.22 10.3 0 0 0 10.88 18.84 35.82 51.9 29.5 15.82 33.56 49.94 62.56 79.84 92.26 84.36 103.28 120.12 136.9 147.08 142.84 123.96 98.78 81.32 52.86 -9999 -9999 -9999 -9999 -9999 -9999 -9999 18.68 -9999 49.2 30.2 40.92
-9999 -9999 -9999 -9999 -9999 -9999 -9999 -9999 0 8.52 23.96 15.1 14.46 14.94 7.62 9.78 8.6 9.16 9.06 9.16 9.18 9.42 19.44 19.82 21.06 21.22 31 40.34 29.52 18.12 17.22 16.26 15.54 15.94 11.42 14.34 26.24 9.44 10.22 11.46 11.38 11.46 11.14 20.36 29.52 31.08 55.8 53.38 56.64 57.88 97.2 105.26 122.44 114.52 129.62 134.84 142.32 149.68 154.86 127.7 93.28 -9999 -9999 -9999 -9999 -9999 -9999 -9999 -9999 -9999 -9999 -9999 29.26 39.62 50.56
-9999 -9999 -9999 -9999 -9999 -9999 -9999 -9999 0 10.64 20.58 9.98 19.16 9.32 9.48 13.26 11.08 9.64 9.62 9.7 9.74 9.9 20.66 18.86 19.88 29.26 28.96 28.52 37.38 26.32 34.72 17 16.58 19.2 26.34 11.16 18.38 19.06 10.46 21.86 21.76 22.04 33.54 21.98 30.66 32.5 65.18 72.24 72.7 109.98 181.2 133.08 142.34 150.68 153.86 158.12 155.1 153.72 164.22 -9999 -9999 -9999 -9999 -9999 -9999 -9999 -9999 -9999 -9999 -9999 -9999 -9999 39.26 49.9 40.44
-9999 -9999 -9999 -9999 -9999 -9999 -9999 -9999 -9999 0 12.74 12.2 12.06 22.94 12.28 13.42 11.94 10.68 20.46 20.24 20.58 20.88 18.42 17.5 17.16 25.48 25.5 36.24 36.48 36.74 27.28 35.6 17.26 33.74 20.82 21.84 14.66 26.7 20.4 31.94 42.74 43.26 43.84 41.8 49.36 65.28 84.36 77.18 83.88 125.56 201.56 142.42 150.12 154.6 167.6 181.88 170.88 162.86 -9999 -9999 -9999 -9999 -9999 -9999 -9999 -9999 -9999 -9999 -9999 -9999 -9999 -9999 -9999 40.12 40.66
-9999 -9999 -9999 -9999 -9999 -9999 -9999 -9999 -9999 -9999 0 14.76 14.3 13.8 13.96 26.92 25.6 11.42 31.44 32.82 20.1 18.1 16.08 16.1 16.76 26.5 27.24 26.9 35.78 35.4 38.02 28.02 28.8 19.48 23.58 15.12 22.72 25.14 29.02 41.38 51.32 61.56 52.36 68.4 65.42 73.32 92.42 102.62 94.18 126.18 162.32 141.96 165.1 179.92 202.22 197.74 162.94 -9999 -9999 -9999 -9999 -9999 -9999 -9999 -9999 -9999 -9999 -9999 -9999 -9999 -9999 -9999 -9999 40.34 51.1
-9999 -9999 -9999 -9999 -9999 -9999 -9999 -9999 -9999 -9999 14.82 15.16 15.62 32.52 17.9 16.64 28.22 34.3 31.08 38.94 31.84 26.06 15.82 16.94 17.44 27.28 28.52 36.5 34.9 34.04 36.28 48.54 37.14 25.8 32.82 22.46 23.14 24.62 45.34 49.64 60.54 69.92 79.04 95.24 101.14 87.58 115.64 126.48 131.52 137.32 167.9 148.92 149.3 187.02 233.68 180.72 -9999 -9999 -9999 -9999 -9999 -9999 -9999 -9999 -9999 -9999 -9999 -9999 -9999 -9999 -9999 -9999 -9999 30.38 61.6
-9999 -9999 -9999 -9999 -9999 -9999 -9999 -9999 -9999 -9999 -9999 0 0 15.3 17.04 15.74 13.6 10.84 31.6 29.2 26.86 25.46 24.1 25.76 26.54 27.68 27.74 36.2 34.56 32.36 39.86 43.02 44.58 42.26 33.02 29.28 22.7 40.4 51.62 66.48 77.78 70.38 68.72 81.94 96.08 85.58 104.9 106.68 141.9 137.52 175.3 150.04 161.04 188.86 200.8 -9999 -9999 -9999 -9999 -9999 -9999 -9999 -9999 -9999 -9999 -9999 -9999 -9999 -9999 -9999 -9999 -9999 -9999 30.58 61.68
-9999 -9999 -9999 -9999 -9999 -9999 -9999 -9999 -9999 -9999 -9999 0 0 14.26 15.26 14.24 24.3 19.98 19.28 34.66 31.92 15.48 25.7 26.6 18.1 27.32 27.06 35.76 33.92 31.46 31.2 38.88 38.62 32.62 30.84 31.44 31.52 31.86 49.7 79.58 73.74 54.46 51.74 67.84 91.62 100.96 102.94 114.1 125.7 137.28 152.46 149.58 163.98 159.72 177.94 158.68 -9999 -9999 -9999 -9999 -9999 -9999 -9999 -9999 -9999 -9999 -9999 -9999 -9999 -9999 -9999 -9999 60.3 30.3 60.84
-9999 -9999 -9999 -9999 -9999 -9999 -9999 -9999 -9999 -9999 -9999 -9999 0 0 12.26 12.86 25.7 20.04 17.28 30.02 21.98 22.64 16.32 27.36 36.76 35.98 34.84 34.38 33.28 42.32 42.56 42.04 41.44 40.12 32.36 42.34 42.48 51.6 68.3 66.28 67.44 67.32 58.16 74.46 83.38 100.16 101.06 124.08 128.28 134.7 150.18 139.6 149.52 158.86 136.12 151.96 -9999 -9999 -9999 -9999 -9999 -9999 -9999 -9999 -9999 -9999 -9999 -9999 -9999 -9999 -9999 108.52 19.88 29.96 40.1
-9999 -9999 -9999 -9999 -9999 -9999 -9999 -9999 -9999 -9999 -9999 -9999 0 8.46 9.8 10.28 19.76 17.96 24.12 29.58 38.54 36.18 26.5 36.76 35.64 35 34.28 33.62 35.62 44.68 44.08 42.62 41.54 49.18 40.9 50.24 43.8 51.08 64.64 73.32 97.16 78.82 69.68 75.62 82.94 100.06 112.1 114.86 128.36 119.08 126.54 128.08 137.32 147.5 127.78 106.8 -9999 -9999 -9999 -9999 -9999 -9999 -9999 -9999 -9999 -9999 -9999 -9999 -9999 -9999 -9999 156.14 19.66 39.36 69.14
-9999 -9999 -9999 -9999 -9999 -9999 -9999 -9999 -9999 -9999 -9999 -9999 -9999 0 10.1 9.86 7.18 6.88 14.22 19.92 30.02 30.86 37.12 49.64 43.92 40.68 32.48 32.4 35.3 45.22 44.22 43 50.28 49.14 48.46 50.56 43.4 42.46 53.18 75.8 102.74 89.74 63.04 65.88 84.54 123.7 147.34 135.84 113.5 123.3 132.32 134.34 143.5 142.86 133.54 124.96 154.76 -9999 -9999 -9999 -9999 -9999 -9999 -9999 -9999 206.84 -9999 -9999 -9999 -9999 -9999 28.82 29.06 38.9 78.22
-9999 -9999 -9999 -9999 -9999 -9999 -9999 -9999 -9999 -9999 -9999 -9999 -9999 0 0 0 6.7 13.56 19.62 28.36 22.76 34.16 49.88 50.62 44.86 40.1 39.7 33.18 35.08 45.56 44.48 43.52 42.28 49.4 56.58 49.74 60.06 41.92 58 73.6 92.02 88.44 70.78 72.98 118.34 193.3 206.68 144.86 108.6 110.16 128.28 141.28 158.62 167.26 175.04 178.18 184.52 -9999 -9999 -9999 -9999 -9999 -9999 -9999 -9999 -9999 -9999 -9999 -9999 -9999 -9999 256.94 38.24 77.02 116.44
-9999 -9999 -9999 -9999 -9999 -9999 -9999 -9999 -9999 -9999 -9999 -9999 -9999 0 0 0 0 7.1 16.92 16.28 26.54 29.26 30.44 39.72 43.78 40.22 40.42 33.9 35.86 45.68 44.62 43.58 51.1 58.18 72.88 73.44 67.14 48.68 69.86 55.56 72.4 81.08 86.18 107.96 145.48 221.34 182.9 114.32 99.1 106.86 134.46 149.5 166.64 191.66 213.72 237.1 -9999 -9999 -9999 -9999 -9999 -9999 -9999 -9999 -9999 -9999 -9999 -9999 -9999 -9999 -9999 303 57 105.18 173.42
-9999 -9999 -9999 -9999 -9999 -9999 -9999 -9999 -9999 -9999 -9999 -9999 -9999 -9999 0 0 0 25.5 18.4 17.9 17.44 20.3 29.6 36.96 43.2 32.98 34.16 35.34 36.6 36.66 35.88 43.78 59.84 83.56 89.9 96.62 89.9 70.32 70.68 68.56 89.82 94.76 102.5 117.84 134.86 191.78 164.46 131.94 99.7 106.78 133.14 176.36 202.84 240.94 260.34 290.2 -9999 -9999 -9999 -9999 -9999 -9999 -9999 -9999 -9999 -9999 -9999 -9999 -9999 -9999 -9999 -9999 123.6 171.6 220.46
-9999 -9999 -9999 -9999 -9999 -9999 -9999 -9999 -9999 -9999 -9999 -9999 -9999 -9999 0 0 7.44 26.66 18.12 18.82 9.68 10.6 19.26 25 24.16 34.98 27 37.06 28.38 37.62 36.44 53 77.28 92.08 114.68 136.64 129.54 63.48 70.86 83.9 105.16 105.66 128.28 137.58 145.9 146.44 121.1 111.96 90.84 131.52 167.7 212.88 237.96 284.54 310.68 323.66 -9999 -9999 -9999 -9999 -9999 -9999 -9999 -9999 -9999 -9999 -9999 -9999 -9999 -9999 -9999 -9999 210.08 239.52 288.92
-9999 -9999 -9999 -9999 -9999 -9999 -9999 -9999 -9999 -9999 -9999 -9999 -9999 -9999 0 7.64 16.84 17.9 21.92 15.06 9.14 10.54 18.14 15.72 15.78 27.04 37.14 37.78 38.4 29.06 47.82 55.24 71.4 86.48 117.56 131.38 151.16 119.66 117.78 107.48 113.78 121.84 128.58 144.84 144.38 125.46 162.14 150.14 154.82 169.04 206.58 247.68 309.74 329.96 359.02 308 -9999 -9999 -9999 -9999 -9999 -9999 -9999 -9999 -9999 -9999 -9999 -9999 -9999 -9999 -9999 -9999 460.46 327.36 377.14
-9999 -9999 -9999 -9999 -9999 -9999 -9999 -9999 -9999 -9999 -9999 -9999 -9999 -9999 8.82 8.52 18.22 30.06 36.6 13.26 18.06 8.6 8.44 7.58 8.1 28.5 28.8 38.76 39.24 29.72 39.44 38.82 56.14 99.34 113.8 147.22 145.12 148.14 165.32 158.06 127.08 127.72 154.68 176.22 173.96 237.22 268.1 223.24 198.02 208.48 255.66 323.88 342.5 -9999 -9999 -9999 -9999 -9999 -9999 -9999 -9999 -9999 -9999 -9999 -9999 -9999 -9999 -9999 -9999 -9999 -9999 -9999 -9999 532.18 446.9
