data/default-data/raster/climate/pre_4.txt
ncols         720
nrows         360
xllcorner     -180
yllcorner     -90
cellsize      0.5
NODATA_value  -9999
[rows 198 to 230 of 360, columns 592 to 665 of 720]
-9999 -9999 1448 -9999 -9999 -9999 1716.76 1881.2 1929.2 -9999 -9999 -9999 -9999 -9999 -9999 -9999 685.14 669.52 674.62 1271.34 1312.6 -9999 -9999 -9999 -9999 -9999 -9999 -9999 -9999 -9999 -9999 -9999 -9999 -9999 -9999 -9999 -9999 -9999 -9999 -9999 -9999 -9999 -9999 -9999 -9999 -9999 -9999 -9999 -9999 2465.04 2471.28 1871.58 2371.58 2989.56 2764.46 -9999 -9999 -9999 -9999 -9999 -9999 2470.88 1723.26 2446.08 2348.36 1863.62 2760.68 -9999 2905.84 3030.04 -9999 -9999 -9999 3424.1
-9999 -9999 -9999 -9999 -9999 -9999 2237.96 1951.28 1489.8 1641.5 -9999 -9999 -9999 -9999 -9999 736.06 800.06 648.72 1058.82 -9999 -9999 -9999 -9999 -9999 -9999 -9999 -9999 -9999 -9999 -9999 -9999 -9999 -9999 -9999 -9999 -9999 -9999 -9999 -9999 -9999 -9999 -9999 -9999 -9999 -9999 -9999 -9999 -9999 -9999 -9999 -9999 -9999 -9999 -9999 -9999 -9999 -9999 -9999 -9999 -9999 -9999 -9999 2519.9 2425.22 2207.94 2080.26 2513.14 1993.68 2808.6 2913.52 3140.96 -9999 -9999 -9999
-9999 -9999 -9999 -9999 -9999 -9999 -9999 -9999 1287.54 1421.9 -9999 997.72 -9999 -9999 883.46 738.52 935.74 957.04 -9999 -9999 -9999 -9999 -9999 -9999 -9999 -9999 -9999 -9999 -9999 -9999 -9999 -9999 -9999 -9999 -9999 -9999 -9999 -9999 -9999 -9999 -9999 -9999 -9999 -9999 -9999 -9999 -9999 -9999 -9999 -9999 -9999 -9999 2112.72 -9999 -9999 -9999 -9999 -9999 -9999 -9999 -9999 -9999 -9999 2545.88 2559.1 1865.12 2285.98 2457.96 2495.26 2940.88 3034.96 -9999 -9999 -9999
-9999 -9999 -9999 -9999 -9999 -9999 -9999 -9999 -9999 -9999 -9999 848.66 -9999 804.06 801.8 -9999 -9999 -9999 -9999 -9999 -9999 -9999 -9999 -9999 -9999 -9999 -9999 -9999 -9999 -9999 -9999 -9999 -9999 1504.08 -9999 -9999 -9999 -9999 -9999 -9999 -9999 -9999 -9999 -9999 -9999 -9999 -9999 -9999 -9999 -9999 -9999 1766.06 1946.62 2168.92 -9999 -9999 -9999 -9999 -9999 -9999 -9999 -9999 -9999 -9999 -9999 -9999 -9999 -9999 2746.82 2881.16 -9999 3074.96 -9999 3157.28
-9999 -9999 -9999 -9999 -9999 -9999 -9999 -9999 -9999 -9999 -9999 -9999 -9999 -9999 -9999 -9999 -9999 -9999 -9999 -9999 -9999 -9999 -9999 -9999 -9999 -9999 -9999 -9999 1133.64 1170.1 1236.08 1266.28 1276.42 1361.8 1397.14 1450.04 -9999 -9999 -9999 -9999 1734.38 1780.02 -9999 -9999 -9999 -9999 -9999 -9999 -9999 -9999 -9999 -9999 1892.9 2307.46 -9999 -9999 -9999 -9999 -9999 -9999 -9999 -9999 -9999 -9999 -9999 -9999 -9999 -9999 -9999 -9999 -9999 -9999 -9999 -9999
-9999 -9999 -9999 -9999 -9999 -9999 -9999 -9999 -9999 -9999 -9999 -9999 -9999 -9999 -9999 -9999 -9999 -9999 -9999 -9999 -9999 -9999 -9999 -9999 -9999 -9999 -9999 -9999 1041.7 1075.86 1100.4 1114.46 1161.06 1064.66 1144.82 1272.98 1327.58 1362.72 1447.94 1522.22 1593.68 1623.58 -9999 -9999 -9999 -9999 -9999 -9999 -9999 -9999 -9999 -9999 1909.38 2271.48 2270.14 -9999 -9999 -9999 -9999 -9999 -9999 -9999 -9999 -9999 -9999 -9999 -9999 -9999 -9999 -9999 -9999 -9999 -9999 -9999
-9999 -9999 -9999 -9999 -9999 -9999 -9999 -9999 -9999 -9999 -9999 -9999 -9999 -9999 -9999 -9999 -9999 -9999 -9999 -9999 -9999 -9999 -9999 -9999 -9999 -9999 -9999 -9999 -9999 896.52 958.98 930.78 903 885.76 960.42 1094.74 1217.22 1181.2 1233.26 1335.38 1409.24 1458.06 1532.98 -9999 -9999 -9999 -9999 -9999 -9999 -9999 -9999 1653.54 1878.1 2237.94 2579.46 -9999 -9999 -9999 -9999 -9999 -9999 -9999 -9999 -9999 -9999 -9999 -9999 -9999 -9999 -9999 -9999 -9999 -9999 -9999
-9999 -9999 -9999 -9999 -9999 -9999 -9999 -9999 -9999 -9999 -9999 -9999 -9999 -9999 -9999 -9999 -9999 -9999 -9999 -9999 -9999 -9999 -9999 -9999 -9999 -9999 -9999 -9999 780.62 841.82 794.6 787.96 760.1 763.44 867.5 988.2 1056.16 1108.46 1207.26 1301.42 1384.82 1444.74 -9999 -9999 -9999 -9999 -9999 -9999 -9999 -9999 -9999 1524.78 1713.92 2019.2 2530.7 2197.64 -9999 -9999 -9999 -9999 -9999 -9999 -9999 -9999 -9999 -9999 -9999 -9999 -9999 -9999 -9999 -9999 -9999 -9999
-9999 -9999 -9999 -9999 -9999 -9999 -9999 -9999 -9999 -9999 -9999 -9999 -9999 -9999 -9999 -9999 -9999 -9999 -9999 -9999 -9999 -9999 -9999 -9999 -9999 -9999 -9999 687.82 723.48 714.48 684.34 669.4 661.04 692.78 746.96 852.8 938.34 1041.46 1156.44 1273.18 1370.44 1358.02 -9999 -9999 -9999 -9999 -9999 -9999 -9999 -9999 -9999 1308.26 1414.7 1549.08 1787 1838.62 -9999 -9999 -9999 -9999 -9999 -9999 -9999 -9999 -9999 -9999 -9999 -9999 -9999 -9999 -9999 -9999 -9999 -9999
-9999 -9999 -9999 -9999 -9999 -9999 -9999 -9999 -9999 -9999 -9999 -9999 -9999 -9999 -9999 -9999 -9999 -9999 -9999 -9999 615.68 619.62 631.04 629.74 -9999 -9999 -9999 614.62 616.6 586.28 559.54 524.5 544.64 569.42 632.64 719.2 840.22 964.4 1086.7 1210.78 1286.9 1296.78 -9999 -9999 -9999 -9999 -9999 -9999 -9999 -9999 -9999 1080.66 1077.18 1062.86 1094.16 1488.84 -9999 -9999 -9999 -9999 -9999 -9999 -9999 -9999 -9999 -9999 -9999 -9999 -9999 -9999 -9999 -9999 -9999 -9999
-9999 -9999 -9999 -9999 -9999 -9999 -9999 -9999 -9999 -9999 -9999 -9999 -9999 -9999 -9999 -9999 -9999 -9999 527.28 544.88 575.24 581.46 562.74 553.1 -9999 -9999 511.88 521.56 505.92 490.02 449.76 405.12 412.08 450.1 509.54 605.64 712.02 828.48 967.38 1109.7 1159.98 1252.26 1142.16 -9999 -9999 -9999 -9999 -9999 -9999 -9999 -9999 865.56 856.86 843 912.66 1207.88 1513.8 1756.6 -9999 -9999 -9999 -9999 -9999 -9999 -9999 -9999 -9999 -9999 -9999 -9999 -9999 -9999 -9999 -9999
-9999 -9999 -9999 -9999 -9999 -9999 -9999 -9999 -9999 -9999 -9999 -9999 -9999 -9999 -9999 -9999 -9999 461.44 556.1 562.22 538.84 513.16 506.76 472.4 473.98 427.82 417.3 430.4 416.8 367.58 342.38 321.92 313.34 350.88 390.16 474.38 584.8 692.58 832.52 904.64 -9999 -9999 -9999 -9999 -9999 -9999 -9999 -9999 -9999 -9999 -9999 690.38 666.7 703.96 796.94 1041.34 1330.58 1668.38 1958.06 -9999 -9999 -9999 -9999 -9999 -9999 -9999 -9999 -9999 -9999 -9999 -9999 -9999 -9999 -9999
-9999 -9999 -9999 -9999 -9999 -9999 -9999 -9999 -9999 -9999 -9999 -9999 -9999 -9999 -9999 -9999 414.74 576.64 553.34 512.62 454.46 429.54 410.2 408.22 376.1 365.24 360.34 340.8 319.96 283.08 249.36 246.24 242.14 263.78 305.34 379.76 489.02 591.12 696.22 803.32 858.66 -9999 -9999 -9999 -9999 -9999 -9999 -9999 -9999 -9999 -9999 527.38 537.26 569.88 653.02 834.12 1120.32 1518.66 2031.06 -9999 -9999 -9999 -9999 -9999 -9999 -9999 -9999 -9999 -9999 -9999 -9999 -9999 -9999 -9999
-9999 -9999 -9999 -9999 -9999 -9999 -9999 -9999 -9999 -9999 -9999 -9999 -9999 -9999 -9999 -9999 383.08 516.84 516.14 446.08 389.3 361.24 351.12 325.14 305.58 298.2 275.72 254 241.96 219.42 192.2 190.44 194.58 206.5 230.16 299.04 395 486.22 570.18 679.58 745 777.64 724.62 -9999 -9999 -9999 -9999 -9999 -9999 -9999 525.08 422.84 436 467.6 506.78 599.06 856.04 1350.7 1863.34 2210.5 -9999 -9999 -9999 -9999 -9999 -9999 -9999 -9999 -9999 -9999 -9999 -9999 -9999 -9999
-9999 -9999 -9999 -9999 -9999 -9999 -9999 -9999 -9999 -9999 -9999 -9999 -9999 333.22 336.54 374.74 365.8 445.84 411.46 368.22 330.92 316.94 292.02 289.54 256.74 226.7 218.36 198.12 195.66 170.46 158.26 163.6 161.82 191.58 223.54 250.36 314.58 392.44 464.96 541.06 616.6 632.3 628.78 581.32 563.22 -9999 492.48 467.6 -9999 -9999 434.86 354.68 347.62 368.38 407.12 479.72 683.36 1109.86 1575.06 2203.06 -9999 -9999 -9999 -9999 -9999 -9999 -9999 1560.34 1531.92 -9999 -9999 -9999 -9999 -9999
-9999 -9999 -9999 -9999 -9999 -9999 -9999 -9999 -9999 -9999 -9999 -9999 314.26 253.64 289.68 307.12 329.7 349.64 341.98 311.9 289.34 265.82 255.32 240.78 218.78 191.24 163.3 162.8 143.04 144.38 144.46 153.08 152.86 174.62 214.88 229.4 258.52 326.18 388.64 433.32 484.52 511.62 500.74 507.68 497.64 442.18 407.04 389.5 -9999 -9999 309.3 285.78 285.28 312.18 346.3 457.72 654.66 955.16 1437.34 2182.5 2196.26 -9999 -9999 -9999 -9999 -9999 -9999 -9999 -9999 -9999 -9999 -9999 -9999 -9999
-9999 -9999 -9999 -9999 -9999 -9999 -9999 -9999 -9999 -9999 -9999 -9999 230.6 238.4 231.34 244.88 262.38 274.4 282 257.54 243.96 232.92 206.12 192.88 174.68 156.88 139.12 131.28 134.14 122.18 134.92 143.06 151.08 167.7 196.32 207.5 225.96 261.14 296.18 347.58 374.64 385 394.72 403.58 396.38 378.28 349.88 325.52 -9999 290.26 258.46 239.3 235.1 252.62 302.76 394.8 587.04 886.24 1282.1 2066.5 2121.2 -9999 -9999 -9999 -9999 -9999 -9999 -9999 -9999 -9999 -9999 -9999 -9999 -9999
-9999 -9999 -9999 -9999 -9999 -9999 -9999 -9999 -9999 -9999 -9999 -9999 219.48 215.24 201.5 192.54 217.46 239.64 241.52 219.38 208.22 198.48 179.94 184.68 159.34 140.04 135.54 123.28 126.38 121.96 126.24 127.12 142.88 159.7 177.36 200.5 214.76 216.84 239.76 262.32 276.12 297.18 308.34 313.68 313.48 287 260.5 234.92 228.02 220.88 216.38 189.48 181.9 210.78 245.82 311.3 428.72 636.9 942.06 1967.12 2019.6 -9999 -9999 -9999 -9999 -9999 -9999 -9999 -9999 -9999 -9999 -9999 -9999 -9999
-9999 -9999 -9999 -9999 -9999 -9999 -9999 -9999 -9999 -9999 -9999 254.7 223.18 177.36 168.92 170.84 181.3 180.7 193.5 183.82 186.32 176.98 176.04 175.72 153.98 141.5 137.58 133.76 122.14 118.38 129.12 137.38 137.7 154.1 171.9 193.24 201.7 201 198.24 188.38 190.48 213.94 239.34 245.34 242.32 230.44 204.36 182.98 193.96 190.58 163.68 157.08 142.38 160.54 187.96 208.52 265.18 315.92 528.36 1312.88 1985.72 -9999 -9999 -9999 -9999 -9999 -9999 -9999 -9999 -9999 -9999 -9999 -9999 -9999
-9999 -9999 -9999 -9999 -9999 -9999 -9999 -9999 -9999 -9999 -9999 243.12 199.34 175.42 173.54 166.68 167.72 167.56 175.26 182.24 187.26 174.04 173.98 172.48 158.72 154.64 150.44 138.14 134.28 138.04 126.42 140.54 148.94 165.98 182.54 186.02 194.76 175.54 156.24 137.06 142.06 174.96 180.68 177.44 175.04 182.46 177.78 173.6 173.78 157.46 151.5 148.56 137.42 124.16 143.54 131.8 161.38 218.52 415.84 854.4 1436.46 1757.32 -9999 -9999 -9999 -9999 -9999 -9999 -9999 -9999 -9999 -9999 -9999 -9999
-9999 -9999 -9999 -9999 -9999 -9999 -9999 -9999 -9999 -9999 280.32 225.46 191.72 194.52 174.28 165.48 166.56 157.2 166.94 171.6 176.18 177.14 177.28 178.08 164.1 150.6 155.22 142.6 138.68 134.84 138.62 143.66 160.44 178.24 183.88 187.42 196.86 177.52 157.94 136.02 135.78 134.26 143.1 148.54 147.98 143.76 139.52 144.6 163.86 151.82 147.8 152.34 141.84 127.32 115.9 93.42 113.74 190.76 343.26 602.54 723.16 630.92 1324 1354.76 -9999 -9999 -9999 -9999 -9999 -9999 -9999 -9999 -9999 -9999
-9999 -9999 -9999 -9999 -9999 -9999 224.72 228.32 242.22 234.78 226.74 199.54 190.66 170.58 173.24 164.48 155.74 146.9 164.48 159.5 161.76 161.1 170.28 171.18 168.88 164.96 160.24 155.82 160.1 147.5 143.4 154.84 155.1 181.52 185.1 207.68 208.44 188.2 165.04 143.66 124.76 122.4 115.72 120.72 109.86 121.48 134.42 141.74 159.08 167.66 167.62 156.02 154.58 140.3 120.16 97.36 100.9 174.86 291.84 426.7 486.14 436.72 474.06 597.38 1310.66 1394.66 -9999 -9999 -9999 -9999 -9999 -9999 -9999 -9999
-9999 255.6 240.38 220.54 201 201.04 196.84 218.86 227.74 228.6 224.72 211.22 177.94 169.62 172.26 153.26 154.7 148.04 161.34 155.26 164.22 163.58 162.98 173.44 171.6 159.5 174.88 178.98 173.82 169.22 164.68 158.22 175.86 173.68 177.14 190.04 180.8 167.1 153.6 132.06 130.3 119.54 108.9 96.78 104.68 110.02 123.28 129.16 154.16 154.98 171.64 178.14 168.18 155.18 153.66 158.18 150.4 183.16 235.86 331.8 348.46 349.72 351.7 455.78 772.7 1241.66 1134.58 -9999 -9999 -9999 -9999 -9999 -9999 -9999
273.4 189 193.96 189.52 206.08 205.72 211.9 210.4 221.62 219.02 222.72 210.4 177.3 168.86 171.02 152.22 153.66 153.68 157.46 167.36 156.9 166.1 165.46 166.04 174.14 181.1 178.34 184.86 179.8 174.54 161.38 161.48 179.3 184.08 178.32 189.52 178.6 155.74 144.04 138.08 127.46 102.5 97.18 97.64 100.82 112.98 114.66 123.72 140.02 148.84 165.06 187.84 183.88 170.8 189.14 189.46 206.98 193.78 217.34 253.5 276.26 286.54 305.88 440.6 757.4 1170.34 984.66 995.54 -9999 -9999 -9999 -9999 -9999 -9999
194.82 189.02 194.64 206.32 206.36 225.82 215.56 205.94 210.22 217.02 208.4 209.7 176.64 168.26 159.7 161.34 155.3 149.24 150.5 159.98 169.24 158.7 158.1 168.2 176.88 164.46 181.2 178.54 175.78 171.64 175.22 164.68 172.58 185.36 167.84 167.72 157.7 153.48 151.68 135.28 117.48 104.3 98.98 104.84 107.64 124.48 122.34 123.52 131 131.42 134.42 152.98 165.64 186.34 197.48 202.92 213.86 201.76 213.96 226 243.66 256.88 301.16 478.08 690.18 930.68 1290.72 877.6 -9999 -9999 -9999 -9999 -9999 -9999
193.4 195.62 206.44 195.38 232.8 249.56 230.88 218.06 224.34 227.68 206.64 208.9 187.62 178.62 159.04 150.64 161 163.44 162.82 152.2 161.68 151.04 170.54 160.38 169.5 167.04 183.94 171.7 187.9 185.02 190.62 185.76 173.86 174.44 174.2 164.88 155.48 160.68 150.36 133.48 127.2 116.78 116.88 110.66 109.36 112.32 125.2 128.1 135.22 117.92 138.78 143.62 170.52 183.52 201.06 205.16 209.26 204.86 217.4 224.3 227.12 238.68 296.78 447.76 589.48 756.06 858.14 745.96 794.52 -9999 -9999 -9999 -9999 -9999
178.92 206.26 219.08 218.32 272.44 269.36 259.82 262.78 234.9 226.44 205.68 220.9 187.16 189.1 168.96 153.02 156.3 155.5 165.14 164.68 153.8 153.18 162.8 162.42 172 169.6 177.02 184.06 190.9 187.92 185.04 200.36 171.64 171.42 171.24 153 152.64 151.88 159.28 137.94 137.22 124.08 112.96 112.6 112.64 121.78 124.68 129.26 129.3 133.88 135.32 152.84 163.62 197 186.58 198.9 223.6 231.2 229.12 229.98 241.74 238.8 295.06 402.14 518.8 605.78 632.68 614.16 674.06 731.38 -9999 -9999 -9999 -9999
194.14 206.76 210.88 225.86 256.92 288.9 284.78 274.02 247.86 237.16 228.7 219.84 187.32 189.02 168.48 158.64 158.82 158.02 167.74 166.98 156.04 165.82 154.86 174.92 174.52 182.12 189.56 186.82 184.14 190.92 197.16 192.78 164.22 154.98 156.5 157.9 167.18 162.2 153.78 147.66 134.3 124 115.78 107.72 107.72 116.64 109.88 111.5 118.88 136.18 153.3 170.58 187.9 205.28 216.46 233.68 249.18 248.7 255.16 251.06 256.84 265.04 298.18 372.96 437.06 485.64 487.34 470.64 531.6 698.3 -9999 -9999 -9999 -9999
184.92 216.54 220.06 241.7 250.18 268.66 288.34 270.12 256.46 222.68 226.62 206.4 210.86 178.04 172.62 162.72 161.5 160.54 170.36 169.58 158.26 168.22 157.08 177.46 177 184.76 172.06 179.6 196.62 193.24 189.04 190.36 167.62 157.88 148.9 149.98 153.66 167.9 167.26 153.3 135.84 136.02 127.6 119.16 119.16 119.2 120.72 113.28 120.88 129.38 155.12 172.16 189.22 219.86 245 294.62 295.74 289.32 275.6 267.2 270.92 266.44 302.3 334.52 384.16 399.98 394.88 396.38 443.26 688.38 633.08 -9999 -9999 -9999
187.66 217.12 235.48 225.22 241.36 264.14 275.02 272.9 252.48 227.38 223.3 215.4 197.7 188.18 177.9 177.12 175.88 174.66 173.38 161.46 171.36 159.84 159.36 169.3 168.94 176.92 184.84 172.1 188.76 182.58 193.24 184.72 171.08 160.46 141.96 143.82 148.72 172.46 165.2 147.78 139.06 139.02 130.3 121.48 121.58 112.8 122.68 123.92 131.14 137.92 146.26 171.94 193.66 230.98 249.02 267.14 299.88 291.88 286.72 262.5 266.24 274.92 292.58 325.04 342.3 352.9 348.44 343.58 378.3 468.78 542.44 673.2 -9999 -9999
202.78 221.62 235.3 227.64 243.56 238.8 274.42 260.24 240.9 234.82 211.1 223.96 207.42 191.28 179.5 167.64 178.16 177.36 176.64 153.7 163.46 162.38 172.36 161.02 171.26 168.92 177.12 182.66 175.3 177.4 178.46 187.04 174.48 161.6 153.54 147.36 149.88 164.78 167.46 159.44 150.64 132.84 132.82 115.06 115.04 106.18 115.66 125.36 132.74 139.72 154.86 167.64 197.04 224.7 239.42 260.94 271.76 290.38 285.42 275.6 272.32 276.08 305.06 307.82 299.96 305.18 324 330.48 348.4 365.42 431.5 672.06 763.18 839.74
198.06 194.6 206.24 208.8 237.4 240.26 259.84 246.28 241.16 234.84 228.74 209.02 205.38 204.6 192.54 191.76 179.74 178.92 155.98 155.34 165.72 154.02 175.34 163.36 173.54 181.74 164.54 167.98 180.56 182.68 175.22 176.2 174.26 163.16 155.64 156.06 151.6 166.62 160.06 151.84 134.6 126.26 117.34 126.28 117.26 117.3 117.56 126.74 125.38 132.14 153.04 164.18 175.92 201.4 214.64 255.52 268.62 259.94 247.98 273.26 281.86 299.4 294.56 296.14 288.14 301.06 312.48 308.32 321.86 347.16 397 523.44 640.76 800.08
188 188.84 200.7 203.84 233.18 233.98 258.66 231.88 228.62 235.04 228.82 222.78 218.84 195.04 182.7 193.28 181.04 180.32 157.12 156.36 155.76 154.94 154.7 176.14 175.02 159.26 173.84 167.32 170.14 172.24 165.12 158.06 162.1 164.38 157.14 150.18 148.96 160.1 152.46 144.12 135.76 136.36 118.72 119.28 119.46 110.24 119.32 109.86 116.92 139.4 143 154.34 164.62 179.28 206.62 238.5 266.32 255.68 232.4 226.48 272.38 298.8 302.08 284.78 284.7 296.34 304.76 300.9 294.92 307.58 354.04 431.98 587.26 824.18
