data/default-data/raster/climate/pre_8.txt
ncols         720
nrows         360
xllcorner     -180
yllcorner     -90
cellsize      0.5
NODATA_value  -9999
[rows 99 to 131 of 360, columns 150 to 224 of 720]
389.34 424.18 425.62 472.8 527.96 536.7 577.98 619.26 663.36 706.44 737.34 772.92 779.54 827.14 850.58 927.46 993.72 1035.38 991.72 1054.4 1073.84 1040.92 1011.94 980.42 948.28 919.44 869.04 869.06 937.9 912.34 866.04 895.5 933.82 977.06 969.48 972.4 972.84 906.66 854.52 851.7 823.48 851.8 828.76 837.86 896.84 940.5 965.54 916.74 929.14 935.08 971.6 987.5 957.42 850.82 802.04 803.38 806.84 901.88 993.7 1055.6 1075.08 1144.88 1057.48 -9999 -9999 -9999 -9999 -9999 -9999 -9999 -9999 -9999 -9999 -9999 -9999
472.78 513.32 476.86 502.82 502.02 525.6 522.06 614.54 671.76 711.48 747.76 749.96 770.42 795.62 829.18 912.74 970.48 1012.76 1021.94 1027.36 1026.08 1008.68 971.28 959.34 964.64 941.9 902.48 921.52 849.56 873.16 844.32 910.26 916 893.94 975.54 973.24 980.92 892.16 933.44 881.78 855.9 829.08 863.62 913.92 965.54 972.58 975.26 955.94 1030.9 1061.48 1018.26 1025.46 867.44 823.72 798.8 844.48 833.68 909.16 924.86 1012.74 1200.18 1144.9 -9999 -9999 -9999 -9999 -9999 -9999 -9999 -9999 -9999 -9999 -9999 -9999 -9999
675.1 603.66 543.86 522.44 525.94 532.98 532.52 575.9 643.9 717.46 740.04 727.16 761.54 782.78 848.96 885.26 893.44 955.82 1024.68 1030.42 986.64 967.42 936.72 918.54 937.66 944.5 877.04 872.18 818.64 786.56 837.8 836 808.6 816.06 885.56 923.22 957 915.9 897.32 916.7 871.28 865 911.16 974.74 1012.34 998.2 968.72 973.26 1083.04 1096.24 1122.64 997.02 834.84 818.88 889.42 892.2 904.88 937.48 982.26 1042.2 1064.82 1029.88 -9999 -9999 -9999 -9999 -9999 -9999 -9999 -9999 -9999 -9999 -9999 -9999 -9999
741.04 564.54 526.02 497.98 517.96 567.22 573.72 582.28 636.8 688.52 718.14 722.32 774.7 817.08 840.96 877.68 908.3 980.68 1013.2 986.64 940.92 933.52 959.7 933.74 873.08 830.34 808.1 792.14 760.78 733.38 764.08 734.46 769.88 813.16 884.04 956.64 938.06 938.54 944.9 930.16 892.72 898.38 955.94 978.96 996.34 1013.08 1015.08 1044.52 1063.3 1093 1129.42 974.14 868.76 856.74 892.16 909.34 952.6 994.76 1027.04 1121.04 -9999 -9999 -9999 -9999 -9999 -9999 -9999 -9999 -9999 -9999 -9999 -9999 -9999 -9999 -9999
578.3 528.22 418.28 398.52 500.6 564.14 599.04 610.94 639.04 648.02 687.22 761.96 801.16 822.54 844.42 873.92 937.94 983.4 982.4 956.34 936.7 928.52 1006.34 915.96 846 808.58 790.62 820.2 832.1 826.52 840.98 803.66 774.72 782.34 864.96 906.44 917.62 915.6 931.1 915.84 892.8 934.22 994.44 1003.7 967.82 965.26 979.8 958.68 990.16 1055.5 979.88 913.42 950.08 979.32 934.62 934.58 939.5 1010.64 1220.58 1235.9 -9999 -9999 -9999 -9999 -9999 -9999 -9999 -9999 -9999 -9999 -9999 -9999 -9999 -9999 -9999
603.42 550.44 467.36 433.4 491.86 544.46 594.94 612.28 638.7 666.58 715.04 794.94 864.96 834.84 826.84 884.32 934.36 963.22 972.54 941.02 915.24 948.56 939.12 868.46 802.46 808.34 840.74 888.62 926.32 926.42 935.04 899.96 828.6 782.76 789.9 870.78 905.9 916.02 941.16 957.44 960.14 988.44 997.56 975.92 943.48 942.08 947.44 896.56 879.34 888.4 871.54 854.16 942.9 968.32 980.96 1034.22 1053.3 1122.72 1214.86 1165.94 -9999 -9999 -9999 -9999 -9999 -9999 -9999 -9999 -9999 -9999 -9999 -9999 -9999 -9999 -9999
707.34 656.04 619.08 595.02 549.12 537.28 574.36 586.38 630.08 688.76 693.08 839.08 896.18 828.02 854.56 895.98 915.96 911.12 962.48 930.52 906.42 954.4 916.48 838.58 837.5 857.26 862.52 912.16 953.44 959.32 974.78 965.24 875.02 823.52 849.06 861.58 872.34 906.24 977.44 1022.74 1036.22 1039.12 999.88 954.44 932.04 911.74 957.12 941.74 922.42 986.36 979.18 879.24 931.06 995.28 1058.22 1095.74 1155.06 1215.5 1216.76 -9999 -9999 -9999 -9999 -9999 -9999 -9999 -9999 -9999 -9999 -9999 -9999 -9999 -9999 -9999 -9999
828.46 811.02 753.3 668.84 643.14 608.04 548.5 589.06 666.48 747.58 819.54 823.26 850.1 906.66 928.38 965.18 944.58 890.6 847.22 863.04 863.28 903.88 885.04 820.02 815.44 812.92 811.6 868.98 915.74 872.48 892.5 912.66 859.4 860.24 869.72 891.06 881 909.4 970.64 1017.44 1065.16 1073.06 993.44 938.96 900.84 891.98 981.02 1014.82 1018.58 1026.06 1003.14 966.56 1021.76 1108.26 1153.04 1184.16 1212.8 1253.76 1278.7 -9999 -9999 -9999 -9999 -9999 -9999 -9999 -9999 -9999 -9999 -9999 -9999 -9999 -9999 -9999 -9999
872.04 775.36 741.06 707.22 694.54 706.92 622.78 637.98 701.32 749.02 797.62 689.96 739.28 810.04 969.2 936 901 843.16 790.42 788.34 838.34 884.8 841.06 808.58 777.38 780.58 777.9 808.62 804.32 791.98 783.46 769.68 795.58 836.32 884.3 884.78 869.88 894.12 936.14 986.86 1027.78 988.6 957.6 929.42 910.54 1032.04 1105.96 1054.12 985.88 978.42 984.32 1044 1100.42 1220.82 1255.66 1295.84 1330.88 1330.68 1331.66 -9999 -9999 -9999 -9999 -9999 -9999 -9999 -9999 -9999 -9999 -9999 -9999 -9999 -9999 -9999 -9999
876.64 705.68 701.64 728.56 731.78 750.42 710.54 689.92 696.06 738.02 750.28 711.98 706.54 643.24 768.4 783.44 792.44 766.16 725.92 724 769.72 773.76 742.8 773.18 740.14 731.1 780.1 820.76 754.56 721.64 697.56 715.56 728.1 807.94 874.98 877.86 866.62 887.62 894.56 957.58 976.8 918.42 987.74 1125.94 1273.72 1281.42 1188.82 1037.48 954.06 986.14 1081.54 1147.96 1123.3 1259.58 1368.08 1416.38 1434.96 1465.08 1499.46 -9999 -9999 -9999 -9999 -9999 -9999 -9999 -9999 -9999 -9999 -9999 -9999 -9999 -9999 -9999 -9999
781.64 720.32 730.42 740.62 776.08 768.96 766.66 729.44 703.5 692.7 709.94 694.84 691.1 626.26 692.78 724.08 772.1 762.46 757.04 732.24 719 687 729.24 721.2 675.98 674.86 751.5 791.48 770.28 752.92 774.7 803.94 810.02 824.02 902.54 876.38 859.16 855.92 894.62 920.46 1010.5 1170 1362.06 1461.7 1437.64 1323.1 1122.46 1049.62 1067.52 1149.26 1216.6 1267.4 1315.78 1398.8 1512.94 1532.6 1517.92 1424.02 1445.02 -9999 -9999 -9999 -9999 -9999 -9999 -9999 -9999 -9999 -9999 -9999 -9999 -9999 -9999 -9999 -9999
756.7 794.28 796.04 788.96 799.3 776.3 744.5 705.34 668.98 684.72 647.34 620.92 619.38 581.26 603.74 600.78 787.58 805.32 762.38 737.22 714.04 674.92 739.26 748.32 736.5 717.44 761.68 769.16 756.9 797.48 849.8 866.02 818.1 841.16 880.86 870.22 893.64 900.04 930.14 972.8 1083.56 1294.1 1413.8 1453.98 1184.4 1034.4 1071.14 1078.18 1178.14 1290.46 1333.86 1384.8 1470.78 1571.26 1621.98 1630.7 1590.92 1440 -9999 -9999 -9999 -9999 -9999 -9999 -9999 -9999 -9999 -9999 -9999 -9999 -9999 -9999 -9999 -9999 -9999
740.9 765.32 754.6 754.2 744.2 715.52 705.18 704.68 698.18 701.84 665.94 668.98 651.7 604.68 600.48 669.2 727.98 756.74 722.74 708.26 692.78 704.14 749.34 795.96 799.14 843.74 796.9 711.4 677.84 737.7 800.82 793.62 781.02 818.04 875.96 893.9 918.2 934.02 974.92 1037.1 1048.66 1118.7 1051.6 1090.72 962.12 922.6 1118.82 1215.42 1235.04 1333.62 1358.26 1435.1 1555.44 1675.1 1748.1 1453.72 -9999 -9999 -9999 -9999 -9999 -9999 -9999 -9999 -9999 -9999 -9999 -9999 -9999 -9999 -9999 -9999 -9999 -9999 -9999
692.04 671.28 716.7 733.1 720.1 684.7 662.18 710.96 694.84 712.72 681.16 721.18 709.44 705.6 648.56 647.72 692.52 688.98 689.76 697.82 693.04 726.38 777.08 846.4 832.38 841.22 781.72 647.16 656.3 720.82 768.04 789.1 817.36 882.42 908.26 926.86 945 974.74 1020.62 1035.3 1039.64 985.68 991.36 980.18 946.42 996.9 1239.82 1411.92 1408.7 1425.86 1540.8 1533 1624.54 1522.42 1511.2 -9999 -9999 -9999 -9999 -9999 -9999 -9999 -9999 -9999 -9999 -9999 -9999 -9999 -9999 -9999 -9999 -9999 -9999 -9999 -9999
673.68 633.6 697.84 694.68 685.26 655.3 626.78 635.38 668.36 715.36 704.44 770.66 760.36 730.28 649.22 608.78 604.2 616.72 628.3 668.92 693.9 749.24 811.06 830.54 846.5 834.1 783.88 719.46 696.98 795.98 861.76 876.72 905.12 956.08 959.22 959.12 961.72 994.44 1002.8 978.06 983.46 1015.12 1031.22 1098.24 1069.46 1118.28 1240.06 1320.08 1528.2 1675.96 1682.7 1697.64 -9999 -9999 -9999 -9999 -9999 -9999 -9999 -9999 -9999 -9999 -9999 -9999 -9999 -9999 -9999 -9999 -9999 -9999 -9999 -9999 -9999 -9999 -9999
659.96 547.78 629.9 644.42 619.36 559.94 549.38 558.72 599 677.24 714.62 823.86 780.04 708.36 620.76 588.98 566.5 586.58 587.28 630.34 673.38 711.34 776.92 814.3 835.66 844.48 858.94 780.28 802 899.32 973.4 1000.4 988.42 974.92 998.72 976.36 945.52 983.3 967.88 958.06 1012.62 1036.96 1015.56 1070.94 1112.94 1167.18 1308.42 1518.98 1747.1 1799.66 1519.66 -9999 -9999 -9999 -9999 -9999 -9999 -9999 -9999 -9999 -9999 -9999 -9999 -9999 -9999 -9999 -9999 -9999 -9999 -9999 -9999 -9999 -9999 -9999 -9999
737.76 561 563.38 583.92 543.56 519.24 511.9 535.7 588.68 673.7 712.2 729.82 715.8 696.4 582.96 548.3 527.36 538.38 584.06 615.32 646.16 690.54 755.02 843.72 868.88 886.78 912.84 808.48 862.18 1018.62 1121.98 1119.26 1034.56 1035.74 1037.66 1054.88 1037.62 1017.4 1030 1026.38 1022.36 1034.34 1036.08 1065.86 1151.58 1230.34 1382.96 1634.6 1876.94 1526.16 -9999 -9999 -9999 -9999 -9999 -9999 -9999 -9999 -9999 -9999 -9999 -9999 -9999 -9999 -9999 -9999 -9999 -9999 -9999 -9999 -9999 -9999 -9999 -9999 -9999
672.6 582.52 510.1 482.64 486.5 467.02 489.68 539.78 562.82 615.04 648.52 628.72 623.74 627.62 536.8 475.6 522.08 587.2 602.68 649.8 708.64 753.8 799 869.1 971.4 999.86 1000.22 946.3 999.62 1139.36 1181.66 1130.94 1063.44 1125.84 1152.48 1199.94 1208.32 1209.3 1150.02 1135.4 1099.3 1088.3 1128.3 1168.32 1269.82 1360.84 1473.02 1639.54 -9999 -9999 -9999 -9999 -9999 -9999 -9999 -9999 -9999 -9999 -9999 -9999 -9999 -9999 -9999 -9999 -9999 -9999 -9999 -9999 -9999 -9999 -9999 -9999 -9999 -9999 -9999
621.8 635 552.26 471.74 465.98 493.92 477.44 493.54 489.54 521.16 596.36 581.64 596.66 599.06 542.48 508.2 529.62 599.7 655.54 725.98 803.02 882.16 906.2 941.6 1088.1 1105.1 1071.62 1089.98 1207.14 1305.56 1315.52 1317.1 1323.98 1382.62 1430.32 1442.42 1476.36 1459.66 1380.38 1253.92 1181.4 1210.16 1233.74 1287.02 1418.08 1547.56 1646.8 1569.8 -9999 -9999 -9999 -9999 -9999 -9999 -9999 -9999 -9999 -9999 -9999 -9999 -9999 -9999 -9999 -9999 -9999 -9999 -9999 -9999 -9999 -9999 -9999 -9999 -9999 -9999 -9999
585.72 735.8 725.2 568.16 503.38 481.84 466.78 476.06 479.9 512.7 557.46 589.5 603.8 586.86 570.5 517.42 525.84 639 734.42 828.6 935.06 1032.32 1074.08 1105.98 1195.76 1149.18 1222.72 1338.56 1396.58 1421.76 1520.08 1576.56 1652.02 1663.08 1702.08 1724.18 1736.26 1769.7 1631.84 1451.44 1371.46 1457.88 1402.46 1438.14 1630.92 1738.1 1723.52 1663.1 -9999 -9999 -9999 -9999 -9999 -9999 -9999 -9999 -9999 -9999 -9999 -9999 -9999 -9999 -9999 -9999 -9999 -9999 -9999 -9999 -9999 -9999 -9999 -9999 -9999 -9999 -9999
569.54 718.3 737.46 663.06 588.34 469.04 460.98 454.1 462.52 505.34 538.14 595 655.52 576.1 530.76 532 583.08 695.66 807.54 913.52 1073.48 1192.58 1261.46 1299.74 1358.12 1379.72 1519.9 1602.68 1472 1524.58 1612.9 1734.3 1634.36 1605.38 1554.08 1519.58 1483.12 1505.12 1840.34 1690.84 1784.76 1878.56 1691.52 1674.02 1839.66 1864.28 1823.32 1729.96 -9999 -9999 -9999 -9999 -9999 -9999 -9999 -9999 -9999 -9999 -9999 -9999 -9999 -9999 -9999 -9999 -9999 -9999 -9999 -9999 -9999 -9999 -9999 -9999 -9999 -9999 -9999
453.7 521.42 590.62 537.88 488.6 464.66 429.86 421.18 452.36 480.34 486.82 559.2 665.3 644.78 552.44 549 642.06 747.14 852.78 956.78 1108.92 1270.4 1362.66 1419.44 1505.42 1649.84 1952.44 1895.88 1670.86 1661.24 1743.82 1625.6 -9999 -9999 -9999 -9999 -9999 -9999 -9999 1971.68 2012.72 1739.8 1781.02 1942.68 1947.8 1861.66 1794.04 1798.54 -9999 -9999 -9999 -9999 -9999 -9999 -9999 -9999 -9999 -9999 -9999 -9999 -9999 -9999 -9999 -9999 -9999 -9999 -9999 -9999 -9999 -9999 -9999 -9999 -9999 -9999 -9999
453.46 486.7 457.04 466.6 516.88 561.88 531.3 498.66 451.62 450.44 417.16 474.68 608.76 627.64 626.34 654.08 704.28 833.22 894.06 977.1 1040.64 -9999 -9999 -9999 -9999 -9999 -9999 1423.86 1473.96 1792.94 1528.94 1585.22 -9999 -9999 -9999 -9999 -9999 -9999 -9999 -9999 -9999 -9999 -9999 1939.68 2049.12 1820.78 1759.5 1823.34 1834 -9999 -9999 -9999 -9999 -9999 -9999 -9999 -9999 -9999 -9999 -9999 -9999 -9999 -9999 -9999 -9999 -9999 -9999 -9999 -9999 -9999 -9999 -9999 -9999 -9999 -9999
523.52 562.94 553.86 483.02 539.88 578.78 572.18 572.86 530.2 502.76 485.5 496.08 567.62 602.78 675.2 754.26 798.34 860.9 930.64 966.9 -9999 -9999 -9999 -9999 -9999 -9999 -9999 -9999 -9999 -9999 -9999 -9999 -9999 -9999 -9999 -9999 -9999 -9999 -9999 -9999 -9999 -9999 -9999 -9999 2053.36 2105.94 1855.66 1884.78 1981.26 -9999 -9999 -9999 -9999 -9999 -9999 -9999 -9999 -9999 -9999 -9999 -9999 -9999 -9999 -9999 -9999 -9999 -9999 -9999 -9999 -9999 -9999 -9999 -9999 -9999 -9999
578.84 561.3 512.42 461.44 479.34 540.16 495.94 543.02 556.9 570.32 632.56 575.14 589.86 621.16 752.04 798.94 832.8 854.7 -9999 -9999 -9999 -9999 -9999 -9999 -9999 -9999 -9999 -9999 -9999 -9999 -9999 -9999 -9999 -9999 -9999 -9999 -9999 -9999 -9999 -9999 -9999 -9999 -9999 -9999 2248.12 2045.48 1839 1821.12 1846.82 -9999 -9999 -9999 -9999 -9999 -9999 -9999 -9999 -9999 -9999 -9999 -9999 -9999 -9999 -9999 -9999 -9999 -9999 -9999 -9999 -9999 -9999 -9999 -9999 -9999 -9999
628.86 568.18 499.28 421.86 451.12 464.48 461.48 503.18 537 550.82 587.94 570.86 594.36 649.14 749.82 821.38 -9999 -9999 -9999 -9999 -9999 -9999 -9999 -9999 -9999 -9999 -9999 -9999 -9999 -9999 -9999 -9999 -9999 -9999 -9999 -9999 -9999 -9999 -9999 -9999 -9999 -9999 -9999 -9999 2129.6 1938.1 1832.22 1820.18 1727.58 1914.98 -9999 -9999 -9999 -9999 -9999 -9999 -9999 -9999 -9999 -9999 -9999 -9999 -9999 -9999 -9999 -9999 -9999 -9999 -9999 -9999 -9999 -9999 -9999 -9999 -9999
726.86 628.5 483 379.6 392.38 361.52 396 457.72 449.86 568.38 573.9 552.68 554.02 636.88 692.98 755.2 -9999 -9999 -9999 -9999 -9999 -9999 -9999 -9999 -9999 -9999 -9999 -9999 -9999 -9999 -9999 -9999 -9999 -9999 -9999 -9999 -9999 -9999 -9999 -9999 -9999 -9999 -9999 -9999 2049.38 2060.16 2023.14 1959.7 1790.54 1563.08 -9999 -9999 -9999 -9999 -9999 -9999 -9999 -9999 -9999 -9999 -9999 -9999 -9999 -9999 -9999 -9999 -9999 -9999 -9999 -9999 -9999 -9999 -9999 -9999 -9999
801.32 578.16 451.1 386.66 353 327.52 338.9 383.16 462.78 599.38 567.5 556.78 509.98 542.14 620.36 767.76 -9999 -9999 -9999 -9999 -9999 -9999 -9999 -9999 -9999 -9999 -9999 -9999 -9999 -9999 -9999 -9999 -9999 -9999 -9999 -9999 -9999 -9999 -9999 -9999 -9999 -9999 -9999 -9999 -9999 1926.82 2351.88 2173.58 2026.9 1702.44 -9999 -9999 1743.04 1713.18 1701.06 1676.52 -9999 -9999 -9999 -9999 -9999 -9999 -9999 -9999 -9999 -9999 -9999 -9999 -9999 -9999 -9999 -9999 -9999 -9999 -9999
849.16 609.5 458.84 372.7 331.02 393.94 409.74 309.34 446.68 723.06 726.96 614.18 470.7 392.16 626.4 787 -9999 -9999 -9999 -9999 -9999 -9999 -9999 -9999 -9999 -9999 -9999 -9999 -9999 -9999 -9999 -9999 -9999 -9999 -9999 -9999 -9999 -9999 -9999 -9999 -9999 -9999 -9999 -9999 -9999 1855.54 2306.64 2226.46 2147.92 1901.88 -9999 -9999 -9999 -9999 -9999 1651.72 -9999 -9999 -9999 -9999 -9999 -9999 -9999 -9999 -9999 -9999 -9999 -9999 -9999 -9999 -9999 -9999 -9999 -9999 -9999
866.86 663.14 515.2 338.52 348 471.82 517.56 392.38 364.98 914.62 820.6 691.58 560.76 531.62 663.68 661.04 -9999 -9999 -9999 -9999 -9999 -9999 -9999 -9999 -9999 -9999 -9999 -9999 -9999 -9999 -9999 -9999 -9999 -9999 -9999 -9999 -9999 -9999 -9999 -9999 -9999 -9999 -9999 -9999 -9999 -9999 1807.2 2108.04 2233.96 2196.92 -9999 -9999 -9999 -9999 -9999 1646.24 1611.38 -9999 -9999 -9999 -9999 -9999 -9999 -9999 -9999 -9999 -9999 -9999 -9999 -9999 -9999 -9999 -9999 -9999 -9999
958.58 755 602.5 464.4 393.62 575.04 731.68 705.68 791.38 822.18 1150.66 960.52 774.82 727.26 717.6 890.24 -9999 -9999 -9999 -9999 -9999 -9999 -9999 -9999 -9999 -9999 -9999 -9999 -9999 -9999 -9999 -9999 -9999 -9999 -9999 -9999 -9999 -9999 -9999 -9999 -9999 -9999 -9999 -9999 -9999 -9999 -9999 1777.54 2093.62 1805.66 -9999 -9999 -9999 1727.78 -9999 1628.08 1608.32 1588.56 -9999 -9999 -9999 -9999 -9999 -9999 -9999 -9999 -9999 -9999 -9999 -9999 -9999 -9999 -9999 -9999 -9999
1111.64 1116.54 977.16 667.1 497.14 593.72 711.74 693.02 661.18 656.1 1012.9 1126.04 994.7 912.12 780.54 -9999 -9999 -9999 -9999 -9999 -9999 -9999 -9999 -9999 -9999 -9999 -9999 -9999 -9999 -9999 -9999 -9999 -9999 -9999 -9999 -9999 -9999 -9999 -9999 -9999 -9999 -9999 -9999 -9999 -9999 -9999 1668.86 1706.84 -9999 -9999 -9999 -9999 -9999 1873.64 1644.32 -9999 -9999 1575.52 -9999 -9999 -9999 -9999 -9999 -9999 -9999 -9999 -9999 -9999 -9999 -9999 -9999 -9999 -9999 -9999 -9999
1239.64 1199.96 1198.38 924.92 704.98 576.48 670.46 663.66 632.34 726.48 1051.24 1210.72 860.24 762.8 794.1 -9999 -9999 -9999 -9999 -9999 -9999 -9999 -9999 -9999 -9999 -9999 -9999 -9999 -9999 -9999 -9999 -9999 -9999 -9999 -9999 -9999 -9999 -9999 -9999 -9999 -9999 -9999 -9999 -9999 -9999 -9999 -9999 -9999 -9999 -9999 -9999 -9999 -9999 1662.64 1619.54 -9999 -9999 -9999 -9999 1533.84 -9999 -9999 -9999 -9999 -9999 -9999 -9999 -9999 -9999 -9999 -9999 -9999 -9999 -9999 -9999
