data/default-data/raster/climate/pre_3.txt
ncols         720
nrows         360
xllcorner     -180
yllcorner     -90
cellsize      0.5
NODATA_value  -9999
[rows 198 to 230 of 360, columns 222 to 295 of 720]
3014.64 2883.18 2759.74 2700.52 2701.94 2723.34 2709.12 2706.94 2717.24 2760.04 2790.5 2854 2909.48 2980.62 3077.72 3174.5 3258.96 3333.28 3439.2 3535.22 3630.82 3726.18 3800.88 3868.24 3884.78 3878.18 3831.84 3775.46 3707.02 3619.08 3532.2 3435.38 3337.64 3238.58 3159.48 3076.64 3003.56 2929.88 2845.94 2801.96 2751.94 2698.8 2646.24 2563.24 2450.52 2310.12 2178.44 2042.56 1889.5 1762.7 1635.9 1549.76 1480.16 1449.6 1361.38 1236.36 1296.92 1236.48 898.98 853.82 925.46 909.58 745.34 686.16 803.5 1063.54 1450.06 1475.5 -9999 -9999 -9999 -9999 -9999 -9999
2771.68 2644.98 2519.44 2528.9 2563.46 2599.9 2605.12 2599.24 2602.34 2636.5 2690.74 2763.52 2818.52 2900.34 2994.4 3091.74 3198.54 3282.5 3395.04 3520.52 3646.46 3752.52 3838.52 3914.8 3959.32 3954.54 3929.76 3844.9 3770 3651.36 3552.54 3443.72 3344.8 3245.86 3163.3 3080.46 2997.1 2923.38 2869.64 2805.38 2758.46 2709.02 2629.64 2547.44 2425.02 2284.98 2148.02 1995.84 1812.32 1662.04 1534.72 1431.72 1375.52 1384.86 1285.2 1199.8 1189.22 1117.46 882.8 793.16 735.6 654.38 485.34 585.7 807.38 1160.02 1292.1 -9999 -9999 -9999 -9999 -9999 -9999 -9999
2553.18 2482.4 2400.68 2426.7 2475.26 2497.84 2486.96 2471.18 2488.04 2547.6 2588.88 2644.84 2709.7 2788.28 2883.74 2990.04 3111.32 3227.14 3360.32 3481.56 3626.7 3761.66 3877.92 3980.02 4035.86 4041.14 3996.54 3935.2 3824.68 3683.4 3562.74 3453.1 3343.88 3244.68 3154.78 3064.06 2990.7 2927 2852.78 2818.84 2772.96 2706.1 2632.82 2529.72 2421.68 2270.56 2129.08 1948.22 1764.46 1565.06 1406.12 1271.34 1216.44 1184.24 1148.86 1137.42 1157.1 1078.14 883.48 720.04 678.62 581.66 485.72 636.86 922.02 1244.42 -9999 -9999 -9999 -9999 -9999 -9999 -9999 -9999
2425.02 2412.44 2374.72 2384.8 2415.24 2447 2409.98 2381.88 2401.78 2412.12 2469.56 2540.62 2616.16 2705.38 2794.3 2903.48 3031.74 3148.2 3276.64 3437.2 3587.86 3742.78 3902.8 4025.74 4122.26 4138.24 4100.88 4002.36 3859.52 3705.38 3566.48 3435.38 3315.14 3224.76 3114.8 3034.22 2963.18 2901.62 2848.8 2785.82 2756.32 2714.36 2610.2 2500.72 2404.68 2264.26 2116.9 1910.84 1696.86 1500.54 1272.92 1083.64 1012.02 1000.06 986.06 1065.1 1204.4 1163.12 861.84 733.52 700.5 659.26 639.6 873.4 1064.14 -9999 -9999 -9999 -9999 -9999 -9999 -9999 -9999 -9999
2414.16 2407.82 2384.24 2384.72 2385.5 2396.04 2359.48 2328.66 2319.28 2328.52 2369.54 2431.96 2504.9 2593.02 2693.14 2794.24 2930.82 3059.94 3186.4 3345.58 3514.48 3698.22 3889.02 4078.54 4223.64 4246.9 4169.16 4038.98 3864.22 3699.54 3546.04 3409.26 3287.84 3167.42 3096.3 3004.66 2926.36 2868.06 2798.98 2763.16 2705.9 2637.12 2562.82 2486.84 2401.36 2282.16 2117.86 1898.04 1702.82 1482.6 1214.68 950.72 869.12 909.72 957.9 1007.84 1147.76 1156.46 924.78 824.84 866.8 774.92 879.82 1233.98 -9999 -9999 -9999 -9999 -9999 -9999 -9999 -9999 -9999 -9999
2541.24 2473.46 2446 2406.5 2366.36 2325.38 2317.74 2271.04 2248.26 2256.1 2299.62 2342.16 2405.7 2475.5 2584.8 2696.08 2810.82 2930.88 3067.26 3225.8 3407.06 3623.9 3855.8 4095.54 4332.9 4366.68 4217.66 4033.26 3828.18 3642.86 3489 3356.26 3233.74 3125.62 3037.62 2969.06 2899.72 2810.56 2753.72 2686.74 2618.26 2516.02 2448.44 2434.14 2410.32 2333.14 2128.18 1889.4 1691.1 1535.08 1256.22 996.36 822.86 855.58 968.4 1017.88 1061.68 1079.8 957.76 932.08 1005.28 1049.6 1126.76 -9999 -9999 -9999 -9999 -9999 -9999 -9999 -9999 -9999 -9999 -9999
2726.9 2584.24 2494.48 2417.28 2349.74 2297.06 2259.68 2205.64 2160.26 2163.1 2195.7 2248.02 2312.24 2380.96 2460.5 2570.54 2680.58 2802.42 2938.18 3089.64 3276.66 3485.88 3727.44 3991.92 4311.7 4355.4 4112.84 3906.68 3689.8 3539.1 3409.26 3269.82 3171.92 3062.1 2981.86 2912.6 2834.76 2767.7 2689.44 2611.08 2529.72 2382.5 2275.94 2356.98 2433.34 2362.32 2123.08 1856.58 1652.48 1494.16 1244.48 1031.72 923.26 941.06 986.72 1091.34 1023.32 1052.1 984.56 992.32 1138.52 1332.62 1416.04 -9999 -9999 -9999 -9999 -9999 -9999 -9999 -9999 -9999 -9999 -9999
2901.6 2694.08 2535.56 2436.62 2351.54 2286.22 2208.58 2144.64 2070.98 2078.74 2124.74 2169.36 2225.52 2294.24 2363.94 2452.02 2547.78 2643.96 2766.02 2927.68 3093.74 3281.72 3474.34 3712.72 3914.26 3945.64 3821 3664.08 3506.2 3373.06 3275.3 3166.06 3077.64 3005.4 2935.62 2854.38 2787.06 2729.5 2639.68 2555.96 2430.42 2279.8 2166.58 2291.02 2381.88 2310.18 2073.9 1797 1580.62 1382.56 1173.14 1017.76 968.38 1014.48 887.82 1178.12 955.66 959.36 1014 1140.36 1379.8 1655.06 1657.84 -9999 -9999 -9999 -9999 -9999 -9999 -9999 -9999 -9999 -9999 -9999
3009.92 2763.8 2587.16 2447.32 2348.72 2275.02 2206.3 2122.26 2013.78 2033 2047.48 2092.36 2128.16 2186.28 2246.18 2313.56 2381.1 2473.22 2576.42 2717.96 2866.96 3018.3 3170.74 3315.46 3426.06 3454.64 3438.78 3355.7 3239.44 3167.48 3095.44 3030.32 2974.12 2922.72 2865.36 2802 2748.78 2679.56 2588.42 2510.54 2402.08 2289.66 2250.78 2266.4 2296.68 2227.4 1975.1 1693.18 1453.92 1236.98 1065.28 980.02 1007 971.26 965.76 1028.28 945.9 937 1046.84 1262.62 1590.02 1752.32 -9999 -9999 -9999 -9999 -9999 -9999 -9999 -9999 -9999 -9999 -9999 -9999
2882.22 2666.26 2567.34 2437.84 2350.08 2281.7 2223.94 2143.98 2061.68 2053.76 2026.62 2010.64 2037.9 2053.2 2107.66 2162.14 2225.6 2304.18 2388.44 2507.5 2613 2734.44 2819.76 2890.06 2939.58 2953.42 3017.42 3001.72 2960.8 2939.98 2919.36 2888.38 2862.1 2831.76 2791.08 2765.48 2695.76 2627.82 2554.54 2464.38 2360.74 2278.82 2282.38 2287.18 2257.34 2180.06 1902.98 1608.28 1313.58 1093.56 979.52 935.06 944.76 870.62 857.02 942.76 772.52 931.8 1165.46 1440.08 1776.74 -9999 -9999 -9999 -9999 -9999 -9999 -9999 -9999 -9999 -9999 -9999 -9999 -9999
2305.46 2342.38 2429.88 2397.02 2300.74 2261.68 2231.48 2186.5 2122.2 2074.84 2015.34 1956.38 1936.84 1929.24 1946.2 2014.32 2062.84 2134.72 2218.64 2284.88 2374.82 2455.58 2498.8 2500 2469.28 2463.18 2606.04 2649.88 2690.84 2721.62 2741.26 2736.62 2753.46 2738.6 2739.16 2706.56 2674.52 2590.68 2518.42 2438.76 2340.54 2268.54 2238.76 2250.84 2179.42 2088.58 1814.4 1514.52 1206.14 990.98 876.06 857.9 840.66 798.26 741 777.24 862.7 1055.38 1343.98 1673.48 2029.72 -9999 -9999 -9999 -9999 -9999 -9999 -9999 -9999 -9999 -9999 -9999 -9999 -9999
1732.38 1877.14 2243.28 2233.58 2212.66 2229.46 2266.1 2255.84 2202.4 2089.36 1973.78 1882.44 1812.78 1787.86 1807.38 1837.84 1900.94 1954.58 2035.66 2103.4 2161.84 2221.02 2229.24 2191.86 2150.7 2162.3 2275.12 2369.46 2440.02 2510.92 2577.26 2614.24 2641.02 2645.14 2669.94 2647.18 2634.82 2587.24 2502.42 2403.08 2302.32 2225.4 2183.78 2118.7 2048.98 1927.76 1722.8 1476.06 1211.9 1000.04 889.38 871.64 842.64 812.78 780.02 831.26 946.48 1125.78 1457.2 1885.14 -9999 -9999 -9999 -9999 -9999 -9999 -9999 -9999 -9999 -9999 -9999 -9999 -9999 -9999
1282.98 1759.64 1964.86 1970.1 2142.94 2267.86 2344.1 2370.08 2296.04 2121.04 1921.88 1765.72 1661.96 1607.72 1632.88 1664 1729.88 1800.52 1862.14 1928.68 1952.84 1996.3 1977.78 1969.44 1921.38 1917.88 2000.32 2083.56 2165.74 2289.84 2376.14 2445.42 2490.4 2535.6 2559.72 2584.02 2594.26 2560.92 2475.44 2364.96 2244.72 2150.24 2084.74 1998.58 1903.52 1786.48 1639.74 1443.6 1261.32 1086.28 985.9 955.74 935.14 897.38 867.44 879.08 985.02 1191.88 1424.52 1699.86 1957.92 -9999 -9999 -9999 -9999 -9999 -9999 -9999 -9999 -9999 -9999 -9999 -9999 -9999
914.7 1071.96 1660.14 1751.54 1858.34 2284.24 2465.96 2520.84 2434.92 2197.36 1899.92 1625.78 1487.1 1452.1 1465 1522.86 1583.98 1664.54 1721.64 1753.02 1805.14 1826.78 1827.68 1801.26 1782.66 1782.36 1821.92 1879.06 1962.9 2083.38 2175.66 2269.74 2365.56 2420.12 2491.14 2525.92 2560.9 2572.22 2480.32 2314.4 2181.36 2092.38 2015.66 1918.2 1810.86 1715.36 1599.6 1464 1317.44 1192.34 1090.12 1034.22 989.58 941.78 903.22 900.24 991.82 1146.42 1327.88 1490.78 1697.02 -9999 -9999 -9999 -9999 -9999 -9999 -9999 -9999 -9999 -9999 -9999 -9999 -9999
785.2 826.84 1041.38 1479.86 1618.92 2064.06 2546.64 2728.58 2613.66 2257.68 1877.34 1519.66 1308.68 1262.02 1319.7 1397.78 1486.34 1555.08 1610.3 1639.74 1690.02 1699.6 1717.06 1699.9 1707.26 1702.98 1729.82 1768.24 1861.7 1951.72 2046.24 2132.08 2208.96 2297.86 2379.2 2455.5 2500.02 2507.66 2442.04 2300.42 2165.78 2051.04 1934.76 1844.88 1760.22 1674.14 1588.94 1472.94 1368.84 1287.32 1185.84 1121.04 1069.44 1018.14 964.74 950.94 998.48 1100.58 1213.12 1379.66 1544.68 -9999 -9999 -9999 -9999 -9999 -9999 -9999 -9999 -9999 -9999 -9999 -9999 -9999
733.46 688.18 751.04 968.22 1127.72 1241.62 2347.38 2977 2726.58 2259.74 1799.98 1357.16 1134.7 1122.1 1193.14 1283.28 1412.22 1470.98 1525.76 1566.26 1596.82 1603.92 1626.98 1609.18 1627.94 1618.38 1648.34 1697.92 1774.32 1865.28 1934.7 2036.32 2132.52 2209.54 2277.18 2356.38 2393.56 2420.06 2368.86 2294.78 2119.18 1969.36 1844.84 1778.24 1698.52 1648.66 1585.18 1522 1438.32 1356.04 1285.16 1203.18 1132.56 1070.54 1032.2 1002.18 994.96 1053.48 1136 1289.42 -9999 -9999 -9999 -9999 -9999 -9999 -9999 -9999 -9999 -9999 -9999 -9999 -9999 -9999
589.6 535.18 564.48 707.68 964.52 997.82 811.72 1088.06 1952.58 2078 1688.94 1191.64 942.82 1009.46 1116.86 1234.46 1343.38 1409.32 1443.42 1492.7 1520.64 1531.22 1522.64 1533.74 1549.34 1546.06 1567.42 1626.06 1706.3 1768.86 1868.92 1948.76 2040.24 2122.76 2199.78 2267.48 2314.36 2318.16 2277.18 2190.46 2070.4 1912.72 1794.1 1723.46 1665.42 1649.14 1610.38 1539.32 1476.5 1435.98 1364.26 1294.94 1203.22 1141.48 1072.8 1031.68 1035.26 1072.16 1142.52 1264.92 -9999 -9999 -9999 -9999 -9999 -9999 -9999 -9999 -9999 -9999 -9999 -9999 -9999 -9999
473.8 458.8 477.04 604.64 734.04 854.04 885.4 865.28 967.34 920.52 1045.78 1208.16 972.44 967.48 1057.5 1177.96 1325.92 1362.84 1378.82 1427.52 1424.62 1426.66 1438.42 1444.6 1472.78 1484.48 1502.76 1574.44 1635.74 1700.8 1803.62 1872.62 1963.08 2044.58 2137.64 2200.42 2235.72 2227.7 2194.84 2121.18 2032.96 1860.2 1784.44 1742.72 1716.92 1702.08 1641.52 1578.72 1524 1526.58 1497.24 1397.98 1285.26 1213.14 1134.6 1094.46 1098.24 1146.64 1195.48 1272.72 -9999 -9999 -9999 -9999 -9999 -9999 -9999 -9999 -9999 -9999 -9999 -9999 -9999 -9999
371.66 376.9 434.6 512.32 627.52 759.28 805.96 783.9 796.14 820.16 954.26 1109.6 920.4 876.14 961.54 1081.9 1167 1244.3 1285.68 1325.04 1342.14 1344.32 1344.22 1368.18 1383.16 1404.98 1460.16 1513.8 1565.9 1639.86 1734.88 1806.7 1875.82 1966.64 2048.3 2131.38 2161.74 2148.66 2113.38 2074.58 2024.2 1951.6 1864.16 1817.92 1780.06 1732.1 1629.32 1561.24 1524.26 1534.4 1636.66 1574.32 1433.28 1307.46 1208.18 1192.18 1182.14 1202.1 1212.32 -9999 -9999 -9999 -9999 -9999 -9999 -9999 -9999 -9999 -9999 -9999 -9999 -9999 -9999 -9999
279.48 296.82 364.64 485.06 585.9 667 785.8 896.94 920.78 1103.72 1160.84 1085.36 871.94 808.24 867.18 971.84 1038.6 1180.64 1271.02 1286.64 1284.96 1245.58 1249.32 1281.8 1324.18 1359 1408.34 1454.16 1506.12 1588.8 1663.46 1728.96 1809.3 1878.78 1970 2030.48 2080.5 2074.88 2049.92 2029.34 2026.32 2001.06 1956 1883.22 1823.04 1723.7 1602.26 1494.2 1471.26 1531.62 1678.3 1691.34 1552.18 1397.52 1321.16 1285.12 1253.72 1233.32 1236.92 -9999 -9999 -9999 -9999 -9999 -9999 -9999 -9999 -9999 -9999 -9999 -9999 -9999 -9999 -9999
198.74 228.2 317.46 397.96 490.08 556.56 648.16 900.98 888.98 1042.58 1354.9 1041.46 818.6 728.18 745.24 836.18 941.66 1089.06 1224.7 1276.38 1235.9 1191.8 1163.36 1211.6 1266.32 1317.88 1357.48 1396.4 1456.76 1528.66 1592.16 1647.24 1743.02 1811.9 1880.9 1950.36 1988.36 2002.84 2000.84 2012.04 2018.72 2021.28 2013.6 1922.82 1820.38 1697.66 1565.76 1426 1394.72 1467.52 1656.6 1733.52 1614.08 1503.1 1415.98 1389.08 1304.86 1211.72 1198.16 -9999 -9999 -9999 -9999 -9999 -9999 -9999 -9999 -9999 -9999 -9999 -9999 -9999 -9999 -9999
159.1 179.72 230.06 300.12 361.74 432.54 526.24 636.92 792.14 995.2 1201.8 997.88 866.54 711.38 667.16 695.78 816.36 979.88 1144 1205.22 1184.62 1131.04 1124.08 1176.42 1223.3 1288.9 1336.9 1366.96 1426.92 1469.2 1531.74 1585.52 1641.14 1713.96 1760.86 1849.9 1884.28 1910.08 1940.38 1957.64 1985.84 2047.24 2033.28 1936.02 1812.72 1691.02 1571.7 1518.38 1497.42 1581.78 1665.78 1649.48 1560.02 1544.34 1457.78 1367.76 1275.74 1181.28 1179.14 -9999 -9999 -9999 -9999 -9999 -9999 -9999 -9999 -9999 -9999 -9999 -9999 -9999 -9999 -9999
99.9 120.3 161.02 211.6 241.68 323.58 440.66 523.34 688.2 1040.26 1172.94 1059.68 857.44 672.36 630 660.08 793 958.22 1037.32 1086.72 1102.98 1101.38 1102.92 1158.62 1199.4 1261.58 1300.44 1351.38 1381.68 1412.42 1462.9 1504.94 1537.74 1591.98 1631.06 1705.62 1764.34 1796 1844.16 1903.7 1953.22 1992.24 1998.96 1925.06 1836.22 1726.06 1660.78 1617.62 1638.14 1682.7 1642.7 1545.2 1453.36 1465.88 1418.48 1275.28 1192.78 1132.14 -9999 -9999 -9999 -9999 -9999 -9999 -9999 -9999 -9999 -9999 -9999 -9999 -9999 -9999 -9999 -9999
60.16 100.56 120.92 151.52 192.04 263.16 343.16 481.2 685.2 996.3 1247.48 1148.52 889.32 657.26 711.12 815.02 876.02 931.72 953.68 988.22 1039.36 1066.48 1107.18 1166.16 1207.18 1259.54 1307 1323.5 1344.64 1384.72 1406.22 1426.84 1447.36 1478.7 1480.02 1566.28 1637.72 1701.7 1748.94 1807.44 1866.74 1894.14 1921.9 1894.8 1838.38 1807.96 1767.08 1737.2 1718.14 1645.32 1588.52 1499.8 1322.82 1376.8 1287.26 1079.82 1026.56 -9999 -9999 -9999 -9999 -9999 -9999 -9999 -9999 -9999 -9999 -9999 -9999 -9999 -9999 -9999 -9999 -9999
40.1 80.48 120.96 151.6 192.52 243.32 304.22 451.58 614.82 1174.7 1476.44 1346.56 1021.04 777.94 868.9 1004.4 972.46 936.08 887.48 908.6 978.9 1060.76 1130.88 1189.78 1235.6 1290.08 1295.14 1323.32 1344.54 1356.28 1357.2 1387.02 1387.28 1404.32 1413.36 1482.6 1550.5 1625.92 1672.66 1730.58 1778.46 1827.02 1821.24 1829.94 1847.36 1857.7 1880.66 1850.16 1787.22 1682.62 1584.82 1706.44 1432.34 1257.22 1095.24 965.78 1004.36 -9999 -9999 -9999 -9999 -9999 -9999 -9999 -9999 -9999 -9999 -9999 -9999 -9999 -9999 -9999 -9999 -9999
40 90.44 131 171.9 222.94 274.38 356.54 482.46 730.46 1265.56 1598.7 1528.58 1109.54 864.28 891.52 1004.5 1045.56 921.02 774.96 818.04 938.62 1053.48 1144.9 1235.56 1301.06 1328.8 1319.2 1322.94 1316.44 1317.74 1325.22 1313.94 1321.4 1339.12 1368.76 1425.3 1481.78 1534.16 1586.22 1654.06 1701.24 1770.36 1785.28 1829.46 1845.4 1888.52 1930.92 1867.08 1792.26 1721.7 1772.04 1866.5 1601.52 1313.72 1100.22 923.2 -9999 -9999 -9999 -9999 -9999 -9999 -9999 -9999 -9999 -9999 -9999 -9999 -9999 -9999 -9999 -9999 -9999 -9999
80.2 110.56 151.14 191.92 263.22 334.84 447.74 520.9 1064.56 1797.06 1929.54 1503.1 1068.54 777.68 815.26 928.58 990.3 865.98 706.34 780.12 960.72 1094.32 1218.28 1291.5 1348.44 1386.44 1387.02 1349.54 1264.72 1282.4 1281.12 1279.28 1276.88 1266.74 1304.84 1362.66 1415.04 1466.66 1477.24 1551.22 1634.14 1713.04 1782.02 1840.9 1865.28 1864.9 1929.5 1883.82 1797.22 1771.86 1651.58 1688.56 1612.94 1396.6 934.32 1064.98 -9999 -9999 -9999 -9999 -9999 -9999 -9999 -9999 -9999 -9999 -9999 -9999 -9999 -9999 -9999 -9999 -9999 -9999
108.86 158.88 159.62 240.6 302.06 393.52 545.92 597.6 1499.4 1875.82 1666.94 1368.8 1013.4 694.28 765 864.24 895.84 835.84 787.88 888.22 1055.88 1181.46 1275.82 1333.06 1338.36 1344.06 1356.9 1326.02 1240.46 1229.74 1228.22 1226.22 1197.4 1224.76 1272.1 1335.58 1390.4 1400.26 1409.76 1418.76 1480.78 1651.76 1756.96 1837.6 1838.12 1857.18 1950.58 2020.14 1992.08 1868.94 1583.56 1420.68 1225.52 895.94 -9999 -9999 -9999 -9999 -9999 -9999 -9999 -9999 -9999 -9999 -9999 -9999 -9999 -9999 -9999 -9999 -9999 -9999 -9999 -9999
118.36 246.26 206.02 265.04 354.98 435.86 577.06 672.16 1209.28 1577.9 1440.98 1249.28 1017.08 863.44 855.92 887.6 897.18 878.62 910.08 1018.14 1164.78 1240.9 1256.7 1280.24 1210.3 1221.18 1238.12 1210.28 1203.6 1197.52 1191.16 1186.98 1163.04 1137.7 1190.84 1316.92 1365.76 1373.58 1341.32 1286.84 1335.66 1545.1 1748.72 1832.26 1788.06 1910.24 2155.48 2204.6 2302.76 2145.82 1975.32 2027.26 -9999 -9999 -9999 -9999 -9999 -9999 -9999 -9999 -9999 -9999 -9999 -9999 -9999 -9999 -9999 -9999 -9999 -9999 -9999 -9999 -9999 -9999
147.36 244.88 224.88 302.62 398.1 523.64 623.5 946 1481.28 1486 1358.96 1209.22 1048.28 990.78 993.74 991.72 978.74 993.98 1046.74 1098.3 1162.16 1157.56 1190.44 1142.58 1098.22 1098.18 1092.48 1088.84 1120.48 1168.96 1162.34 1168.52 1153 1166.04 1193.1 1276.1 1341.42 1353.9 1298.78 1189.96 1215.38 1592.48 1843.56 1924.64 1959.9 2225.42 2396.28 2747.6 -9999 -9999 -9999 -9999 -9999 -9999 -9999 -9999 -9999 -9999 -9999 -9999 -9999 -9999 -9999 -9999 -9999 -9999 -9999 -9999 -9999 -9999 -9999 -9999 -9999 -9999
137.2 185.66 272.8 359.3 426.36 521.52 624.52 1226.8 1364.38 1400.78 1314.82 1138.76 1039.66 1068.84 1118.72 1137.88 1147 1184.18 1191.42 1190.64 1178.46 1176.56 1143.86 1067.12 1024.94 980.44 964.76 1004.28 1056.64 1130.52 1165.5 1174.18 1162.06 1177.5 1222.08 1301.22 1364.24 1378.6 1310.84 1263.7 1372.3 1832.84 2435.86 2588.06 3225.14 3725.7 -9999 -9999 -9999 -9999 -9999 -9999 -9999 -9999 -9999 -9999 -9999 -9999 -9999 -9999 -9999 -9999 -9999 -9999 -9999 -9999 -9999 -9999 -9999 -9999 -9999 -9999 -9999 -9999
127.16 204.88 320.84 387.76 483.18 558.56 796.84 1039.2 1193.04 1313.06 1245.84 1129.56 1068.12 1064.26 1119.88 1247.52 1356.3 1386.72 1356.6 1300.7 1247.68 1260.04 1193.18 1111.28 1036.94 1001.3 1000.3 1002.28 1024.96 1116.26 1150.96 1157.64 1162.76 1168.22 1202.66 1297.3 1370.76 1445.12 1437.48 1614.04 1878.48 2403.46 2826.74 2903.4 -9999 -9999 -9999 -9999 -9999 -9999 -9999 -9999 -9999 -9999 -9999 -9999 -9999 -9999 -9999 -9999 -9999 -9999 -9999 -9999 -9999 -9999 -9999 -9999 -9999 -9999 -9999 -9999 -9999 -9999
138.64 227.12 305.38 402.7 499.18 721.88 865.3 892.52 1088.1 1100.3 1102 1074.66 1067.28 1103.08 1190.68 1377.08 1519.9 1547.4 1496.1 1443.8 1404.06 1471.38 1332.54 1180.88 1131.04 1192.78 1179.58 1085.18 1161.04 1180.88 1165.4 1157.96 1144.3 1159.6 1210.24 1296.12 1390.92 1478.12 1487.66 1494.54 2100.5 2697.62 2830.5 -9999 -9999 -9999 -9999 -9999 -9999 -9999 -9999 -9999 -9999 -9999 -9999 -9999 -9999 -9999 -9999 -9999 -9999 -9999 -9999 -9999 -9999 -9999 -9999 -9999 -9999 -9999 -9999 -9999 -9999 -9999
