data/default-data/raster/climate/pre_6.txt
ncols         720
nrows         360
xllcorner     -180
yllcorner     -90
cellsize      0.5
NODATA_value  -9999
[rows 66 to 98 of 360, columns 450 to 524 of 720]
627.72 618.64 614.48 626.88 631.72 645.74 657.66 639.48 632.86 629.82 639.14 620.12 631.22 626.18 620.26 623.44 617.46 633.3 647.74 661.16 696.08 709.46 719 710.24 722.56 715.58 735.98 766.64 789.86 780.38 791.68 758.22 740.82 712.04 683.02 664.14 644.26 644.9 632 626.26 630.86 608.42 606.1 602.56 589.52 595.58 586.62 580.18 588.74 578.58 570.34 579.02 576.34 583.58 592.38 594.8 597.28 590.02 602.92 589.62 595.84 572.24 570.42 569.12 565.96 567.8 577.04 564.4 553.98 543.84 549.24 564.9 568.14 564.14 581.72
634.56 626.18 620.1 631.34 642.24 630.18 636.8 626.62 618.82 628.1 620.62 622.48 613.68 602.6 605.64 591.8 606.74 622.7 638.3 662.2 675.76 699.86 697.48 699.66 701.48 723.64 727.5 747.96 771.64 774.36 778.78 760.46 722.86 683.58 674.5 644.44 625 625.74 608.34 590.66 584.72 582.96 583.82 589.14 584.44 572.1 553.42 564.36 568.18 558.72 559.4 560.24 571.42 569.24 567.18 567.88 570.8 573.54 581.44 575.62 563.94 541.74 542.28 529.88 526.24 523.5 534.84 523.42 533.7 533.56 530.24 542.84 537.28 564.04 561.38
635.06 632.9 635.18 646.8 655.5 650.36 635.18 629.4 617.9 611.78 614.26 616.44 608.52 589.78 599.88 608.72 605.36 608.64 636.3 652.14 676.26 689.68 697.08 699.1 701.22 722.52 713.7 729.32 738.86 765.66 761.26 710.92 680.82 658.6 629.6 621.06 601.66 600.84 582.88 565.52 569.26 567.86 556.78 554.74 549.92 539.18 530.42 521.84 534.98 537.7 539.94 531.92 553.04 554.16 554.06 562 564.16 566.9 548.64 529.8 521.42 528.94 513.34 511.92 489.84 486.7 502.28 491.44 489.52 505.28 510.38 500.6 526.42 533.94 546.62
640.66 641.08 641.3 641.08 648.86 646.2 633.5 621.12 622.8 611.96 614.64 626.28 607.72 607.5 620.92 619.24 612.9 615.64 632.72 649.1 644.1 657.84 675.02 677.62 700.4 690.34 691.84 705.6 736.52 762.54 722.3 682.6 652.9 623.52 593.96 584.98 565.7 554.62 557.66 540.3 533.68 523.36 540.3 527.68 525.38 517.06 498.98 500.58 483.34 505.22 497.56 499.62 511.92 534.18 526.34 537.74 537.22 535.32 526.14 498.74 499.5 501.36 485.6 463.62 451.46 449.08 467.34 451.56 468.7 464.5 482.72 481.34 507.22 529.32 540.88
626.34 614.22 632.9 626.62 639.6 637.52 635 622.86 619.14 630.06 633.14 634.84 635.5 628.62 621.16 637.94 620.18 622.48 618.4 635.04 651.32 656.34 642.5 645.1 656.22 697.8 698.58 713 705.44 707.86 665.74 630.64 596.08 587.88 568.72 549.56 550.78 529.5 522.62 515.8 495.16 504.28 492.78 492.82 494.1 495.1 474.5 453.7 453.62 455.98 478.34 480.64 483.06 495.62 508.18 520.92 520.84 510.12 493.32 487.36 466.08 460.16 439.5 435.2 421.56 427.58 411.6 425.06 431.2 439.22 448.76 461.96 476.82 506.36 517.56
606.34 624.84 623.5 631.24 630.3 633.04 627.06 604.54 614.46 603.52 610.34 621.52 639.68 638.94 630.74 625.46 606.82 598.36 625.02 621.04 615.6 628.84 614.44 629.94 642.54 661.96 687.04 663.12 643.08 642.22 600.94 579.44 564.2 543.14 533.72 504.4 505.56 484.6 478.22 476.02 465.48 476.72 479.8 481.48 463.12 477.66 461.24 463.64 444.98 457.24 459.52 461.78 474.36 497.2 484.94 503.64 483.54 485.9 467.28 450.14 434.18 418.42 411.86 396.24 398.82 383.44 387.3 388.22 387.64 420.02 421.98 454.98 468.34 485.36 513.46
573.04 604.14 614.14 613.92 624.72 615.04 616.92 610.96 606.72 606.04 606.82 617.78 608.1 617.76 619.06 601.96 593.58 585.18 599.94 585.1 588.48 590.22 575.06 610.32 613.78 621.98 631.38 616.24 572.7 556.3 564.22 542.06 533 501.88 490.96 470.28 471.18 450.32 436.88 437.5 440.34 445.12 451.1 467.48 450.92 465.7 458.8 451.72 426.48 437.18 449.84 439.48 458.76 457 455.18 453.46 467.04 448.42 450.24 441.56 416.94 410.88 400.58 390.68 356.76 363.1 354.6 349.7 380.14 393.24 415.8 438.8 451.86 477.9 494.36
570.56 572.72 581.38 602.76 588.62 588.78 567.92 577.74 576.6 586.76 585.52 596.36 596.82 594.84 595.54 588.22 559.46 560.7 543.32 558.16 561.62 540.96 546.02 560.4 588.56 577.48 587.18 556.54 515.76 510.96 517.96 513.42 482.08 461.04 460.04 439.16 418.36 418.36 413.96 419.54 425.08 430.56 425.56 441.7 436.04 450.98 443.38 457.62 438.82 433.5 431.88 440.74 439.1 426.94 435.74 436.42 439.58 431.08 432.9 413.56 393.92 384.14 366.5 358.02 345.82 341.76 338.06 334.84 352.8 373.64 396.42 419.26 432.2 478.86 506.82
544.98 554.22 549.6 559.16 567.84 568.14 550.92 537.88 538.76 542.68 540.92 554.3 545.12 576.24 570.86 552.74 524.5 525.56 527.54 510.98 514.66 513.22 507.36 525.8 524.1 554.88 528.48 509.84 499.54 489.4 495.98 477.6 456.26 445.1 423.96 410.94 397.4 393.6 392.32 392.86 413.74 418.9 413.32 407.38 434.6 428.18 431.56 429.08 425.58 415.42 422.42 431.36 429.7 428.12 416.24 429.68 401.16 402.8 404.48 383.26 370.52 359.58 339.58 331.86 330.66 320.84 319.82 338.3 336.36 353.46 372.88 405.22 417.92 452.76 502.04
516.36 532.06 526.42 530.34 515.16 530.04 506.84 493.94 491.26 495.8 516.56 497 507.74 505.76 507.14 508.02 488.54 469.24 471.42 475.22 458.32 444.96 463.52 474.84 497.56 511.14 494.36 473.48 473.34 466.82 462.38 451.14 419.06 414.66 391.06 387.56 362.96 348.8 343.78 342.76 373.02 372.52 382.24 391.98 398.4 414.54 407.02 412.4 401.3 402.54 393.56 400.9 399.3 408.24 398.76 401.64 393.9 383.58 383.36 361.46 346.32 346.4 316.06 306.58 308.38 322.08 322.46 330.84 329.62 336.3 374.4 392.5 403.44 448.54 486.92
489.64 495.22 462.7 466.02 478.54 466.8 474.24 471.42 468.5 473.36 455.2 460.74 448.36 453.38 453.78 433.72 423.64 433.92 415.94 419.56 424.06 405.86 427.96 429.94 442.32 445.32 446.68 425.84 425.78 425.7 422.6 408.32 394.68 381.12 367.9 354.78 337.8 324.28 309.14 304.5 323.32 321.84 330.5 339.22 347.9 356.5 365.38 362.54 352.88 366.58 369.46 371.8 368.78 388.78 391.56 393.48 394.1 383.2 372.22 368.82 353.5 333.56 302.98 302.96 296.88 312.38 303.26 312.16 332.52 340.6 336.98 364.58 402.32 446.38 487.94
487.68 464.1 447.6 449.52 431.14 441.58 431.16 428.74 434.56 423.24 406.58 402.5 381.56 391.46 392.3 393.08 374.14 374.88 367.14 384.82 392.92 382.98 383.56 405.64 407.1 409.4 408.84 408.36 392.84 377.76 387.8 384.64 361.28 338.14 325.3 321.16 303.58 290.94 285.42 269.9 275.66 293.58 301.74 309.72 318.78 318.5 336.06 337.66 342.8 337.52 342.48 347.04 360.68 370.2 371 371.86 383.12 372.1 370.22 355.08 329.76 329.88 319.02 300.7 294.64 288.52 303.68 304.14 324.62 334.2 341.08 357.72 397.84 463.02 541.36
465.28 440.82 423.24 420.14 414.56 389.52 404.78 395.78 377.26 361.52 356.94 353.04 346.86 339.94 350.5 350.74 341.08 341.24 344.96 343.6 359.5 370.96 370.98 381.32 393.3 383.32 394.22 358.54 354.18 341.3 342.28 330.24 318.26 315.66 303.08 287.04 279.64 267.72 252.78 256.24 260.14 266.36 275.36 285.68 285.06 295.04 294 311.1 306.06 312.46 319.54 337.26 332.74 340.28 370.74 371.44 372.12 371.86 377.48 361.62 344.94 345.16 334.94 319.1 313.58 297.04 312.16 313.06 302.5 323.66 342.26 361.02 415.7 458.92 534.34
432.98 415.86 397.22 388.22 384.08 369 353 349.46 315.14 321.06 318.26 320.52 302.76 316.6 306.94 317.62 307.84 321.1 313.76 320.96 324.2 325.12 347.64 357.9 344.94 352.36 333.78 320.2 318.8 309.78 299.74 308.4 285.38 282.72 270.1 244.6 228.96 218 211.86 214.74 219.4 235.54 244.12 263.86 273.52 271.1 265.08 281.54 292.5 287.74 284.08 292.74 312.38 332.68 330.64 360.54 361.14 347.46 362.26 335.32 349.34 349.9 362.18 316.74 311.24 305.24 299.12 314.16 313.5 323.06 320.94 343.8 377.16 431.52 475.18
410.72 384.34 388.24 359.86 357.04 331.36 326.44 310.36 294.72 283.3 274.72 286.84 278.52 281.52 271.6 272.38 275.24 277.98 291.34 285.6 298.24 298.94 311.02 323.44 318.42 294.84 305.92 283.18 284.88 286.68 268.54 268.86 256.1 253.3 228.32 212.74 197.9 196.58 201.44 197.2 202 216.92 233.26 252.62 261.88 273.92 269.54 274.92 256.68 274.28 294.92 291.86 301.48 311 320.46 329.96 337.78 341.98 346.02 339.56 324.2 334.96 359.46 344.68 360.08 364.52 347.54 340.82 311.28 320 349.26 347.8 380.64 404.5 460.78
377.26 361.84 367.38 351.28 340.54 325.52 309.54 293.78 257.74 256.14 258.1 250.56 252.98 254.88 245.82 248.28 250.82 242.38 266.94 258.86 259.68 283.54 273.38 285.98 280.06 270.58 264.7 260.72 252.54 243.72 236.16 247.74 236.8 223.38 207.94 193.28 180.5 184.2 187.6 181.8 185.46 199.44 204.22 231.08 250.38 254.54 252.4 236.36 252.46 252.78 260.56 280.82 279.22 266.28 284.16 292.62 333.44 339.1 342.44 345.44 320.16 320.72 343.28 327.6 351.68 345.56 349.56 343.28 336.84 327.5 345.44 353.24 363.72 384.72 418.8
354.76 360.46 344.52 327.96 299.38 285.72 280.84 254.76 251.24 229.18 248.76 229.92 232.32 234.06 216.2 218.36 231.68 222.72 236.16 243.78 246.08 258.96 260.16 260.94 263.74 246.58 240.66 235.56 212.36 203.5 214.54 206.18 197.7 193.92 171.54 168.44 165.98 154.36 156.1 168.68 171.78 185.28 199.26 214.52 238.04 217.82 217.16 200.24 217.48 217.7 225.74 233.82 230.98 228.08 257.32 278.1 307.9 295.44 309.92 332.96 301.16 305.24 319.56 292.72 314.68 307.36 341.4 355.72 349.68 353.86 352.06 337.82 368.64 378.96 358.52
354.88 339.42 333.92 328.26 299.86 276.5 260.68 245.18 232.62 221 230.26 208.22 219.74 200.5 214.78 207.28 209.56 202.24 220.44 227.34 243.52 244.58 245.26 233.64 245.62 219.24 222.24 220.7 207.74 203.56 203.74 191.22 176.96 165.54 153.04 154.56 141.98 150.28 140.12 142.34 144.66 157.54 170.9 196.06 201.7 182.44 183.94 188.6 184.26 171.48 178.02 186.18 193.98 202.58 233.56 243.54 252.52 260.84 277.84 284.62 243.7 250.92 277.92 270.24 282.18 284.48 296.84 309.4 342.14 365.74 337.94 322.98 353.64 354.72 327.8
344.76 329.08 323.32 294.96 287.82 267.24 240.7 236.8 224.7 202.02 200.52 198.28 186.18 188.62 191.86 184.14 201.7 185.42 202.86 196.48 238.68 227.9 215.96 228.44 226.74 216.24 211.46 187.46 176.16 172.4 165 159.86 146.34 144.34 143.02 145.96 136.42 134.9 123.02 124.88 126.82 139.66 174.56 175.7 146.44 150.36 143.18 141.64 140.66 153.24 162.24 163.26 170.48 170.14 200.08 209.62 228.68 227.02 200.9 199.96 200.58 207.98 234.4 248.58 269.8 281.8 284.06 306.26 299.06 311.38 322.58 339.98 381.3 382.66 370.06
355.56 329.1 312 294.44 276.28 257.4 231.32 218.08 205.94 203.8 190.74 188.6 176.06 176.88 180.58 165.64 171.68 166.06 183.52 188.7 206.14 221.7 210.28 206.84 182.5 190.48 186.68 161.48 180.62 164.58 147.04 150.8 135.64 123.12 130.26 131.32 119.34 118.02 116.48 116.22 106.88 129.1 140.54 127.12 122.06 133.82 109.74 109.28 121.36 144.38 133.9 154.36 153.84 142.08 170.78 188.7 176.5 180.2 154.38 173.66 177.84 193.66 219.24 246.26 267.42 269.8 291.52 303.78 286.5 298.54 288.58 295.26 327.82 362.64 422.62
365.06 349.34 333.02 315.84 275.84 245.96 221.82 220.6 207.28 194.1 181.2 -9999 -9999 -9999 -9999 -9999 175.12 169.2 174.96 180.34 197.92 188.06 189.46 197.4 165.08 186.54 181.74 152.18 160.46 144.42 138.8 112.5 107.34 104.68 116.28 110.42 109.98 108.46 96.08 94.38 94.82 84.68 95.66 112.16 112.18 112.42 101.08 90.34 101.08 123.92 134.6 137.9 147.94 167.1 143.98 149.32 145.86 141.4 133.78 126.2 132.08 154.46 195.98 212.82 237.02 248.58 250.68 252.88 264.5 264.42 275.36 262.06 254.14 262.1 257.76
373.1 357.66 331.04 325.08 285.86 256.54 233.6 206.96 -9999 -9999 -9999 -9999 -9999 -9999 -9999 -9999 164.46 159.56 165.44 170.6 189 179.46 194.84 188.6 185.28 178.86 172.38 142.92 139.38 124.04 119.96 115.82 91.24 92.16 110.2 87.9 87.38 86.66 85.12 83.22 93.22 72.88 72.2 90.44 89.74 92.18 93.04 82.54 92.44 103.4 105.2 119.3 117.2 124.1 130.42 146.8 125 122.82 199.3 208.06 143.94 170.18 192.7 199.94 216.66 228.66 240.08 241.88 250.34 271.76 262.68 259 251.96 283.74 238.62
438.84 404.82 380.2 333.02 315.74 285.58 247.7 -9999 -9999 -9999 -9999 -9999 -9999 -9999 160.68 146.02 140.62 134.42 152.52 158.76 164.92 183.4 199.32 180.54 174.82 156.1 163.64 134.8 131.82 116.78 113.04 109.04 75.34 77.68 90.04 77.28 64.92 74.48 73.68 62.04 71.28 71.7 69.54 59.8 60.4 82.26 84.02 85 84.18 95.28 93.72 115.68 124.94 121.28 128.42 135.66 124.64 199.84 119.78 144.96 149.56 173.2 184.1 206.94 231.62 247.96 259.12 258.7 278.4 290.36 300.84 345.08 453.32 391.96 252.54
508 465.28 429.64 371.18 342.74 -9999 -9999 -9999 -9999 -9999 -9999 -9999 -9999 141.32 127.94 123.24 128.7 121.88 139.6 144.92 163.92 169.66 187.86 169.86 165.32 160.68 155.6 126.32 110.7 107.92 104.32 91.1 80.48 70.98 66.74 66.36 54.34 63.8 62.5 61.42 60.38 60.26 59.7 50.22 50.92 51.68 73.96 75.86 75.96 64.66 73.42 102.08 111.88 119.2 128.08 146.48 145.3 142.88 132.56 151.88 183.3 197.12 213.22 225.56 240.56 256.04 305.02 294.3 421.82 494.04 486 522.62 527.64 489.22 329.42
573.92 530.22 475.1 417.26 -9999 -9999 -9999 -9999 -9999 -9999 197.82 196.66 142.18 130.54 137.98 122.74 128.6 146.3 165.04 171.52 177.72 155.12 169.48 155.56 154.86 150.64 133.1 116.54 100.78 85.94 84.44 72.02 87.34 46.82 54.48 55.66 54.48 53.38 52.36 51.18 60.1 49.82 50.26 50.8 72.04 52 42.58 54.66 78.28 76.42 84.94 82.56 90.22 109.4 118.2 155.9 173.64 171.82 182.26 184.7 200.96 228.7 253.28 261.48 275.68 320.88 373.66 448.88 557.46 582.5 661.96 561.02 452.74 397.44 265.68
654.98 603.06 527.9 459.1 -9999 430.42 -9999 -9999 -9999 -9999 209.28 151.48 160.78 160.5 169.62 156.06 140.42 170.92 177.9 171.7 163.98 165.7 152.7 152.54 124.92 125.04 122.54 92.96 103.34 89.54 76.4 77.88 37.38 34.64 32.16 43.6 43.74 42.88 52.52 51.3 52.28 52.28 51.24 51.44 73.42 106.36 86.68 77.84 89.3 100.58 87.86 95.04 101.62 140.3 148.06 166.44 183.1 212.68 252.78 253.96 270.34 280.1 308.5 321.22 332.9 374.38 433.8 449.12 448.44 380.88 403.36 350.26 397.06 459.14 429.46
771.08 691.14 585.82 500.26 425.66 -9999 -9999 -9999 -9999 -9999 -9999 -9999 151.12 150.26 169.28 167.04 163.66 146.64 165.3 158.24 162.82 162.04 149.96 122.44 95.28 95.34 109.12 94.8 81.38 81 67.42 52.84 49.32 34.22 31.6 42.74 43.5 42.86 41.96 42.8 45.2 44.34 43.46 53.32 63.02 74.24 130.3 154.9 99.98 98.7 118.78 137.3 155.52 175.22 193.14 207.98 215.4 234.88 285.56 314.92 329.66 339.42 351.62 371.72 370.48 378.32 380.78 387.56 347.06 306.7 308.78 314.22 297.98 288.5 268.42
944.78 814.04 720.6 601.9 455.74 -9999 -9999 -9999 -9999 -9999 -9999 -9999 184.78 139.44 137.46 133.54 140.16 146.6 114.32 131.88 159.22 145.26 133.96 120.18 93.54 80.24 93.74 80.54 83.26 71.1 69.72 52.42 48.78 45.12 41.48 31.22 42.38 42.9 43.76 46.32 47.78 58.56 45.98 56.48 66.44 65.52 64.56 98.88 112.2 167.22 175.6 159.44 162.56 187.42 234.16 238.7 258.06 267.14 287.36 337.9 360.3 379.14 396.2 436.96 464.12 512.82 489.96 480.36 452.48 439.08 422 415.88 378.1 306.1 277.26
1416.24 1256.98 1184.08 1038.7 747.04 417.32 358.46 -9999 -9999 -9999 -9999 -9999 -9999 175.68 167.7 111.14 116.62 121.74 114.24 130.04 129.62 116.46 105.2 78.6 78.62 78.78 79.12 79.28 66.18 70.52 55.14 51.76 47.88 44.44 30.52 30.38 41.24 43.9 47.3 49.9 50.32 61.76 60.7 59.62 69.62 67.3 79.16 93.56 116.84 162.8 260.88 258.42 262.36 311.06 378.34 376.02 445.86 413.52 422.9 419.36 429.66 418.5 481.16 497.5 480.72 505.16 513.42 496.18 481.98 450.58 400.1 373.92 334.98 324 314.06
1345.06 1319.3 1253.26 1151 932.72 632 399.62 -9999 -9999 -9999 -9999 -9999 -9999 -9999 154.12 120.66 116.18 109.26 126.74 114.12 113.98 101.6 90.28 64.34 51.38 51.8 64.64 51.28 51.16 55.18 59.84 53.12 47.2 32.5 29.92 29.5 31.56 46.44 50.72 53.42 52.82 51.88 63.02 48.84 59.06 68.38 70.88 114.5 138.96 208.44 305.54 372.2 388.76 405.32 415.04 446.4 490.32 490.68 481.06 500.36 481.84 457.18 454.64 432.52 490.36 465.1 499.6 476.26 462.08 418.22 417.86 361.86 322.44 301.42 231.14
1053.06 1002.6 1103.46 1100.18 1065.06 856.42 487.98 300.16 -9999 -9999 -9999 -9999 -9999 -9999 -9999 85.98 68.56 72.66 123.82 111.52 111.3 99.58 88.56 63.2 50.64 49.9 49.54 49.54 38.84 42.8 61.84 43.64 38.02 33.86 29.56 29.68 33.14 36.48 39.84 42.06 54.42 39.68 64.02 49.58 60.02 70.16 74.08 105.9 164.02 263.4 375.08 394.1 390.26 385.24 397.72 404.56 461.82 462.6 474.16 484.58 473.54 464.92 459.22 476.08 473.36 473.82 465.56 442 398.46 365.46 325.94 269.5 219.5 189.04 159.36
733.96 769.56 826.06 815.58 886.66 942.42 769.24 447.28 299.64 -9999 -9999 -9999 -9999 -9999 -9999 136.76 -9999 -9999 60.06 72.44 96.56 85.38 73.94 61.26 48.48 60.26 60.06 62.44 51.98 43.52 46.24 48.2 30.46 40.5 36.88 34.46 37.98 41.22 44.6 43.68 54.08 52.66 63.98 49.74 60.3 60.5 76.92 96.12 131.78 237.86 374.8 373.4 272.62 262.32 313.46 427.38 451.78 487.54 466.12 444.08 443.24 441.66 414.7 422.66 411.02 402.88 403.28 359.28 306.74 264.9 235.52 208.34 168.22 147.9 128.26
902.88 866.92 646.26 506.14 519.32 451.42 583.62 545.14 290.32 235.2 204.64 -9999 -9999 -9999 -9999 123.42 43.84 45.26 45.92 58.16 69.54 70.08 59.64 71 69.78 57.64 59.52 62.08 66.86 43.48 46.42 66.3 33.14 49 44.52 41.4 28.46 30.76 32.88 45.94 42.54 52.08 63.3 49.24 59.68 61.38 78.32 84.48 104.3 214.08 257.2 185.86 178.76 188.6 190 275.12 442.28 443.78 421.94 400.3 389.16 357.78 342.1 349.28 330.24 343.4 311.2 277.74 245.74 224.16 195.12 167.24 137.22 126.84 126.88
