data/default-data/raster/climate/pre_7.txt
ncols         720
nrows         360
xllcorner     -180
yllcorner     -90
cellsize      0.5
NODATA_value  -9999
[rows 198 to 230 of 360, columns 600 to 674 of 720]
243.62 -9999 -9999 -9999 -9999 -9999 -9999 -9999 101 84.48 84.74 399.98 409.4 -9999 -9999 -9999 -9999 -9999 -9999 -9999 -9999 -9999 -9999 -9999 -9999 -9999 -9999 -9999 -9999 -9999 -9999 -9999 -9999 -9999 -9999 -9999 -9999 -9999 -9999 -9999 -9999 940.32 990.44 456.5 512.74 573.64 1150.34 -9999 -9999 -9999 -9999 -9999 -9999 1219.38 540.32 895.94 1157.28 937.54 1091.94 -9999 2166.28 2381.36 -9999 -9999 -9999 3037.06 -9999 -9999 -9999 -9999 -9999 -9999 -9999 -9999 -9999
179.9 197.88 -9999 -9999 -9999 -9999 -9999 215.24 333.24 151.02 344.36 -9999 -9999 -9999 -9999 -9999 -9999 -9999 -9999 -9999 -9999 -9999 -9999 -9999 -9999 -9999 -9999 -9999 -9999 -9999 -9999 -9999 -9999 -9999 -9999 -9999 -9999 -9999 -9999 -9999 -9999 -9999 -9999 -9999 -9999 -9999 -9999 -9999 -9999 -9999 -9999 -9999 -9999 -9999 1096.28 1141 1169.76 1134 1266.72 783.78 1964.62 2551.1 2446.72 -9999 -9999 -9999 -9999 -9999 -9999 -9999 -9999 -9999 -9999 -9999 -9999
155.98 158.92 -9999 150.48 -9999 -9999 193.76 227.76 221.26 239.02 -9999 -9999 -9999 -9999 -9999 -9999 -9999 -9999 -9999 -9999 -9999 -9999 -9999 -9999 -9999 -9999 -9999 -9999 -9999 -9999 -9999 -9999 -9999 -9999 -9999 -9999 -9999 -9999 -9999 -9999 -9999 -9999 -9999 -9999 492.82 -9999 -9999 -9999 -9999 -9999 -9999 -9999 -9999 -9999 -9999 1130.78 1232.72 1757.62 1921.94 1499.5 2001.08 1997.56 2187.74 -9999 -9999 -9999 -9999 -9999 -9999 -9999 -9999 -9999 -9999 -9999 -9999
-9999 -9999 -9999 112.4 -9999 131.34 148.82 -9999 -9999 -9999 -9999 -9999 -9999 -9999 -9999 -9999 -9999 -9999 -9999 -9999 -9999 -9999 -9999 -9999 -9999 194.64 -9999 -9999 -9999 -9999 -9999 -9999 -9999 -9999 -9999 -9999 -9999 -9999 -9999 -9999 -9999 -9999 -9999 226.78 312.86 432.62 -9999 -9999 -9999 -9999 -9999 -9999 -9999 -9999 -9999 -9999 -9999 -9999 -9999 -9999 1706.64 1923.76 -9999 2277.86 -9999 2475.24 -9999 -9999 -9999 -9999 -9999 -9999 -9999 -9999 -9999
-9999 -9999 -9999 -9999 -9999 -9999 -9999 -9999 -9999 -9999 -9999 -9999 -9999 -9999 -9999 -9999 -9999 -9999 -9999 -9999 169.22 169.4 17.46 97.14 27.12 146.16 119.58 129.06 -9999 -9999 -9999 -9999 254.34 285.96 -9999 -9999 -9999 -9999 -9999 -9999 -9999 -9999 -9999 -9999 114.24 210.88 -9999 -9999 -9999 -9999 -9999 -9999 -9999 -9999 -9999 -9999 -9999 -9999 -9999 -9999 -9999 -9999 -9999 -9999 -9999 -9999 2462.4 -9999 2655.84 -9999 -9999 -9999 -9999 -9999 -9999
-9999 -9999 -9999 -9999 -9999 -9999 -9999 -9999 -9999 -9999 -9999 -9999 -9999 -9999 -9999 -9999 -9999 -9999 -9999 -9999 13.2 13.2 10.9 77.26 70.66 15.92 13.2 66.4 68.02 66.78 96.62 130.62 165.86 195.18 -9999 -9999 -9999 -9999 -9999 -9999 -9999 -9999 -9999 -9999 139.14 234.8 388.04 -9999 -9999 -9999 -9999 -9999 -9999 -9999 -9999 -9999 -9999 -9999 -9999 -9999 -9999 -9999 -9999 -9999 -9999 -9999 -9999 -9999 -9999 -9999 -9999 -9999 -9999 -9999 -9999
-9999 -9999 -9999 -9999 -9999 -9999 -9999 -9999 -9999 -9999 -9999 -9999 -9999 -9999 -9999 -9999 -9999 -9999 -9999 -9999 -9999 70.44 5.84 5.32 5 9.12 23.2 37.6 35.74 19.56 6.96 15.08 39.06 48.16 140.48 -9999 -9999 -9999 -9999 -9999 -9999 -9999 -9999 74.22 147.28 238.54 346.36 -9999 -9999 -9999 -9999 -9999 -9999 -9999 -9999 -9999 -9999 -9999 -9999 -9999 -9999 -9999 -9999 -9999 -9999 -9999 -9999 -9999 -9999 -9999 -9999 -9999 -9999 -9999 -9999
-9999 -9999 -9999 -9999 -9999 -9999 -9999 -9999 -9999 -9999 -9999 -9999 -9999 -9999 -9999 -9999 -9999 -9999 -9999 -9999 48.88 5.94 5.44 4.94 9.1 12.66 37.44 41.2 28.58 25.22 27.36 22.24 23.2 71.7 -9999 -9999 -9999 -9999 -9999 -9999 -9999 -9999 -9999 55.42 118.9 217.52 371.9 396.32 -9999 -9999 -9999 -9999 -9999 -9999 -9999 -9999 -9999 -9999 -9999 -9999 -9999 -9999 -9999 -9999 -9999 -9999 -9999 -9999 -9999 -9999 -9999 -9999 -9999 -9999 -9999
-9999 -9999 -9999 -9999 -9999 -9999 -9999 -9999 -9999 -9999 -9999 -9999 -9999 -9999 -9999 -9999 -9999 -9999 -9999 34.16 5.56 15.72 19.22 21.46 30.26 39.72 43.98 51.54 28.06 24.48 33.08 7.16 15.26 47.46 -9999 -9999 -9999 -9999 -9999 -9999 -9999 -9999 -9999 36.82 81.6 143.24 243.1 289.28 -9999 -9999 -9999 -9999 -9999 -9999 -9999 -9999 -9999 -9999 -9999 -9999 -9999 -9999 -9999 -9999 -9999 -9999 -9999 -9999 -9999 -9999 -9999 -9999 -9999 -9999 -9999
-9999 -9999 -9999 -9999 -9999 -9999 -9999 -9999 -9999 -9999 -9999 -9999 45.64 45.1 45.06 39.24 -9999 -9999 -9999 15.5 14.56 13.64 12.36 21.52 27.52 36.94 45.98 46.6 22.52 24.28 32.88 7.04 22.42 23.52 -9999 -9999 -9999 -9999 -9999 -9999 -9999 -9999 -9999 9.1 44.92 53.24 124.86 189.4 -9999 -9999 -9999 -9999 -9999 -9999 -9999 -9999 -9999 -9999 -9999 -9999 -9999 -9999 -9999 -9999 -9999 -9999 -9999 -9999 -9999 -9999 -9999 -9999 -9999 -9999 -9999
-9999 -9999 -9999 -9999 -9999 -9999 -9999 -9999 -9999 -9999 38.42 36.2 50.74 53.52 47.32 36.28 -9999 -9999 19.88 14.36 26.8 25.22 15.82 16.22 21 24.28 32.3 26.84 17.02 18.3 6.6 7.06 7.34 7.54 7.78 -9999 -9999 -9999 -9999 -9999 -9999 -9999 -9999 0 8.88 27.02 83.14 117.44 215.52 294.3 -9999 -9999 -9999 -9999 -9999 -9999 -9999 -9999 -9999 -9999 -9999 -9999 -9999 -9999 -9999 -9999 -9999 -9999 -9999 -9999 -9999 -9999 -9999 -9999 -9999
-9999 -9999 -9999 -9999 -9999 -9999 -9999 -9999 -9999 34.28 58.94 55.08 54.16 53.16 52.58 41.46 20.4 25.1 19.8 13.74 17.3 27.02 18.78 19.04 19.18 20.36 22.58 11.28 17.12 18.4 6.5 0 -9999 -9999 -9999 -9999 -9999 -9999 -9999 -9999 -9999 -9999 -9999 0 8.8 19 71.82 86.38 186.3 310.44 368.78 -9999 -9999 -9999 -9999 -9999 -9999 -9999 -9999 -9999 -9999 -9999 -9999 -9999 -9999 -9999 -9999 -9999 -9999 -9999 -9999 -9999 -9999 -9999 -9999
-9999 -9999 -9999 -9999 -9999 -9999 -9999 -9999 30.16 49.86 47.72 62.56 66.52 54.14 59.7 37.26 31.32 25.72 24.24 24.4 25.4 26.84 27.86 28.18 22.68 16.8 17.7 23.7 17.46 18 6.3 6.64 0 -9999 -9999 -9999 -9999 -9999 -9999 -9999 -9999 -9999 -9999 0 0 9.6 30.32 64.44 167.14 304.4 359.24 -9999 -9999 -9999 -9999 -9999 -9999 -9999 -9999 -9999 -9999 -9999 -9999 -9999 -9999 -9999 -9999 -9999 -9999 -9999 -9999 -9999 -9999 -9999 -9999
-9999 -9999 -9999 -9999 -9999 -9999 -9999 -9999 33.12 53.66 50.04 73.88 54.02 40.74 52.14 39.84 38.58 36.3 32.64 33.94 35.68 43.72 38.64 32.28 25.82 19.22 24.88 18.06 11.72 17.54 6.2 6.56 13.68 6.88 0 -9999 -9999 -9999 -9999 -9999 -9999 -9999 0 0 0 0 19.92 63.58 144.14 248.04 365.56 497.1 -9999 -9999 -9999 -9999 -9999 -9999 -9999 -9999 -9999 -9999 -9999 -9999 -9999 -9999 -9999 -9999 -9999 -9999 -9999 -9999 -9999 -9999 -9999
-9999 -9999 -9999 -9999 -9999 42.04 39.78 47.26 34.42 45.28 82.5 90.72 70.86 50.38 57.34 65.76 51.6 35.6 30.86 25.86 33.88 35.54 35.7 42.78 42.84 42.84 35.44 24.64 17.76 23.88 24.64 19.38 13.44 13.44 13.5 0 0 -9999 0 0 -9999 -9999 0 0 0 0 9.8 42.02 142.9 303.64 409.1 528.44 -9999 -9999 -9999 -9999 -9999 -9999 -9999 580.04 646.7 -9999 -9999 -9999 -9999 -9999 -9999 -9999 -9999 -9999 -9999 -9999 -9999 -9999 -9999
-9999 -9999 -9999 -9999 33.78 44.86 42.6 43.52 40.68 46.42 71.54 65.44 59.1 61.72 81.38 74.06 48.24 27.72 36.08 37.44 38.66 37.48 36.86 45.2 47 47.06 31.28 32.64 18.68 30.2 24.26 25.4 19.66 26.3 19.8 19.78 19.88 0 0 0 -9999 -9999 0 0 0 0 10 20.9 129.84 290.6 426.22 502.96 556.76 -9999 -9999 -9999 -9999 -9999 -9999 -9999 -9999 -9999 -9999 -9999 -9999 -9999 -9999 -9999 -9999 -9999 -9999 -9999 -9999 -9999 -9999
-9999 -9999 -9999 -9999 47.42 60.8 26.62 15.08 34.1 47.62 81.36 60.82 35.02 58 94.54 81.04 75.1 47.02 40.7 48.3 54.52 45.28 29.54 37.88 46.42 47.34 34.18 35.54 33.18 37.04 36 43.6 38.5 45.02 38.64 32.28 25.96 20.44 21.14 0 -9999 8.1 8.52 8.54 0 0 9.86 41.68 117.62 238.36 484.66 651.6 550.26 -9999 -9999 -9999 -9999 -9999 -9999 -9999 -9999 -9999 -9999 -9999 -9999 -9999 -9999 -9999 -9999 -9999 -9999 -9999 -9999 -9999 -9999
-9999 -9999 -9999 -9999 48.82 40.4 28.08 21.28 28.6 36.16 50.94 50.86 52.28 43.86 59.78 70.22 48.98 40.84 47.52 46 51.96 43 28.08 36.34 37.54 38.78 31.98 36.72 41.88 32.48 30.32 42.4 43.56 43.58 43.82 38.94 40.96 28.56 22.34 23.3 16.34 8.58 8.54 7.98 0 9.14 19.64 51.7 118.42 231.02 444.36 590.68 526.3 -9999 -9999 -9999 -9999 -9999 -9999 -9999 -9999 -9999 -9999 -9999 -9999 -9999 -9999 -9999 -9999 -9999 -9999 -9999 -9999 -9999 -9999
-9999 -9999 -9999 49.42 34.24 34.22 34.26 34.26 25.68 25.84 25.5 23.66 40.22 48.82 49.38 49.98 57 47.7 46.54 45.38 51.58 35.9 34.88 43.2 44.72 38.48 37.3 36.76 34.98 33.16 43.68 52.92 53.98 55 45.26 54.4 42.78 29.8 30.98 24.5 17.54 17.8 8.48 7.88 14.8 25.06 28.26 82.46 133.62 234.16 242.86 405.4 524.28 -9999 -9999 -9999 -9999 -9999 -9999 -9999 -9999 -9999 -9999 -9999 -9999 -9999 -9999 -9999 -9999 -9999 -9999 -9999 -9999 -9999 -9999
-9999 -9999 -9999 51.6 50.52 61.78 48.26 45.7 31.84 19.5 18 17.34 34.82 26.32 51.48 50.36 40.72 47.66 54.18 60.5 58.88 43.04 41.86 42.82 44.34 38.18 36.62 36.78 34.94 33.12 43.86 47.14 53.84 56.74 59.84 49.08 51.62 46.18 31.96 25.48 17.94 17.7 8.7 8.2 16 34.96 57.86 119.02 119.2 130.84 182.02 238.28 274.34 491.92 -9999 -9999 -9999 -9999 -9999 -9999 -9999 -9999 -9999 -9999 -9999 -9999 -9999 -9999 -9999 -9999 -9999 -9999 -9999 -9999 -9999
-9999 -9999 69.08 44.4 70.04 65.92 49.46 46 31.86 29.2 17.88 18.02 18.16 18.26 35.76 33.84 41.06 47.68 54.24 60.4 44.2 43 41.76 42.36 36.6 37.8 36.24 43.64 41.86 33.08 43.9 42.7 49.66 64.28 54.58 64.28 59.76 46.82 73.22 33.32 26.6 17.76 17.86 17.12 25.36 45 87.7 147.6 168.14 148.24 146.26 162.2 228.14 175.28 398.32 415.14 -9999 -9999 -9999 -9999 -9999 -9999 -9999 -9999 -9999 -9999 -9999 -9999 -9999 -9999 -9999 -9999 -9999 -9999 -9999
66.74 55.32 45.52 44.62 70.04 65.62 36.68 34.04 31.4 19.14 9.28 9.38 18.74 18.96 18.86 26.84 33.58 48.12 54.48 67.92 51.4 42.98 41.7 42 36.26 28.54 28.66 36 41.84 33.18 38.92 44.96 58.82 59.76 68.22 58.1 60.08 59.8 73.08 52.08 24.06 17.38 17.9 26.44 26.8 45.72 98.34 165.64 212.84 181.06 159.48 146.54 164.56 157.06 163.44 225.26 401.6 420.08 -9999 -9999 -9999 -9999 -9999 -9999 -9999 -9999 -9999 -9999 -9999 -9999 -9999 -9999 -9999 -9999 -9999
95.84 100.22 89.72 88.16 69.22 64.82 60.44 44.76 30.92 28.72 28.84 19.36 29.3 19.72 19.94 28.36 35.58 41.6 62.54 60.78 66.06 64.34 55.54 48.5 43.08 35.36 28.36 28.54 42.14 47.94 46.76 53.82 54.82 62.68 63.24 62.6 61.6 64.9 76.14 65.86 50.16 39 42.88 52.32 46.16 75.68 97.98 114.8 175.82 181.08 183.8 143.88 142.52 152.22 199.78 340.98 323.34 389.88 367.62 -9999 -9999 -9999 -9999 -9999 -9999 -9999 -9999 -9999 -9999 -9999 -9999 -9999 -9999 -9999 -9999
97.72 88.38 73.6 72.74 41.14 38.42 47.7 33.1 30.48 19.84 19.94 20.08 30.54 20.48 41.5 49.78 37.68 44.28 57.96 68.7 66.8 64.24 55.54 48.02 42.64 35.04 28.1 28.56 43.36 49.4 55.26 56.28 64.42 72.68 70.92 69.1 66.84 67.7 74.48 80.14 63.28 48.46 45.66 58.52 71.04 83.9 95.38 98.96 103.12 135.6 148.8 124.04 124.66 134.66 184.16 335.84 356.04 356.02 332.04 357.9 -9999 -9999 -9999 -9999 -9999 -9999 -9999 -9999 -9999 -9999 -9999 -9999 -9999 -9999 -9999
84.14 57.98 72.46 71.98 67.76 50.7 47.16 43.6 20.4 20.46 20.66 20.82 20.96 21.3 32.18 31.34 49.6 46.74 61.46 65.7 61.04 65.16 69.36 61.28 48.08 41.54 42.4 58.24 52.04 58.08 72.22 73.48 74.68 73.04 71.38 74.94 71.8 61.58 69.2 79.3 70.94 61.28 58.98 73.4 88.98 94.08 106.5 120.5 115.46 121.2 136.2 130.66 122.02 132.72 171.2 235.26 336.92 361.66 334.1 322.12 -9999 -9999 -9999 -9999 -9999 -9999 -9999 -9999 -9999 -9999 -9999 -9999 -9999 -9999 -9999
70.36 28.3 42.74 56.9 53.58 25.02 34.86 32.24 31.64 21.18 21.4 21.6 10.84 22.02 33.32 32.9 62.6 39.4 46.48 52.36 73.38 68.14 63.44 67.64 61.3 63.04 57.66 66.78 68.68 67.06 82.94 84.26 82.68 86.04 74.8 79.82 79.44 68.82 76.28 80.34 78.06 81.54 77.2 71.66 85.58 101.34 129.68 139.76 141.96 140.56 142.22 135.86 135.3 142.62 175.08 214.02 267.04 307.38 327.68 283.66 319.9 -9999 -9999 -9999 -9999 -9999 -9999 -9999 -9999 -9999 -9999 -9999 -9999 -9999 -9999
54.82 55.06 55.38 55.74 39.64 12.38 11.5 10.84 32.58 32.92 22.12 22.36 22.6 22.74 34.46 45.94 43.84 31.06 49.04 55.4 77.88 80.88 82.72 75.76 76.18 85.66 102.9 90.72 93.16 92.6 94.18 91.16 85.72 83.76 85.38 83.72 81.48 71.4 73.92 77.44 74.04 82.22 84.1 86.06 100.86 122.32 142.6 156 152.12 152.68 131.9 148.5 140.08 139.5 165.34 208.62 218.46 241.02 292.84 264.4 289.52 333.52 -9999 -9999 -9999 -9999 -9999 -9999 -9999 -9999 -9999 -9999 -9999 -9999 -9999
53.28 40.12 53.86 54.16 51.52 36.22 22.5 22.32 22.52 22.74 34.38 23 46.58 46.96 35.56 47.86 45.84 32.74 51.56 58.5 82.54 86 80.6 84.3 89.26 94.68 110.28 110.08 118.38 119.46 108.78 104.9 89.64 97.4 95 92.56 83.28 73.36 70.4 75.56 76.62 84.28 85.74 93.84 102.56 133.52 146.58 155.84 163.22 149.94 144.76 160.56 147.86 166.2 177.12 220.54 220.5 232.8 260.56 288.12 327.66 373.42 -9999 -9999 -9999 -9999 -9999 -9999 -9999 -9999 -9999 -9999 -9999 -9999 -9999
51.16 38.2 64.62 65.54 62.86 47.02 44.98 45.58 34.7 35.16 35.48 23.9 24.02 24.26 36.62 49.22 59.88 57.02 75.82 82.08 96.88 82.72 105.5 91.52 111.46 111.14 114.48 130.2 159.8 146.1 135.44 111.52 101.68 91.64 89.36 94.42 84.92 82 72.4 71.86 72.72 80.66 88.86 97.52 114.32 132.14 143.9 152.94 151.88 162.3 168.38 187.26 181.78 190.88 204.18 212.22 212.18 236 268.36 300.62 290.4 347.32 384.56 -9999 -9999 -9999 -9999 -9999 -9999 -9999 -9999 -9999 -9999 -9999 -9999
61.14 48.56 60.98 61.86 59.72 44.98 45.36 46.38 47.1 35.92 36.46 36.9 24.82 37.48 25.22 50.82 62.4 83.42 79.38 86.14 103.2 98.68 112.66 124.58 144.74 160.98 144.32 143.08 146 133.38 133.42 114.04 103.32 93.02 83.06 88.24 85.88 69.54 74.8 81.68 82.74 83.98 99.62 109.4 119.98 138.42 151.34 170.58 162.94 174.2 190.8 190.54 191.04 211.54 227.56 221.02 218.84 226.66 266.86 290.9 287.54 322.74 366.3 469.56 -9999 -9999 -9999 -9999 -9999 -9999 -9999 -9999 -9999 -9999 -9999
105.98 81.08 80.46 81.46 78.96 76.44 67.16 68.82 70.48 60.08 49.18 37.62 38.14 51.46 51.92 52.24 64.96 74.48 71.1 57.16 65.64 94.14 109.9 143.22 124.24 119.2 125.12 126.28 117.18 102.26 101.42 98.76 96.3 86.18 76.36 74.42 79.68 78.78 77.9 78.02 93.42 101.98 96.88 122.68 141.34 152.84 158.14 178.8 187.1 186.04 192.52 217.26 234.54 252.98 256.2 245.26 282.74 288.64 280.84 276.28 271.22 344.16 377.94 429.2 533.34 635.24 -9999 -9999 -9999 -9999 -9999 -9999 -9999 -9999 -9999
125.04 100.38 87.74 87.08 84.86 86.16 66.32 79.24 58.04 59.46 48.64 49.66 50.88 51.94 53.12 53.8 67.48 77.84 87.44 84.16 80.7 77.46 74.2 91.2 110.52 107.86 111.48 113.54 110.46 95.46 94.46 91.94 81.46 79.22 77.12 75.6 82.12 81.1 80.86 95.86 97.14 106.88 117.62 128.36 139.44 151.34 155.84 182.06 180.12 200.72 202.4 217.52 242.8 272.84 276.58 312.5 298.48 296.82 282.66 271.28 262.3 339.16 394.68 386.14 437.56 624.46 777.16 -9999 -9999 -9999 -9999 -9999 -9999 -9999 -9999
131.08 150.46 126.54 113.78 113.86 95.64 87.18 78.18 68.68 70.24 83.84 61.16 50.1 63.88 65.68 53.9 81.66 120.98 117.94 126.46 109.64 82.02 78.78 97.1 93.58 78.86 86.04 90.84 86.7 87.96 78.6 85.08 82.86 72.58 71.12 77.78 76.84 83.48 91.54 91.94 93.78 104.42 115.1 142.64 145.48 140.32 157.88 174.2 190.04 211.54 215.98 229.36 234.22 259.2 295.78 315.26 303.86 309.18 283.3 278.56 304.44 305.7 333.52 365.52 406.32 552.48 800.5 -9999 -9999 -9999 -9999 -9999 -9999 -9999 -9999
