data/default-data/raster/climate/pre_11.txt
ncols         720
nrows         360
xllcorner     -180
yllcorner     -90
cellsize      0.5
NODATA_value  -9999
[rows 198 to 230 of 360, columns 375 to 449 of 720]
-9999 -9999 -9999 -9999 -9999 -9999 -9999 -9999 -9999 -9999 -9999 520.48 795.6 1131.34 1716.58 2009.04 2201.18 2215.22 2132.36 2070.84 2066.76 2106.34 2119.94 2174.28 2174.94 2150.12 2167.18 2172.24 2171.42 2161.78 2170.54 2168.54 2098 2024.5 1912.14 1757.4 1629.42 1591.6 1639.86 1561.36 1760.06 1688.08 1656.34 1590.48 1556.12 1507.08 1384.56 1233.7 1040.72 835.72 711.56 654.62 569.48 615.64 628.46 685.26 716 918.58 1071.96 1053.94 1064.3 1035.4 971.84 820.72 805.14 -9999 -9999 -9999 -9999 -9999 -9999 -9999 -9999 -9999 -9999
-9999 -9999 -9999 -9999 -9999 -9999 -9999 -9999 -9999 -9999 -9999 568.76 803.8 1051.42 1571.7 1964.82 2138.54 2175.96 2102.48 2071.58 2045.26 2036.6 2050.62 2102.48 2097.3 2073.42 2067.96 2072.46 2090.04 2100.3 2090.64 2068.26 2028.5 1974.36 1858.9 1747 1635.82 1648.38 1460.56 1429.44 1652.6 1634.06 1648.76 1577.92 1520.46 1505.1 1390.76 1251.2 1056.54 931.1 809.38 729.2 491.56 594.54 690.46 723.9 728.5 850.54 965.98 968.06 968.42 936.46 905.68 758.12 673.34 -9999 -9999 -9999 -9999 -9999 -9999 -9999 -9999 -9999 -9999
-9999 -9999 -9999 -9999 -9999 -9999 -9999 -9999 -9999 -9999 -9999 1005.4 782.96 1100.44 1736.12 2000.56 2116.86 2117.04 2085.88 2074.66 2035.72 2027.52 2020.52 2043.02 2019.24 2026.36 1991.54 1991.58 2006.84 2026.72 2025.74 2039.9 2035.4 1972.94 1876.9 1781.2 1790.08 1669.04 1497.3 1424.64 1536.56 1526.34 1500.54 1401.8 1428.78 1449.34 1406.54 1289.52 1082.32 935.02 822.38 722.72 608.96 538.8 601.5 640.16 697.24 780.98 909.96 972 916.16 829.08 802.74 780.14 623.86 562.08 -9999 -9999 -9999 -9999 -9999 -9999 -9999 -9999 -9999
-9999 -9999 -9999 -9999 -9999 -9999 -9999 -9999 -9999 -9999 -9999 -9999 691.92 1129.62 1751.34 1984.66 2150.2 2148.58 2038.5 2006.14 1985.48 1988.12 1958.14 1934.4 1941.74 1918.9 1896.12 1899.76 1920.08 1972.82 1990.98 2024.22 2058.72 2010.92 1918.84 1837.12 1749.42 1679.96 1544.78 1453.78 1382.8 1222.82 1000.44 1045.46 1272.5 1374.34 1339.38 1254.38 1165.56 916.84 774.96 658.2 691.12 632.1 695.54 681.82 692.36 764.32 875.88 886.58 837.5 776.84 733.48 703.72 589.62 552.02 644.26 -9999 -9999 -9999 -9999 -9999 -9999 -9999 -9999
-9999 -9999 -9999 -9999 -9999 -9999 -9999 -9999 -9999 -9999 -9999 -9999 991.72 1156.38 1746.06 1950.56 2120.18 2133.5 2072.96 1987.58 1935.24 1965.74 1889.52 1896.96 1813.58 1801.04 1808.5 1826 1856.94 1908 1962.08 2039.64 2092.56 2067.46 2005.06 1905.32 1793.72 1729.68 1606.58 1501.96 1305.36 1007.44 575.5 904.46 1286.64 1305.74 1240.8 1157.48 1049.16 897.22 732.96 615.34 572 772.5 846.22 777.08 755.56 774.16 796.02 784.68 771.64 716.42 652.92 630.58 596.96 531.94 -9999 -9999 -9999 -9999 -9999 743.04 -9999 -9999 -9999
-9999 -9999 -9999 -9999 -9999 -9999 -9999 -9999 -9999 -9999 -9999 -9999 549.26 1192.94 1730.76 1926.84 2075.74 2113.96 2140.62 1988.86 1913.16 1915.26 1821.5 1808.8 1705.32 1682.78 1690.42 1707.1 1763.28 1833.08 1887.26 2004.32 2078.78 2105.42 2056.64 1942.84 1809.2 1730.32 1646.58 1568.92 1386.04 1126.66 938.76 1084.34 1253.26 1230.96 1133.62 1000.56 911.56 773.9 693.22 650.58 669.3 1260.42 747.1 875.46 812.34 793.22 763.9 752.1 736.92 657.96 651.46 624.14 578.4 495.46 -9999 -9999 -9999 -9999 -9999 747.78 668.48 -9999 -9999
-9999 -9999 -9999 -9999 -9999 -9999 -9999 -9999 -9999 -9999 -9999 787.16 527.68 1299.28 1645.28 1983.74 2031.6 2150.7 2107.78 1967.68 1880.18 1878.04 1784.74 1681.44 1588.56 1566.58 1584.12 1601.48 1648.96 1714.22 1837.64 2009.6 2064.9 2075.56 2011.76 1872.94 1782.54 1688.46 1653.64 1584.98 1471.16 1371.34 1191.92 1151.3 1169.08 1136.82 1028.26 873.6 748.6 666.42 634 614.5 715.16 756.58 992.2 885.58 852.22 804.12 778.54 728.14 696.46 656.5 633.22 574.08 509.48 465.72 527.1 -9999 -9999 -9999 -9999 -9999 652.06 685.54 674.1
-9999 -9999 -9999 -9999 -9999 -9999 -9999 -9999 -9999 -9999 695.9 340.32 709.42 1127.56 1638.18 1953.3 2130.8 2068.52 1960.16 1818.98 1734.12 1725.82 1664.46 1589.26 1513.18 1471.9 1490.04 1498.04 1535.92 1583.64 1698.9 1873.68 1982.9 2015 1954.34 1808.54 1692.3 1627.32 1593.62 1558.4 1523.86 1503.18 1297.74 1180.38 1122.26 1073.26 983.88 840.88 645.46 570.76 605.3 645.5 703.68 804.52 816.8 895.22 892.34 811.5 730.4 695.68 690.88 652.3 637.06 599.36 495.48 398.54 478.94 -9999 -9999 -9999 -9999 -9999 -9999 -9999 -9999
-9999 -9999 -9999 -9999 -9999 -9999 -9999 -9999 -9999 -9999 307.2 547.48 779.98 1037.38 1463.88 1741.5 1883.92 1809.74 1734.08 1618.2 1606.1 1617.18 1551.48 1459.06 1389.16 1373.3 1367.4 1391.6 1385.7 1426.48 1504.26 1645.8 1887.52 2001.22 1897.04 1718.52 1579 1512.2 1468.84 1445.46 1459.82 1451.08 1281.52 1151.44 1103.38 1027.72 963.96 808.36 610.04 444.22 546.02 616.94 622.64 598.4 634.72 840.18 825.62 744.52 718.86 719.04 698.88 681.12 657.54 605.44 521.94 435.3 466.76 -9999 -9999 -9999 -9999 -9999 -9999 -9999 -9999
-9999 -9999 -9999 -9999 -9999 -9999 -9999 -9999 -9999 579.56 423.84 646.18 754.9 1218.56 1433.7 1528.2 1593.78 1570.78 1524.28 1454.84 1450.08 1484.92 1428.2 1341.32 1276.88 1264.32 1245.76 1259.56 1243.46 1281.72 1337.66 1499.2 1754.2 1929.66 1744.32 1563.36 1420.2 1363.04 1350.04 1326.46 1299.7 1276.54 1135.34 1014.72 989.74 950.42 884.68 806.42 633.04 531.7 656.58 707.56 601.54 491.64 605.86 663.72 702.56 694.12 721 701.36 676.9 670.38 654.26 588.6 541.06 479.48 491.92 -9999 -9999 -9999 -9999 -9999 -9999 -9999 -9999
-9999 -9999 -9999 -9999 -9999 -9999 -9999 -9999 -9999 525.48 404.08 579.76 773.78 1062.58 1189.84 1255.44 1320.74 1357.34 1353.72 1342.22 1362.88 1361.02 1315.92 1219.9 1154.3 1128.34 1104.96 1102.62 1085.28 1110.28 1185.16 1361.42 1465.26 1515.18 1431.14 1343.18 1255.14 1218.76 1215.86 1193.12 1145.84 1066.36 923.96 835.06 852.26 841.9 848.94 866.6 764.22 685.04 686.18 758.82 703.84 642.72 453.88 580.84 665.3 667.78 661.44 644.24 645.9 655.7 659.44 631.12 575.56 488.3 463.94 -9999 -9999 -9999 -9999 -9999 -9999 -9999 -9999
-9999 -9999 -9999 -9999 -9999 -9999 -9999 -9999 -9999 150.02 394.04 760.68 996.46 984.02 991.54 1018.22 1111.88 1155.74 1187.6 1213.88 1252.52 1225.44 1203.98 1118.5 1082.98 1047.9 1022.78 1007.68 993.38 924.58 908.38 1126.04 1216.38 1202.34 1087.26 1098.04 1072.12 1075.68 1089.16 1049.34 1046.32 974.36 838.9 701.16 680.32 722.94 769.32 798.12 773.58 717.26 658.96 741.7 781.5 732.28 681.32 684.4 742.94 699.72 652.44 697.16 706.48 685.08 701.32 684.74 603.32 538.2 481.64 -9999 -9999 -9999 -9999 -9999 -9999 -9999 -9999
-9999 -9999 -9999 -9999 -9999 -9999 -9999 -9999 -9999 105.34 243.88 603.86 817.32 802.66 772.58 769.88 823.78 897.64 959.18 1000.42 1037.24 1042.28 1054.96 1010.42 995.54 961.6 947.96 937.82 924.48 901.02 860.92 1000.3 1003.14 1003.52 937.96 924.1 941.34 936.62 915.7 892.22 941.96 921.68 881.1 663.98 587.52 594.06 650.16 663.58 681.18 637.82 607.96 643.74 730.86 792.66 802.08 872.28 919.7 900.26 826.28 864.12 772.26 729.36 718.18 676.8 589.72 528.22 514.22 -9999 -9999 -9999 -9999 -9999 -9999 -9999 -9999
-9999 -9999 -9999 -9999 -9999 -9999 -9999 -9999 345.06 95.48 218.92 314.82 601.86 655.98 607.6 596.3 632.58 736.62 799.74 803.58 866.68 918.3 917.46 913.02 898.72 894.58 871.32 869.18 846.74 811.66 799.9 812.4 842.1 864.22 840.34 828.44 828.08 814.34 789.38 810.6 870.74 1065.12 854.4 669.76 601.08 552.26 527.5 530.46 541.08 532.56 563 557.32 635.5 738.24 785.8 990.64 1157.28 1075.92 960.52 857.4 753.02 679.66 624.98 590.26 537.76 503.32 -9999 -9999 -9999 -9999 -9999 -9999 -9999 -9999 -9999
-9999 -9999 -9999 -9999 -9999 -9999 -9999 -9999 52.74 112.06 219.78 392.34 456.74 502.92 485.42 501.68 503.22 582.8 630.72 660.36 720.44 778.8 799.06 817.36 813.36 800.12 800.74 781.6 751.34 739.58 732.1 731.34 740.94 774.74 773.7 781 767.72 764.44 797.14 790.5 794.52 827.8 713.06 703.48 624.64 539.4 536.2 519.66 549.8 542.1 534.02 536.1 543.7 640.12 693.18 911.94 1180.6 1045.8 917.46 796.04 667.18 586.48 542.04 510.48 480.32 513.72 -9999 -9999 -9999 -9999 -9999 -9999 -9999 693.82 722.76
-9999 -9999 -9999 -9999 -9999 -9999 -9999 -9999 52.36 154.24 243.56 310.52 390.12 425 425.08 437.02 446.28 505.82 556.08 585.32 633.88 680.98 719.68 733.12 739.14 740 732.94 699 699.7 690.8 711.04 717.56 738.64 726 759.1 732.26 724.06 758 865.1 860.02 604 661.28 686.62 733.9 735 676.76 676.62 755.68 626.42 579.36 581.88 566.58 634.9 643.52 696.62 766.62 949.02 952.94 832.14 708.7 598.52 506.54 488.84 454.5 497.4 -9999 -9999 -9999 -9999 -9999 -9999 -9999 -9999 669.04 718.08
-9999 -9999 -9999 -9999 -9999 -9999 -9999 -9999 60.66 187.24 333.86 318.52 291.52 343.2 376.02 386.68 408.76 450.76 492.88 539.18 577.2 622.94 641.84 650 666.4 680.32 670.18 666.22 655.54 653.68 663.2 662.96 693.36 722.56 713.46 682.78 704.42 755.72 784.44 621.18 572.98 661.04 707.48 753.58 780.86 763.02 814.08 790.92 711.98 654.68 701.88 748.88 772.74 720.12 735.88 789.4 899.86 839.42 795.64 668.72 550.22 445.38 543.2 -9999 -9999 -9999 -9999 -9999 -9999 -9999 494.24 -9999 556.84 583.48 716.92
-9999 -9999 -9999 -9999 -9999 -9999 -9999 -9999 43.52 170.74 284.56 286.44 290.24 299.78 357.94 390.96 387.3 420.6 452.86 487.46 540.06 566.74 593.88 547.78 574.78 610.8 627.78 626.42 620.4 619.56 619.86 640.26 680.62 692.86 697.78 645.82 674.64 667.06 624.78 544.16 647.78 697.44 730.9 728.12 774.52 881.62 918.86 901.42 807.1 774.28 928.08 932.56 885.6 823.78 801.76 796.98 842.94 806.36 761.1 661.28 605.64 -9999 -9999 -9999 -9999 -9999 -9999 -9999 -9999 -9999 -9999 -9999 509.26 545.18 681.04
-9999 -9999 -9999 -9999 -9999 -9999 -9999 -9999 193.72 86.34 202.68 222.68 290.18 284.46 308.18 355.24 367.1 392.06 453.08 479.12 514.54 539.9 533.02 478.82 492.44 518.8 561.62 554.32 561.24 567.08 568.94 601.14 613.9 642.76 657.96 667.7 642.98 608.32 563.74 623 707.4 768.32 855.74 804.72 758.04 926.54 965.88 948.3 974.94 1066.86 1302.74 936.44 919.2 869.18 828.36 859.16 822.1 811.16 755.56 -9999 -9999 -9999 -9999 -9999 -9999 -9999 -9999 -9999 -9999 -9999 -9999 -9999 469.64 488.66 663.6
-9999 -9999 -9999 -9999 -9999 -9999 -9999 -9999 -9999 8.7 94.02 175.46 244.6 222.7 234.54 275.92 309.1 362.54 415.5 461.78 493.54 505.16 464.76 441.54 455.94 492 527.1 536.52 532.54 522.28 542.54 553.94 575.78 572.66 600.72 610.3 621.66 630.44 635.48 665.98 740 831.74 919.68 882.04 808.84 890.56 952.58 890.78 892.5 1033.76 1324.82 905.32 885.34 856.4 893.52 908.9 883.6 824.04 -9999 -9999 -9999 -9999 -9999 -9999 -9999 -9999 -9999 -9999 -9999 -9999 -9999 -9999 -9999 459.04 617.92
-9999 -9999 -9999 -9999 -9999 -9999 -9999 -9999 -9999 -9999 17.28 92.88 148.58 161.22 199.7 232.54 285.04 318.92 385.54 478.86 548.94 502.76 406.72 416 436.44 456.7 494.62 492.92 493.58 477.2 478.3 508 528.28 515.48 537.28 539.74 559.34 599.66 634.28 686.94 748.42 882.18 927.04 933.6 917.36 944.6 981.06 756.66 693.14 776.66 879.98 855.44 875.34 883.36 982.98 988.9 847.02 -9999 -9999 -9999 -9999 -9999 -9999 -9999 -9999 -9999 -9999 -9999 -9999 -9999 -9999 -9999 -9999 428.6 514.76
-9999 -9999 -9999 -9999 -9999 -9999 -9999 -9999 -9999 -9999 66.08 56.38 109.56 144.56 169.86 207.88 257.86 319.62 394.64 467.64 545.26 467.06 380.24 381.18 416.32 474.4 480.6 463.06 473.4 468.58 470.86 482.28 481.52 465.26 477.74 478.02 500.72 557.22 632.14 725.7 802.44 912.42 881.66 961.08 938.24 908.54 848.32 791.72 764.22 713.98 996.2 879.32 841.76 942.52 1045.2 928.94 -9999 -9999 -9999 -9999 -9999 -9999 -9999 -9999 -9999 -9999 -9999 -9999 -9999 -9999 -9999 -9999 -9999 369.8 428.86
-9999 -9999 -9999 -9999 -9999 -9999 -9999 -9999 -9999 -9999 -9999 0 47.1 71.68 101.78 153.22 212.24 270.74 361.42 357.96 364.46 377.38 388.88 412.18 440.46 469.32 466.56 450.5 442.84 448.52 452.88 446.24 443.78 446.14 417.08 414.32 460.36 528.16 628.86 777.78 908.4 912.12 891.08 879.34 854.66 795.58 821.28 855.96 838.34 734.44 854.54 768.24 812.1 907.44 964.34 -9999 -9999 -9999 -9999 -9999 -9999 -9999 -9999 -9999 -9999 -9999 -9999 -9999 -9999 -9999 -9999 -9999 -9999 212.48 376.4
-9999 -9999 -9999 -9999 -9999 -9999 -9999 -9999 -9999 -9999 -9999 12.14 5.6 39.86 70.1 98.3 185.66 247.52 319.4 259.32 262.9 320.52 358.12 394.02 433.42 446.82 432.96 437.78 431.6 428.5 425.88 432.5 430.48 416.12 404.64 400.64 460.18 520.22 642.4 808.96 830.46 762.18 720.26 737.02 831.24 803.82 808.52 812.3 796 753.84 758.32 744.32 785.6 814.92 848.96 800.94 -9999 -9999 -9999 -9999 -9999 -9999 -9999 -9999 -9999 -9999 -9999 -9999 -9999 -9999 -9999 -9999 369.82 251.5 393.9
-9999 -9999 -9999 -9999 -9999 -9999 -9999 -9999 -9999 -9999 -9999 -9999 0 28.74 72.14 91.54 161.78 229.28 240.9 262.54 283.5 329.76 377.98 404.9 429.46 426.66 426.84 425.22 430.84 431.38 437.96 426.12 423.06 417.12 402.92 436.42 475.24 528.72 630.54 695.42 683.14 607.82 562.92 572.56 652.18 699.88 728.52 757.26 756.66 722.18 698.92 714.66 719.46 753.7 764.74 718.36 -9999 -9999 -9999 -9999 -9999 -9999 -9999 -9999 -9999 -9999 -9999 -9999 -9999 -9999 -9999 429.32 203.72 298.58 458.72
-9999 -9999 -9999 -9999 -9999 -9999 -9999 -9999 -9999 -9999 -9999 -9999 0 5.48 35.98 78.4 165.9 192.18 227.94 239.16 282.84 307.64 343.76 383.94 400.32 398.92 397.32 407 424.5 412.72 417.28 413.78 400.1 419.84 418.06 452.26 495.22 549.18 611.14 642.64 626.98 537.14 483.82 502.5 554.14 625.86 691.44 717.64 742.02 709.96 685.12 696.18 709 721.16 703.44 666.72 -9999 -9999 -9999 -9999 -9999 -9999 -9999 -9999 -9999 -9999 -9999 -9999 -9999 -9999 -9999 496.04 212.44 335.28 446.86
-9999 -9999 -9999 -9999 -9999 -9999 -9999 -9999 -9999 -9999 -9999 -9999 -9999 0 8.46 39.78 98.36 145.62 192.08 255.3 250.8 245.56 301.68 348.06 362.3 358.58 364.28 379.42 373.14 380.84 404.18 400.5 402.38 423.1 435.38 472.56 524.32 563.44 621.62 582.64 590.3 531.62 451.92 448.9 501.64 624.32 681.4 679.28 677.44 643.98 656.14 663.08 680.7 706.4 687.1 628.2 629.84 -9999 -9999 -9999 -9999 -9999 -9999 -9999 -9999 597.72 -9999 -9999 -9999 -9999 -9999 183.84 268.9 419.36 540.58
-9999 -9999 -9999 -9999 -9999 -9999 -9999 -9999 -9999 -9999 -9999 -9999 -9999 0 0 0 48.34 124.96 212.22 224.84 190.34 208.46 257.48 291.02 323.84 338.02 343.84 353.04 342 358.8 381.32 382.16 404.72 436.64 449.04 482.82 542 615.66 647.4 620.38 629.32 561.34 512.48 529.34 637.68 859.7 808.46 707.72 632.28 618.94 628.94 636.32 684.52 709.96 704.8 675.84 643.5 -9999 -9999 -9999 -9999 -9999 -9999 -9999 -9999 -9999 -9999 -9999 -9999 -9999 -9999 627.94 316.56 476.1 602.4
-9999 -9999 -9999 -9999 -9999 -9999 -9999 -9999 -9999 -9999 -9999 -9999 -9999 0 0 0 0 80.22 142.74 132.92 129.3 141.98 170.34 207.7 247.48 298.06 319.18 326.54 324.62 337.22 371.56 374.7 416.9 439.98 484 525.28 560.3 606.84 672.92 627.5 618.14 607.04 644.66 697.24 810.44 1002.8 826.42 682.66 606.04 587.34 612.12 640.64 689.54 735.48 746.02 712.78 -9999 -9999 -9999 -9999 -9999 -9999 -9999 -9999 -9999 -9999 -9999 -9999 -9999 -9999 -9999 675.36 268.42 451.1 616.12
-9999 -9999 -9999 -9999 -9999 -9999 -9999 -9999 -9999 -9999 -9999 -9999 -9999 -9999 0 0 0 78.2 99.36 100.04 126.3 135.14 140.48 159.88 224.62 254.9 272.02 308.16 306.82 319.3 356.56 376.7 419.36 443.32 498.22 534.36 579.64 574.04 619.78 622.42 640.82 734.24 775.84 867.86 950.18 983.74 841 717.46 641.64 618.24 631.32 663.44 707.8 753.12 802.96 775.66 -9999 -9999 -9999 -9999 -9999 -9999 -9999 -9999 -9999 -9999 -9999 -9999 -9999 -9999 -9999 -9999 336.38 482.56 648.6
-9999 -9999 -9999 -9999 -9999 -9999 -9999 -9999 -9999 -9999 -9999 -9999 -9999 -9999 0 0 12.4 75.28 98.16 109.94 108.68 127.22 138.44 148.2 194.34 231.82 258.08 274.56 279.44 315.92 344.82 386.16 430.22 488.14 523.22 570.5 638.5 571.72 631.3 702.26 854.9 908.58 932.18 936.42 987.36 1052.32 907.1 764.38 664.2 663.22 662.46 704 749.06 803.66 818.5 805.04 -9999 -9999 -9999 -9999 -9999 -9999 -9999 -9999 -9999 -9999 -9999 -9999 -9999 -9999 -9999 -9999 472.8 620.22 758.86
-9999 -9999 -9999 -9999 -9999 -9999 -9999 -9999 -9999 -9999 -9999 -9999 -9999 -9999 0 0 23.78 82.56 107.82 122.58 115.34 122.96 133.94 152.56 171.4 220.02 247.52 279.34 282.88 297.64 334.6 381.5 422.28 463.92 517.86 592.34 688.56 696.2 720.54 791.38 906.28 1001.78 966.04 918.9 1040.06 1029.68 1143.38 890.88 719.22 719.12 720.3 763.04 814.24 833.04 824.7 737.04 -9999 -9999 -9999 -9999 -9999 -9999 -9999 -9999 -9999 -9999 -9999 -9999 -9999 -9999 -9999 -9999 881.76 700.54 840.14
-9999 -9999 -9999 -9999 -9999 -9999 -9999 -9999 -9999 -9999 -9999 -9999 -9999 -9999 0 0 34.12 69.9 105.16 120.3 109.44 123.94 109.1 128.66 138.6 188.64 232.86 255.02 270.2 303.58 328.34 355.4 389.64 443.14 488.28 573.92 667.2 712.14 752.88 784.6 918.34 977.08 1013.04 1058.34 1219.14 1362 1270.72 1043.42 806.06 759.98 747.4 820.36 837.42 -9999 -9999 -9999 -9999 -9999 -9999 -9999 -9999 -9999 -9999 -9999 -9999 -9999 -9999 -9999 -9999 -9999 -9999 -9999 -9999 967.12 902.32
