data/default-data/raster/climate/pre_2.txt
ncols         720
nrows         360
xllcorner     -180
yllcorner     -90
cellsize      0.5
NODATA_value  -9999
[rows 99 to 131 of 360, columns 150 to 224 of 720]
100.48 61.14 41.34 74.2 85.06 93.96 109.54 109.84 105.58 129.6 163.6 148.84 151.9 173.62 192.18 213.42 205.86 239.42 263.18 250.76 269.4 246.5 226.94 259.52 263.72 285.46 315.16 354.2 414.3 411.66 430.9 434.06 457.6 474.86 462.92 484.06 521.72 533.38 532.74 551.86 499.18 533.5 513.04 503.08 507.48 527.02 577.1 589.36 605.7 625.24 682.48 782.26 816.42 729.78 692.88 699.4 711.6 693.32 734.3 709.18 716.06 761.58 762.64 -9999 -9999 -9999 -9999 -9999 -9999 -9999 -9999 -9999 -9999 -9999 -9999
131.96 93.66 62.36 53.86 77.28 85.42 103.32 118.2 133.26 135.74 136.16 131.74 142.86 176.68 197.66 217.84 227.86 240.24 261.2 253.72 269.4 289.82 282.64 299.44 311.98 351.6 372.24 420.7 396.98 392.6 434.94 471.96 470.34 498.1 509.98 535.24 573.16 589.1 600.72 589.8 546.78 542.58 542.14 534.36 544.16 572.38 617.18 629.88 669.1 690.28 701.3 760.92 679.78 667.9 669.16 709.24 689.56 723.06 716.76 697.12 753.34 819.28 -9999 -9999 -9999 -9999 -9999 -9999 -9999 -9999 -9999 -9999 -9999 -9999 -9999
124.24 96.18 83.22 64.9 78.42 77.26 107.82 118.68 132.14 143.38 142.98 133.2 144.38 189.32 201.84 221.86 251.88 255.38 275.3 307.24 316.9 321.28 337 356.4 358.08 420.32 433.04 428.9 428.04 448.02 478.66 505.88 509.7 536.56 558.68 589.76 610.7 619.58 628.02 644.1 628.58 615.5 613.92 591.76 599.32 639.44 658.76 655.26 727.96 761.42 772.76 716.7 608.06 609.32 642.14 689.16 753.42 740.38 705.54 734.64 749.5 806.26 -9999 -9999 -9999 -9999 -9999 -9999 -9999 -9999 -9999 -9999 -9999 -9999 -9999
105.38 86.34 72.8 75.72 79.2 91.02 112.28 130.26 163.1 162.66 151.4 154.68 178.54 201.94 213.06 234.36 252.44 282.46 294.96 317.48 329.08 378.48 412.72 415.94 418.66 442.2 492.38 478.82 491 513.92 522.94 539.04 577.54 587.32 615.4 637.96 689.08 689.26 678.74 740.1 693.78 675.54 691.86 677 679.74 673.5 704.04 755.12 794 907.72 936.64 679.64 587.3 631.14 657.52 684.08 730.62 782.1 763.18 782.64 -9999 -9999 -9999 -9999 -9999 -9999 -9999 -9999 -9999 -9999 -9999 -9999 -9999 -9999 -9999
103.28 85.92 73.06 97.2 99.86 102.24 103.48 120.6 148.12 137.72 145.62 156.26 181.72 212.7 223.54 245.4 274.52 312.04 322.42 342.66 377.96 418.98 439.24 447.4 453.2 491.42 515.06 524.18 527.1 582.74 611.58 624.26 652.2 675.68 711.24 745.12 803.46 825.54 796.98 815.14 749.32 755.08 773.6 771.8 750.52 759.8 773.72 774.8 850.88 964.44 801.6 649.5 621.4 693.84 703.46 729.18 773.06 804.74 793.02 820.42 -9999 -9999 -9999 -9999 -9999 -9999 -9999 -9999 -9999 -9999 -9999 -9999 -9999 -9999 -9999
116.86 92.42 82.58 84.42 96.9 88.7 111.82 114.38 144.82 143.78 164.36 185.88 214.4 234.74 241.1 270.42 304.98 337.72 359.32 389.56 441.04 483.24 506.26 499.34 501.82 537.18 557.52 578.02 584.16 641.32 701.2 742.56 774.06 808.68 840.08 888.56 922.7 932.5 936.34 913.26 852.94 804.82 821.12 806.26 796.92 810.78 782.5 767.92 736.68 738.36 708.74 716.38 723.46 727.5 745.76 760.82 806 834.38 820.54 876.9 -9999 -9999 -9999 -9999 -9999 -9999 -9999 -9999 -9999 -9999 -9999 -9999 -9999 -9999 -9999
154.86 117.94 90.9 82.84 84.76 107.98 121.76 130.74 159.26 168.16 147.7 231.94 251.22 246.54 241.86 269.1 338.34 363.66 415.64 437.48 467.66 558.74 573.5 584.26 585.94 608.04 624.02 664.14 706.66 776.72 824.98 868.82 897.56 940.66 960.98 991.7 1009.66 1027.44 1047.12 1003.26 931.58 870.7 842.56 825.38 815.7 814.36 787.22 776.8 759.54 756.98 753.54 747.2 787.58 812.26 797.46 809.02 847.46 852.56 888.3 -9999 -9999 -9999 -9999 -9999 -9999 -9999 -9999 -9999 -9999 -9999 -9999 -9999 -9999 -9999 -9999
151.76 127.2 112.8 73.04 92.92 115.12 102.12 124.72 180.36 191.32 232.12 254.34 278.3 289.36 291.5 324.26 377.46 434.32 445.32 476.16 512.2 594.52 654.04 644.98 654.32 689.74 702.58 760.34 844.98 879.44 916 957.8 1003.98 1060.28 1085.8 1060.28 1056.56 1051.58 1078.92 1052.94 1006.58 980.02 894.46 853.78 831.92 822.78 835.84 860.42 824.2 793.38 787.62 824.68 818.3 808.6 832.64 838.08 844.94 834.94 898.78 -9999 -9999 -9999 -9999 -9999 -9999 -9999 -9999 -9999 -9999 -9999 -9999 -9999 -9999 -9999 -9999
123.5 96.6 81.5 79.52 108.56 127.6 115.38 142.72 187 226.28 228.22 248.66 254.7 262.24 282.58 394.36 431.2 476.68 515.8 543.98 563.64 607.14 700.26 723.72 736.64 758.12 781.54 865.42 949.84 965.38 1001.34 1041.08 1094.2 1148.38 1158.12 1119.34 1018.74 1033.42 1066.28 1118.58 1095.38 1069.76 958.24 863.58 837.08 891.8 904.6 900.14 866.22 819.36 814.42 842.86 839.44 862.54 860.14 875.24 862.08 856.92 909.42 -9999 -9999 -9999 -9999 -9999 -9999 -9999 -9999 -9999 -9999 -9999 -9999 -9999 -9999 -9999 -9999
96.76 74.92 79.12 108.26 117.4 134.86 130.9 157.66 212.38 231.84 233.72 254.5 256.24 275.04 342.22 441.16 465.74 462.94 507.94 567.48 592.28 638.9 702.16 757.64 785.84 829 858.26 895.72 966.66 1035.22 1110 1120.22 1155.94 1188.66 1170.4 1116.98 1038.16 1062.92 1080.48 1182.08 1154.96 1096.3 1080.7 1070.84 1075.38 1013.78 1016.82 968.42 897.78 861.4 848.8 867.2 858.88 897.4 885.12 893.84 894.26 898.48 939.66 -9999 -9999 -9999 -9999 -9999 -9999 -9999 -9999 -9999 -9999 -9999 -9999 -9999 -9999 -9999 -9999
110.78 91.72 105.26 136.64 136.82 133.56 127.58 174.6 204.86 224.64 254.12 251.74 279.84 311.24 352.32 423.8 460.24 467.86 526.76 619.46 638.3 674.24 741.7 781.68 839.56 866.72 913.54 975.12 1053.84 1101.1 1157.56 1156 1183.56 1212.44 1200.62 1160 1123.26 1155.7 1209.66 1201.84 1187.66 1229.44 1366.8 1414.44 1252.06 1046.86 1015.62 974.42 912.08 921.06 916.66 888.08 895.48 908.68 891.34 897.52 928.96 912.46 923.9 -9999 -9999 -9999 -9999 -9999 -9999 -9999 -9999 -9999 -9999 -9999 -9999 -9999 -9999 -9999 -9999
108.12 120.68 135.46 127.8 128.04 133.32 147.86 160.98 198.7 227.94 237.78 249.18 293.74 320 382.76 445.92 525.78 532.36 585.82 666.68 733.42 823.36 852.16 883.84 905.66 925.5 983.16 1056.98 1118.34 1149.86 1205.06 1210.44 1214.28 1220.08 1211.76 1201.12 1215.02 1259.86 1298.64 1252.6 1234.9 1361.3 1420.22 1349.58 1142.92 1034.2 1004.14 983.78 958.94 948.94 918.62 894.56 891.4 890.68 896.58 937.56 980.28 910.22 -9999 -9999 -9999 -9999 -9999 -9999 -9999 -9999 -9999 -9999 -9999 -9999 -9999 -9999 -9999 -9999 -9999
113.44 112.58 111.94 115.48 118.72 135.16 160.24 179.26 189.9 219.26 237.76 262.26 304.8 340.04 391.56 478.96 564.24 608.86 658.46 753.5 822.38 897.62 935.32 983.96 1014.32 1043.08 1096.3 1143.04 1198.16 1234.56 1243.54 1241.86 1230.34 1228.6 1237.22 1245.54 1291.14 1292.12 1303.26 1248.08 1238 1274.26 1226.22 1147.86 1045.6 1022.74 1027.14 989.22 912.94 918.28 854.96 865.9 899.16 928.24 911.8 875.2 -9999 -9999 -9999 -9999 -9999 -9999 -9999 -9999 -9999 -9999 -9999 -9999 -9999 -9999 -9999 -9999 -9999 -9999 -9999
115.9 95.1 123.78 115.04 140.06 149.22 158.52 189.12 220.5 260.82 289.96 336.62 379.72 456.56 491.34 564.44 625.82 694.5 756.8 830.64 877.24 943.18 995.34 1044.42 1088.58 1137.58 1192.78 1237.52 1201.96 1226.22 1258.46 1263.32 1234.1 1236.7 1230.7 1204.2 1187.64 1248.58 1286.44 1275.4 1224.68 1158.06 1122.8 1074.22 1057.04 1056.92 1086.86 1025.56 932.24 894.6 884.9 856.44 905.16 851.44 854.08 -9999 -9999 -9999 -9999 -9999 -9999 -9999 -9999 -9999 -9999 -9999 -9999 -9999 -9999 -9999 -9999 -9999 -9999 -9999 -9999
108.02 107.1 117.4 118.08 141.52 164.32 176.8 195.28 226.52 283.66 345.72 382.98 437 496.1 523.1 564.08 651.26 731.72 792.86 858.02 920.76 985.58 1020.26 1088.32 1164.84 1227.34 1301.9 1290.94 1250.6 1241.42 1237.06 1248.5 1252.46 1241.1 1210 1203.66 1196.12 1247.96 1275.16 1257.58 1212.6 1170.92 1118.08 1100.5 1085.28 1049.18 1029.56 977.32 928.84 886.02 851.08 849.06 -9999 -9999 -9999 -9999 -9999 -9999 -9999 -9999 -9999 -9999 -9999 -9999 -9999 -9999 -9999 -9999 -9999 -9999 -9999 -9999 -9999 -9999 -9999
131.92 109.84 120.5 121.44 142.98 155.62 176.66 195.72 246.18 268.7 331.68 398.8 470.94 497.58 536.68 570.7 647.08 755.82 822.74 891.8 964.54 1025.56 1043.46 1118.74 1205.72 1280.94 1365.84 1300.64 1283.84 1257.64 1228.6 1265.02 1281.14 1223.66 1263.72 1245.42 1277.24 1285.96 1258.1 1243.38 1201.58 1170.82 1134.5 1100.12 1056.18 1012.36 964.76 922.4 911.72 821.62 877.7 -9999 -9999 -9999 -9999 -9999 -9999 -9999 -9999 -9999 -9999 -9999 -9999 -9999 -9999 -9999 -9999 -9999 -9999 -9999 -9999 -9999 -9999 -9999 -9999
141.8 111.72 111.2 112.7 134.52 145.86 168.44 208.8 254.12 295.04 299.88 403.26 481.74 520.5 540.48 586.34 686.62 772.98 843.4 877.98 970.38 1049.94 1098.14 1148.86 1227.18 1258.54 1294.2 1245.52 1220.14 1201.84 1232.76 1268.36 1296.58 1299.84 1298.26 1309.5 1293.54 1297.24 1243.6 1220.98 1193.3 1174.68 1121.28 1064.88 1010.8 955.82 889.7 805.4 798.96 898.94 -9999 -9999 -9999 -9999 -9999 -9999 -9999 -9999 -9999 -9999 -9999 -9999 -9999 -9999 -9999 -9999 -9999 -9999 -9999 -9999 -9999 -9999 -9999 -9999 -9999
135.24 124.58 101.92 113.46 144.8 155.9 177.5 208.92 264.6 301.18 340.66 405.22 479.98 519.7 512.28 548.28 702.38 778.66 796.52 843.42 958.6 1051.8 1101.62 1163.52 1199.66 1222.6 1242.28 1203.9 1253.22 1289.46 1308.58 1217.06 1258.1 1307.46 1313.52 1349.06 1351.92 1313.08 1260.32 1242.32 1244.58 1194.6 1143.18 1070.38 979.08 898.56 863.82 817.34 -9999 -9999 -9999 -9999 -9999 -9999 -9999 -9999 -9999 -9999 -9999 -9999 -9999 -9999 -9999 -9999 -9999 -9999 -9999 -9999 -9999 -9999 -9999 -9999 -9999 -9999 -9999
125.12 137.16 127.2 111.6 132.26 165.24 176.72 227.96 259.82 293.6 353.82 392.88 443.08 511.4 547.84 619.82 682.26 765.3 814.26 877.46 960.76 1044.44 1091.56 1144.8 1162.7 1197.22 1243.6 1319.78 1352.22 1382.36 1391.3 1267.54 1331.48 1337 1346.82 1399.42 1392.28 1333.42 1276.96 1261.18 1256.54 1215.86 1135.72 1074.24 959.14 868.84 895.56 899.3 -9999 -9999 -9999 -9999 -9999 -9999 -9999 -9999 -9999 -9999 -9999 -9999 -9999 -9999 -9999 -9999 -9999 -9999 -9999 -9999 -9999 -9999 -9999 -9999 -9999 -9999 -9999
98.78 140.34 142.7 129.06 131.6 164.88 188.48 229.12 269.04 298.74 359.7 390.52 433.26 521.42 593.54 624.5 667.2 759.64 805.92 879.58 951.94 1000.18 1014.18 1046 1080.66 1120.26 1196 1297.98 1365.56 1408.48 1391.24 1333.84 1337.78 1297.84 1349.06 1363.16 1351.92 1331.92 1252.74 1185.16 1230.38 1246.9 1163.6 1074.62 991.06 917.72 883.94 875.82 -9999 -9999 -9999 -9999 -9999 -9999 -9999 -9999 -9999 -9999 -9999 -9999 -9999 -9999 -9999 -9999 -9999 -9999 -9999 -9999 -9999 -9999 -9999 -9999 -9999 -9999 -9999
88.06 114.96 122.14 125.82 141 164.94 188.44 220.72 250.72 301.04 356.14 422.5 519.8 559.54 562.88 604.96 662.36 732.24 765.6 839.68 953.96 926.26 895.92 904.1 985.24 1003.02 1104.86 1208.08 1296.78 1325.9 1308.14 1306.12 1250.64 1239.46 1227.02 1222.48 1224.18 1200.32 1163.1 1071.52 1158.76 1247.38 1150.98 1070.22 1004.3 945.26 882.78 867.82 -9999 -9999 -9999 -9999 -9999 -9999 -9999 -9999 -9999 -9999 -9999 -9999 -9999 -9999 -9999 -9999 -9999 -9999 -9999 -9999 -9999 -9999 -9999 -9999 -9999 -9999 -9999
66.5 83.48 84.02 105.9 129.66 155.46 178.06 211.5 253.08 282.62 312.26 381.66 487.72 502.42 554.72 583.78 625.26 682.74 702 724.52 794 797.7 789.84 835.36 879.38 921.8 994.88 1092.2 1216.96 1191.98 1203.62 1195.62 -9999 -9999 -9999 -9999 -9999 -9999 -9999 1005.86 1018.46 1063.6 1015.54 1033.86 999.84 938.52 881.26 844.4 -9999 -9999 -9999 -9999 -9999 -9999 -9999 -9999 -9999 -9999 -9999 -9999 -9999 -9999 -9999 -9999 -9999 -9999 -9999 -9999 -9999 -9999 -9999 -9999 -9999 -9999 -9999
55.02 72.1 74.76 87.16 118.82 164.02 199.92 233.9 265.3 265.52 265.08 287.58 355.52 434.38 510.64 510.1 537.68 618.74 626.08 613.84 700 -9999 -9999 -9999 -9999 -9999 -9999 1050.58 1089.9 1086.4 1123.92 1132.22 -9999 -9999 -9999 -9999 -9999 -9999 -9999 -9999 -9999 -9999 -9999 962.64 953.32 908.96 843.08 786.94 799.68 -9999 -9999 -9999 -9999 -9999 -9999 -9999 -9999 -9999 -9999 -9999 -9999 -9999 -9999 -9999 -9999 -9999 -9999 -9999 -9999 -9999 -9999 -9999 -9999 -9999 -9999
44.32 72.28 84.34 77.58 109.88 162.7 189.48 202.46 245.72 254.74 246.08 239.88 321.92 403.44 464.08 496.1 514.26 558.88 563.44 627.98 -9999 -9999 -9999 -9999 -9999 -9999 -9999 -9999 -9999 -9999 -9999 -9999 -9999 -9999 -9999 -9999 -9999 -9999 -9999 -9999 -9999 -9999 -9999 -9999 905.58 851.08 814.96 769.74 770.96 -9999 -9999 -9999 -9999 -9999 -9999 -9999 -9999 -9999 -9999 -9999 -9999 -9999 -9999 -9999 -9999 -9999 -9999 -9999 -9999 -9999 -9999 -9999 -9999 -9999 -9999
43.58 54.44 65.78 77.76 90.4 122.98 135.6 159.66 194.34 245.14 289.56 263.02 317.12 386.1 454.78 465.64 493.74 517.76 -9999 -9999 -9999 -9999 -9999 -9999 -9999 -9999 -9999 -9999 -9999 -9999 -9999 -9999 -9999 -9999 -9999 -9999 -9999 -9999 -9999 -9999 -9999 -9999 -9999 -9999 874.38 879.76 770.44 728.34 754.9 -9999 -9999 -9999 -9999 -9999 -9999 -9999 -9999 -9999 -9999 -9999 -9999 -9999 -9999 -9999 -9999 -9999 -9999 -9999 -9999 -9999 -9999 -9999 -9999 -9999 -9999
43.68 45.22 46.8 67.86 90.3 103.1 115.42 137.5 152.8 193.84 229.46 270.2 316.28 361.82 426.58 448.76 -9999 -9999 -9999 -9999 -9999 -9999 -9999 -9999 -9999 -9999 -9999 -9999 -9999 -9999 -9999 -9999 -9999 -9999 -9999 -9999 -9999 -9999 -9999 -9999 -9999 -9999 -9999 -9999 823.58 740.44 722.08 724.74 728.48 762.68 -9999 -9999 -9999 -9999 -9999 -9999 -9999 -9999 -9999 -9999 -9999 -9999 -9999 -9999 -9999 -9999 -9999 -9999 -9999 -9999 -9999 -9999 -9999 -9999 -9999
43.94 45.92 47.12 48.4 79.44 92.52 104.9 134.2 138.94 177.74 186.22 256.26 312.48 371 392.86 389.44 -9999 -9999 -9999 -9999 -9999 -9999 -9999 -9999 -9999 -9999 -9999 -9999 -9999 -9999 -9999 -9999 -9999 -9999 -9999 -9999 -9999 -9999 -9999 -9999 -9999 -9999 -9999 -9999 763.26 692.22 720.94 651.88 660.76 729.62 -9999 -9999 -9999 -9999 -9999 -9999 -9999 -9999 -9999 -9999 -9999 -9999 -9999 -9999 -9999 -9999 -9999 -9999 -9999 -9999 -9999 -9999 -9999 -9999 -9999
34.28 36.22 37.46 38.48 49.26 70.64 95.46 114.08 115.9 142.38 159.4 224.04 280.78 317.06 345.54 376.26 -9999 -9999 -9999 -9999 -9999 -9999 -9999 -9999 -9999 -9999 -9999 -9999 -9999 -9999 -9999 -9999 -9999 -9999 -9999 -9999 -9999 -9999 -9999 -9999 -9999 -9999 -9999 -9999 -9999 673.6 585.72 543.52 499.98 646.78 -9999 -9999 655.46 644.98 653.1 647.98 -9999 -9999 -9999 -9999 -9999 -9999 -9999 -9999 -9999 -9999 -9999 -9999 -9999 -9999 -9999 -9999 -9999 -9999 -9999
23.32 25.88 36.48 37.6 38.42 59.12 75.3 80.84 109.88 159.64 151.32 175.54 230.4 258.06 293.92 351.48 -9999 -9999 -9999 -9999 -9999 -9999 -9999 -9999 -9999 -9999 -9999 -9999 -9999 -9999 -9999 -9999 -9999 -9999 -9999 -9999 -9999 -9999 -9999 -9999 -9999 -9999 -9999 -9999 -9999 607.2 473.06 467.4 512.26 646.12 -9999 -9999 -9999 -9999 -9999 606.08 -9999 -9999 -9999 -9999 -9999 -9999 -9999 -9999 -9999 -9999 -9999 -9999 -9999 -9999 -9999 -9999 -9999 -9999 -9999
30.82 23.06 35 28.16 48.2 59.06 73.82 76.78 86.72 236.28 191.66 161.42 183.82 211.18 248.34 263.58 -9999 -9999 -9999 -9999 -9999 -9999 -9999 -9999 -9999 -9999 -9999 -9999 -9999 -9999 -9999 -9999 -9999 -9999 -9999 -9999 -9999 -9999 -9999 -9999 -9999 -9999 -9999 -9999 -9999 -9999 529.12 402.84 482.26 543.58 -9999 -9999 -9999 -9999 -9999 575.1 592.68 -9999 -9999 -9999 -9999 -9999 -9999 -9999 -9999 -9999 -9999 -9999 -9999 -9999 -9999 -9999 -9999 -9999 -9999
35.44 38.56 42.2 44.86 54.38 67.56 109.16 126.36 149.56 138.4 234.72 173.6 184.34 178.88 212.62 325.82 -9999 -9999 -9999 -9999 -9999 -9999 -9999 -9999 -9999 -9999 -9999 -9999 -9999 -9999 -9999 -9999 -9999 -9999 -9999 -9999 -9999 -9999 -9999 -9999 -9999 -9999 -9999 -9999 -9999 -9999 -9999 476.86 439.02 484.98 -9999 -9999 -9999 517.52 -9999 532.46 556.2 556.7 -9999 -9999 -9999 -9999 -9999 -9999 -9999 -9999 -9999 -9999 -9999 -9999 -9999 -9999 -9999 -9999 -9999
47.24 43.52 38.84 41.54 46.58 67.8 116.52 133.56 122.82 139.48 161.92 174.38 152.38 149.82 215.78 -9999 -9999 -9999 -9999 -9999 -9999 -9999 -9999 -9999 -9999 -9999 -9999 -9999 -9999 -9999 -9999 -9999 -9999 -9999 -9999 -9999 -9999 -9999 -9999 -9999 -9999 -9999 -9999 -9999 -9999 -9999 419.64 423.1 -9999 -9999 -9999 -9999 -9999 432.6 490.12 -9999 -9999 513.76 -9999 -9999 -9999 -9999 -9999 -9999 -9999 -9999 -9999 -9999 -9999 -9999 -9999 -9999 -9999 -9999 -9999
73.08 69.02 53.7 44.88 47.38 56.76 94.02 103 118.66 142.76 188.1 154.5 153.48 151.98 219.08 -9999 -9999 -9999 -9999 -9999 -9999 -9999 -9999 -9999 -9999 -9999 -9999 -9999 -9999 -9999 -9999 -9999 -9999 -9999 -9999 -9999 -9999 -9999 -9999 -9999 -9999 -9999 -9999 -9999 -9999 -9999 -9999 -9999 -9999 -9999 -9999 -9999 -9999 417.84 437.56 -9999 -9999 -9999 -9999 491.94 -9999 -9999 -9999 -9999 -9999 -9999 -9999 -9999 -9999 -9999 -9999 -9999 -9999 -9999 -9999
