data/default-data/raster/climate/pre_11.txt
ncols         720
nrows         360
xllcorner     -180
yllcorner     -90
cellsize      0.5
NODATA_value  -9999
[rows 198 to 230 of 360, columns 225 to 299 of 720]
2258.94 2206.46 2171.16 2157.84 2134.84 2121.68 2121.5 2099.28 2082.22 2090.28 2140.32 2183.6 2226.58 2289.5 2352.58 2422.44 2493.66 2554.86 2596.14 2627.52 2660.96 2644.16 2604.04 2554 2503.96 2443.3 2403.78 2376.22 2327.86 2298.92 2278.88 2248.24 2206.82 2204.68 2162.32 2137.4 2123.34 2106.2 2051.84 1971.8 1905.96 1837.22 1768.84 1707.18 1622.88 1521.72 1436.2 1243.6 1058.9 936.44 832.42 715.84 586.42 518.96 417.56 309.52 236.6 240.2 185.26 170.1 174.54 150.56 227.58 359.92 402.82 -9999 -9999 -9999 -9999 -9999 -9999 -9999 -9999 -9999 -9999
2105.76 2075.9 2061.06 2078.48 2086.88 2085.14 2067.24 2052.78 2067.12 2065.46 2112.7 2139.5 2189.3 2251.88 2324.74 2387.78 2459.98 2512.38 2584.74 2617.34 2640 2630 2620 2580 2540 2480 2441.88 2413.3 2384.4 2355.1 2315.24 2295.3 2274.44 2252.82 2220.9 2196.94 2163.96 2143.1 2105.18 2052.9 1976.16 1904.56 1836.2 1763.54 1659.88 1518.84 1354.02 1149.78 973.52 878.2 835.16 770.16 703.94 629.62 568.9 486.12 388.2 303.56 249.08 218.8 191.52 193.44 320.1 403.6 -9999 -9999 -9999 -9999 -9999 -9999 -9999 -9999 -9999 -9999 -9999
1995.56 1968.06 1957.46 1994.86 2019.6 2023.6 2025.06 2001.8 2022.34 2030.56 2058.1 2106.52 2144.7 2214.5 2273.46 2351.52 2404.54 2476.62 2528.06 2586.66 2605.44 2617.3 2617.3 2597.38 2567.3 2519.9 2482.52 2441.52 2430.62 2399.28 2367.7 2340.38 2296.22 2283.14 2241.66 2232.62 2223.56 2198.36 2160.16 2124.82 2047 1963.02 1904.02 1833.02 1706.94 1545.72 1309.88 1014.26 815.82 830.66 881 859.1 785.58 744.68 605.52 511.34 474.46 410.1 390.22 351.66 258.7 316.72 423 -9999 -9999 -9999 -9999 -9999 -9999 -9999 -9999 -9999 -9999 -9999 -9999
1899.46 1862.08 1830.14 1893.88 1997.36 1969.5 1924.14 1942.26 1951.18 1981.62 2011.48 2070.26 2119.06 2168.72 2229.78 2285.68 2356.7 2425.9 2484.28 2549.1 2590.92 2614.68 2624.68 2604.66 2564.74 2539.86 2502.94 2474.76 2463.88 2442.64 2410.84 2376.84 2332.9 2309.48 2288.02 2266.8 2256.02 2234.76 2196.52 2176.2 2118.52 2021.26 1982.3 1893.86 1775.34 1622.98 1336.34 910.26 555.98 829.36 948.02 936.5 875.66 845.9 729.88 514.32 460.08 450.82 464.34 429.32 390.46 472.46 -9999 -9999 -9999 -9999 -9999 -9999 -9999 -9999 -9999 -9999 -9999 -9999 -9999
1823.9 1782.76 1722.3 1809.16 1890.86 1904.62 1868.4 1874.34 1882.28 1923.76 1964.08 2019.7 2060.74 2121.14 2168.58 2222.66 2286.88 2362.26 2434.12 2504.9 2566.54 2592.02 2611.98 2592.02 2562.98 2539.66 2512.78 2495.58 2474.2 2449.98 2416.22 2392.56 2369.02 2348.72 2328.18 2307.72 2285.84 2274.12 2234.22 2218.26 2188.28 2127.16 2075 1988.68 1869.16 1727.56 1434.38 954.24 474.54 1014.22 1058.68 937.28 918.82 889.7 809.38 647.32 576 597.68 487.9 493.04 559.74 -9999 -9999 -9999 -9999 -9999 -9999 -9999 -9999 -9999 -9999 -9999 -9999 -9999 -9999
1780.14 1720.12 1699.36 1756.08 1805.58 1819.82 1821.66 1814.48 1832.84 1854.64 1888.84 1940.74 1989.42 2037.1 2106.86 2159.08 2212.5 2286.12 2371.54 2441.34 2522.32 2589.36 2599.32 2589.36 2543.38 2519.68 2512.74 2497.5 2467.16 2455.9 2422.66 2400.12 2389.8 2369.46 2349.02 2336.64 2314.72 2292.34 2241.5 2191.54 2216.42 2217.42 2172.6 2064.34 1922.32 1802.42 1665.38 1256.4 990.6 1072.82 1183.28 1093.92 1008.5 1008.8 950.94 746.72 649.46 686.72 713.18 636.98 -9999 -9999 -9999 -9999 -9999 -9999 -9999 -9999 -9999 -9999 -9999 -9999 -9999 -9999 -9999
1718.42 1678.1 1686.64 1723.84 1761.68 1765.42 1755.38 1744.52 1770.62 1805.08 1836.42 1865.7 1914.44 1982.3 2044.54 2078 2159.44 2220.58 2296.18 2391.92 2458.42 2556.88 2566.82 2546.98 2513.86 2499.52 2480.26 2470.98 2441.6 2442.26 2431.32 2420.52 2400.2 2389.74 2357.12 2334.34 2313.22 2280.46 2190.92 2125.32 2209.24 2288.92 2268.68 2087 1895.98 1790.84 1719 1449.9 1229.56 1201.78 1223.72 1119.44 1100.86 940.74 877.34 719.84 684.44 795.72 1031.6 980.62 -9999 -9999 -9999 -9999 -9999 -9999 -9999 -9999 -9999 -9999 -9999 -9999 -9999 -9999 -9999
1686.88 1646.8 1674.48 1701.56 1720.4 1710.78 1655.76 1657.46 1678.06 1719.96 1759.84 1799.36 1836.66 1893.98 1936.02 2001.38 2071.1 2152.64 2214.38 2294 2381.46 2465.06 2475.48 2466.94 2454.7 2444.54 2430.66 2433.22 2423.86 2424.52 2423.9 2422.26 2410.74 2407.94 2385.14 2352.44 2318.3 2254.72 2165.54 2087.18 2168.46 2256.94 2230.5 2053.02 1854.92 1729.74 1602.06 1436.5 1324.1 1287.7 1290.3 950.68 1117.58 814.08 721.32 677.74 671 973.06 1391.92 1089.34 -9999 -9999 -9999 -9999 -9999 -9999 -9999 -9999 -9999 -9999 -9999 -9999 -9999 -9999 -9999
1674.3 1645.1 1652.68 1690.72 1709.56 1675.2 1558.24 1555.82 1593.58 1652.68 1691.5 1719.38 1766.5 1805.96 1841.16 1889.52 1973.76 2043.52 2122.66 2205.38 2273.66 2350.18 2372.42 2386.66 2394.3 2369.24 2375.42 2391.62 2402.4 2426.18 2435.94 2423.64 2429.82 2416.46 2393.6 2371 2343.86 2283.58 2207.94 2155.94 2172.14 2190.3 2147.16 2031.78 1837.38 1632.88 1480.72 1349.56 1324.9 1376.98 1282.78 1145.04 1066.22 952.74 850.22 766.34 757.18 1139.76 1206.68 -9999 -9999 -9999 -9999 -9999 -9999 -9999 -9999 -9999 -9999 -9999 -9999 -9999 -9999 -9999 -9999
1661.7 1599.18 1594.48 1668.9 1696.7 1674.52 1617.14 1583.46 1578.06 1585.98 1604.82 1642.16 1678.84 1712.48 1758.08 1797.64 1856.32 1947.44 2003.42 2088.92 2164.62 2213.02 2247.28 2284.32 2301.38 2283.38 2319.92 2336.3 2362.32 2400.02 2422.5 2433.14 2429.18 2425.62 2413.34 2374.26 2368.4 2316.32 2230.98 2195.18 2171.7 2143.36 2126.24 2002.76 1856.14 1654.8 1438.84 1246.62 1286.06 1423.4 1327.78 1069.38 955.96 970.24 931.54 911.88 987.16 1223.7 -9999 -9999 -9999 -9999 -9999 -9999 -9999 -9999 -9999 -9999 -9999 -9999 -9999 -9999 -9999 -9999 -9999
1631.64 1514.6 1481.24 1551.88 1683.34 1728.7 1655.18 1616.6 1564.72 1551.8 1541.86 1568.92 1598.94 1627.56 1683.1 1731.64 1772.88 1836.74 1891.46 1968.58 2016.06 2081.94 2132.14 2159.44 2170.1 2187.34 2234.2 2290.8 2336.28 2359.8 2402.94 2424.4 2447.58 2440.48 2440.78 2421.02 2392.88 2338.1 2250.92 2184.68 2131.04 2119.78 2108.86 2014.56 1921.34 1794.4 1496.8 1194.94 1227.62 1280.74 1289.9 1096.02 986.42 1024.8 1042.3 1099.38 1194.96 1338 -9999 -9999 -9999 -9999 -9999 -9999 -9999 -9999 -9999 -9999 -9999 -9999 -9999 -9999 -9999 -9999 -9999
1518.48 1366.68 1372.16 1452.06 1658.24 1820.44 1682.7 1595.04 1541.2 1480.08 1460.5 1493.18 1519.18 1542.94 1580.92 1651.22 1693.82 1736.86 1801.14 1848.16 1885.86 1924.66 1968.4 2010.94 2038.62 2100.86 2178.16 2244.36 2297.84 2340.92 2396.14 2422.48 2446.12 2461.2 2455.44 2448.48 2427.8 2372.22 2290.22 2153.9 2057.06 2046.56 2045.66 2029 1959.44 1872.1 1698.02 1456.16 1267.54 1201.24 1376.46 1364.16 1187.48 1147.08 1157.82 1243.5 1369.7 -9999 -9999 -9999 -9999 -9999 -9999 -9999 -9999 -9999 -9999 -9999 -9999 -9999 -9999 -9999 -9999 -9999 -9999
1380.92 1393.74 1426.94 1505.7 1652.9 1746.02 1628.56 1510.02 1434.72 1402.96 1384.2 1408.02 1438.96 1487.04 1518.76 1571.38 1614.3 1637.84 1692.72 1719.68 1736.82 1743.1 1758.82 1823.2 1905.46 1999.8 2083.68 2175.1 2251.9 2318.82 2375.42 2411.92 2458.4 2470.02 2484.74 2459.22 2460.98 2406.54 2318.02 2132.82 1962.54 1994.54 2029.06 2023.96 1991.38 1913.14 1757 1576.3 1397.5 1327.34 1421.22 1434.02 1318.54 1228.32 1245.42 1335.08 1449.96 1527.78 -9999 -9999 -9999 -9999 -9999 -9999 -9999 -9999 -9999 -9999 -9999 -9999 -9999 -9999 -9999 -9999 -9999
1304.96 1280.28 1474.96 1586.46 1685.52 1695.14 1618.8 1454.56 1336.38 1280.86 1290.82 1335.78 1363.98 1414.26 1447.06 1499.48 1522.36 1556.26 1592.72 1619.64 1645.42 1639.64 1628.02 1720.9 1822.4 1941.04 2047.32 2142.66 2227.36 2301.46 2374.92 2431.38 2487.98 2494.24 2493.9 2468.46 2468.1 2431.6 2387.54 2262.38 2064.98 2040.24 2055.28 2050.18 2015.6 1950.44 1855.16 1716.9 1576.46 1499.52 1476.46 1432.14 1341.46 1282.1 1330.14 1393.4 1492.84 1580.78 -9999 -9999 -9999 -9999 -9999 -9999 -9999 -9999 -9999 -9999 -9999 -9999 -9999 -9999 -9999 -9999 -9999
1153.46 1153.08 1362.44 1635.16 1708.14 1700.74 1586.58 1437.58 1295.26 1169.1 1186.78 1260.88 1291.36 1352.24 1403.98 1416.88 1459.84 1503.8 1539.16 1562.86 1586.24 1590.34 1607.26 1673 1784.4 1892.24 2004.06 2112.22 2209.74 2306.84 2392.6 2476.96 2529.82 2522.12 2497.3 2424.54 2371.74 2340.72 2290.42 2233.62 2173.8 2117.9 2114.16 2110.24 2066.94 2032.78 1965.7 1851.52 1749.78 1654.24 1571.72 1490.56 1418.98 1384.1 1392.04 1447.4 1529.36 1588.78 -9999 -9999 -9999 -9999 -9999 -9999 -9999 -9999 -9999 -9999 -9999 -9999 -9999 -9999 -9999 -9999 -9999
634.58 757.88 824.68 1460.62 1747.66 1683.02 1547.94 1417.24 1258.1 1149.46 1147.4 1173.56 1227 1288.3 1340.78 1362.54 1393.42 1435.96 1459.38 1492.86 1503.3 1542.26 1577.78 1654.54 1747.2 1856.38 1966.16 2068.44 2180.18 2297.64 2404.58 2511.06 2556.38 2561.26 2485.52 2359.76 2235.2 2192.12 2171.64 2175.5 2191.52 2213.18 2196.54 2162.1 2128.12 2094.08 2045.6 1988.06 1876.1 1768.1 1665.68 1605.8 1542.36 1487.34 1493.16 1511.38 1608.38 -9999 -9999 -9999 -9999 -9999 -9999 -9999 -9999 -9999 -9999 -9999 -9999 -9999 -9999 -9999 -9999 -9999 -9999
361.38 509.88 497.4 471.16 690.4 1247.96 1461.7 1401.32 1239.44 1118.9 1125.42 1143.26 1180.36 1222.28 1273.52 1304.68 1336.04 1368.98 1388.64 1417.8 1457.52 1483.64 1537.24 1622.04 1714.9 1820.58 1918.14 2008.66 2120.4 2252.52 2384.52 2511.16 2606.82 2611.26 2464.84 2308.76 2175.8 2100.32 2045.56 2089.06 2174.58 2241.88 2253.58 2206.48 2160.22 2136.28 2106.98 2057.84 1984.26 1902.88 1799.82 1711.72 1663.76 1633.54 1609.32 1647.48 1731.7 -9999 -9999 -9999 -9999 -9999 -9999 -9999 -9999 -9999 -9999 -9999 -9999 -9999 -9999 -9999 -9999 -9999 -9999
257.88 304.88 547.84 518.76 568.66 644.76 741.86 925.7 1390.48 1208.96 1105.2 1098.36 1126.34 1183.86 1205 1246.64 1280.98 1285.88 1314.96 1344.22 1381.56 1427.9 1496.12 1593.46 1684.68 1769.22 1851.56 1948.34 2049.48 2160.72 2282.12 2423.66 2605.78 2620.8 2393.4 2218.18 2096.54 2017.86 1957.36 2042.92 2115.26 2181.86 2269.24 2230.36 2174.28 2134.14 2143 2121.2 2088.52 1997.84 1915.24 1836.6 1779.9 1741.56 1733.1 1766.52 1868.1 -9999 -9999 -9999 -9999 -9999 -9999 -9999 -9999 -9999 -9999 -9999 -9999 -9999 -9999 -9999 -9999 -9999 -9999
223.12 244.22 358.84 597.04 616.86 616.2 655.86 830.9 1169.14 1068.04 1004.36 999.28 1020.68 1070.46 1111.1 1148.54 1184.34 1213.48 1222.52 1251.4 1296.36 1375.4 1435.56 1523.8 1614.88 1728.32 1789.76 1861.32 1938.84 2039.5 2130.14 2240.86 2331.54 2351.44 2210.08 2068.22 1987.16 1990.16 2009.38 2076.56 2100.54 2117.76 2149.12 2134.3 2105.96 2099.9 2135.7 2169.32 2170.14 2123.08 2021.16 1931.82 1876.14 1829.24 1790.8 1806.22 -9999 -9999 -9999 -9999 -9999 -9999 -9999 -9999 -9999 -9999 -9999 -9999 -9999 -9999 -9999 -9999 -9999 -9999 -9999
201.4 234.12 304.82 472.46 638.38 715.78 871.1 919.92 966.84 887.16 874.3 890.54 913.7 949.42 1021.54 1071.14 1126.92 1123.96 1141.74 1177.72 1224.56 1305.92 1387.18 1464.92 1545.7 1617.88 1678.88 1720 1790.9 1879.44 1939.6 2009.86 2049.6 2028.96 1980.16 1892.94 1886.52 1950 2024.84 2079.38 2092.4 2081.06 2061.46 2030.62 1996.88 2016.5 2138.14 2242.52 2293.12 2178.44 2071.36 1998.92 1954.26 1916.96 1866.6 1809.28 -9999 -9999 -9999 -9999 -9999 -9999 -9999 -9999 -9999 -9999 -9999 -9999 -9999 -9999 -9999 -9999 -9999 -9999 -9999
159.06 190.9 234.56 395.94 627.78 699.68 834.48 912.06 789.18 733.86 726.24 751.76 815.28 875.08 949.16 1010.72 1044.48 1072.48 1088.36 1136.88 1190.16 1256.88 1319.7 1386.82 1427.7 1469.02 1519.66 1570.36 1641.32 1691.12 1740.88 1770.54 1779.9 1779.38 1792.14 1775.24 1814.5 1878.1 1985.28 2057.4 2089.46 2069.42 2049.44 1988.3 1896.68 1938.36 2122.98 2257.46 2298.26 2188 2084.06 2023.52 1988.1 1970.62 1937.84 1849.5 -9999 -9999 -9999 -9999 -9999 -9999 -9999 -9999 -9999 -9999 -9999 -9999 -9999 -9999 -9999 -9999 -9999 -9999 -9999
117.62 148.88 191.32 346.46 616.52 693.64 762.2 774.92 651.54 601.66 615.74 664.18 741.24 801 873.32 949.38 1016.1 1084.6 1115.68 1146.3 1216.1 1270.38 1319.88 1334.22 1331.46 1331.74 1362.28 1422.4 1492.48 1543.96 1553.54 1572.9 1552.66 1593.7 1615.7 1670.9 1714.1 1817.64 1931.7 2040 2080.52 2079.68 2078.72 2026.86 1973.54 2027.68 2139.04 2209.52 2228.66 2145.72 2015.16 1985.66 1989.26 1932.64 1892.82 1867.92 -9999 -9999 -9999 -9999 -9999 -9999 -9999 -9999 -9999 -9999 -9999 -9999 -9999 -9999 -9999 -9999 -9999 -9999 -9999
86.04 117.46 216.26 437 514.92 647.42 747.66 715.9 618.52 554.66 557.74 603.82 662.32 756.08 859.94 928.88 1024.84 1108.88 1191.38 1241.26 1276.98 1309.06 1336.64 1331.16 1298.2 1215.9 1252.3 1337.72 1385.06 1425.06 1426.62 1426.54 1436.82 1475.82 1517.84 1540.6 1593.52 1686.94 1830.86 1951.98 2034.36 2061.84 2070.2 2047.54 2054.54 2105.32 2163.94 2202.86 2176.36 2102.34 2046.66 2007.04 1939.82 1883.16 1775.56 -9999 -9999 -9999 -9999 -9999 -9999 -9999 -9999 -9999 -9999 -9999 -9999 -9999 -9999 -9999 -9999 -9999 -9999 -9999 -9999
65.46 113.96 181.92 347.98 461.22 621.92 696.34 713.74 655.52 586.54 518 560.2 629.16 735.68 828.24 925.7 1019.54 1122.24 1226.2 1323.12 1360.3 1390.02 1409.14 1394.68 1340.54 1256.6 1252.54 1307.88 1332.78 1347.62 1333.56 1330.26 1374.02 1405.68 1427.82 1440.5 1483.22 1556.28 1720.12 1874.48 1968.12 1993.96 2026.22 2048.54 2090.44 2131.88 2159.28 2183.02 2136.2 2074.96 2046.1 1968.12 1852.82 1756.66 -9999 -9999 -9999 -9999 -9999 -9999 -9999 -9999 -9999 -9999 -9999 -9999 -9999 -9999 -9999 -9999 -9999 -9999 -9999 -9999 -9999
54.5 100.9 158.16 252.96 424.7 570.04 741.9 782.34 721.74 626.28 551.12 550.66 600.94 720.82 813.1 915 1008.7 1130.3 1279.54 1402.84 1474.02 1515.42 1524.14 1518.08 1464.9 1409.9 1365.2 1350.36 1325.56 1320.74 1300.78 1288.04 1328.68 1358.6 1380.96 1383.56 1376.14 1459.32 1633.44 1777.88 1878.48 1926.12 1952.44 1974.04 2036.18 2072.3 2112.86 2136.52 2093.86 2014.72 1925.6 1858.72 1717.4 1591.02 -9999 -9999 -9999 -9999 -9999 -9999 -9999 -9999 -9999 -9999 -9999 -9999 -9999 -9999 -9999 -9999 -9999 -9999 -9999 -9999 -9999
52.72 97.78 143.74 245.16 359.32 585.92 772.94 821.16 801.58 688.6 613.62 587.82 634.06 725.32 819.48 899.86 1015.18 1178.04 1358.34 1504.62 1589.64 1643.08 1672.26 1700.54 1632.14 1535.5 1479.38 1401.7 1340.36 1289.74 1271.48 1287.58 1315.08 1345.16 1365.78 1366.8 1379.46 1442.62 1557.26 1704.2 1779.54 1857.16 1884.28 1910.96 1953.4 1975.02 1993.3 1977.96 1921.56 1844.6 1736.96 1658.5 1543.46 -9999 -9999 -9999 -9999 -9999 -9999 -9999 -9999 -9999 -9999 -9999 -9999 -9999 -9999 -9999 -9999 -9999 -9999 -9999 -9999 -9999 -9999
59.56 94.6 165.14 247.42 319.72 690.7 943.6 997.86 878.94 731.92 641.9 635.78 670.78 726.42 803.46 870.7 1011.66 1213.46 1408.88 1587.62 1696.74 1760.8 1823.12 1885.9 1812.68 1667.96 1553.2 1460.08 1358.38 1277.86 1251.62 1257.06 1311.3 1361.82 1362.52 1373.22 1374.04 1417.7 1503.32 1599.72 1666.06 1756.44 1835.4 1852.52 1897.14 1926.16 1801.88 1640.88 1632.88 1693.5 1597.76 1356.88 1361.84 -9999 -9999 -9999 -9999 -9999 -9999 -9999 -9999 -9999 -9999 -9999 -9999 -9999 -9999 -9999 -9999 -9999 -9999 -9999 -9999 -9999 -9999
74.64 118.24 180.5 288.6 355.56 803.6 985.7 947.78 875.48 747.18 649.82 649.46 666.38 697.22 747.52 851.74 988.46 1193.02 1417.8 1585.8 1756.14 1832.84 1886.9 1974.2 1916.78 1747.66 1611.76 1468.06 1366.34 1265.74 1211.2 1226.42 1327.88 1388.88 1389.5 1391.52 1383.82 1406.6 1449.94 1514.72 1591.32 1663.02 1762.08 1824.24 1817.74 1789.34 1678.28 1378.2 1172.18 1184.3 1080.94 -9999 -9999 -9999 -9999 -9999 -9999 -9999 -9999 -9999 -9999 -9999 -9999 -9999 -9999 -9999 -9999 -9999 -9999 -9999 -9999 -9999 -9999 -9999 -9999
98.4 167.08 221.26 303.56 412.34 683.44 925.22 895.5 840.74 770.86 689.08 677.52 687.96 698.46 739.6 844.64 969.14 1159.52 1360.16 1542.96 1705.12 1817.16 1890.12 1923.5 1874.4 1748.32 1612.04 1477.84 1361.3 1266.22 1150.16 1175.02 1424.24 1436.76 1417.84 1388.72 1349.34 1360.92 1403.28 1445.8 1493.26 1559.4 1647.88 1715.66 1795.5 1742.18 1644.36 1385.66 1484.86 -9999 -9999 -9999 -9999 -9999 -9999 -9999 -9999 -9999 -9999 -9999 -9999 -9999 -9999 -9999 -9999 -9999 -9999 -9999 -9999 -9999 -9999 -9999 -9999 -9999 -9999
141.44 195.04 276.48 352.12 553.86 779.68 836.92 838.02 812.1 773.28 751.18 739.28 738.24 748.58 789.46 880.18 979.94 1120.18 1224.44 1479.74 1684.98 1774.92 1847.32 1875.7 1841.3 1738.66 1602.54 1499.66 1414.78 1328.92 1231.9 1230.02 1369.46 1406.68 1357.12 1328.02 1298.68 1300.18 1347.24 1370.32 1422.66 1486.72 1590.26 1701.44 2057.46 -9999 -9999 -9999 -9999 -9999 -9999 -9999 -9999 -9999 -9999 -9999 -9999 -9999 -9999 -9999 -9999 -9999 -9999 -9999 -9999 -9999 -9999 -9999 -9999 -9999 -9999 -9999 -9999 -9999 -9999
173.52 220.62 278.82 375.06 674.78 673.04 751.28 801.22 772.2 774.54 771.36 791.54 829.94 855.7 916.9 957.82 1041.44 1153.5 1300.3 1466.22 1647.42 1725.96 1808.7 1861.36 1835.74 1731 1613.14 1544.28 1472.62 1409.38 1333.34 1297 1332.84 1330.26 1305.72 1266.32 1267.74 1264.26 1303.34 1324.22 1409.52 2085.44 2471.68 -9999 -9999 -9999 -9999 -9999 -9999 -9999 -9999 -9999 -9999 -9999 -9999 -9999 -9999 -9999 -9999 -9999 -9999 -9999 -9999 -9999 -9999 -9999 -9999 -9999 -9999 -9999 -9999 -9999 -9999 -9999 -9999
203.08 256.06 310.02 452.88 581.08 669.28 710.18 783.18 767.32 778.5 794.18 844.74 884.76 965.08 1020.6 1074.32 1131.82 1242.92 1331.92 1495.24 1599 1677.68 1832.58 1921.12 1884.7 1772.52 1664.3 1587.68 1513.26 1465.26 1408.06 1348.82 1316.48 1283.58 1240.2 1210.56 1242.7 1264.24 1296.08 1322.22 1498.76 -9999 -9999 -9999 -9999 -9999 -9999 -9999 -9999 -9999 -9999 -9999 -9999 -9999 -9999 -9999 -9999 -9999 -9999 -9999 -9999 -9999 -9999 -9999 -9999 -9999 -9999 -9999 -9999 -9999 -9999 -9999 -9999 -9999 -9999
209.06 284.48 426.26 529.9 544.52 634.12 706.86 757.48 739.04 761.92 825.5 897.58 964.14 1037.32 1102.98 1132.08 1190.54 1263.76 1399 1595.76 1658.5 1690.64 1797.44 1877.92 1861.84 1774.9 1678.9 1630.8 1566.04 1497.78 1444.74 1392.7 1341.8 1280.04 1217.14 1213.48 1276.4 1334.5 1369.06 1433.08 -9999 -9999 -9999 -9999 -9999 -9999 -9999 -9999 -9999 -9999 -9999 -9999 -9999 -9999 -9999 -9999 -9999 -9999 -9999 -9999 -9999 -9999 -9999 -9999 -9999 -9999 -9999 -9999 -9999 -9999 -9999 -9999 -9999 -9999 -9999
