data/default-data/raster/climate/pre_6.txt
ncols         720
nrows         360
xllcorner     -180
yllcorner     -90
cellsize      0.5
NODATA_value  -9999
[rows 66 to 98 of 360, columns 525 to 599 of 720]
600.5 608.04 605.1 611.32 630.28 646.16 661.16 653.48 663.5 651.68 650.82 651.02 649.66 625.48 609.64 594.32 603.66 601.34 608.68 608.92 612.32 582.62 574.14 588.4 561.62 512.52 491.38 491.28 481.32 471.96 468.52 469.58 481.18 467.36 486.88 495.48 503.34 490 509.94 485.42 518.04 496.12 484.64 513.14 472 506.06 486.44 510.02 501.1 501.66 465.72 462.02 512.38 541.64 559.86 577.3 604.9 642.4 637.64 632.2 687.48 731.32 784.06 757.84 742.66 728.8 733.32 747.54 821.42 873.18 843.56 764.14 798.52 843.16 842.06
574.02 593.98 607.24 602.82 620.32 654.4 667.28 658.96 661.34 664.12 644.92 642.48 638.22 632.64 617.56 613.82 610.22 617.46 614.24 625.64 629.32 600.22 605.22 610.48 561.72 531.24 489.26 501.18 491.38 504.74 501.84 493.56 490.68 466 485.54 504.98 513.56 511.06 497.76 496.64 507.64 508.5 509.26 508.58 486.8 521.32 512.32 525.2 526.08 501.38 454.08 493.32 532.2 561.34 611.52 598.2 636.62 632.54 607.88 602.94 668.84 723.06 756.38 720.96 716.28 721.36 688.72 741.86 795.4 845.78 845.4 835.14 840.38 814.8 804.5
580.72 597.68 597.08 609.64 649.84 666.36 681.08 672.08 684.76 675.62 679.12 652.78 647.54 643.38 628.78 624.22 619.54 647.32 653.96 655.52 679.88 675.22 648.7 632.46 612.54 571.16 540.86 542.36 554.58 547.22 511.58 523.86 510.28 507.76 505.02 513.12 510.58 497.4 496.06 512 522.5 534.32 535.1 535.78 556.42 558.42 538.72 561.66 548.2 533 474.74 492.42 594.78 517.86 462.82 617.8 677.52 622.46 711.46 727.22 741.48 724.78 768.6 813.2 778.36 763.44 719.52 745.24 788.3 778.98 799.38 826.22 822.86 788.98 760.08
551.64 575 596.08 618.36 650.92 654.44 680.98 681.98 694.56 697.16 708.56 704.24 723.12 687.82 651.02 646.08 630.72 626.56 622.94 656.2 703.98 721.3 713.84 714.02 640.02 609.66 589.86 591.92 582.96 609.16 593.52 582.68 526.18 535.84 533.26 541.36 517.12 514.94 508.1 528.72 552.06 562.6 561.96 584.16 584.64 563.1 553.3 595.14 558.14 532.06 484.64 512.98 604.72 464 440.86 637.36 717.66 652.08 762.48 727.68 743.1 695.74 711.34 766.6 761.46 756.16 721.54 716.54 752.24 743.8 763.78 790.9 787.1 775 773.44
539.14 567.56 587.32 620.22 639.78 652.16 670.2 700.56 703.22 694.94 716.96 768.16 764.88 707.72 682.74 668.02 641.94 658.06 685.42 688.36 738.7 754.54 807.78 829.28 808.28 755.5 766.48 682.98 685.8 627.26 660.34 649.78 616.12 560.68 559.18 546.84 543.64 544.82 541.2 541.44 570.46 592.4 603.12 613.82 579.74 577.92 553.72 605.62 568.04 520.14 526.98 533.84 519.26 462.92 513.22 646.28 570.68 619.74 729.86 684.16 708.46 678.26 694.16 710.78 690.38 679.82 688.56 726.52 732.76 730.36 739.16 775.18 761.96 750.82 757.86
545.4 556.2 577.72 608.94 636.02 658.34 688.28 688.22 711.7 693.96 704.92 766.76 752.52 759.28 723.56 709.18 684.46 637.72 643.94 681.06 738.22 794.92 827.24 806.1 838.28 838.76 839.08 839.52 840.74 778.04 715.7 685.26 664.36 588.84 566.82 544.54 521.16 521.34 530.92 553.6 606.76 622.56 622.06 677.42 653.06 634.18 607.4 603.24 577.26 551.92 558.58 565.26 508.12 483.32 585.24 509.68 538.32 699.04 692.74 686.36 699.72 662.24 656.6 656.8 675.76 684.72 713.28 701.96 725.24 716.08 743.38 740.82 756.08 772.66 752.26
522.42 529.42 567.94 595.74 631.38 644.86 686.82 698.16 700.18 715.54 714.48 711.32 750.48 778.64 753.44 707.24 651.04 616.38 634.56 700.66 735.5 781.06 813.54 813.4 823.86 813.32 855.34 855.8 856 856.14 809.6 738.24 718.7 675.3 599.46 555.96 543.26 530.78 543.04 565.42 586.12 627.36 684.88 717.18 715.44 679.8 615.02 588.98 574.4 581.5 524.3 531.72 517.66 472.3 531.74 516.9 655.84 690.68 654.34 668.4 662.22 628.22 641.3 665.92 689.36 698.94 707.28 715.44 717.16 750.08 747.28 725.46 712.56 737.98 747.88
523.68 528.86 543.7 590.96 615 641.24 652.58 697.5 699.66 723.9 721.44 760.48 745.68 719.76 714.78 668.06 632.26 630.56 630.44 716.1 761.04 806.56 871.2 829 849.78 828.56 796.7 776.38 784.86 764.1 777.22 762.56 768.7 759.08 715.26 682.58 626.72 584.42 573.96 608.98 640.86 672.32 736.5 734.64 742.42 713.26 655.3 640.38 636.24 525.14 532.34 538.96 461.04 500.06 587.5 614.12 658.52 642.56 636.8 630.92 625.6 613.64 626.32 679.62 684.9 659.56 681 689.68 697.92 692.02 703.78 664.12 680.94 699.08 740.54
518.42 538.16 546.72 575.26 596.1 624.96 658.4 681.18 714.62 726.06 741.56 726.06 700.18 684.98 649.46 656.98 677.44 694.3 759.54 853.1 931.22 1051.24 1000.88 938 823 760.28 718.26 717.88 704.54 663.42 685.72 699.46 757.16 751.34 765.14 776.94 752.2 702.74 691.66 647.56 691.5 748.28 794.36 786.82 754.42 757.1 706.44 658.12 588.42 562.32 504.94 523.38 593.34 587.06 621.66 626.42 632.12 627.04 619.4 633.74 628.38 555.92 631.06 663.82 648.98 643.78 628.54 660.82 631.78 647.96 658.28 646.14 655.68 701.96 704.92
528.96 531.92 549.6 578.9 609.18 609.72 638.7 660.94 704.54 732.6 726.12 721.06 695.64 661.02 650.7 691.18 717.88 726.3 792.92 814.36 861.66 887.7 859.24 837.52 815.7 805.46 754.46 669.52 646.2 646.78 688.88 741.08 735.3 740.82 723.04 726.5 758.06 777.78 860.66 847.8 861.12 853.08 867.14 834.82 830.28 809.42 700.32 618.1 560.32 567.76 566.74 593.26 566.28 580.5 614.68 578.52 584.18 619.4 636.84 629.42 621.52 568.66 597.44 609.56 625 611.8 617.64 588.42 590.9 621.78 624.14 611.56 648.88 676.7 688.04
547.86 621.26 665.28 655.08 696.02 720.86 720.9 734.4 734.82 738.02 741.14 716.04 694.84 684.64 664.36 702.32 667.2 679.26 675.48 741.32 803.4 766.74 741.08 688.12 687.06 666.5 686.7 693.6 670.14 660.08 691.54 661.78 693.16 708.08 722.7 747.06 747.8 822.1 874.7 873.88 972.64 1189.64 1217.56 903.22 886.26 770.6 729.48 720.36 688.66 562.58 546.1 540.38 585.32 589.12 592.78 596.2 610.92 632.44 623.86 632.38 608.68 568.72 575.56 581.84 588.06 594.54 584.58 574.42 588.68 592.04 605.3 627.82 660.88 660.52 671.12
598.5 678.14 722.46 748.18 747.02 767.3 778.02 747.5 753.02 723.18 678.92 668.16 648.18 627.96 627.08 571.36 520.4 536.26 583.12 656.62 686.54 657.68 643.84 612.98 570.44 571.04 580.08 586.82 582.64 652.84 592.96 643.54 643.74 615.8 620.3 664.36 678.38 770.28 842.58 1007.52 1092.46 1276.18 1351.32 1164.62 1035.7 977.04 863.26 722.5 650.06 596.88 592.44 605.34 607.68 609.8 621.4 613.36 622.74 638.16 635 598.64 586.54 571.96 585.18 588.6 570.86 582.38 561.94 571.72 587.2 600.86 614.66 608.6 631.56 637.74 646.08
592.34 682 728.08 767 755.22 764.7 752.98 729.96 705.74 681.9 613.76 572.32 552.72 582.18 566.5 525.7 517.8 573.92 590.56 541.94 541.92 553.2 585.5 549 557.14 546.34 575.26 631.94 597.44 556.48 566.08 615.66 645.68 577.08 690.96 614.08 639.56 657.72 712.54 886 990.04 1069.52 1082.54 1126 1000.04 899.44 794 675.52 642.3 608.66 636.24 630.44 622.76 644.36 646 639.62 641.68 644.08 632.1 639.9 612.44 584.84 565.12 559.28 508.96 542.26 536.76 538.3 545.02 559.96 584.34 586.38 588.18 591.38 646.44
542.68 645.28 726.16 765.18 731.92 730.98 719.42 702.7 649.62 659.66 597.9 509.18 468.72 494.72 501.72 521.32 496.42 473.28 407.76 368.74 438.9 399.9 400.8 403.2 413.74 451.84 519.6 576.26 581.54 511.7 521.22 569.64 579.42 580 590.96 574.7 611.28 654.36 672.76 754.04 855.74 967.82 1008.2 958.12 877.7 809.98 727.7 667.72 633.5 630.94 688.26 675.3 658.1 679.4 674.62 682.92 675.74 679.86 686.02 642.2 581.16 550.78 539.92 520.98 469.52 502.6 495.58 468.04 487.32 523.1 546.42 558.92 570.78 563.24 607.88
505.32 556.3 607.54 594.02 603.16 697.6 728.44 754.98 725.2 615.4 629.12 531.94 428.92 411.48 449.7 335.08 387.9 529.04 464.44 366 376.7 387.52 378.46 369.36 369.58 418.06 415.34 472.12 497.66 526.08 545.38 525.54 506.08 506.04 515.94 546.78 564.48 631.64 619.06 708.62 725.82 799.1 913.5 857.5 810.88 745.1 696.96 673.3 646.78 633.84 650.62 707.76 726.58 701.26 719.08 698.38 693.5 716.64 696.38 602.8 580.72 558.8 512.54 508.86 507.18 460.34 453.04 452.76 449.48 466.82 484.06 510.72 533.9 565.1 597.82
482.28 494.36 474.26 452.16 514.86 599.76 630.28 643.62 648.2 649.48 616.7 551.82 477.02 405.56 378.96 333.38 298.42 379.4 373.08 295.14 305.82 316.6 367.3 410.6 452.4 450.02 428.26 445.28 432.02 460.72 490.18 480.26 519.5 529.28 537.12 515.78 532.42 597.58 613.74 629.6 655.88 697.38 752.4 749.34 719.16 660.46 623 628.74 621.16 629.18 677.92 715.52 703.4 717.84 718.06 701.46 679.06 677.88 654.58 563.06 568.66 527.1 496.6 477.48 485.1 428.32 428.64 416.26 432.36 429.88 456.62 482.9 508.92 544.2 568.86
369.9 381.58 403.76 457.66 519.52 593.38 641.6 575.64 537.74 562.66 542.24 498.96 403.82 423.6 355.78 379.68 411.12 261.4 332.46 274.58 255.76 238 260.2 292.78 305.64 344.68 412.18 460.32 436.76 436.14 426.54 466.24 465.34 501.2 487.6 534.74 572.86 608.48 623.84 640.74 670.68 676.46 669.48 651.88 593.62 627.34 590.62 594.22 617.3 680.7 688.24 704.74 692.26 703.54 689.76 645.42 611.64 600.38 574.6 550.98 520.32 471.8 464.22 437.58 443.42 454.44 451.62 419.68 396.16 403.52 430.46 439.46 477.12 524.2 557.86
315.1 315.64 306.3 337.82 339.72 341.1 325.7 387.28 376.7 429.78 452.56 410.76 431.12 442.24 413.82 399.18 405.86 288.1 222.26 204.58 206.78 219.04 221.44 284.76 307.82 310 367.86 444.66 442.26 451 461.58 488.1 504.18 489.8 543.64 541.36 588.96 617.7 634.44 613.88 633.02 627.68 624.76 555.76 580.06 563.7 597.44 571.24 581.52 670.78 639.04 650.44 635.38 663.42 622.6 572.86 551.06 556.7 526.62 503.56 481.26 441.18 422.16 421.94 411.02 408.48 417.36 387.7 375.58 384.72 403.52 431.76 450.42 510.2 575.88
344.56 292.1 302.4 303.9 284.42 255.34 262.04 256.78 257.38 225.64 204.62 245.8 292.96 296.7 390.54 345.64 351.1 367.22 241.58 107.28 88.32 79.2 90.16 212.74 245.94 279.64 279.76 359.28 396.46 453.68 519.96 545.08 559.82 506.14 530.46 528.32 585.28 634.96 648.34 585.76 582.72 587.7 580.54 573.48 556.62 550.82 544.88 548.7 538.56 528.4 516.42 528.22 545.7 550.04 534.8 526.28 520.84 506.3 462.92 440.26 418.26 406.3 407.9 403.64 381.42 390.94 370.94 380.04 386.88 405.62 385.94 424 472.58 556.88 633.98
439.48 421.64 399.08 379.34 353.26 446.2 443.14 344.2 261.7 189.6 169.12 148.12 165.1 211.88 276.76 361.06 385.28 375.48 337.32 145.66 146.92 256.76 229.04 190.6 213.1 246.16 238.52 298.16 406.96 412.28 437.34 481.42 506.98 464.12 507.76 524.94 563.14 585.5 607.6 545.92 552.94 522.52 526.46 519.86 493.6 488.12 482.82 476.76 467.5 439.02 445.24 448.02 460.66 453.74 452.2 465.7 459.88 441.54 439.86 409.7 419.22 389.84 396.94 370.02 371.38 383 353.28 362.66 379.12 397.84 397.32 435.5 489.32 575.02 673.46
291.24 282.02 313.02 434.5 432.42 412.9 346.46 297.76 248.28 176.72 154.9 156.04 153.14 159.5 166.06 241.02 288.26 307.3 355.74 377.34 341.56 265.7 307.64 220.16 191.74 233.98 349.24 319.3 335.76 351.9 377.58 412.54 465.94 373.96 388.18 444.14 542.6 603.96 565.8 587.4 543.84 520.3 513.74 446.8 441.54 416.08 420.48 395.9 397.56 380.02 361.62 367.6 399.48 401.3 412.02 350.22 375.04 365.44 354.48 353.82 345.04 352.94 350.54 352.64 343.4 353.14 365 364.56 380.98 409.22 437.82 509.64 526.04 572.88 677.3
274.24 260.04 214.34 373.6 279.66 238.72 229.9 192.96 183.8 162.2 171.22 162.8 161.78 157.92 144.66 172.98 163.78 163.16 249.32 250.76 311.14 323.58 316.5 209.42 160.88 111.48 163.48 349.14 374.74 359.28 295.22 300.72 372.88 292.06 315.5 337.54 387.34 504.68 508.06 511.04 429.48 414.36 409.36 384.26 369.16 364.22 339.78 345.04 338.14 329.82 314.04 330.84 345.38 328.82 349.1 305.24 309.4 308.46 307.54 310.74 317.76 335.26 344.46 335.42 346.1 352.38 374.26 366.38 382.88 420.64 461.4 507.06 559.82 603.2 677.4
457.78 190.36 173.82 181.54 179.58 187.78 178.1 159.78 149.42 138.48 157.2 149.38 169.96 166.16 164.08 163.86 134.8 115.16 95.74 125.06 164.76 214.98 266.06 327.88 240.46 232.3 284.12 294.56 372.24 267.54 361.4 308.12 237.14 177.64 192.06 197.54 240.3 306.26 334.92 323.42 309.62 321.68 317.4 282.66 258.64 264.7 260.84 237.78 246.8 245.9 244.94 263.06 262.76 246.22 254.14 269.08 291.34 300.72 306.06 312.46 319.28 324.36 338.16 359.46 378.66 391.96 393.32 375.58 414.38 472.42 514.8 507.2 559.88 613.44 678.5
257.24 495.32 390.82 317.9 296.94 256.82 246.4 155.66 145.68 144.62 143.56 126.48 167.88 195.26 194.2 174.62 231.14 182.18 114.84 163.08 154.42 165.48 176.76 207.9 139.52 190.28 190.72 251.1 339.58 413.06 397.5 382.3 338.96 259.4 224.68 212.74 180.84 206 242.22 269.22 243.98 267.96 266.38 222.22 229.1 225.82 202.98 204.34 205.52 215.74 216.12 226.04 246.06 206.42 206.86 232.06 233.72 239.12 275.5 270.18 308.96 306.24 320.72 373.7 382.7 402.48 392.76 404.4 424.52 473.86 534.52 536.94 580.04 633.66 690.44
181.58 168.1 174.16 159.88 175.02 175.42 164.62 172.12 160.22 159.48 158.52 142.88 137.1 137.32 127.12 116.8 106.32 86.4 86.12 86.18 48.12 48.56 58.72 78.68 148.26 257.64 178.58 178.74 178.4 205.12 269.48 265.52 280.32 209.38 212.32 235.88 247.02 237.86 284.1 244 260.12 162.12 194.84 171.86 189.38 176.74 177.22 179.26 190.48 201.08 201.54 222.5 223.52 203.84 183.54 195.74 210.8 226.26 241.82 291.22 316.62 320.9 345.5 346.22 366.58 384.66 382.4 405.94 447.44 488.4 537.76 596.66 640.04 673.7 661.64
387.7 392.16 302.74 246.9 260.76 218.84 197.14 195.66 184.96 173.32 154.84 178.02 165.44 167.12 157.38 127 126.1 125.14 133.96 143.7 105.56 77.12 58.18 39 48.92 58.84 98.08 117.84 98.04 126.02 143.22 141.12 156.6 178.42 191.52 172.14 163.54 178.6 193.48 171.16 204.92 169.24 171.92 182.14 179.5 149.4 161.1 162.78 184.5 185.52 195.66 206.14 206.5 165.42 165.86 181.24 207.42 223 261.76 278.2 320.26 279.8 316.32 328.66 380.74 398.48 416.82 440.04 481.12 522.44 563.74 622.9 671.98 623.12 683.18
279.38 296.06 299.66 400.48 355.16 350.36 326.88 331.46 290.5 286.32 267.4 341.56 324.78 271.5 213.76 214.24 175.16 164.36 153.7 182 152.84 229.46 240.4 106.32 38.76 29.12 29.06 77.54 77.6 86.54 104.08 121.06 126.52 105 102.84 118.64 142.72 156.38 161.58 184.98 218.76 213.6 237.58 191.7 191.4 183.18 184.6 185.92 176.46 176.96 177.02 198.18 198.48 167.38 191.64 219.26 212.9 241.56 223.54 259.72 289.14 305.18 351.54 373.16 394.36 404.4 441.66 462.02 523.62 586.34 607.94 598.2 626.98 644.66 666.36
236.8 264.16 268.4 321.6 336.56 303.6 318.24 341.36 338.52 327.5 272.26 246.54 222.96 246.62 227.38 198.74 151.58 114.66 77 95.68 114.22 189.78 200.18 238.76 172.12 66.94 38.28 105.32 134.06 123.78 103.08 118.82 106.26 85.62 92.84 141.84 148.18 143.38 166.32 153.14 176.06 170.36 193.1 210.9 182.72 184.78 186.12 187.58 178.1 178.6 168.56 179.32 190.08 191.28 207.84 236.38 240.98 270.72 261.94 258.92 313.06 339.58 362.98 397.84 410.76 451.02 463.62 525.22 553.42 591.98 615.44 629.4 637.62 655.4 656.16
306.4 303.34 247.5 234.44 240.9 237.6 255.16 244.32 271.08 288.08 242.14 157.62 103.14 75.74 76.24 76.84 58.02 38.92 38.96 29.04 28.74 38.08 47.14 113.08 141.48 94.44 75.54 103.92 103.92 94.04 92.48 98.54 121.52 92.5 83.06 98.6 96.46 114.76 118.98 131.12 135.18 140.44 146.94 142.1 141.66 153.8 155.76 157.64 158.5 148.3 159.48 191.96 192.24 206.98 235.9 242.44 270.46 272.54 291.48 312.22 333.84 362.82 411.76 438.1 470.4 478.32 517.6 547.82 576.68 625.44 676.74 676.2 667.32 645.86 688.76
191.5 200.14 178.5 166.68 175.46 174.5 173.68 172.66 171.84 180.78 181.22 170.04 152.22 124.76 106.3 97.3 88.12 68.96 59.02 39.2 38.88 47.66 47.28 56.3 65.54 93.24 111.82 121.14 121.22 92.84 72.64 79.14 76.58 82.76 81.68 88.4 86.5 95.32 98.84 112.12 118.38 133.56 139.5 122.22 142 122.64 145.02 136.34 148.54 160.26 171.78 194.08 217.68 235.08 242.06 259.56 283.94 302.3 319.7 340.1 373.04 408.46 441.52 478.18 509.1 527.22 553.62 571.4 600.9 651.64 682.66 669.68 676.72 666.96 730.7
139.64 119.66 119.72 119.8 129.22 128.6 127.94 127.26 136.36 146.14 146.42 155.02 144.7 126.38 117.44 108.4 99.08 79.72 79.56 69.34 68.3 66.62 66.2 75.5 93.18 102.76 121 129.66 129.2 109.32 106.84 94.86 91.66 89.66 80.52 86.66 77.4 94.12 91.16 96.66 111.52 106.84 111.28 132.92 132.26 132.48 134.28 135.98 158.62 181.5 204.86 207.08 234.28 252.16 270.44 319.44 338.92 365.02 380.58 401.04 445.16 480.22 517.64 546.74 564.86 570.52 575.08 630.44 658.84 678.46 699.56 715.34 733.72 736.04 760.32
128.62 120.1 120.92 111.06 111.14 111.1 120.54 109.9 119.42 119.6 129.8 138.92 127.72 127.98 118.94 99.68 80.28 70.4 69.96 69.58 68.14 66.42 66.1 75.9 84.46 92.68 92.9 111.28 119.96 126.84 114.58 94.2 99.32 105.78 103.7 101.98 95.16 89.38 93.14 98.58 104.12 108.66 112.92 133.24 132.7 121.92 144.16 146.06 168.72 170.44 183.08 221.8 239.96 279.3 303.1 336.24 377.2 404.24 417.7 438.38 470.66 493.32 541.46 570.02 596.48 612.08 616 657.7 695.9 704.2 723.4 741.62 753.22 745.24 758.46
128.28 119.74 110.9 111.6 102.08 102.3 112.54 101.9 122.04 122.24 122.5 122.02 120.58 119.64 110.42 80.76 81.18 70.7 70.24 69.38 67.98 66.28 66.02 76.38 75.6 84.04 73.68 82.82 92.08 108.56 122.24 119.02 115.24 113.44 111.68 113.8 116.48 102.08 104.04 109.74 115.5 130.56 134.4 133.72 122.9 122.3 143.68 166.4 168.3 170.8 205.76 234.06 263.72 273.2 305.54 347.22 375.86 392.94 421.64 474.36 495.22 495.06 550.06 566.8 583.04 620.62 647.2 624.22 652.42 680.92 720.46 719.78 722.78 726.5 749.8
