data/default-data/raster/climate/pre_3.txt
ncols         720
nrows         360
xllcorner     -180
yllcorner     -90
cellsize      0.5
NODATA_value  -9999
[rows 66 to 98 of 360, columns 370 to 443 of 720]
-9999 -9999 -9999 -9999 -9999 -9999 570.34 507.36 463.78 470.98 375.98 391.06 -9999 -9999 355.18 451.64 500.94 488.58 460.88 400.8 390.04 360.08 297.1 279.82 -9999 -9999 298.6 -9999 -9999 -9999 -9999 -9999 401.9 429.12 402.48 391.06 351.24 322.8 338.7 352.68 375.86 366.92 357.64 339.08 322.6 328.28 344.78 350.78 391.12 391.44 348.32 333.8 378.3 438.46 454.68 464.78 471.44 466 453.58 424.5 395.86 397.88 388.4 378.3 336.72 335.3 333.48 332.44 310.78 299.16 288.22 266.56 267.86 271.52
-9999 -9999 -9999 -9999 -9999 -9999 536.78 524.1 491.18 452.18 355.94 320.38 -9999 -9999 337.12 419.64 509.78 452.06 415.86 387.66 347.58 332.68 343.5 334.78 -9999 -9999 -9999 -9999 -9999 -9999 -9999 -9999 402.18 442.58 427.74 405.16 352.94 336.4 316.78 348.56 371.04 383.06 363.24 342.8 337.42 342.62 348.08 356.92 355.54 365.4 385.6 364.92 379.48 395.76 421.8 451.7 468.84 455.26 431.96 422.5 434.82 395.28 397.22 399.08 378.76 367.36 355.44 323.3 313.02 312.4 289.06 287.76 269.76 283.42
-9999 -9999 -9999 -9999 -9999 -9999 504.66 540.7 540.86 441.88 432.2 403.76 312.22 323 324.26 358.34 414.32 416.98 383.12 -9999 -9999 -9999 -9999 -9999 -9999 -9999 -9999 -9999 -9999 -9999 -9999 -9999 417.18 444.38 464.84 416.58 346.3 347.04 336.62 356.04 378.28 390.14 391.04 358.96 364.24 358.7 366.4 376.06 385.84 385.38 366.48 375.58 384.4 389.28 415.34 412.68 441.14 436.22 422.8 423.78 424.94 415.96 396.42 387.26 357 347.32 326.08 315.36 304.58 294.58 291.56 289.6 292.28 295.44
-9999 -9999 -9999 -9999 -9999 -9999 563.02 520.28 550.5 420.82 373.16 336.82 329.28 334.76 315.6 350.42 380.16 391.1 387.08 391.74 385.66 -9999 -9999 -9999 -9999 -9999 -9999 -9999 -9999 -9999 -9999 -9999 393.7 427.9 421.36 394.4 375.36 355.44 328.06 325.02 387.78 399.32 388.82 367.28 375.12 371.44 380.32 379.14 388.2 388.54 389.52 367.14 385.52 404.86 452.38 448.66 452.1 435.4 446.98 437.58 428.02 429.24 377.86 357.34 346.78 336.16 325.16 315.62 284.42 274.92 283.88 293.52 294.6 297.08
-9999 -9999 -9999 -9999 -9999 -9999 542.32 551.16 559.9 477.74 459.72 429.02 370.26 359.64 378.3 384.14 374.26 405.4 -9999 -9999 383.02 -9999 -9999 366.22 362.12 358.82 305.14 326.28 -9999 338.38 388.82 434.64 391.46 373.32 378.54 351.58 356.18 371.4 377.5 382.72 386.64 397.1 375.98 365.16 385.06 381.6 392.38 392.76 392.4 370.88 370.78 362.26 356.12 386.78 423.06 425.6 439.1 438.3 439.02 429.3 430 388.38 377.72 367.16 347.5 336.46 323.08 313.12 293.54 284.76 283.86 284.56 307.38 307.72
-9999 -9999 -9999 -9999 -9999 -9999 -9999 532.8 573.52 547.84 476.1 425.74 445.36 426 387.26 369.42 371.5 391.88 392.28 398.62 402.4 375.92 380.44 407.98 390.44 388.62 365.6 289.44 311.36 340.46 376.48 423.1 381 373.58 355.52 350.76 331.62 336.7 351.38 357.92 373.7 385.68 384.42 394.24 394.24 402.88 382.5 384.1 383.9 361.52 360.08 333.1 345.66 380.02 392.36 401.22 407.96 429.64 419.94 430.4 429.72 397.98 377.08 356.02 370.34 315.74 302.4 289.54 280.3 283 273.06 285.1 305.74 294.52
-9999 -9999 -9999 -9999 569.28 546.08 547.34 550.76 574.32 569.34 540.08 465.6 444.7 434.16 422.02 423.92 406.84 388.42 377.96 374.44 391.3 403.02 413.68 397.78 385.54 352.16 308.72 317.3 302.9 339.74 343.46 370.04 359 351.04 343.06 325.2 322.96 332.74 340.8 367.4 350.22 365.3 353.76 363.18 393.32 383.38 383.28 364.78 365.38 353.48 352.04 344.8 351.04 371.6 381.42 389.82 409.78 409.58 388.1 387.5 376.68 365.92 365.96 357.2 360.3 358.18 343.96 310.24 256.66 269.48 281.7 292.16 302.76 291.9
583.7 562.56 591.7 550.14 548.34 540.02 542.02 544.26 546.24 549.46 520.78 490.92 453.28 420.1 418.38 405.1 408.84 415.7 383.94 370.44 372.82 374.54 375.44 368.52 341.24 315.3 301.2 287.06 292.4 317.18 341.64 327.46 315.26 307.14 319.78 310.14 334.84 314.16 337.1 337.44 327.66 342.58 343.98 343.34 352.36 373.26 358.3 370.46 360.72 358.9 356.9 335.34 353.42 366.02 374.84 394.22 399.82 388.08 397.84 386.86 386.52 375.74 365.68 358.88 360.76 358.4 344.34 334.32 282.86 284.82 272.82 292.32 312.76 311.96
-9999 547 596.36 568.84 537.64 559.06 540.32 541.56 523.22 515.88 489.38 453.68 419.7 408.82 394.7 367.72 384.06 400.1 385.92 373.3 367.56 347.56 328.52 347.74 321.02 315.22 295.7 287.36 289.6 324.28 299.76 286.66 283.96 274.12 276.6 287.78 310.58 295.74 307.38 317.02 308.58 331.68 333.92 322.12 332.34 354.54 361.28 355.4 346.96 343.66 329.64 337.92 353.6 379.08 366.5 375.06 391.7 377.16 397.4 386.24 416.68 395.92 398.3 392.32 372.6 351.7 340.02 319.68 299.04 287 285.62 284.16 314.24 302.38
629.22 610.64 603.1 586.6 586.8 557.82 569 550.44 522.3 506.9 458.44 442.98 411.8 386.48 372.58 365.36 361.84 375.34 376.46 375.72 360.38 340.66 337.78 329.82 315.52 295.24 273.58 277.1 301.9 293.3 289.6 275.9 275.26 279.04 262.16 254.1 277.86 285.06 285.88 287.6 289.18 300.92 312.5 302.78 324.58 325.96 341.98 347.64 350.54 361.62 356.38 329.08 350.66 378.1 389.66 377.2 394 388.22 386.02 385.64 405.68 395.1 410.44 396.48 367.18 334.76 322.96 313 298.64 296.14 272.64 281.94 302.22 302.5
623.02 636.46 619.82 623.46 635.86 597.04 570.24 583.84 598.06 553.74 512.92 492.36 412.7 346.34 359.9 362.32 342.08 339.16 362.98 375.82 361.5 353.1 331.62 304.14 304.5 298.88 287.92 291.42 317.2 321.38 317.22 301.22 283.52 266.64 262.34 265.68 258.42 255.6 277.24 299.36 300.98 302.14 300.24 300.26 321.7 322.84 337.72 354.06 346.24 344.06 352.02 345.74 356 372.64 385.14 398.3 396.44 401.12 395.38 384.48 383.9 385.98 389.96 394.62 365.14 354.16 341.98 316.94 313.94 281.88 281.34 270.4 269.88 280.72
664.5 602.68 606.18 650.48 668.28 653.24 647.18 610.62 582.96 560.08 497.42 410 359.02 352.96 331.06 346.78 337.64 345.14 391.2 430.6 440 407.3 322.46 302.76 325.76 314.52 306.8 316.36 321.14 339.18 332.32 331.44 289.96 264.34 271.86 275.22 268.52 268.5 289.5 290.7 292.16 290.38 288.16 276.78 286.98 308.76 333.18 348.46 348.68 358.24 344.32 363.4 364.12 378.88 379.3 402.12 402.32 390.66 387.08 383.4 373.62 366.4 380.66 372.08 361.8 328.04 315.2 323.6 302.44 270.86 269.86 259.02 258.74 259.24
649.1 716.92 770.76 699.84 639.8 608.34 592.88 565.28 570 536.04 501.54 439.32 410.92 413.56 424.76 471.28 406.88 365.06 428.86 534.5 707.8 670.9 517.1 448.56 348.4 335.84 328.58 367.06 369.96 376.32 370.46 348.44 319.76 261.2 279.62 305.82 299.66 302.78 333.4 334.18 322.04 299.28 276.36 274.36 284.58 295.48 306.42 320.14 341.04 349.38 367.5 367.98 361.52 374.16 395.72 406.78 417.12 405.48 382.98 383.14 365.88 348.36 341.6 342.46 331.32 327.8 324.72 311.98 290.74 291.28 269.86 247.06 260.42 271.58
683.4 844.52 826.74 730.44 602.56 557.32 534.32 532.76 523.98 529.88 453.02 432.82 435.88 461.76 434.44 579.96 386.08 277.34 294.74 379.38 434.1 412.66 559.88 571.48 525.98 339.34 342.14 391.66 410.86 403.04 364.24 356.68 338.66 318.92 312.76 319.68 336.86 369.36 356.94 344.08 341.24 308.48 275.42 263.06 271.94 290.82 290.06 312.86 342.62 340.78 359.46 363 356.58 359.46 370.3 401.2 411.34 391.58 373.64 365.74 350.96 335.06 327.06 313.18 311.42 319.52 304.92 291.14 289.68 279.2 267.68 254 267.38 268.96
984.14 906.8 688.62 631.66 594.88 512.54 452.42 512.24 485.9 470.64 441.66 417.6 447.5 424.62 457.88 488.68 360.02 436.04 383.08 428.7 413.52 403.76 426.38 469.42 428.7 422.14 441.66 553 529.16 499.54 430.7 410.8 403.6 352.34 364.78 350.2 368.9 418.5 398.42 385.2 340.72 307.26 283 267.68 287.78 295.94 315.16 336.02 354.66 367.3 360.14 366.14 359.7 330.36 341.04 370.84 371.92 373.58 365.34 348.1 344 339.38 310.14 316.44 312.5 320.6 305.88 301.68 298.62 298.78 274.54 262.22 261.7 261.52
837.82 775.66 605.48 575.84 536.88 525.4 503.06 490.58 433.44 429.96 468.06 454.4 422.12 412.28 426.44 503.46 587.64 463.62 368.24 406.88 450.3 357.28 363.44 346.32 346.14 433.56 578.38 611.78 568.28 561.82 564.24 428.48 411.82 384.04 442.94 481.6 474.9 452.08 412.52 357.66 325.26 299.66 274.42 263.38 274.14 303.02 320.52 330 354.32 357.82 361.12 367.9 352.14 332.36 320.8 320.5 332.36 333.78 336.22 339.76 357 342 354.16 342.84 315.68 321.5 307.02 316.56 305.98 304.64 289.7 277.8 277.4 266.28
730.34 706.5 632.26 554.26 547.88 450.84 598.86 575.18 414.38 482.74 442.16 440.4 436.18 446.74 466.58 511.94 565 664.84 473.78 441.52 414.62 360.14 309.74 337.66 362.3 417.94 437.7 527.92 544.8 528 404.92 418.22 394.44 391.7 453.42 507.34 548.58 581.44 507.76 354.44 337.98 299.84 266.36 266.68 278.18 311.88 324.94 343.02 345.94 358.02 372.16 355.98 327.9 309.08 298.74 309.78 322.52 314.36 308.52 332.22 360.42 354.28 365.12 353.94 353.62 337.38 312.66 331.36 318.04 307.58 305 293.3 282.94 293.9
662.78 680.76 677.7 710.12 697.14 563.68 794.8 659.8 629.92 511.94 470.8 463.3 449.82 475.26 543.7 618.54 667.36 607.22 470.74 482.1 492.34 459.74 475.34 447.52 434.12 332.18 364.54 394.04 389.74 365.6 344.54 317.22 339.06 353.92 403.38 415 481.04 553.7 616.98 507.16 372.32 316.46 286.46 271.02 275.1 317.68 330.52 348.54 360.26 353.5 343.02 334.04 325.94 317.42 287.34 299.36 280.7 285.4 323.08 346.2 362.8 388.04 365.84 365.8 354.32 341.96 336.4 357.9 355.92 339.84 340.46 329.14 306.92 284.42
647.26 693.44 726.3 814.4 714.56 811.08 798.78 673.98 617.94 633.8 695.4 650.98 599.56 705.06 841.36 1053.14 1058.2 1024.92 903.38 766.58 714.78 681.28 571.64 459.68 404.66 329.24 330.72 371.34 362.7 326.42 297.36 300.4 300.4 326.66 366.16 367.62 449.54 526 542.88 573.02 457.7 359.18 272.44 258.54 279.6 313.14 335.16 352.88 354.7 345.32 323.94 304.06 304.32 295.88 285.94 266.14 270.3 297.2 301.2 332.24 373.72 377.16 388.46 377.44 354.98 353.18 344.48 356.36 376.06 374.1 372.2 352.22 329.52 296.1
569.38 720.6 836.76 904.2 847.34 818.06 861.74 862 1030.54 1188.94 1448.88 1396.74 1139.72 1035.06 1060.18 1300.18 1243.32 1178.64 1026.64 884.3 679.16 595.58 548.88 471.42 392.56 372.36 321.56 323.32 297.58 280.38 272.62 288.5 288.5 312.24 354.44 396.28 407.64 426.78 424.38 478.8 514.46 452.08 296.36 250.1 288.02 338.26 348.22 368.32 347.76 336.36 325.06 314.7 304.66 283.22 273.58 278.16 281.84 275.4 306.76 331.54 361.06 365.2 388.48 377.56 354.56 346.42 338.64 353.18 370.12 400.26 372.2 340.94 319.92 297.26
565.14 733.34 940.16 869.36 1017.74 1095.34 1374.62 1556.88 1720.12 1593.66 1718.5 1511.32 1160.96 1212.7 1285.22 1213.28 1184.02 1123.38 856.96 737.62 607.58 553.94 501.62 469.64 416.18 360.66 341.32 319.74 287.34 284.52 266.98 276.02 296.86 312.94 354.78 451.76 456.92 299.5 299.44 344.26 447.78 418.74 380.08 249.34 308 332.16 341.18 340.08 341.02 317.02 315.98 305.02 283.78 283.4 264.02 258.74 260.02 261.36 294.34 320.24 336.64 340.46 343.5 333.26 446.78 449.64 350.56 385.28 406 395.3 386.82 372.16 342.56 297.44
599.58 780.66 702.14 909.84 1290.92 1397.7 1287.18 1212.84 1315.18 1497.38 1429.16 1337.26 888.76 1107.54 1058.14 1080.3 1307.96 1155.26 1170.82 855.1 799.18 667.48 567.82 495.46 434.6 383.96 349.42 337.38 305.74 284.22 273.52 294.14 314.84 333.38 385.42 414.14 484.26 310.4 290.12 301.94 311.12 338.38 354.3 318.38 296.96 324.46 323.66 316.26 317.9 304.14 280.42 307.52 -9999 336.72 285.84 275.6 268.12 270.16 293.42 330.4 441.3 455.08 -9999 -9999 -9999 479.56 381.88 403.3 412.54 419.04 391.58 374.2 351.22 319.02
631.94 715.68 836.06 1182.1 1248.78 1137.36 877.58 849.14 831.22 812.1 818.74 761 692.12 611.76 649.68 711.98 826.66 1012.9 1161.44 1003.22 889.14 702.14 589.04 548.46 470.96 420.44 390.7 372.28 341.66 311.46 281.76 311.98 332.72 346.78 400.32 417 384.16 473.14 354.22 388.08 327.2 303.04 401.5 396.04 289.1 295.48 315.84 313.02 285.76 247 307.08 -9999 -9999 -9999 -9999 368.06 305.28 299.52 323.04 327.52 -9999 -9999 -9999 -9999 -9999 403 424.02 421.76 429.54 436.44 422.26 384.96 338.62 319.24
717.32 750.14 1021.82 1133.38 1048.96 683.02 723.84 761.22 728.04 650.56 592.74 539.86 494.96 478.58 497.24 700.22 -9999 790.1 1019.06 1168.94 1107.44 839.52 734.04 616.8 540.32 490.2 436.4 419.42 381.84 343.54 341.64 352.32 363.24 393.74 437.22 567.04 444.06 487.96 428.14 429.58 473.38 433.62 376.36 335.94 291.44 277.08 311.9 305.48 261.28 196.78 -9999 -9999 -9999 -9999 364.32 392.92 349.44 337.02 351.92 355.66 335.32 317.52 334.7 363.98 439.2 493.88 513.18 518.92 502.18 529.5 503.1 446.48 368.68 349.94
754.96 872.24 969.36 1019.78 861.82 688.68 781.24 832.54 853.18 769.96 626.24 569.7 500.04 471.38 460.52 694.02 -9999 877.66 925.86 928.5 1091.22 1026.92 865.02 766.84 633.62 553.7 509.94 485.1 447.64 438.64 448.64 438.04 408.2 416.5 422.92 395.44 361.08 366.14 369.08 340.28 341.5 353.42 341.6 328.82 306.06 314.12 322.1 312.1 359.94 351.84 -9999 -9999 -9999 -9999 -9999 -9999 400.9 428.34 495.4 423.54 501.7 479.64 -9999 -9999 541.74 607.26 680.12 704.88 694.46 681.58 642.2 542.98 458.54 417.66
654.98 671.34 800.08 894.1 853.6 812.68 780.1 653.22 694.56 755.14 688.2 595.92 550.82 521.1 488.26 657.74 -9999 -9999 -9999 824.96 820.42 903.04 916.48 865.72 729.84 690.02 620.22 597.76 569.82 554.2 547.86 505.8 452.3 465.68 423.04 381.86 374.44 366.58 369.86 362.18 353.48 365.12 369.64 350.36 339.88 328.12 337.48 411.74 -9999 -9999 -9999 -9999 -9999 -9999 -9999 -9999 -9999 509.3 522.32 -9999 -9999 -9999 -9999 -9999 -9999 -9999 608.76 898.42 950.84 904.72 825.68 701.84 616.24 532.16
491.12 554.32 603.5 668.64 660.1 686.34 604.4 -9999 -9999 615.44 667.34 591.54 554.56 554.96 586.74 579.24 569.74 732.58 -9999 -9999 771.16 700.38 818.42 836.4 816.6 814.2 775.62 740.18 708.54 645.46 629.02 576.68 491.24 466.82 430.86 386.64 387.28 375.26 368.9 366.16 377.74 381.04 384.2 396.6 388.04 378.08 377.8 440.62 -9999 -9999 -9999 -9999 -9999 -9999 -9999 -9999 -9999 -9999 -9999 -9999 -9999 -9999 -9999 -9999 -9999 -9999 -9999 -9999 622.84 1053.16 890.78 813.76 736.32 672.34
527.34 482.74 531.18 547.06 -9999 -9999 -9999 -9999 -9999 583.98 571.42 578.8 516.92 511.76 554.96 593.48 641.44 622.2 -9999 -9999 -9999 -9999 672.36 761.22 861.46 941.62 911.02 878.02 849.38 815.58 730.9 647.34 542.16 448.74 428.18 426.54 383.6 375.66 375.8 381.88 392.36 406.44 428.84 421.58 414.2 405.3 502.26 489.2 -9999 -9999 -9999 -9999 -9999 -9999 -9999 -9999 -9999 -9999 -9999 -9999 -9999 -9999 -9999 -9999 -9999 -9999 -9999 -9999 -9999 602.22 1098.74 926.56 790.3 747.44
-9999 -9999 -9999 -9999 -9999 -9999 -9999 602.7 630.92 547.08 532.54 509.7 487.32 512.62 531.02 587.94 640.52 641.06 639.42 -9999 -9999 -9999 -9999 673.54 701.02 972.54 1031.62 997.24 972.62 879.52 794.24 676.08 532.04 433.86 412.94 397.2 354.14 398.38 418.88 470.8 494.74 488.5 511.38 455.42 439.38 430.1 -9999 -9999 -9999 -9999 -9999 -9999 -9999 -9999 -9999 -9999 -9999 -9999 -9999 -9999 -9999 -9999 -9999 -9999 -9999 -9999 -9999 -9999 -9999 -9999 -9999 551.54 1160.78 980.14
-9999 -9999 -9999 -9999 -9999 -9999 -9999 664 668.04 519.7 522.1 505.56 493.76 499 548.18 618.96 628.92 657.46 629.28 629.8 623.94 -9999 -9999 -9999 -9999 -9999 785.3 872.16 1279.54 935.54 835.64 679.4 517.74 403.64 410.2 383.72 419.36 462.22 385.74 372.88 395.3 429.1 458.42 478.28 492.74 483.82 -9999 -9999 -9999 -9999 -9999 -9999 -9999 -9999 -9999 -9999 352.54 378.68 412.14 426.98 454.48 -9999 -9999 -9999 -9999 -9999 -9999 -9999 -9999 -9999 -9999 -9999 -9999 1204.68
-9999 -9999 -9999 -9999 -9999 -9999 -9999 599.2 613.5 -9999 -9999 -9999 -9999 -9999 579.56 643.78 687.22 661.84 644.58 578.44 501.5 503.62 643.04 -9999 -9999 -9999 -9999 -9999 878 1149.8 852.68 674.64 532.62 384.3 346.7 379.02 424.88 421.18 495.54 527.22 465.28 463.68 485.34 518.7 552.5 595.8 597.18 -9999 -9999 -9999 -9999 -9999 -9999 -9999 368.8 692.5 642.08 542.32 505.76 510.62 472.74 507.3 532.5 -9999 -9999 -9999 -9999 -9999 -9999 -9999 -9999 -9999 -9999 1100.76
-9999 -9999 -9999 -9999 -9999 -9999 596.98 602.8 558.18 509.76 -9999 -9999 -9999 -9999 -9999 468.44 672.32 675.58 668.74 617.46 576.14 492.1 519.2 685.34 720.74 -9999 -9999 -9999 828.16 995.02 822.82 657.12 521.88 411.18 400.96 366.06 354.18 391.6 421.16 450.3 474.56 561.78 557.68 596.9 589.66 528.84 615.64 720.2 777.46 555.5 491.28 441.38 403.44 678.76 872.18 712.16 570.9 481.92 476.9 449.18 430.34 483.44 569.9 679.88 528.1 523.08 -9999 -9999 578.16 537.98 542.52 566.22 800.94 550.36
-9999 -9999 -9999 -9999 -9999 -9999 524.46 559.24 610.46 510.46 -9999 -9999 -9999 -9999 -9999 448.38 476.16 -9999 685.06 657.6 627.2 597.78 584.46 559.02 617.58 693.56 765.5 -9999 788.96 920.34 859.88 694.3 568.22 457.22 381.34 363.2 358.22 378.84 536.7 426.92 513.54 580.58 598.44 652.96 670.16 669.46 -9999 706.18 740.68 712.26 698.06 691.84 617.64 672.92 689.02 638.04 542.78 467.12 452.6 405.06 416.24 431.6 472.78 522.72 559 570.72 594.22 587.52 548.68 504.1 480.14 493.64 555.98 440.56
