data/default-data/raster/climate/pre_11.txt
ncols         720
nrows         360
xllcorner     -180
yllcorner     -90
cellsize      0.5
NODATA_value  -9999
[rows 231 to 263 of 360, columns 600 to 674 of 720]
98.52 121.48 134.58 127.72 132.64 125.26 138.4 141.12 154.8 159.52 187.8 181.06 183.4 221.92 236.26 238.4 253.32 277.24 274.22 280.84 263.08 257.54 229 245.94 217.24 224.84 222.2 199.16 186.9 167.2 147 146.72 124.96 114.34 103.96 114.24 103.8 103.88 126.86 129.66 145.62 151.08 182.22 189.98 197.28 237.34 265.18 305.4 319.9 376.96 434.08 465.24 506.4 578.56 620.36 650.44 711.68 724.32 721.02 737.28 753.54 774.16 807.48 872.18 921.2 1018.2 1012.48 -9999 -9999 -9999 -9999 -9999 -9999 -9999 -9999
109.84 114.58 114.12 106.2 112.12 138.62 143.06 147.42 151.78 164.66 177.78 191.36 192.94 219.08 221.1 222.94 237.94 262.22 284.48 294.4 300.32 270.5 264.68 259.62 243.7 224.48 212.48 180.14 168.4 157.34 158.38 147.96 116.56 106 116.46 95.1 105.22 115.56 107.16 134.74 140.06 158.16 177.68 171.28 202.14 253.96 253.14 292.26 310.86 370.62 402.32 449.94 479.52 547.92 595.52 637.04 677.76 693.7 697.18 713.26 727.34 748.4 797.02 832.08 928.46 1016.04 1032.72 -9999 -9999 -9999 -9999 -9999 -9999 -9999 -9999
110.08 115.96 122.58 113.4 117.5 133.56 146.86 147.92 160.72 162.28 175.4 177.02 190.54 204.4 194.16 208.16 222.86 222.4 269.6 279.26 277.16 271.64 254.32 227.06 223.26 214.88 198.94 178.12 167.38 158.06 148.74 138.6 117.64 106.68 106.22 95.24 105.58 96.2 110.96 116.26 145.9 165.08 158.2 188.8 220.54 243.76 259.98 266.38 314.22 347.94 377.4 404.2 462.74 515.86 562.66 598.86 636.76 676.98 687.34 707.7 705.96 730.34 798.36 857.18 930.5 1046.02 1054.94 -9999 -9999 -9999 -9999 -9999 -9999 -9999 -9999
106.4 114.88 138.96 128.32 138.2 140.62 155.6 145.86 147.28 148.66 173.1 174.8 176.5 190.06 191.52 193.7 195.78 195.48 242.86 252.44 250.2 248.46 232.2 228.42 224.62 209.72 166.58 154.82 154.48 155.62 138.1 138.36 96.12 85.62 85.24 95.52 96.54 109.76 114.64 108.16 126.54 157.72 175.06 192.92 225.54 260.7 263.68 298.92 310.42 343.98 376.34 397.08 425.42 461.76 520.2 556.18 579.08 619.34 664.6 675.88 699.26 747.02 811.98 864.8 957.14 1041.54 1064.78 1132.02 -9999 -9999 -9999 -9999 -9999 -9999 -9999
114.96 134.12 129.46 138.76 139.1 148.62 151.74 154.88 145.26 146.58 159.4 161.02 174.24 187.58 189.3 203.42 181.44 193.4 216.32 238.1 235.62 245.5 209.2 206.82 192.1 188.9 160.64 142.4 142 142.92 136 139.56 95.94 96.3 96.12 86.58 99.08 101.74 94.74 112.1 117.08 147.7 164.92 182.76 215.6 236.04 254.04 282 316.74 328.9 353.4 376.02 410.88 421.58 479.4 509.7 563.1 591.24 621.74 649.54 692.46 727.8 796.32 897.04 925.6 1014.42 1108.94 1186 -9999 -9999 -9999 -9999 -9999 -9999 -9999
119.84 126.04 129.32 127.1 149.4 149.64 148.28 152.1 143.24 144.7 146.2 170.34 172 173.36 175.36 201.06 191.22 191.3 190.14 188.66 186.76 173.24 184 183.56 181.86 167.72 142.78 145.66 129.82 120.44 133.68 118.66 86 74.72 76.26 88.66 90.22 93.4 98.04 115.26 118.98 122.7 168.24 186.34 218.66 238.94 257.36 272.44 282.6 308.32 333.92 358.1 375.2 396.14 422.34 473.72 517.5 548.92 603.82 630.18 672.8 739.18 786.32 857.84 930.08 1012.8 1119.4 1195.88 -9999 -9999 -9999 -9999 -9999 -9999 -9999
130.28 139.06 150.62 136.96 147.72 159.6 160.14 159.26 152.26 153.8 155.28 168.14 158.28 159.72 173.22 187.02 188.92 201 188.12 175.24 173.44 171.6 170.48 170.24 169.98 157.42 143.7 138.62 121.52 128.08 111.24 128.02 87.26 87.78 77.88 79.42 81 96.52 100.84 117.04 107.36 138.42 142.56 190.26 191.72 227.72 231.26 261.96 273.32 293.48 315.1 313.8 339.26 352.32 407.04 455.54 491.82 515.56 573.42 621.98 666.08 739.1 804.18 877.26 939.3 965.12 1031.14 1204.58 -9999 -9999 -9999 -9999 -9999 -9999 -9999
141.04 151.82 141.62 147.44 135.88 136.68 148.38 149.34 160.16 162.96 153.32 154.74 167.24 169 171.16 173.22 175.04 175.42 185.96 173.2 160.34 169.84 168.8 168.28 168.02 156.5 133.28 131.22 124.56 110.54 104.06 121.14 113.18 102.54 91.78 93.04 95.02 86.6 102.4 105.74 109.06 140.66 159.3 193.88 193.9 213.24 229.36 235.62 273.1 269.68 276.58 307.84 321.02 336.06 387.02 422.98 476.24 497.38 546.28 615.32 687.04 761.7 847.44 953.2 1010.68 1002.44 1051.04 1178.12 -9999 -9999 -9999 -9999 -9999 -9999 -9999
157.12 165.6 155.42 149.24 157.66 156.8 147.1 158.9 159.96 171.76 141.04 152.82 153.82 166.94 157.72 159.68 161.38 173.42 172.32 171.3 169.98 168.44 167.52 166.58 166.12 143.64 143.44 131.68 127.62 116.5 131.78 126.14 118.08 106.94 107.56 119.24 110.52 114.5 118.56 108.94 112.2 142.94 160.28 178.06 175.1 194.22 210.22 245.08 256 254.1 273.08 288.72 300.64 345.86 380.3 436.1 452.52 493.78 582.48 640.04 722.02 792.48 891.84 987.06 1035.16 1067.6 1127.38 -9999 -9999 -9999 -9999 -9999 -9999 -9999 -9999
161.28 154.66 160.7 151.6 169.64 178.38 168.14 157.98 148.24 128.12 128.88 151.2 163.3 165 155.74 157.84 159.4 159.98 159 169.28 157.04 167 166.18 176.12 175.12 163.92 152.72 153.36 146.62 134.4 141.62 137.84 116.94 126.64 124.48 142.2 125.68 180.3 197.1 107.28 95.74 125.58 142.14 173.7 167.72 201.66 216.54 215.02 225.44 246.36 241.14 266.4 308.32 337.46 371.5 415.2 473.48 509.14 586.94 677.56 781.68 800.68 903.94 1003.3 1074.76 1156.22 1243.54 -9999 -9999 -9999 -9999 -9999 -9999 -9999 -9999
163.78 167.7 153.08 173.96 161.68 190.48 179.12 169.02 158.84 159.24 149.12 160.64 162.2 174.7 165.38 178.12 179.84 169.26 168.24 178 176.96 176.82 175.78 163.98 163.04 163.64 154.22 160.98 150.9 152.68 148.68 142.04 142.36 138.8 143.08 129.24 156.62 250.26 153.72 104.64 106.78 108.8 138.6 151.96 187.16 193.28 212.02 220.86 229.2 237.3 256.92 287.74 328.48 345.44 378.68 415.68 471.58 523.42 613.66 675.4 726.5 792.7 908.92 978.64 1080.12 1161.42 1187.02 -9999 -9999 -9999 -9999 -9999 -9999 -9999 -9999
179.76 186.02 175.16 185.94 179.72 198.86 196.46 187.22 167.3 168.1 169.26 169.72 170.22 170.9 195.96 196.34 196.58 197.04 185.3 174.82 187.56 189.46 186.72 175 175.16 164.38 160.4 151.88 164.66 168.06 154.2 157.38 157.16 158.52 174.38 157.86 161.96 213.58 150.06 127.4 129.94 119.24 162.44 184.7 191.54 196.7 204.12 212.78 222.44 245.52 279.42 318.86 348.06 354.52 382.3 417.92 440.92 523.5 660.68 694.22 703.98 749.88 882.02 1040.4 1120.46 1152.6 1198.9 -9999 -9999 -9999 -9999 -9999 -9999 -9999 -9999
202.8 192.06 202.28 212.04 212.66 213.26 212.44 192.56 186.02 169.96 171.52 191.78 192.34 192.26 192.1 213.32 213.12 202.18 181.42 171.46 161.84 152.04 163.16 174.1 163.36 171.42 170.16 165.34 174.72 174.26 171.2 155.88 160.14 170.56 180.54 184.98 190.04 244.06 169.76 146.84 124.64 128.92 171.44 188.9 182.72 211.04 196.74 217.78 217.34 239.64 279.28 313.58 366.52 380.66 384.72 428.64 473.24 525.92 627.02 707.74 726.2 771.98 877.78 979.8 1072.32 1199.6 1210.36 -9999 -9999 -9999 -9999 -9999 -9999 -9999 -9999
217.14 237.3 229.52 241.02 238.94 235.76 231.56 216.04 195.16 202.32 205.72 198.54 200.3 200.22 211.14 180.04 180.4 -9999 -9999 -9999 -9999 -9999 -9999 -9999 138.88 130.64 126.4 165.98 181.84 186.48 182.66 167.24 171.82 183.94 198.56 234.36 237.2 258.32 188.46 192.4 202.44 165.26 162.04 179 173.98 191.82 191.56 210.9 229.84 251.62 283.06 329.7 369.2 389 407.42 461.44 512.42 563.3 639.04 663.98 685.88 691.62 786.5 916.68 1043.8 1203.5 -9999 -9999 -9999 -9999 -9999 -9999 -9999 -9999 -9999
240.18 249.42 271.32 267 276.68 265.62 262.22 223.6 214.9 208.5 211.86 215.9 -9999 -9999 -9999 -9999 -9999 -9999 -9999 -9999 -9999 -9999 -9999 -9999 -9999 -9999 144.44 163.16 174.2 184.48 186.06 205.86 197.9 210.68 223.92 247.22 274.44 257.22 242.84 203.78 173.16 167 164.66 171.7 178.76 198.22 207.48 216.36 238.3 235.92 279.82 322.88 362.42 390.62 410.2 477.14 547.84 596 667.74 728.88 743.94 740.24 763.26 854.18 1086.34 -9999 -9999 -9999 -9999 -9999 -9999 -9999 -9999 -9999 -9999
249.82 270.12 293.64 290.1 294.32 285.62 270.92 241.74 223.06 -9999 -9999 -9999 -9999 -9999 -9999 -9999 -9999 -9999 -9999 -9999 -9999 -9999 -9999 -9999 -9999 -9999 -9999 -9999 164.78 177.08 198.4 203.3 227.6 219.48 229.02 210.84 287.08 322.32 263.24 224.28 194.08 173.1 182.48 188.26 195.4 191.64 214.26 237.24 238.42 236.84 266.02 284.54 333.64 363.96 411.32 490.74 551 611.34 695.54 779.42 868.34 838.06 848.56 961.1 -9999 -9999 -9999 -9999 -9999 -9999 -9999 -9999 -9999 -9999 -9999
293.78 307.72 312.02 306.38 310.62 301.4 281.28 262.5 243.74 -9999 -9999 -9999 -9999 -9999 -9999 -9999 -9999 -9999 -9999 -9999 -9999 -9999 -9999 -9999 -9999 -9999 -9999 -9999 -9999 177.82 193.84 211.42 231.22 237 206.48 234.52 276.02 346.6 266.96 210.88 215.86 198.74 211.06 216.32 222.88 218.26 232.76 235.12 245.56 255.76 263.76 277.14 336.06 358.12 395.76 465.98 529.46 595.4 726.74 842.52 901.18 857.62 817.28 -9999 -9999 -9999 -9999 -9999 -9999 -9999 -9999 -9999 -9999 -9999 -9999
-9999 -9999 -9999 -9999 281.42 263.56 254.32 283.62 -9999 -9999 -9999 -9999 -9999 -9999 -9999 -9999 -9999 -9999 -9999 -9999 -9999 -9999 -9999 -9999 -9999 -9999 -9999 -9999 -9999 -9999 182.7 207.04 201.4 228.62 -9999 241.34 277.88 340.48 278.1 232.56 228.56 225.22 229.34 246.2 250.06 252.06 261.96 252.06 262.9 252.22 265.98 288.86 306.58 358.74 406.12 447.16 519.66 618.46 723.14 829.02 890.44 895.14 872.76 -9999 -9999 -9999 -9999 -9999 -9999 -9999 -9999 -9999 -9999 -9999 -9999
-9999 -9999 -9999 -9999 -9999 -9999 -9999 -9999 -9999 -9999 -9999 -9999 -9999 -9999 -9999 -9999 -9999 -9999 -9999 -9999 -9999 -9999 -9999 -9999 -9999 -9999 -9999 -9999 -9999 -9999 212.2 199.26 213.7 -9999 223.38 248 252.16 316.26 293.4 256.7 242.76 256.24 253.96 259.66 261.96 278.94 286.26 266.04 268.14 280.92 293.98 307.78 329.16 357.26 423.66 488.16 540.84 618.34 731.16 788.6 843.42 890.16 882.52 -9999 -9999 -9999 -9999 -9999 -9999 -9999 -9999 -9999 -9999 -9999 -9999
-9999 -9999 -9999 -9999 -9999 -9999 -9999 -9999 -9999 -9999 -9999 -9999 -9999 -9999 -9999 -9999 -9999 -9999 -9999 -9999 -9999 -9999 -9999 -9999 -9999 -9999 -9999 -9999 -9999 -9999 -9999 -9999 235.78 234.5 218.44 266.02 305.96 324.32 289.76 291.02 287.72 275.2 275.96 277.64 291.3 286.86 295.22 294.68 286.62 297.06 316.4 330.38 338.92 375.5 462.22 534.32 638.22 733.28 748.24 826.94 867.68 849.98 -9999 -9999 -9999 -9999 -9999 -9999 -9999 -9999 -9999 -9999 -9999 -9999 -9999
-9999 -9999 -9999 -9999 -9999 -9999 -9999 -9999 -9999 -9999 -9999 -9999 -9999 -9999 -9999 -9999 -9999 -9999 -9999 -9999 -9999 -9999 -9999 -9999 -9999 -9999 -9999 -9999 -9999 -9999 -9999 -9999 -9999 229.7 253.02 247.34 276.24 309.26 283 300.48 301.66 289.28 299.08 305.26 301.3 297.94 312.42 322.3 315.8 300.52 329.04 383.82 400.68 458.28 566.3 674.48 828.68 938.62 838.44 828.64 867.06 -9999 -9999 -9999 -9999 -9999 -9999 -9999 -9999 -9999 -9999 -9999 -9999 -9999 -9999
-9999 -9999 -9999 -9999 -9999 -9999 -9999 -9999 -9999 -9999 -9999 -9999 -9999 -9999 -9999 -9999 -9999 -9999 -9999 -9999 -9999 -9999 -9999 -9999 -9999 -9999 -9999 -9999 -9999 -9999 -9999 -9999 -9999 259.36 260.24 280.58 -9999 -9999 -9999 305.38 323 332.26 322 314.16 328.02 314.84 321.74 334.52 336.74 334.8 373.72 428.22 472.64 599.74 715.86 794.04 908.32 892.62 842.26 838.9 871.4 -9999 -9999 -9999 -9999 -9999 -9999 -9999 -9999 -9999 -9999 -9999 -9999 -9999 -9999
-9999 -9999 -9999 -9999 -9999 -9999 -9999 -9999 -9999 -9999 -9999 -9999 -9999 -9999 -9999 -9999 -9999 -9999 -9999 -9999 -9999 -9999 -9999 -9999 -9999 -9999 -9999 -9999 -9999 -9999 -9999 -9999 -9999 -9999 -9999 -9999 -9999 -9999 -9999 332.96 336.9 367.8 375.9 367.52 364.5 373.98 414.86 414.32 415.9 451.8 478.5 614.42 710.04 819.14 894.28 889.02 896.74 810.9 798.7 829 876.8 -9999 -9999 -9999 -9999 -9999 -9999 -9999 -9999 -9999 -9999 -9999 -9999 -9999 -9999
-9999 -9999 -9999 -9999 -9999 -9999 -9999 -9999 -9999 -9999 -9999 -9999 -9999 -9999 -9999 -9999 -9999 -9999 -9999 -9999 -9999 -9999 -9999 -9999 -9999 -9999 -9999 -9999 -9999 -9999 -9999 -9999 -9999 -9999 -9999 -9999 -9999 -9999 -9999 360.02 389.8 408.08 451.34 471.32 490.96 506.22 512.4 518.74 587.08 612.76 717.08 803.14 910.3 992.74 925.04 853.52 791 794.56 788.24 834.92 874 -9999 -9999 -9999 -9999 -9999 -9999 -9999 -9999 -9999 -9999 -9999 -9999 -9999 -9999
-9999 -9999 -9999 -9999 -9999 -9999 -9999 -9999 -9999 -9999 -9999 -9999 -9999 -9999 -9999 -9999 -9999 -9999 -9999 -9999 -9999 -9999 -9999 -9999 -9999 -9999 -9999 -9999 -9999 -9999 -9999 -9999 -9999 -9999 -9999 -9999 -9999 -9999 -9999 -9999 415.94 451.2 498.46 513.08 533.98 547.06 540.96 577.94 577.08 548.98 675.06 846.7 918.44 840.28 769.48 733.52 745.32 766.7 806.04 843.98 883.28 -9999 -9999 -9999 -9999 -9999 -9999 -9999 -9999 -9999 -9999 -9999 -9999 -9999 -9999
-9999 -9999 -9999 -9999 -9999 -9999 -9999 -9999 -9999 -9999 -9999 -9999 -9999 -9999 -9999 -9999 -9999 -9999 -9999 -9999 -9999 -9999 -9999 -9999 -9999 -9999 -9999 -9999 -9999 -9999 -9999 -9999 -9999 -9999 -9999 -9999 -9999 -9999 -9999 -9999 -9999 452.94 503.9 528.36 560.56 567.58 576.4 572.76 539.04 666.76 648.4 736.58 755.64 697.22 680.02 644.62 -9999 -9999 -9999 -9999 -9999 -9999 -9999 -9999 -9999 -9999 -9999 -9999 -9999 -9999 -9999 -9999 -9999 -9999 -9999
-9999 -9999 -9999 -9999 -9999 -9999 -9999 -9999 -9999 -9999 -9999 -9999 -9999 -9999 -9999 -9999 -9999 -9999 -9999 -9999 -9999 -9999 -9999 -9999 -9999 -9999 -9999 -9999 -9999 -9999 -9999 -9999 -9999 -9999 -9999 -9999 -9999 -9999 -9999 -9999 -9999 -9999 -9999 -9999 -9999 562.58 616.18 630.22 689.78 721.56 735.08 677.08 696.8 644.48 658.84 -9999 -9999 -9999 -9999 -9999 -9999 -9999 -9999 -9999 -9999 -9999 -9999 -9999 -9999 -9999 -9999 -9999 -9999 -9999 -9999
-9999 -9999 -9999 -9999 -9999 -9999 -9999 -9999 -9999 -9999 -9999 -9999 -9999 -9999 -9999 -9999 -9999 -9999 -9999 -9999 -9999 -9999 -9999 -9999 -9999 -9999 -9999 -9999 -9999 -9999 -9999 -9999 -9999 -9999 -9999 -9999 -9999 -9999 -9999 -9999 -9999 -9999 -9999 -9999 -9999 -9999 -9999 -9999 -9999 -9999 -9999 -9999 733.58 683.96 686.08 -9999 -9999 -9999 -9999 -9999 -9999 -9999 -9999 -9999 -9999 -9999 -9999 -9999 -9999 -9999 -9999 -9999 -9999 -9999 -9999
-9999 -9999 -9999 -9999 -9999 -9999 -9999 -9999 -9999 -9999 -9999 -9999 -9999 -9999 -9999 -9999 -9999 -9999 -9999 -9999 -9999 -9999 -9999 -9999 -9999 -9999 -9999 -9999 -9999 -9999 -9999 -9999 -9999 -9999 -9999 -9999 -9999 -9999 -9999 -9999 -9999 -9999 -9999 -9999 -9999 -9999 -9999 701.6 728.7 -9999 -9999 -9999 -9999 -9999 666.38 628.12 613.8 -9999 -9999 -9999 -9999 -9999 -9999 -9999 -9999 -9999 -9999 -9999 -9999 -9999 -9999 -9999 -9999 -9999 -9999
-9999 -9999 -9999 -9999 -9999 -9999 -9999 -9999 -9999 -9999 -9999 -9999 -9999 -9999 -9999 -9999 -9999 -9999 -9999 -9999 -9999 -9999 -9999 -9999 -9999 -9999 -9999 -9999 -9999 -9999 -9999 -9999 -9999 -9999 -9999 -9999 -9999 -9999 -9999 -9999 -9999 -9999 -9999 -9999 -9999 -9999 -9999 749.96 796.66 791.84 811.6 -9999 -9999 -9999 -9999 620.46 596.26 632.78 -9999 -9999 -9999 -9999 -9999 -9999 -9999 -9999 -9999 -9999 -9999 -9999 -9999 -9999 -9999 -9999 -9999
-9999 -9999 -9999 -9999 -9999 -9999 -9999 -9999 -9999 -9999 -9999 -9999 -9999 -9999 -9999 -9999 -9999 -9999 -9999 -9999 -9999 -9999 -9999 -9999 -9999 -9999 -9999 -9999 -9999 -9999 -9999 -9999 -9999 -9999 -9999 -9999 -9999 -9999 -9999 -9999 -9999 -9999 -9999 -9999 -9999 -9999 -9999 -9999 -9999 711.74 741.5 853.5 -9999 706.68 640.54 605.7 557.3 -9999 -9999 -9999 -9999 -9999 -9999 -9999 -9999 -9999 -9999 -9999 -9999 -9999 -9999 -9999 -9999 -9999 -9999
-9999 -9999 -9999 -9999 -9999 -9999 -9999 -9999 -9999 -9999 -9999 -9999 -9999 -9999 -9999 -9999 -9999 -9999 -9999 -9999 -9999 -9999 -9999 -9999 -9999 -9999 -9999 -9999 -9999 -9999 -9999 -9999 -9999 -9999 -9999 -9999 -9999 -9999 -9999 -9999 -9999 -9999 -9999 -9999 -9999 -9999 -9999 -9999 -9999 840.78 987.14 977.42 780.2 608.36 536.9 567 559.02 -9999 -9999 -9999 -9999 -9999 -9999 -9999 -9999 -9999 -9999 -9999 -9999 -9999 -9999 -9999 -9999 -9999 -9999
-9999 -9999 -9999 -9999 -9999 -9999 -9999 -9999 -9999 -9999 -9999 -9999 -9999 -9999 -9999 -9999 -9999 -9999 -9999 -9999 -9999 -9999 -9999 -9999 -9999 -9999 -9999 -9999 -9999 -9999 -9999 -9999 -9999 -9999 -9999 -9999 -9999 -9999 -9999 -9999 -9999 -9999 -9999 -9999 -9999 -9999 -9999 -9999 -9999 930.3 1068.4 1185.54 1091.16 821.38 502.14 569.82 535.32 -9999 -9999 -9999 -9999 -9999 -9999 -9999 -9999 -9999 -9999 -9999 -9999 -9999 -9999 -9999 -9999 -9999 -9999
