data/default-data/raster/climate/pre_4.txt
ncols         720
nrows         360
xllcorner     -180
yllcorner     -90
cellsize      0.5
NODATA_value  -9999
[rows 33 to 65 of 360, columns 74 to 147 of 720]
-9999 -9999 -9999 -9999 -9999 -9999 -9999 -9999 -9999 -9999 -9999 -9999 -9999 -9999 -9999 -9999 -9999 -9999 -9999 -9999 -9999 -9999 -9999 -9999 -9999 -9999 -9999 -9999 -9999 -9999 -9999 -9999 -9999 -9999 -9999 -9999 59.4 39.5 39.46 39.32 39.44 39.4 39.52 39.52 39.58 39.28 48.84 48.6 48.32 57.64 47.78 47.76 47.72 38.16 38.14 28.62 28.6 28.54 -9999 -9999 -9999 -9999 -9999 -9999 -9999 -9999 -9999 -9999 -9999 19.22 28.86 19.18 19.18 28.62
-9999 -9999 -9999 -9999 -9999 -9999 -9999 -9999 -9999 -9999 -9999 -9999 -9999 -9999 -9999 -9999 -9999 -9999 -9999 -9999 -9999 -9999 -9999 -9999 -9999 -9999 -9999 -9999 -9999 -9999 -9999 -9999 -9999 -9999 -9999 -9999 39.6 49.32 49.38 49.36 29.62 39.58 39.52 39.64 39.52 39.24 48.84 48.6 48.28 57.54 57.22 47.6 47.56 47.58 38 28.48 28.48 37.98 47.5 28.52 28.6 28.78 19.22 28.7 28.66 19.12 28.72 28.68 -9999 19.16 28.7 38.2 28.68 37.92
-9999 -9999 -9999 -9999 -9999 -9999 -9999 -9999 -9999 -9999 -9999 -9999 -9999 -9999 -9999 -9999 -9999 -9999 -9999 -9999 -9999 -9999 -9999 -9999 -9999 -9999 -9999 -9999 -9999 -9999 -9999 -9999 -9999 -9999 69.18 59.24 49.34 49.48 49.5 49.48 39.54 39.58 39.7 39.78 39.46 58.9 67.98 57.7 47.82 57.02 56.72 56.44 46.98 47.02 46.96 37.5 46.92 37.48 28.22 28.22 37.72 28.36 28.48 28.62 28.6 28.62 28.56 28.64 28.58 28.58 28.6 28.64 28.46 28.52
-9999 -9999 -9999 -9999 -9999 -9999 -9999 -9999 -9999 -9999 -9999 -9999 -9999 -9999 -9999 -9999 -9999 -9999 -9999 -9999 -9999 -9999 -9999 -9999 -9999 -9999 -9999 -9999 -9999 -9999 -9999 -9999 -9999 -9999 79 78.84 88.9 59.38 49.62 39.72 39.68 39.82 39.8 49.62 49.26 78.12 -9999 67 56.82 47.08 56.22 55.86 55.74 55.68 55.68 37.1 46.32 37.04 37.12 27.86 27.98 28.16 28.22 28.3 28.38 37.9 37.96 28.46 28.5 28.48 28.48 28.42 28.4 28.38
-9999 -9999 -9999 -9999 -9999 -9999 -9999 -9999 -9999 -9999 -9999 -9999 -9999 -9999 -9999 -9999 -9999 -9999 -9999 -9999 -9999 -9999 -9999 -9999 -9999 -9999 -9999 -9999 -9999 -9999 -9999 -9999 -9999 -9999 -9999 -9999 -9999 -9999 89.28 59.7 59.7 49.78 79.84 69.36 78.46 -9999 -9999 -9999 -9999 55.9 64.86 55.24 45.82 54.94 54.88 54.9 45.72 45.76 36.68 27.6 27.7 27.78 27.9 37.26 37.5 37.56 47.12 37.8 28.36 28.36 28.4 37.8 37.8 37.66
-9999 -9999 -9999 -9999 -9999 -9999 -9999 -9999 -9999 -9999 -9999 -9999 -9999 -9999 -9999 -9999 -9999 -9999 -9999 -9999 -9999 -9999 -9999 -9999 -9999 -9999 -9999 -9999 -9999 49.42 -9999 -9999 -9999 -9999 -9999 -9999 -9999 -9999 -9999 -9999 -9999 -9999 -9999 -9999 -9999 -9999 -9999 -9999 -9999 64.86 64.26 63.84 54.4 54.24 63.34 54.26 54.18 45.16 36.24 36.36 27.4 27.42 27.58 27.7 36.98 46.46 46.52 46.72 37.54 37.58 37.6 37.7 37.58 37.58
-9999 -9999 -9999 -9999 -9999 -9999 -9999 -9999 -9999 -9999 -9999 -9999 -9999 -9999 -9999 -9999 -9999 -9999 -9999 -9999 -9999 -9999 -9999 -9999 48.92 39.08 48.96 -9999 -9999 49.08 58.86 58.88 -9999 -9999 -9999 -9999 -9999 -9999 -9999 -9999 -9999 -9999 -9999 -9999 -9999 -9999 -9999 -9999 -9999 -9999 -9999 63.34 53.84 62.46 53.54 62.48 62.44 53.58 44.82 44.94 36.06 36.2 27.26 36.52 36.54 36.72 36.86 36.92 37.14 37.26 37.34 37.44 46.8 46.84
23.68 23.42 15.54 23.6 15.94 24.36 24.78 33.68 -9999 -9999 -9999 -9999 -9999 -9999 65.18 -9999 -9999 67.34 67.6 77.28 67.58 67.56 48.28 48.42 48.44 38.8 29.12 38.78 29.1 29.2 38.84 48.54 77.62 87.26 -9999 77.58 77.7 77.84 -9999 68.6 68.88 69.9 69.22 68.44 67.56 -9999 -9999 -9999 -9999 -9999 -9999 62.84 71.18 70.66 70.48 70.44 70.42 61.8 53.14 53.32 44.66 44.7 44.9 35.98 36.16 36.34 45.6 45.7 36.7 36.84 46.18 37.14 37.24 55.92
0 0 0 0 0 0 8.18 24.94 42.06 51.4 -9999 -9999 -9999 -9999 64.14 64.94 75.18 66.62 86 66.94 66.98 67.04 67.1 57.46 57.64 57.68 28.84 28.82 28.84 38.54 38.46 48.06 76.8 76.78 86.2 76.78 76.82 76.88 77.24 67.8 68.68 59.78 49.5 48.9 58 57.22 65.88 74.44 73.7 63.74 63.12 -9999 -9999 69.96 69.6 78.2 69.52 61.02 52.42 43.92 44.08 44.2 44.4 44.54 35.76 35.86 45.08 45.24 36.34 36.42 45.72 36.76 46.06 46.22
0 0 0 0 0 0 16.44 16.72 25.42 34.42 52.16 61.38 70.72 80.32 81.12 73.12 83.22 93.46 85.12 85.26 75.82 75.9 66.52 66.62 66.54 57.12 57.04 56.98 66.5 66.6 66.6 75.98 75.98 66.5 75.92 75.92 76.08 76.14 76.38 77.34 88.28 79.62 69.42 78.38 77.36 66.9 75.46 74.56 73.6 81.76 80.64 79.82 70.16 78.02 94.54 94.34 85.8 60.24 -9999 34.76 43.56 43.74 43.9 44.02 35.4 35.52 35.72 35.82 35.88 36.06 36.18 36.5 45.92 64.74
0 0 0 8.08 8.18 16.5 24.98 33.7 34.24 34.66 43.98 44.28 53.58 63.08 81.74 91.52 101.5 111.54 102.84 112.52 93.84 84.56 75.24 75.28 75.42 75.28 75.3 75.14 75.16 75.16 84.62 84.52 84.5 75.12 75 75.16 75.32 75.36 76 77.2 88.24 89.52 89.26 88.3 87.3 76.6 75.64 65.32 82.98 81.86 80.7 88.52 78.58 86.2 102.28 101.62 93.28 76.6 59.8 -9999 -9999 -9999 43.46 34.94 35.26 -9999 -9999 -9999 45.34 36.52 36.9 46.34 46.64 65.64
8.4 8.22 0 0 16.36 24.86 33.52 33.94 43.04 34.98 44.24 35.78 45.08 45.46 91.58 129.3 130.34 131.22 122.56 121.44 111.86 102.28 93.04 83.94 83.78 83.82 83.7 83.7 83.66 83.58 92.98 83.6 83.6 83.56 83.56 92.88 83.72 84.44 95 86.84 97.94 99.32 89.32 88.38 77.62 86.24 75.8 74.78 73.88 91.14 89.92 97.56 96.24 94.94 119.18 117.4 109.58 85 68.58 51.78 60.9 43.78 35.24 35.58 35.86 36.06 45.42 36.58 46.14 37.18 56.04 65.86 65.88 65.38
8.44 16.46 24.54 24.64 16.52 25.02 25.32 25.74 34.72 44 62.38 63.18 72.88 64.28 101.94 140.08 169.52 151.7 131.68 121.18 111.5 101.98 101.7 101.48 92 92.04 91.92 91.92 101.18 110.14 101.04 91.84 91.78 91.72 91.8 91.92 92.6 103.16 104.54 96.38 97.84 99.22 99.42 88.5 87.48 96.08 85.34 84.3 83.14 91.34 99.06 97.64 105.04 112.24 110.54 119.1 103.02 86.48 78.56 70.2 70.76 53.46 53.86 54.2 54.66 55.04 55.4 55.84 56.16 56.64 56.98 66.18 75.04 84.2
16.88 24.88 16.48 16.52 8.28 8.44 17 17.2 34.88 44.26 53.84 72.9 82.98 74.38 84.3 132.5 152.66 143.42 131.8 121.22 111.54 111.12 110.68 101 100.58 109.34 109.14 109.1 118.1 118.02 117.96 108.94 108.88 99.78 90.82 100.52 101.9 103.22 104.58 105.92 107.52 109.04 109.44 98.46 97.3 105.84 95.04 93.7 92.48 100.34 98.94 97.48 104.8 111.84 103.46 103.76 113.4 105.56 97.56 98.2 89.96 90.66 82.16 82.72 83.28 74.52 75.1 75.66 76.18 85.9 75.88 84.78 93.74 93.84
25.62 25.14 25.02 25.18 8.5 0 0 8.68 35.06 44.54 63.14 64.14 65.2 75.26 66.48 105.44 125.32 133.82 122.48 121.28 111.52 111.04 110.68 110.02 109.56 118.02 117.56 126.08 134.68 125.64 125.62 116.64 116.56 107.56 99.08 109.7 111.18 112.7 114.16 115.6 117.38 118.86 109.52 108.18 97.16 105.56 94.82 103 92.38 91.06 98.74 97.34 104.64 104.92 105.1 114.2 106.36 107.26 99.14 99.9 100.52 92.06 92.78 93.46 94.1 85.28 85.84 86.44 86.16 85.66 85.06 84.56 103.38 103.48
8.68 16.98 16.84 25.38 8.46 0 0 8.76 17.7 35.8 45.48 55.4 65.9 85.72 86.5 106.56 116.54 95.54 103.76 93.34 93.06 92.56 101.3 100.82 109.46 118.02 126.38 134.92 143.12 142.44 133 124.12 115.14 115.64 117.26 109.72 111.18 122.02 123.48 125.1 116.84 128.2 128.98 108.04 116.44 114.94 104.04 112.16 92.16 90.92 98.62 106 106.28 97.66 106.76 107.02 108.02 99.98 100.7 101.42 102.26 93.58 103.74 104.36 105.02 96.24 87.06 96.02 95.48 94.86 94.28 113.16 103.74 113.2
17.46 17.1 17.02 17.1 17.2 0 8.76 17.6 17.86 27.08 27.38 37.32 28.52 38.52 68.12 78.2 67.92 57.34 56.66 56.06 46.5 55.62 73.7 82.5 82.04 90.76 108.32 125.78 134.02 133.44 141.54 123.18 122.84 124.46 126.08 127.68 120.14 131 132.6 124.66 135.88 127.62 118.54 107.76 116.1 114.6 103.86 111.9 110.46 90.8 89.54 89.68 89.94 90.06 99.36 108.76 109.74 110.72 102.36 93.66 103.8 104.6 114.86 115.62 116.4 116.44 96.4 95.74 104.74 104.08 103.78 104.06 113.5 113.58
0 0 0 25.88 34.58 8.7 0 0 8.96 9.02 0 9.46 9.64 19.5 9.88 19.66 19.4 19.16 19 28.16 37.36 27.9 55.32 64.1 63.8 81.62 99.28 116.8 125.22 124.76 133.06 124 132.96 141.76 143.66 136.36 128.94 139.82 132.2 133.78 135.48 127.06 127.94 127.08 125.58 104.96 103.62 111.6 110.24 99.72 99.88 91.04 91.26 91.42 91.66 101.24 101.96 102.98 113.28 114.18 114.98 115.82 116.6 117.4 116.76 116.06 115.36 105.02 113.88 113.42 113.68 113.78 113.84 113.9
0 0 8.62 17.5 26.24 35.24 17.66 26.86 18.14 9.16 9.36 9.48 9.66 19.74 19.8 29.56 19.48 28.8 19.02 28.22 37.48 46.5 55.5 64.38 73.16 90.88 108.62 117.08 143.58 143.3 152.06 143.24 152.44 150.84 152.18 154.4 137.84 130.12 141.14 142.96 135.02 136.32 137.04 126.8 125.2 123.76 112.8 120.62 100.8 110.28 101.36 92.36 92.56 83.5 83.72 102.76 103.58 104.52 115.06 115.88 116.72 117.58 117.8 117.16 126.18 125.36 124.6 114.26 113.68 123.24 123.4 123.62 123.7 123.78
35.92 26.38 26.14 26.44 26.5 35.52 35.94 36.38 45.84 37.2 37.8 38.42 39.06 49.36 49.86 39.6 29.32 38.6 47.92 47.36 37.68 46.8 55.76 73.94 91.92 109.7 127.26 144.94 153.74 171.66 171.6 172.18 163.34 161.68 160.38 153.76 155.92 148.64 141.1 133.04 144.32 145.54 136.46 136.34 125.02 113.96 112.5 111.1 120.76 121.22 112.22 112.46 103.28 84.74 84.98 85.38 95.62 105.94 116.68 107.78 118.46 127.96 127.14 126.5 125.78 134.64 133.94 133.04 132.9 133.22 133.32 133.46 133.6 133.66
72.58 53.32 44 44.44 44.72 54.06 54.44 55.08 46.44 47.04 47.7 48.32 48.98 39.6 29.84 19.84 19.66 29.18 19.24 28.58 37.86 47.04 56.06 74.3 101.64 119.64 137.66 164.78 182.78 191.46 182.38 183.48 183.6 172.76 170.92 162.06 155.18 157.46 150.2 142.6 153.66 145.16 145.62 145.62 124.72 123.2 121.64 122.04 131.84 122.84 123.34 114.06 104.76 95.44 86.16 86.62 96.98 97.8 108.46 109.1 128.28 117.72 117.06 135.84 135.06 143.86 133.5 133.2 133.36 143.06 143.26 143.46 143.54 143.58
97.22 114.82 106.24 116.18 108.18 99.66 73.04 64.48 37.26 18.88 47.94 48.44 39.2 39.36 39.54 29.74 19.74 9.76 9.72 19.16 38.02 37.8 56.42 84.12 102.58 120.88 148.42 166.7 194.14 212.34 203.52 194.94 185.76 174.68 172.92 162.18 163.6 166 149.56 151.7 144.12 154.78 155.12 145.6 134.08 132.32 142.28 142.78 133.68 124.54 124.9 115.62 115.92 106.5 106.7 107.4 108.2 118.96 119.06 108.72 108.16 117.38 116.72 116.08 115.42 124.26 123.8 133.52 143.22 143.48 153.2 153.46 153.62 153.66
159.7 160 160.54 152.32 180.9 163.78 146.62 92.56 56.16 37.94 28.84 19.46 29.32 39.12 29.44 9.92 9.76 0 0 9.6 28.64 37.98 66.3 85.12 113.06 141 168.88 187.26 224.22 233.18 234.08 216.06 196.34 185.08 174.06 172.32 162.06 164.46 157.54 159.7 161.86 163.48 144.7 154.64 143 133.8 134.06 143.96 134.84 135.2 145.48 126.74 127.38 127.16 116.96 107.24 127.12 129.62 109.4 119 118.48 108.08 117.32 116.72 125.82 134.86 154.5 153.06 162.88 153.5 163.24 163.44 163.6 163.68
214.42 241.8 233.42 234.04 217.64 210.1 165.5 120.74 65.86 57.3 48.14 48.44 19.46 19.4 19.52 9.8 9.82 0 0 9.5 28.6 47.96 66.98 86 104.74 132.96 160.94 188.92 226.2 254.96 236.88 218.54 208.16 195.92 184.38 164.34 162.68 162.94 156.04 167.56 169.9 161.96 162.78 153.88 143.76 143.22 142.76 142.18 141.52 141.18 150.28 140.78 131.28 131.16 121.58 112.68 133.6 137.04 130.18 129.96 109.6 109.06 118.42 127.62 136.74 146.68 153.86 162.92 153.62 173.08 163.62 163.92 164 164.12
432.4 378.9 298.38 253.82 245.46 220.16 230.7 186.42 151.18 105.12 86.54 67.46 67.62 67.74 48.46 29.12 9.8 9.74 9.6 19.1 38.08 47.8 67.1 86.54 105.66 124.56 152.84 181 199.72 219.78 220.42 211.44 200.86 198.02 176.72 174.56 163.78 162.06 163.64 166.02 177.64 160.44 161.16 151.48 149.86 148.88 147.44 136.88 135.9 152.86 143.48 143.26 143.36 134.82 126.04 127.66 121.66 124.92 127.86 120.66 120.62 120.14 119.5 138.7 148.5 165.4 153.4 163.32 163.56 163.78 173.78 173.96 174.14 174.2
491.48 482.28 446.32 401.6 347.64 312.66 305.56 271.38 246.78 219.5 162.56 143.72 134.38 134.64 105.94 67.6 38.74 29.1 28.82 38.08 56.88 76.1 95.44 105.4 115.28 135 154.12 163.38 182.76 193.32 203.56 194.48 193.36 181.22 178.74 176.16 173.96 172.18 180.14 182.72 176.06 168.3 159.74 167.58 155.96 154.94 145.06 144.06 142.9 141.84 150.16 140.7 148.84 148.28 139.54 133.86 128.42 113.1 125.62 128.5 131.36 121.2 130.66 140.24 157.44 163.94 153.78 163.7 173.58 173.88 183.8 184.16 193.94 194.06
681.8 635.38 625.86 588.86 561.78 517.12 455.28 460.6 388.16 332.04 304.24 257.22 248.68 231.96 205.06 137.86 108.7 79.12 49.06 67.78 86.04 95.72 95.8 115.12 124.84 144.14 163.9 164.56 155.94 166.1 176.48 167.14 166.18 163.9 171.1 178.24 185.02 191.44 198.58 208.18 192.74 185.16 175.9 164.84 153.18 151.68 142.16 141.72 141.7 141.06 140.46 140.84 150.02 159.32 141.6 142.94 137.06 130.82 133.42 135.96 138.94 142.08 141.96 139.4 165.8 172.98 163.72 173.64 183.56 193.56 193.92 194.24 194.48 194.6
-9999 -9999 734.84 716.66 940.1 967.52 960.54 788.92 659.24 580.58 490.68 476.36 402.72 377.12 330.86 271.66 192.3 141.68 91.28 99.86 117.88 126.84 126.52 126.52 136.24 155.72 165.22 155.2 147.26 148.46 138.88 149.1 148.22 156.08 163.42 170.72 187.18 193.74 200.08 197.9 181.9 174.28 172.98 162 151.08 157.74 148.96 140.48 150.26 151.2 160.66 143.22 143.6 161.78 152.84 163.66 156.08 149.86 143.32 146.1 148.84 150.54 161.64 157.94 174.02 183.08 183.42 173.94 183.94 194.02 194.32 194.58 194.9 195.12
-9999 -9999 -9999 -9999 -9999 -9999 749.88 685.72 931.42 840.88 681.68 608.78 574.6 580.48 563.86 482.54 321.26 258.74 207.12 194.6 181.48 179.42 167.62 146.46 145.82 154.96 173.58 145.32 137.82 129.84 130.88 131.24 130.22 138.34 146.14 172.78 189.2 195.9 202.4 190.44 189.18 171.88 179.02 160 159.48 158.72 149.86 150.88 160.78 161.74 153.82 154.78 155.46 173.08 164.58 166.72 177.72 169.92 153.16 154.7 156.08 156.98 167.24 178.64 183.84 183.34 174.08 184.08 184.34 184.72 185.02 195 195.32 205.36
-9999 -9999 -9999 -9999 -9999 -9999 -9999 -9999 -9999 683.96 876.22 668.16 775.96 845.82 753.16 722.78 582.08 445.22 409.42 353.8 295.82 261.56 218.62 176.74 154.9 144.24 143.98 126.3 118.54 100.26 111.74 112.6 111.68 120.24 138.26 175.36 201.74 208.16 214.48 193.06 190.2 180.28 180.42 171.52 162.28 161.52 151.8 152.76 162.8 163.88 183.26 175.54 176.28 176 176.82 178.94 170.26 160.72 141.52 142.1 152.54 162.74 172.48 194.22 188.02 196.2 194.32 193.98 204.14 204.42 204.8 214.9 215.26 225.34
-9999 -9999 -9999 -9999 -9999 -9999 -9999 -9999 -9999 -9999 -9999 732.1 760 945.62 939.16 880.48 806.16 715.16 578.34 477.4 407.9 341.44 297.6 225.44 164.7 134.06 124.82 117.24 109.26 90.8 92.08 103.64 113.64 112.14 130.7 168.68 186.06 212.32 209.46 206.54 195.48 192.66 183.98 165.9 156.42 155.6 154.8 154.82 155.84 166.06 185.92 196.7 196.58 178.26 160.36 160.92 152.42 152.54 152.48 161.42 170.88 171.48 172.14 193.66 187.58 210.8 208.58 206.66 204.88 214.6 214.92 225.12 225.4 235.56
-9999 -9999 -9999 -9999 -9999 -9999 -9999 -9999 -9999 -9999 -9999 -9999 -9999 1044.22 1001.58 966.66 927.48 839.42 780.9 635.62 555.64 457.2 392.76 310.42 240.12 162.76 144.32 127.68 120.26 101.88 92.92 94.02 104.66 114.24 123 151.72 179.74 197.12 214.08 212.32 200.64 207.2 195.22 187.08 168.98 158.86 158.08 148.08 158.22 178.22 207.88 208.54 179.82 181.02 182.52 163.5 155.26 165.24 174.72 183.24 191.38 200.16 191.18 202.62 206.76 210.96 224.2 221.88 219.46 217.14 215.78 225.64 225.82 245.76
-9999 -9999 -9999 -9999 -9999 -9999 -9999 -9999 -9999 -9999 -9999 -9999 -9999 -9999 1139.12 1051.94 1033.12 962.62 967.38 822.04 729.92 550.86 524.82 433.76 365.26 278.32 222.62 196.86 160.82 123.08 104.22 94.86 95.02 126.4 125.36 144.44 183.3 211.58 209.72 228.08 215.62 222.18 219.14 198.62 180.7 171.42 161.34 151.12 160.88 181.16 192.1 182.18 172.92 184 175.88 156.4 157.96 158.36 187.3 196.1 194.66 192.92 191.7 202.52 206.66 230.84 215.12 228.1 215.42 213.16 220.96 217.26 225.28 244.9
