data/default-data/raster/climate/pre_9.txt
ncols         720
nrows         360
xllcorner     -180
yllcorner     -90
cellsize      0.5
NODATA_value  -9999
[rows 198 to 230 of 360, columns 225 to 299 of 720]
1024.28 964.52 935.04 902.84 880.18 870.46 886.54 907.44 971.34 949.78 948.08 941.22 934.28 933.18 922.3 924.38 947.18 960.42 984.24 988.42 994.28 988.64 969.18 959.54 929.88 920.04 912.24 893.94 856.34 831.18 821.02 772.16 723.34 703.68 664.56 625.34 576.66 541.28 525.14 452.98 400.76 351.68 326.96 292.04 246.12 211.18 186.26 128.02 99.22 66.38 33.4 16.76 8.32 24.76 29.58 39.32 39.1 91.24 140.58 270 280.22 424 718.82 1055.26 960.64 -9999 -9999 -9999 -9999 -9999 -9999 -9999 -9999 -9999 -9999
944.58 887.8 858.5 826.58 787.1 774.74 808.04 841.88 882.4 888.74 898.7 897.8 889.26 889.06 897.82 900.5 914.36 928.32 952.24 946.56 960.8 960.74 960.52 950.36 910.12 900 879.34 868.82 868.22 847.62 817.18 776.78 726.52 695.76 674.98 624.64 594.42 553.66 519.74 446.7 403.98 341.98 317.22 271.96 235.54 201.1 150.26 120.12 85.82 51.58 34.46 25.94 25.48 42.2 57.1 93.36 110.82 157.7 217.12 240.06 290.54 552.94 900 1005.94 -9999 -9999 -9999 -9999 -9999 -9999 -9999 -9999 -9999 -9999 -9999
882.78 842.98 791.26 721.96 680.56 683.1 710.1 766.3 801.9 828.44 837.96 836.3 855.3 863.26 861.04 883.08 887.32 901.22 925.26 929.52 908.08 907.54 917.3 917.14 905.82 880.68 861.9 853.88 836.64 829.44 801.74 773.8 725.1 706.42 674.92 623.1 581.64 550.72 500.1 449.64 388.66 322.82 288.6 252.56 224.94 190.94 150.94 115.58 80.02 53.06 44.74 35.94 71.62 123.32 189.64 152.4 171.52 257.56 289.12 303.42 507.92 736.28 1023.36 -9999 -9999 -9999 -9999 -9999 -9999 -9999 -9999 -9999 -9999 -9999 -9999
839.38 800.14 741.2 652.78 594.92 611.44 638.8 703 739.62 765.74 784.8 803.48 811.32 830.4 826.32 836.04 859.96 874.4 878.52 888.46 885.44 864.52 873.54 881.96 860.66 841.28 843.3 833.36 824.82 787.16 759.14 740.9 712.48 673.78 645.04 605.9 566.52 538.08 480.06 411.82 362.98 313.24 278.7 242.4 205.4 182.92 146.76 101.58 74.32 65.62 66.24 56.78 130.76 221.96 293.26 151.62 168.32 283 411.32 516.8 720.14 773.8 -9999 -9999 -9999 -9999 -9999 -9999 -9999 -9999 -9999 -9999 -9999 -9999 -9999
799.62 758.54 708.2 641.92 587.36 584.02 606.26 629.02 665.6 701.1 740.4 759.54 768.44 786.08 803.12 803.36 804.94 847.26 848.96 845.96 842.56 830.06 818.72 837.06 825.7 821.84 813.62 805.56 784.8 774.94 736.64 718.48 679.88 651.44 622.8 573.52 535.4 496.18 435.72 365.1 318.34 289.04 251.3 232.98 194.28 178.82 142.38 115.24 77.4 87.96 78.34 126.5 182 298.4 301 195.1 174.98 355.54 416.38 606.7 894.88 -9999 -9999 -9999 -9999 -9999 -9999 -9999 -9999 -9999 -9999 -9999 -9999 -9999 -9999
758.02 717.36 677.32 645.62 602.08 585.98 586.44 625.94 640.9 656.08 674.96 714.32 733.86 742.76 760.02 770.36 771.76 812.04 816.76 812.14 817.98 785.6 794 802.46 781.14 792.34 794.18 795.76 756.82 734.9 704.38 666.08 647.88 629.44 590.84 543.04 494.78 444.72 379.08 339.42 301.2 283.36 242.38 212.44 189.06 157.58 133.56 107.28 88.2 88.96 98.44 135.48 182.36 299.58 322.12 285.94 298.64 462.84 535.04 659.74 -9999 -9999 -9999 -9999 -9999 -9999 -9999 -9999 -9999 -9999 -9999 -9999 -9999 -9999 -9999
723.5 683.16 653.16 619.58 603.92 567.64 586.34 612.62 626 648.6 663.26 679.24 678.56 708.26 737.52 736.54 756.88 762.32 776.3 770.32 764.18 761.06 759.8 758.4 742.38 762.72 774.28 765.72 736.84 707.62 695.3 654.3 626.02 587.7 560.88 523.32 454.8 413.88 337.66 282.58 275.08 275.62 249.4 207.64 176.38 142.2 113.98 106.64 108.68 110.06 109.56 135.82 182.74 204.18 293.86 355.16 477.1 586.5 735.68 863.1 -9999 -9999 -9999 -9999 -9999 -9999 -9999 -9999 -9999 -9999 -9999 -9999 -9999 -9999 -9999
706.66 660.38 647.5 633.02 586.94 567.28 591.54 606.64 620.5 644.38 659.76 665.88 661.28 687.56 702.58 698.66 723.44 737.18 730.98 744.02 746.5 742.68 731.74 730.28 720.84 760.82 754.1 734.92 726.34 697.5 669.74 639.02 598 581.42 533.72 485.46 436.84 394.66 317.58 273.86 270.04 272 246.66 210.64 173.64 143.34 108.34 114.74 97.64 107.48 117.26 68.6 251.5 136.04 224.92 394.18 595.58 859.84 1020.7 1025.64 -9999 -9999 -9999 -9999 -9999 -9999 -9999 -9999 -9999 -9999 -9999 -9999 -9999 -9999 -9999
693.48 673.46 672.06 680.02 655.9 588.64 611.9 625.56 627.54 618.52 621.98 637.78 642.38 646.32 654.24 657.06 667.72 691.68 694.66 697 709.82 705.24 713.58 702.46 709.1 728.82 711.94 715.12 696.82 678.94 642.32 604.46 605.36 574.92 516.54 478.22 428.92 394.38 335.52 301.16 299.28 276.9 254.08 219.82 184.38 148.5 134.54 111.52 95.64 67.76 98.58 140.26 177.12 175.74 245.52 405.08 705.86 941.44 1103.88 -9999 -9999 -9999 -9999 -9999 -9999 -9999 -9999 -9999 -9999 -9999 -9999 -9999 -9999 -9999 -9999
660.7 681.4 706 774.72 759.8 709.62 696.8 648.74 628.78 609.08 590.4 615.74 620.6 628.92 647 605.66 625.8 634.36 636.74 650.9 673.82 677.14 686.36 675.04 688.76 697.08 690.1 673.48 677.94 662.6 615.58 599.78 592.66 561.58 529.84 488.9 448.24 412.78 373.48 327.76 296.12 305.4 264.78 224.5 192.54 148.46 121.18 114.92 89.12 80.56 81.36 101.5 128.2 156.4 315.1 575.46 879.54 1107.52 -9999 -9999 -9999 -9999 -9999 -9999 -9999 -9999 -9999 -9999 -9999 -9999 -9999 -9999 -9999 -9999 -9999
665.52 671.42 704.06 780.54 822.14 805.9 758.12 691.48 618.22 586.9 578.14 573.78 591.82 590.62 616.42 605 584.36 593.24 601.26 611.14 625.92 650.44 667.54 642.14 649.84 655.52 648.98 632.94 638.44 614.7 611.22 605.48 566.58 544.34 521.24 487.82 467.58 451.48 400.2 343.98 322.58 312.92 273.6 223.68 174.16 114.9 86.34 99.08 92.12 83.08 81.88 71.3 133.32 240.58 445.6 768 1105.36 1315.64 -9999 -9999 -9999 -9999 -9999 -9999 -9999 -9999 -9999 -9999 -9999 -9999 -9999 -9999 -9999 -9999 -9999
690.22 662.3 705.38 770.06 857.7 906.56 794.96 685.36 605 564.38 546.92 554.24 574.88 581.26 575.38 572.86 562.66 552.28 561.1 579.38 579.52 613.12 601.26 602.34 620 624.74 618.6 613.76 620.98 617.78 612.58 585.26 555.86 525.72 502.54 489.44 497.86 479.5 426.24 369.6 339.56 300.68 252.18 212.22 162.86 104.9 78.86 71.98 93.8 102.66 100.92 130.78 193.02 337.88 547.92 902.48 1293.02 -9999 -9999 -9999 -9999 -9999 -9999 -9999 -9999 -9999 -9999 -9999 -9999 -9999 -9999 -9999 -9999 -9999 -9999
797.5 778.7 794.2 829.7 890.28 873.76 787.68 656.78 559.52 500.74 495.36 526.16 555.64 570.62 563.76 570.94 541 541.72 543.22 544.98 537.18 545.56 537.96 552.8 571.16 583.46 588.64 606.4 601.18 605.3 588.8 571.9 544.38 504.62 463.26 492.18 520.72 528.74 481.3 404.44 346.48 297.66 268.68 210.96 172.16 133.3 120.14 102.92 123.2 131.8 139.58 168.98 261.1 404.96 673.2 960.8 1238.92 1469.46 -9999 -9999 -9999 -9999 -9999 -9999 -9999 -9999 -9999 -9999 -9999 -9999 -9999 -9999 -9999 -9999 -9999
851.22 794.06 853.98 886.82 903.9 888.18 795.18 658.92 507.4 461.74 486.76 518 523.02 547.88 562.4 540.84 532.78 524.7 517.44 510.2 501.12 500.48 500.5 528.72 552.02 572.82 576.48 571.28 586.14 590.9 595.76 569.12 520.84 482.44 421.68 484.62 555.3 559.16 518.58 439.22 362.88 314.96 267.18 238.46 209.82 182.46 156.7 128.74 130.18 139.64 167.78 217.5 288.12 400.16 665.64 912.2 1156.98 1414.7 -9999 -9999 -9999 -9999 -9999 -9999 -9999 -9999 -9999 -9999 -9999 -9999 -9999 -9999 -9999 -9999 -9999
806.32 739.6 793.98 892.76 915.66 891.56 809.54 711.08 569.22 490.36 485.12 496.02 533.52 559.64 563.42 541.24 513.04 514.86 507.38 479.58 469.94 490.98 496.78 536.68 548.08 547.18 570.72 555.16 569.86 584.88 579.38 563.48 526.66 489.3 440.36 485.26 525.96 538.36 512.5 450.22 368.92 321.62 284.26 246.72 228.28 190.48 171.36 161.84 153.86 146.1 175.66 235.28 325.02 467.94 666.56 886.62 1089.56 1307.52 -9999 -9999 -9999 -9999 -9999 -9999 -9999 -9999 -9999 -9999 -9999 -9999 -9999 -9999 -9999 -9999 -9999
471.38 478.74 426.9 778.06 913.3 894.62 835.98 761.1 611.56 526.04 487.74 495.06 501.74 528.2 542.3 529.98 531.22 493.92 485.94 457.98 463.66 471.72 506.2 539.42 544.12 543.36 543.36 537.52 552.24 576.86 551.72 536.1 520.2 493.74 477.02 491.38 496.44 505.14 472.14 429.76 373 331.5 294.14 266.2 247.66 238.48 209.86 200.38 171.84 172.32 183.3 235.92 338.28 463.14 650.02 851.14 1030.44 -9999 -9999 -9999 -9999 -9999 -9999 -9999 -9999 -9999 -9999 -9999 -9999 -9999 -9999 -9999 -9999 -9999 -9999
314.1 448.24 377.94 102.32 198.32 592.16 779.46 781.78 661.9 500.36 455.78 462.84 480.4 506.76 520.62 518.5 510.52 502.6 475.22 463.48 461.22 474.88 512.02 525.14 521.4 520.48 528 529.84 543.94 548.9 544.16 538.74 543.4 527.68 511.7 495.3 506.24 483.2 473.82 430.32 382.2 335.84 304.1 295.14 276.66 258 258.06 238.6 208.2 198.34 209.32 253.24 348.98 498.18 647.52 795.14 990.6 -9999 -9999 -9999 -9999 -9999 -9999 -9999 -9999 -9999 -9999 -9999 -9999 -9999 -9999 -9999 -9999 -9999 -9999
227.88 262.62 304.18 189.14 76.36 135.88 315.82 413.62 637.98 501.06 434.34 420.2 439.1 465.84 509.98 527.56 509.84 474.66 462.8 441.3 460.38 468.06 488.5 510.44 508.68 526.92 516.4 522.36 535.78 540.72 535.9 540.98 555.8 540.44 525.06 501.16 494.62 499.9 469.5 429.12 401.88 383.8 347.16 315.12 296.46 293.48 292.18 298.88 268.54 241.38 244.04 287.8 383.76 495.38 637.82 761.94 937.46 -9999 -9999 -9999 -9999 -9999 -9999 -9999 -9999 -9999 -9999 -9999 -9999 -9999 -9999 -9999 -9999 -9999 -9999
183.68 202.48 208.64 175.5 108 119.84 203.86 321.56 351.14 345.94 335.54 356.16 387.86 410.14 478.02 496.92 493.52 451.92 439.9 418.8 452.38 476 504.02 507.14 524.62 514.16 532.2 530.1 527.96 541.92 546.96 532.72 537.7 542.66 517.96 509.32 514.48 504 474.68 454.98 448.92 453.14 415.08 366.98 325.54 300.26 314.72 359.42 342.28 302.14 296.16 330.3 392.22 494.84 630.98 781.6 -9999 -9999 -9999 -9999 -9999 -9999 -9999 -9999 -9999 -9999 -9999 -9999 -9999 -9999 -9999 -9999 -9999 -9999 -9999
174.8 189.52 187.66 173.24 182.42 185.3 301.46 304.28 214.28 198.42 236.92 266.16 316.02 347.28 417.5 451.94 456.18 426.98 406.54 397.32 451.12 473.68 498.78 513.42 540.28 539.36 547.78 556.22 542.22 542.88 538.42 524.6 520 525.08 523.66 527.98 534.24 536.5 523.26 522.76 515.56 529.96 462.88 396.66 333.6 288.04 299.76 359.44 371 369.8 351.82 346.14 410.16 482.9 624.56 811.4 -9999 -9999 -9999 -9999 -9999 -9999 -9999 -9999 -9999 -9999 -9999 -9999 -9999 -9999 -9999 -9999 -9999 -9999 -9999
124.9 123.62 124.52 139.64 214.54 230.24 304.88 283.02 191.76 146.62 162.78 200.94 240.36 291 338.52 358.56 375.94 395.78 416.82 437.3 464.96 509.68 532.78 557.36 565.22 573.6 591.22 599.52 588.04 563.04 539.38 526 502.72 507.76 511.08 526.22 534.4 565.76 573.12 581.86 597.14 564.92 504.84 410.74 334.24 296.04 277.88 325 388.76 477.74 483.56 453.34 404.92 477.96 611.4 753.16 -9999 -9999 -9999 -9999 -9999 -9999 -9999 -9999 -9999 -9999 -9999 -9999 -9999 -9999 -9999 -9999 -9999 -9999 -9999
83.12 88.46 73.4 98.56 174.48 191.7 242.7 207.22 149.7 125.58 112.94 159.68 188.6 236.3 271.84 305.32 333.5 405.14 464 508.9 539.74 560.24 599.84 612.44 627.52 644.62 652.82 642.2 631.78 599.04 558.58 536.3 495.14 504.58 508.4 529.3 549.82 581.4 624.32 654.12 680.62 629.62 551.9 454.2 381.02 329.48 299.2 340.44 470.08 541.26 677.08 569.86 463.22 521.68 657.7 750.52 -9999 -9999 -9999 -9999 -9999 -9999 -9999 -9999 -9999 -9999 -9999 -9999 -9999 -9999 -9999 -9999 -9999 -9999 -9999
38.26 30.44 62.6 96.88 122.88 149.46 171.42 146.22 109.24 77.18 84.24 110.78 156.48 202 227.3 280.96 348.76 422.48 506 558.98 594.46 630.02 651.08 681.62 705.96 721.06 726.68 704.34 673.98 644.24 600.82 555.24 525.04 545.46 533.42 543.96 564.72 596.4 650.26 689.1 722.92 677.94 598.92 545.54 476.72 505.48 460.02 473.4 514.5 566.66 593.28 559.92 535.5 587.52 732.2 -9999 -9999 -9999 -9999 -9999 -9999 -9999 -9999 -9999 -9999 -9999 -9999 -9999 -9999 -9999 -9999 -9999 -9999 -9999 -9999
9.9 10.02 30.78 52.84 91.26 112.5 111.06 100.36 76.42 47.02 55.42 91.06 135.04 170.88 206.7 261.46 349.26 427.64 512.96 575.66 635.82 684.86 714.76 754.26 778.3 802.28 788.32 765.18 742.48 683.1 638.98 593.76 578.72 567.5 557 558.22 569.18 590.48 654.44 720.34 757.14 727.06 687.74 669.56 631.22 603.66 566.84 556.44 544.6 516.74 513.4 508.82 519.62 591.96 -9999 -9999 -9999 -9999 -9999 -9999 -9999 -9999 -9999 -9999 -9999 -9999 -9999 -9999 -9999 -9999 -9999 -9999 -9999 -9999 -9999
0 0 10.08 30.96 44.88 82 77.06 57.5 54.84 44.84 54.78 91.62 136.14 144.22 191.3 247.88 326.02 433.9 530.34 592.46 665.66 724.06 786.44 818.4 852.12 885.42 870.98 847.54 815.02 754.8 699.1 638.84 622.08 582.78 583.6 565.64 587 598.38 651.82 717.52 741.24 753.52 745.22 738.42 731.94 704.34 645.84 632.06 595.66 514.68 510.78 525.6 532.06 581.26 -9999 -9999 -9999 -9999 -9999 -9999 -9999 -9999 -9999 -9999 -9999 -9999 -9999 -9999 -9999 -9999 -9999 -9999 -9999 -9999 -9999
0 0 0 20.1 32.76 59.46 52.24 45.04 69.96 54.16 73.48 91.54 118.48 126.52 178.16 235.68 322.26 419.26 546.18 618.58 676.76 763.76 841.12 883.48 936.72 969.92 964.92 942.5 896.08 820.88 745.32 706.4 674.86 644.9 617.98 602.82 604.7 637.06 670.08 714.32 757.48 758.96 771.8 784.06 756.26 719.84 680.5 658.5 636.88 541.44 537.78 549.78 570 -9999 -9999 -9999 -9999 -9999 -9999 -9999 -9999 -9999 -9999 -9999 -9999 -9999 -9999 -9999 -9999 -9999 -9999 -9999 -9999 -9999 -9999
0 0 0 19.96 31.86 58.1 86.64 92.28 75.16 76.32 86.86 124.78 142.54 150.04 194.8 242.32 309.14 414.54 520.9 610.54 687.92 784.26 861.42 929.98 1003.28 1040.28 1070.76 1052.68 966.2 879.48 803.22 757.2 728.44 690.54 663.36 635.86 638.66 664.78 687.7 721.62 777.9 796.6 787.98 821.44 802.92 762.1 695.38 593.56 582.06 466.66 490.36 568.58 530.32 -9999 -9999 -9999 -9999 -9999 -9999 -9999 -9999 -9999 -9999 -9999 -9999 -9999 -9999 -9999 -9999 -9999 -9999 -9999 -9999 -9999 -9999
0 0 9.92 20.6 42.6 79.06 89.64 95.42 104.82 94.2 113.04 139.44 165.46 171.02 212.96 260.26 316.58 392.2 499.8 577.56 703.92 819.18 915.92 976.38 1048.66 1093.94 1135.64 1117.04 1058.6 959.4 853.08 816.34 804.12 778.02 720.38 702.58 715.5 718.2 741.66 771.14 817.28 813.12 823.38 865.32 895.84 875.74 815.96 657.88 626.04 580.22 572.66 -9999 -9999 -9999 -9999 -9999 -9999 -9999 -9999 -9999 -9999 -9999 -9999 -9999 -9999 -9999 -9999 -9999 -9999 -9999 -9999 -9999 -9999 -9999 -9999
0 0 10.2 21.24 42.8 67.34 118.3 102.6 120.04 118.4 145.24 161.46 176.56 182.92 195.62 259.2 325.88 403.7 515.92 592.88 702.42 861.94 941.7 1002.16 1059.18 1124.8 1150.62 1166.64 1131.1 1067.96 932.8 856.62 963.72 919.52 842.3 782 795.58 809.2 844.24 868.96 869.76 854.3 916.8 1022.82 1044.92 1118.68 911.02 973.1 941.34 -9999 -9999 -9999 -9999 -9999 -9999 -9999 -9999 -9999 -9999 -9999 -9999 -9999 -9999 -9999 -9999 -9999 -9999 -9999 -9999 -9999 -9999 -9999 -9999 -9999 -9999
0 9.7 20.2 41.92 62.6 97.64 105.16 116 112.32 130.48 168.04 182.66 188.78 185.28 236.04 286.6 374.28 487.1 573.24 632.56 768 886.3 957.64 1027.92 1093.56 1135.8 1181.76 1207.78 1233.78 1233.52 1130.38 1046.54 1100.76 1083.96 1007.52 948.04 940.84 933.62 962.68 1001.1 1005.56 970.7 1098.98 1197.86 1293.48 -9999 -9999 -9999 -9999 -9999 -9999 -9999 -9999 -9999 -9999 -9999 -9999 -9999 -9999 -9999 -9999 -9999 -9999 -9999 -9999 -9999 -9999 -9999 -9999 -9999 -9999 -9999 -9999 -9999 -9999
0 9.7 20.06 41.4 92.24 64.12 91.96 113.02 133.5 140.9 179.3 195.9 222.04 237.08 296.68 357.08 425.72 542.94 613.18 684 736.18 839.32 991.46 1062.28 1099.4 1137.24 1192.9 1256.96 1318.24 1370.22 1363 1273.08 1248.56 1223.96 1196.62 1150.68 1078.02 1082.82 1103.64 1200.52 1239.7 1732.08 2109.72 -9999 -9999 -9999 -9999 -9999 -9999 -9999 -9999 -9999 -9999 -9999 -9999 -9999 -9999 -9999 -9999 -9999 -9999 -9999 -9999 -9999 -9999 -9999 -9999 -9999 -9999 -9999 -9999 -9999 -9999 -9999 -9999
9.28 19.36 40.46 73.96 51.98 74.06 90.6 89.12 120.08 150.3 180.04 197.7 235.08 290.4 343.74 414.1 492.48 598.44 662.96 736.98 764.48 872.3 1045.22 1115.64 1122.54 1129.98 1222.02 1321.78 1384.46 1440.54 1455.78 1409.96 1366.84 1365.14 1362.96 1304.34 1212.38 1208.08 1244.32 1321.6 1405.24 -9999 -9999 -9999 -9999 -9999 -9999 -9999 -9999 -9999 -9999 -9999 -9999 -9999 -9999 -9999 -9999 -9999 -9999 -9999 -9999 -9999 -9999 -9999 -9999 -9999 -9999 -9999 -9999 -9999 -9999 -9999 -9999 -9999 -9999
8.98 19.02 49.56 72.44 50.6 50.76 65.2 85.48 103.96 133.18 173.38 204.42 254.46 311.78 376.28 459.04 537.78 659.94 718.72 758.82 845.32 920.8 1048.76 1098.66 1106.82 1195.86 1293.5 1368.1 1435.4 1482.02 1518.24 1518.48 1496.98 1441.7 1418.42 1351.58 1308.32 1265.56 1276.64 1364.88 -9999 -9999 -9999 -9999 -9999 -9999 -9999 -9999 -9999 -9999 -9999 -9999 -9999 -9999 -9999 -9999 -9999 -9999 -9999 -9999 -9999 -9999 -9999 -9999 -9999 -9999 -9999 -9999 -9999 -9999 -9999 -9999 -9999 -9999 -9999
