data/default-data/raster/climate/pre_6.txt
ncols         720
nrows         360
xllcorner     -180
yllcorner     -90
cellsize      0.5
NODATA_value  -9999
[rows 0 to 32 of 360, columns 225 to 299 of 720]
-9999 -9999 -9999 -9999 -9999 -9999 -9999 -9999 -9999 -9999 -9999 -9999 -9999 -9999 -9999 -9999 -9999 -9999 -9999 -9999 -9999 -9999 -9999 -9999 -9999 -9999 -9999 -9999 -9999 -9999 -9999 -9999 -9999 -9999 -9999 -9999 -9999 -9999 -9999 -9999 -9999 -9999 -9999 -9999 -9999 -9999 -9999 -9999 -9999 -9999 -9999 -9999 -9999 -9999 -9999 -9999 -9999 -9999 -9999 -9999 -9999 -9999 -9999 -9999 -9999 -9999 -9999 -9999 -9999 -9999 -9999 -9999 -9999 -9999 -9999
-9999 -9999 -9999 -9999 -9999 -9999 -9999 -9999 -9999 -9999 -9999 -9999 -9999 -9999 -9999 -9999 -9999 -9999 -9999 -9999 -9999 -9999 -9999 -9999 -9999 -9999 -9999 -9999 -9999 -9999 -9999 -9999 -9999 -9999 -9999 -9999 -9999 -9999 -9999 -9999 -9999 -9999 -9999 -9999 -9999 -9999 -9999 -9999 -9999 -9999 -9999 -9999 -9999 -9999 -9999 -9999 -9999 -9999 -9999 -9999 -9999 -9999 -9999 -9999 -9999 -9999 -9999 -9999 -9999 -9999 -9999 -9999 -9999 -9999 -9999
-9999 -9999 -9999 -9999 -9999 -9999 -9999 -9999 -9999 -9999 -9999 -9999 -9999 -9999 -9999 -9999 -9999 -9999 -9999 -9999 -9999 -9999 -9999 -9999 -9999 -9999 -9999 -9999 -9999 -9999 -9999 -9999 -9999 -9999 -9999 -9999 -9999 -9999 -9999 -9999 -9999 -9999 -9999 -9999 -9999 -9999 -9999 -9999 -9999 -9999 -9999 -9999 -9999 -9999 -9999 -9999 -9999 -9999 -9999 -9999 -9999 -9999 -9999 -9999 -9999 -9999 -9999 -9999 -9999 -9999 -9999 -9999 -9999 -9999 -9999
-9999 -9999 -9999 -9999 -9999 -9999 -9999 -9999 -9999 -9999 -9999 -9999 -9999 -9999 -9999 -9999 -9999 -9999 -9999 -9999 -9999 -9999 -9999 -9999 -9999 -9999 -9999 -9999 -9999 -9999 -9999 -9999 -9999 -9999 -9999 -9999 -9999 -9999 -9999 -9999 -9999 -9999 -9999 -9999 -9999 -9999 -9999 -9999 -9999 -9999 -9999 -9999 -9999 -9999 -9999 -9999 -9999 -9999 -9999 -9999 -9999 -9999 -9999 -9999 -9999 -9999 -9999 -9999 -9999 -9999 -9999 -9999 -9999 -9999 -9999
-9999 -9999 -9999 -9999 -9999 -9999 -9999 -9999 -9999 -9999 -9999 -9999 -9999 -9999 -9999 -9999 -9999 -9999 -9999 -9999 -9999 -9999 -9999 -9999 -9999 -9999 -9999 -9999 -9999 -9999 -9999 -9999 -9999 -9999 -9999 -9999 -9999 -9999 -9999 -9999 -9999 -9999 -9999 -9999 -9999 -9999 -9999 -9999 -9999 -9999 -9999 -9999 -9999 -9999 -9999 -9999 -9999 -9999 -9999 -9999 -9999 -9999 -9999 -9999 -9999 -9999 -9999 -9999 -9999 -9999 -9999 -9999 -9999 -9999 -9999
-9999 -9999 -9999 -9999 -9999 -9999 -9999 -9999 -9999 -9999 -9999 -9999 -9999 -9999 -9999 -9999 -9999 -9999 -9999 -9999 -9999 -9999 -9999 -9999 -9999 -9999 -9999 -9999 -9999 -9999 -9999 -9999 -9999 -9999 -9999 -9999 -9999 -9999 -9999 -9999 -9999 -9999 -9999 -9999 -9999 -9999 -9999 -9999 -9999 -9999 -9999 -9999 -9999 -9999 -9999 -9999 -9999 -9999 -9999 -9999 -9999 -9999 -9999 -9999 -9999 -9999 -9999 -9999 -9999 -9999 -9999 -9999 -9999 -9999 -9999
-9999 -9999 -9999 -9999 -9999 -9999 -9999 -9999 -9999 -9999 -9999 -9999 -9999 -9999 -9999 -9999 -9999 -9999 -9999 -9999 -9999 -9999 -9999 -9999 -9999 -9999 -9999 -9999 -9999 -9999 -9999 -9999 -9999 -9999 -9999 -9999 -9999 -9999 -9999 -9999 -9999 -9999 -9999 -9999 -9999 -9999 -9999 -9999 -9999 -9999 -9999 -9999 -9999 -9999 -9999 -9999 -9999 -9999 -9999 -9999 -9999 -9999 -9999 -9999 -9999 -9999 -9999 -9999 -9999 -9999 -9999 -9999 -9999 -9999 -9999
-9999 -9999 -9999 -9999 -9999 -9999 -9999 -9999 -9999 -9999 -9999 -9999 -9999 -9999 -9999 -9999 -9999 -9999 -9999 -9999 -9999 -9999 -9999 -9999 -9999 -9999 -9999 -9999 -9999 -9999 -9999 -9999 -9999 -9999 -9999 -9999 -9999 -9999 -9999 -9999 -9999 -9999 -9999 -9999 -9999 -9999 -9999 -9999 -9999 -9999 -9999 -9999 -9999 -9999 -9999 -9999 -9999 -9999 -9999 -9999 -9999 -9999 -9999 -9999 -9999 -9999 -9999 -9999 -9999 -9999 -9999 -9999 -9999 -9999 -9999
-9999 -9999 -9999 -9999 -9999 -9999 -9999 -9999 -9999 -9999 -9999 -9999 -9999 -9999 -9999 -9999 -9999 -9999 -9999 -9999 -9999 -9999 -9999 -9999 -9999 -9999 -9999 -9999 -9999 -9999 -9999 -9999 -9999 -9999 -9999 -9999 -9999 -9999 -9999 -9999 -9999 -9999 -9999 -9999 -9999 -9999 -9999 -9999 -9999 -9999 -9999 -9999 -9999 -9999 -9999 -9999 -9999 -9999 -9999 -9999 -9999 -9999 -9999 -9999 -9999 -9999 -9999 -9999 -9999 -9999 -9999 -9999 -9999 -9999 -9999
-9999 -9999 -9999 -9999 -9999 -9999 -9999 -9999 -9999 -9999 -9999 -9999 -9999 -9999 -9999 -9999 -9999 -9999 -9999 -9999 -9999 -9999 -9999 -9999 -9999 -9999 -9999 -9999 -9999 -9999 -9999 -9999 -9999 -9999 -9999 -9999 -9999 -9999 -9999 -9999 -9999 -9999 -9999 -9999 -9999 -9999 -9999 -9999 -9999 -9999 -9999 -9999 -9999 -9999 -9999 -9999 -9999 -9999 -9999 -9999 -9999 -9999 -9999 -9999 -9999 -9999 -9999 -9999 -9999 -9999 -9999 -9999 -9999 -9999 -9999
-9999 -9999 -9999 -9999 -9999 -9999 -9999 -9999 -9999 -9999 -9999 -9999 -9999 -9999 -9999 -9999 -9999 -9999 -9999 -9999 -9999 -9999 -9999 -9999 -9999 -9999 -9999 -9999 -9999 -9999 -9999 -9999 -9999 -9999 -9999 -9999 -9999 -9999 -9999 -9999 -9999 -9999 -9999 -9999 -9999 -9999 -9999 -9999 -9999 -9999 -9999 -9999 -9999 -9999 -9999 -9999 -9999 -9999 -9999 -9999 -9999 -9999 -9999 -9999 -9999 -9999 -9999 -9999 -9999 -9999 -9999 -9999 -9999 -9999 -9999
-9999 -9999 -9999 -9999 -9999 -9999 -9999 -9999 -9999 -9999 -9999 -9999 -9999 -9999 -9999 -9999 -9999 -9999 -9999 -9999 -9999 -9999 -9999 -9999 -9999 -9999 -9999 -9999 -9999 -9999 -9999 -9999 -9999 -9999 -9999 -9999 -9999 -9999 -9999 -9999 -9999 -9999 -9999 -9999 -9999 -9999 -9999 -9999 -9999 -9999 -9999 -9999 -9999 -9999 -9999 -9999 -9999 -9999 -9999 -9999 -9999 -9999 -9999 -9999 -9999 -9999 -9999 -9999 -9999 -9999 -9999 -9999 -9999 -9999 -9999
-9999 -9999 -9999 -9999 -9999 -9999 -9999 -9999 -9999 -9999 -9999 -9999 -9999 -9999 -9999 -9999 -9999 -9999 -9999 -9999 -9999 -9999 -9999 -9999 -9999 -9999 -9999 -9999 -9999 -9999 -9999 -9999 -9999 -9999 -9999 -9999 -9999 -9999 -9999 -9999 -9999 -9999 -9999 -9999 -9999 -9999 -9999 -9999 -9999 -9999 -9999 -9999 -9999 -9999 -9999 -9999 -9999 -9999 -9999 0 0 0 0 0 0 0 0 0 0 0 0 0 0 0 0
-9999 -9999 -9999 -9999 -9999 -9999 -9999 -9999 -9999 -9999 -9999 -9999 -9999 -9999 -9999 -9999 -9999 -9999 -9999 -9999 -9999 -9999 -9999 -9999 -9999 -9999 -9999 -9999 -9999 -9999 -9999 -9999 -9999 -9999 -9999 -9999 -9999 -9999 -9999 -9999 -9999 0 0 0 0 0 0 50 50 30 0 0 0 0 0 0 70 80 110 100 90 100 120 140 140 100 100 140 120 100 100 80 90 70 60
113.5 123.34 123.64 124 105.14 105.54 105.74 106.08 87 -9999 87.46 -9999 -9999 -9999 -9999 -9999 -9999 -9999 -9999 -9999 -9999 -9999 -9999 -9999 -9999 -9999 -9999 -9999 -9999 -9999 -9999 -9999 -9999 -9999 -9999 0 0 0 0 50 60 60 70 50 60 80 80 100 100 90 80 70 80 100 120 120 130 160 170 170 150 120 130 180 130 110 110 130 140 120 160 140 140 130 130
188.82 198.76 199.36 180.84 181.32 172.3 172.76 153.86 164.06 154.78 145.58 136.52 78.24 -9999 -9999 69.2 -9999 59.58 49.82 50.02 70.26 80.38 80.5 70.5 90.9 80.68 30.22 60.34 60.18 20 19.98 20.02 50.04 60.06 50 30 30 30 30 70 60 60 50 60 90 90 110 120 140 140 150 130 130 120 130 150 150 170 160 160 160 160 150 130 120 120 120 150 130 110 100 90 90 80 90
94.16 94.42 104.18 123.48 133.26 124.1 134.02 76.82 96.22 96.58 -9999 87.66 127.22 137.48 147.84 128.5 109.02 109.44 99.76 120.18 120.5 120.72 120.92 131.2 131.4 121.08 90.68 70.46 90.44 100.3 100.14 90.16 80.08 80 60 110 120 120 120 120 100 100 90 60 60 90 100 150 170 180 210 220 240 250 250 250 250 230 220 210 200 180 170 160 160 140 130 100 120 150 150 130 130 130 140
103.4 94.22 94.48 66.34 66.52 76.2 76.46 76.62 134.52 134.86 86.96 116.48 127.02 186.68 197.3 197.86 198.6 199.12 169.82 170.44 160.82 161.12 151.26 151.62 151.76 141.4 141.22 140.96 140.72 150.6 150.3 140.26 140.18 130.1 120.02 120 130 140 140 140 130 130 130 140 150 140 150 160 170 190 210 250 270 290 300 310 310 300 290 280 270 250 250 220 220 210 200 180 180 190 190 160 160 150 150
56.34 56.46 65.96 75.66 94.8 123.52 152.56 172.16 143.8 153.8 193 203.42 174.98 127.48 118.38 158.48 168.92 199.4 179.96 220.64 221.4 231.86 232.22 232.72 232.78 232.46 222.02 221.7 221.32 211.02 210.68 210.42 210.3 210.26 210.12 210.02 220 220 220 220 230 230 230 230 230 240 250 260 260 260 270 280 320 340 330 340 340 350 340 340 340 330 320 300 300 300 310 310 320 310 310 290 280 260 250
56.12 84.44 94.1 103.74 104 123.34 133.26 133.7 153.08 163.08 163.7 174 174.66 175.52 157.44 158.42 159.02 189.5 180.2 190.78 191.38 211.9 222.4 242.98 253.32 252.88 252.5 272.22 271.84 271.44 271 270.64 270.5 280.4 280.28 280.16 280 290 300 300 300 310 300 310 310 320 320 320 330 340 340 340 360 370 360 370 370 360 360 360 370 360 350 350 350 340 350 350 360 360 350 340 330 310 300
-9999 -9999 -9999 -9999 -9999 85.08 114.02 123.94 143.26 162.86 172.96 202.7 213.16 213.98 225.12 246.86 248.56 259.4 260.38 261.28 262.28 262.68 263.1 263.6 283.86 293.52 293.14 302.7 302.3 311.9 311.38 311 320.66 330.54 330.4 340.32 340.22 350 350 360 360 360 360 360 370 380 380 380 390 390 390 390 390 400 400 390 400 390 390 400 400 370 370 380 390 380 370 380 370 360 360 350 340 330 320
55.9 65.42 65.58 84.52 103.7 132.36 151.82 171.16 181.06 200.7 220.72 240.78 251.44 252.26 253.32 275.1 287.4 289.34 290.5 301.6 302.72 303.38 303.86 304.42 324.64 324.14 333.76 333.24 332.78 342.3 341.8 341.24 350.88 350.74 350.56 360.4 360.28 370.2 370 380 380 390 390 400 400 400 410 410 410 410 410 410 410 410 410 410 410 400 410 410 410 390 380 400 400 390 390 390 390 380 370 360 360 350 340
139.44 149.1 158.84 187.5 197.58 226.5 236.56 256.12 266.18 276.68 287.3 288.38 299.2 290.64 291.8 302.98 325.38 328.22 340.58 341.82 343.06 343.82 344.66 355.52 355.36 364.98 374.5 373.98 373.38 372.84 372.24 371.68 371.08 380.9 390.7 390.6 390.38 390.26 400.06 400 410 410 410 420 410 420 430 430 430 430 430 430 430 430 440 430 430 440 440 440 430 430 450 440 440 440 440 430 420 410 410 410 400 380 370
213.28 232.48 242.48 252.78 272.52 282.56 292.7 302.88 303.64 323.8 334.54 326.2 337.2 338.38 339.7 341.12 343.32 346.38 369.44 371.96 373.42 374.28 375.02 386.1 385.94 385.56 384.94 384.32 393.88 393.26 392.66 392.1 391.46 401.08 400.92 410.78 410.54 410.44 420.26 420.02 420 420 430 430 430 430 440 440 440 450 450 450 450 450 450 440 450 450 450 440 450 460 460 450 450 450 450 440 440 430 430 420 420 400 380
148.08 157.82 167.66 177.66 196.9 216.16 244.94 283.38 293.52 313.58 324.36 335.24 346.04 347.52 348.78 350.04 351.58 364.26 367.62 380.8 393.6 384.36 385.32 386.18 396.02 405.84 405.42 394.72 394.18 393.62 403.02 402.46 401.86 411.2 411.08 420.92 420.76 420.58 430.36 430.22 430 440 440 440 450 450 460 460 460 470 470 470 470 470 480 470 470 470 480 460 480 480 480 480 480 470 470 460 460 460 450 450 440 430 420
120.08 111.18 111.56 139.98 168.4 196.86 235 273.26 292.86 303.56 314.26 334.56 345.48 346.9 348.18 339.74 350.86 352.76 365.8 368.9 392.28 394.48 385.3 396.32 395.92 395.58 405.38 404.98 404.64 404 403.38 412.74 412.2 421.62 421.22 431.04 430.92 430.72 440.5 440.02 439.8 450 450 460 460 470 460 480 480 490 490 490 490 490 490 500 500 500 490 500 500 500 500 500 500 500 490 490 480 480 480 470 470 460 440
129.1 166.62 176.48 195.6 214.66 233.92 234.48 244.5 264.1 265.02 266.22 286.22 277.82 288.52 299.16 300.36 311.26 331.82 324.5 337.32 360.34 362.86 365 375.92 385.7 385.38 385.06 394.68 394.38 394 403.7 403.02 412.52 421.94 421.34 431.2 431.02 440.56 440.06 449.46 449.6 459.78 470 470 480 490 500 500 510 520 520 520 520 520 520 530 530 520 530 530 530 530 530 540 540 530 530 530 530 530 520 520 520 510 500
110.46 110.82 120.5 130.08 139.68 140.08 131.06 140.72 131.8 141.8 142.32 161.86 172.1 201.58 202.36 232.08 242.68 272.82 293.74 305.96 328.54 340.96 333.42 355.6 355.2 365.04 364.66 374.42 384.2 393.94 393.52 403.26 402.78 412.22 411.5 431.16 440.66 440.08 449.48 459.18 459.36 469.58 479.74 480 490 510 520 530 530 540 540 540 550 550 550 550 560 560 560 560 560 560 570 570 570 570 570 560 570 570 570 560 560 550 550
75.38 94.02 -9999 -9999 -9999 -9999 -9999 -9999 -9999 -9999 -9999 -9999 -9999 -9999 105.8 106.12 125.94 145.92 166.02 216.18 257.56 279.36 291.56 313.56 334.9 334.56 344.3 354.1 363.82 373.56 383.34 393.04 402.72 412.36 411.44 420.66 430.1 439.5 458.86 468.9 469.14 479.32 489.54 489.76 510 520 530 540 530 550 550 560 570 570 580 590 590 590 590 600 600 600 610 600 600 600 600 590 610 610 600 590 590 590 580
-9999 -9999 -9999 -9999 -9999 -9999 -9999 -9999 -9999 -9999 -9999 -9999 -9999 -9999 -9999 -9999 -9999 -9999 107.14 146.66 177.38 228.36 240.08 281.78 292.96 314.16 323.98 333.86 343.58 363.44 383.3 392.96 402.34 411.68 420.9 430.14 429.52 458.96 468.48 478.72 478.84 489.04 499.3 499.52 519.82 530 540 550 550 550 570 580 580 590 590 610 610 610 610 620 620 630 630 640 640 640 640 640 630 630 620 630 610 610 598.36
-9999 -9999 -9999 -9999 -9999 -9999 -9999 -9999 -9999 -9999 -9999 -9999 -9999 -9999 -9999 -9999 -9999 -9999 -9999 117.1 107.82 158.08 189.02 240.24 271.3 292.54 303.74 333.74 343.62 373.5 382.96 412.36 411.72 420.92 420.16 449.58 458.96 468.3 488.18 498.38 508.56 508.78 519 539.28 549.52 569.68 569.8 580 580 590 590 600 610 610 620 620 630 640 640 650 650 660 660 660 670 660 660 670 670 660 670 640 640 629.08 616.54
-9999 -9999 -9999 -9999 -9999 -9999 -9999 -9999 -9999 -9999 -9999 -9999 -9999 -9999 -9999 -9999 -9999 -9999 -9999 -9999 127 127.78 168.36 219 259.9 280.98 312.4 333.7 353.44 383 402.36 421.74 420.9 430.2 439.62 468.92 478.3 487.76 487.96 508.12 518.26 528.52 538.78 548.98 569.12 579.28 569.48 579.6 599.8 600 610 610 620 630 630 640 640 650 660 670 670 660 670 670 680 690 700 700 700 690 700 680 670 667.2 644.5
-9999 -9999 -9999 -9999 -9999 -9999 -9999 -9999 -9999 -9999 -9999 -9999 -9999 -9999 -9999 -9999 -9999 -9999 -9999 -9999 -9999 127.44 128.04 168.28 208.8 259.5 290.5 321.54 352.78 382.26 401.58 420.96 430.18 449.62 459 478.36 487.62 497.5 507.66 507.88 528.06 538.24 548.5 558.6 568.76 568.94 589.16 589.24 599.44 609.6 619.78 640 640 650 660 660 680 690 690 700 700 710 710 720 710 730 730 710 730 730 730 720 688.02 655.38 642.76
