data/default-data/raster/climate/pre_7.txt
ncols         720
nrows         360
xllcorner     -180
yllcorner     -90
cellsize      0.5
NODATA_value  -9999
[rows 66 to 98 of 360, columns 525 to 599 of 720]
700.8 687.86 690.38 683.2 698.4 718.4 705.22 691.44 686.76 662.04 657.46 675.18 683.88 682.36 692.42 683.54 704.14 712.48 709.76 729.52 742.12 714.76 707.18 738.42 726.24 669.24 664.16 678.72 674.2 675.46 694.64 692.38 708.96 698.78 707.86 686.12 675.08 663.54 661.22 646.08 655.24 645 634.48 668.72 642.74 684.02 657.98 689.92 702.08 694 673.98 683.38 744.3 777.96 791.8 803.66 845.36 887.46 899.38 900.74 962.18 992.78 1018.1 989.96 954.56 910.92 874.94 877.26 937.62 969.04 913.3 799.26 851.26 924.22 928.54
690.9 678.6 692.68 685.46 688.6 700.4 695.9 680.26 674.92 669.4 665.6 663.9 682.6 682.38 693.34 714.94 715.18 742.96 759.72 780.2 783.18 755.98 787.3 798.58 775.32 735.7 726.74 724.38 752.74 756.94 756.92 763.26 743.78 723 731.7 730.1 717.34 704.6 683.24 661.94 661.88 691.3 682.22 691.12 662.5 713.56 726.42 719.4 750.4 731.54 691.08 720.06 769.9 812.68 865.88 880.38 923.58 925.7 898.18 889.88 981.32 1023.94 1032.04 975.54 950.7 906.52 873.26 894.88 936.94 979.3 972.98 914.42 948.02 932.84 917.16
670.54 678.92 681.36 690.62 705 711.28 705 687.98 681.28 674.5 663.02 661.3 679.98 691.38 713.16 735.42 743.74 782 808.82 810.38 873.34 888.8 882.22 863.84 865.42 827.02 811.54 847.28 858.42 871.92 851.46 851.08 828.16 817.18 796.52 795.48 763.28 730.64 717.7 719.38 720.22 740.12 740.76 750.94 768.64 772.02 765.74 796.88 788.44 758.1 708.1 737 863.08 788.7 723.82 914.34 988.46 934.06 1046.24 1058.74 1100.3 1074.32 1094.54 1117.88 1073.36 1020.32 918.68 944.84 948.6 942.52 942.94 951.86 955.38 930.68 904.48
656.1 675.78 689.8 690.4 687.44 691.96 674.92 668.62 672.16 680.12 700.86 710.22 740.88 733.14 716.02 745.08 743.52 771.64 779.1 840.56 923.6 949.12 985.04 984.78 947.36 921.4 928.84 953.82 977.78 990.84 980.5 968.92 903.16 866.12 863.2 841.1 798.52 765.56 764.4 756.1 787.04 798.04 808.68 819.22 819.94 792.02 804.26 854.32 795.96 774.78 724.84 763.24 888.84 716.5 729.62 948.1 1061.08 987.68 1122.04 1107.16 1129.44 1086.84 1081.28 1116.52 1092.38 1058.86 966.84 953.02 950.74 941.6 950.02 939.36 932.04 957.54 951.26
647.74 665.66 679.76 692.66 698.44 681.54 665.38 660.16 658.74 656.62 690.2 761.08 795.1 757.96 747.54 764.56 743.1 800.9 847.96 880.5 954 1007.54 1111.56 1128.9 1153.36 1114.58 1155.3 1104.54 1139.28 1091.64 1110.48 1078.58 1042.36 952.8 914.06 875.9 842.26 839.92 830 821.94 842.36 845.18 866.36 877.1 849.38 831.2 822.82 871.84 841.4 791.42 808.64 818.16 808.5 741.38 832 981.68 898.44 971.78 1115.18 1080.44 1113.86 1112.9 1097.9 1083.86 1019.82 975.96 980.9 976.1 968.86 943.36 946.44 975.04 958.26 944.76 968.26
636.9 657.14 661.38 661.4 654.14 679.3 681.7 655.94 665.3 664.36 673.32 766.68 789.48 819.66 807.76 805.46 792.94 770.96 808.36 861.28 962.02 1063.28 1127 1140.76 1212.4 1223.68 1264.06 1300.58 1332.56 1284.52 1209.72 1165.64 1110.98 1010.22 950.76 892.64 855.12 847.28 838.3 849.42 898.32 919.58 932.24 983.04 954.78 921.86 903.18 891.28 878.44 836.3 863.1 853.44 767.14 757.48 904.36 831.24 874.04 1062.38 1095.2 1079.56 1113.6 1093.5 1056.48 1030.78 1025.72 1001.52 1006.2 988.82 985.78 984.74 993.52 987.52 1003.54 1018.44 1005.1
623 615.8 643.34 649.04 648.02 650.24 670.92 671.5 664.12 666.64 678.16 710.98 771.1 840.58 838.04 805.82 773.72 741.84 789.06 878.68 967.68 1047.54 1106.52 1134.8 1195.36 1206.06 1275.26 1316.96 1360.18 1369.02 1296.94 1232.94 1168.46 1108.28 987.92 938.96 903.08 869.34 858.02 886.18 916.34 955.6 1025.6 1057.48 1050.74 1012.66 944.86 902.84 889.48 885.8 825.04 823.8 812.88 783.16 880.1 844.22 1011.2 1063.22 1047.72 1061.9 1073.52 1052.98 1064.7 1037.62 1050.38 1026.14 1028.6 1021.48 1012.02 1063.92 1063.38 1017.06 1005.66 1012.02 1033.14
628.22 639.58 629.16 629.58 651.66 653.94 646.32 681.68 666.3 690.08 723.14 763.5 763.6 771.3 788.7 776.26 753.94 783.1 804.74 908.62 986 1074.54 1190.8 1172.22 1213.46 1216.34 1231.72 1235.1 1276.22 1264.26 1269.16 1236.82 1214.58 1197.56 1135.34 1084.32 1018.68 966.18 938.56 966.56 1007.64 1050.48 1118.24 1121.28 1126.16 1082.74 1017.08 982.08 968.28 846.66 842.08 809.46 766.62 839.12 913.32 973.88 1033 1036.82 1030.98 1062.2 1042.72 1042.08 1053.54 1083.7 1076.56 1020 1022.74 1015.82 1027.54 1032.2 1055.32 999.68 1003.58 1023.6 1079.16
637.06 624.3 633.06 648.52 654.2 651.82 667.3 672.32 697.34 702 744.44 744.56 743.44 741.14 738.68 776.98 807.54 878.06 966.76 1085.72 1218.66 1362.4 1326.56 1281.2 1196.68 1150.82 1130.28 1142.62 1162.9 1130 1146.04 1158.32 1207.14 1193.74 1183.28 1192.1 1165.62 1115.42 1100.26 1069.64 1131.06 1196.84 1222.06 1185.62 1166.14 1148.82 1100.02 1007.26 903.3 876.52 795.02 829.68 925.2 924.54 978.9 969.54 1001.84 1024.1 1023.68 1061.04 1079.22 982.9 1061.32 1083.44 1064.4 1026.4 1007.36 1009.42 994.52 1008.44 1034.88 1018.34 1011.62 1075.94 1076.32
641.62 647.82 647.62 651.96 662.68 642.92 656.8 681.46 696.28 723.72 756.36 767.04 754.66 752 772.68 833.54 887.4 923.12 1012.62 1053.38 1138.64 1178.16 1171.72 1149.72 1170.38 1173.24 1146.66 1078.96 1069.2 1087.12 1123.3 1200.38 1189.8 1187.82 1147.84 1136.8 1182.78 1236.7 1352.78 1361.88 1414.4 1404.56 1396.62 1292.64 1283.32 1242.14 1102.36 972.4 861.9 882.54 870.78 905.18 875.86 922.82 947.92 935.38 948.5 999.7 1054.56 1070.92 1076.28 1007.54 1040.9 1059.4 1059.12 1030.94 1030.76 973.46 964.86 995.34 1026.96 1015 1059.4 1084.28 1127.3
665.22 713.66 743.06 722.3 779.68 777.24 786.06 775.84 767.78 775.72 786.64 798.02 797.94 818.8 809.38 866.48 862.44 881.16 885.28 970.32 1068.28 1042.26 1058.12 999.4 997.22 1016.8 1045.18 1084.74 1065.16 1073.28 1120.66 1065.68 1130.82 1128 1141.28 1170.32 1187.7 1311.3 1394.78 1468.16 1621.7 1946.06 1922.2 1420.88 1342.28 1213.64 1142.36 1080.78 999.02 872.88 836.9 855.16 902.12 901.62 925.98 930.88 989.58 1039.38 1058.22 1076.02 1063.02 1026.32 1048.22 1047.1 1019.08 1009.78 980.42 978.92 987.94 990.8 1008.92 1056.82 1096.9 1122.02 1154.6
718.42 764.74 793.52 844.16 828.8 824.8 860.04 814.92 834.6 812.14 767.66 770.3 773.84 764.22 783.82 731.36 699.98 706.54 782.1 902.7 914.22 915.98 922.78 905.5 865.32 897.5 921.78 936.22 961.9 1049.3 995.22 1041.26 1056.2 1006.88 1013.12 1053.7 1103.32 1236.82 1390.68 1623.92 1789.04 2046.3 2122.68 1794.04 1596.7 1485.62 1271.04 1072.5 947.3 879.6 869.38 888.12 926 925.82 959.68 974.98 999.54 1046.88 1068.42 1051.78 1048.14 1061.28 1052.74 1039.12 1027.8 1006.22 967.54 956.86 992.3 1003.34 1019.74 1045.72 1095.22 1125.18 1149.34
681.92 760.76 819.98 849.64 855.8 841.02 848.52 826.76 802.02 769.54 731.5 682.54 685.36 729.4 739.02 679.62 692.74 778.86 792.92 766.2 781.62 802.24 844.66 828.88 849.36 844.28 897.92 971.72 956.12 918.28 929.72 995.38 1021.24 944.82 1086.4 996.56 1058.04 1110.94 1232.9 1484.72 1665.5 1785.12 1747.92 1747.1 1544.9 1343.88 1150.18 978.54 903.16 883.54 892.52 902.22 922.28 969.5 995.14 1011.88 1038.3 1054.16 1079.14 1118.72 1093.78 1087.84 1056.26 1034.88 963.5 969.7 928.58 916.24 932.18 966.76 1001.72 1009.18 1055.36 1076.74 1150.9
616.38 735.82 803.72 833.66 807.88 814.4 820.78 795.46 759.66 766.96 728.32 655.66 606.32 663.88 658.48 690.94 676.26 671.98 596.64 552.42 619.34 600.94 631.02 634.7 666.98 731.02 823.58 906.66 920.3 852.1 853.1 904.44 935.74 920.34 955.22 949.56 1012.06 1113.42 1175.62 1339.64 1491.72 1632.04 1592.22 1503.8 1380.62 1227.54 1070.06 936.16 880.68 890.94 957.52 930.3 931.54 979.2 1021.88 1053.14 1090.56 1109.64 1137.24 1131.56 1082.12 1059.02 1027.56 987.4 915.74 922.04 900.48 861 880.62 941.76 957.84 983.98 1019.92 1038.88 1094.6
563.62 633.16 681.52 647.94 658.8 798.36 835.28 881.4 863.7 741.38 753.9 670.6 567.44 571.86 618.04 491.9 559.06 731.12 645.32 542.72 591.9 602.6 603.58 585.82 609.98 684.12 707.68 760.44 813.8 835.54 866.86 847.72 838.66 829.56 830.58 912.8 944.32 1057.54 1109.94 1254.26 1316.02 1391.78 1419.08 1355.2 1242.74 1131.42 1006.52 915.14 887.54 880.08 910.08 971.04 1025.86 1032.5 1065.18 1077.44 1105.16 1155.16 1138.6 1086.86 1060.46 1060.74 993.08 977.06 942.7 874.52 862.52 842.66 852.72 875.66 908.2 941 985.08 1011.5 1077.42
542.22 564.98 552.94 527.78 587.08 670.54 712.82 746.06 768.04 746.6 753.42 685.92 639.36 535.8 537.88 494.3 440.32 564.4 548.74 487.32 468.44 498.1 566.34 617.56 676.44 705.98 691.82 724.6 717.5 748.88 759.98 770.84 801.64 822.38 853.84 846.96 857.48 972.9 1058.56 1112.26 1189.02 1211.84 1214.96 1198.18 1130.56 988.28 894.22 842.16 845.96 863.6 946.64 983.44 982.2 1024.3 1044.02 1044.72 1052.16 1083.38 1088.42 1013.02 1033.06 986.24 942.86 911.16 904.32 836.36 816.28 824.48 834 856.94 870.56 903.18 955 997.7 1041.28
437.86 449.98 472.44 556.6 626.66 711.64 764.74 690.5 661.88 679.22 664.5 637.82 544.44 566.38 503.9 556.38 570.74 416.56 490.28 429.86 410.16 421.06 432.52 473.74 513.94 558.98 633.1 705.86 708.5 680.12 670.84 711.06 731.44 763.52 768.02 850.84 875.46 938.58 1002.98 1058 1117.5 1122.94 1092.36 1044.2 949.82 921.6 847.2 814.28 832.6 922.2 978.04 1015.28 1002.9 1023.54 982.92 961.84 947.66 957.28 969.66 986.58 969.14 910.5 886.4 845.94 847.48 836.18 844.36 815.52 796.82 810.18 861.44 885.7 929.1 982.64 1057.58
389.84 394.62 405.92 427.8 436.48 436.2 426.8 486.34 487.92 554.38 570.46 541.5 565.02 573.3 548.34 550.76 554 437.32 333.44 333.62 354.34 365.2 385.86 466.44 496.7 516.88 577.36 656.32 689.16 690.26 681.2 740.48 753.48 748.3 821.96 834.5 897.88 924.54 958.54 978.84 979.7 1016.16 1001.92 933.14 904.9 866.84 867.08 794.64 791.96 943.66 932.1 959.48 912.48 953.12 910.54 864.36 858.24 871.44 899.26 903.92 879.64 842.28 819.82 786.44 781.74 780.78 799.26 762 781.04 804.72 838.06 881.24 934.4 988.5 1065.38
407.78 377.12 392.4 404.62 372.18 361.88 366.02 369.74 359.54 337.94 304.84 358.9 405.62 396.64 523.66 467.42 495.38 521.46 389.22 219.2 189.32 209.54 240.14 390.8 420.8 460.92 467.26 576.86 615.2 671.08 748.7 791.72 806.38 772.12 835.66 828.48 881.36 943.4 929.9 878.62 914.26 940.56 944.4 928.34 905.52 847.6 819.46 793.46 768.78 787.86 796.46 818.66 817.26 823.18 817.08 791 785.72 800.7 789.14 793.12 787.96 779.94 767.98 735.24 738.06 729.52 729.44 748.18 785.58 809.24 823.8 895.68 948.94 1034.06 1131.56
504.24 524.72 516.88 501.16 477 599.04 591.42 481.72 357.24 266.58 245.04 222.52 240.82 291.72 384.2 502.02 553.44 566.26 495.64 265.36 275.1 396.54 375.62 344.94 365.3 426.04 426.12 499.44 608 621.48 669.18 715.76 765.78 730.86 783.9 844.86 846.78 879.56 903.46 840.68 886.2 871.92 875.36 867.92 820.42 796.62 739.32 723 717.06 702.04 710.3 736.52 733.04 719.76 686 718.76 723.52 714.5 721.46 737.98 733.36 726.52 713.84 690.14 681.42 705.32 705.9 734.04 752.94 794.96 838.04 900.72 965 1061.22 1149.52
330.68 338.1 397.56 547.54 559.64 539.3 495.08 438.86 358.04 264.28 218 243.04 215.76 222.8 241.66 366.18 440.74 474.28 533.52 553.84 511.22 426.98 488.58 383.54 350.86 400.7 544.1 499.36 530.36 558.64 607.08 663.9 718.92 616.62 651.84 736.14 844.54 915.22 890.16 916.44 914.02 890.76 864.16 786.06 737.74 719.6 675.06 648.78 642.3 640.3 648.48 649.3 675.52 653.44 650.08 578.72 585.06 589.4 614.56 611.18 626.84 630.64 637.82 645.56 645.26 666.64 709.94 710.24 738.62 780.42 861.88 954.1 990.9 1058.7 1162.26
290.02 313.4 278 454.06 366.4 344.02 340.54 270.06 246.98 236.62 225.9 226.44 212.52 220.34 216.56 261.76 268.98 295.2 407.5 396.44 469.78 511.64 500 360.56 295.68 252.34 324.58 536.38 589.74 554.12 500.18 526.46 611.5 518.98 572.7 587.9 645.86 805.88 812.32 848.32 798.46 743.18 736.96 690.12 663.06 634.68 595.4 580.92 571.54 581.48 590.8 599.24 589.96 559.08 556.68 496.26 513.78 519.2 543.68 548.48 572.72 587.2 592.14 610.54 619.92 646.76 680.38 695.5 714.64 794.26 856.56 941.12 1013.5 1087.9 1161.74
488.54 199.48 195.6 213.22 219.96 217.92 224.94 202.84 191.96 193.4 194.82 195.12 207.54 216.9 237.54 270.66 228.44 210.24 193 221.24 283.92 348.86 424.34 498.82 377.98 387.02 453.06 466.62 571.04 444.34 571.58 517.8 444.54 381.66 398.02 394.96 471.76 549.66 591.7 606.24 589.4 611.58 597.08 531.98 506.18 479.84 463.26 456.8 449.9 462.08 463.72 484.28 484.82 457.76 437.12 452.64 482.42 496.88 501.16 515.92 530.82 553.32 584.36 633.86 652.4 694.56 708.16 703.82 757.46 856.1 917.68 940.48 1022.96 1107.26 1172.56
272.16 527.4 443.16 389 352.92 305.56 316.66 195.72 185.22 159.94 161.16 147.68 187.82 264.3 271.34 266.78 358.12 300.14 221.94 273.68 256.82 278.64 289.32 343.7 263.12 344.9 338.98 406.12 521.48 617.46 623 617.4 562.44 469.32 437.14 424.02 384.7 423.98 492.48 513.76 484.8 503.56 506.98 442.66 436.54 420.26 393.6 402.66 400.92 406.7 421.82 445.04 447.7 401.86 385.18 391.92 405.02 427.92 460.5 465.38 498.48 520.48 543.22 636.62 666.28 696.68 699.24 732.92 773.44 856.88 945.72 978.3 1061.78 1135.7 1192.3
171.18 165.46 158.84 151.52 179.96 173.38 166.28 185.14 163.52 165.24 152.5 152.44 151.8 176.82 160.08 169.46 164.96 147.94 168.14 152.58 125.94 125.34 147.44 167.72 264.24 410.94 297.72 313.48 328.22 364.62 431.58 437.68 473.12 401.12 408.18 462.64 470.92 462.22 521.02 473.54 469.4 381.88 391.48 366.12 369.46 343.28 352.72 341.18 360.4 376.52 401.16 415.62 401.76 387.48 373.6 353.78 384.22 397.64 429.76 481.58 513.58 545.42 568.9 610.44 650.1 670.36 709.32 745.58 804.6 886.42 968.24 1064.02 1107.52 1160.92 1171.12
379.6 402.48 299.34 248.92 280.36 213.92 207.82 214.34 193.24 170.4 171.5 185.08 183.34 181.04 206.02 173.94 169.28 202.74 209.68 229.3 188.74 161.52 136.72 123.46 143.46 162.92 213.48 241.02 225.82 263.1 290.78 278.14 315.36 352.36 379.08 376.06 374.54 394.5 405.36 365.62 410.06 349.66 357 339.58 333.2 324.12 331.9 320.58 338.72 366.32 382.12 388.8 395.22 365.04 371.46 374.86 384.34 413.54 427.24 459.86 500.46 503.54 546.34 600.28 662.52 691.6 729.14 768.62 857.84 939.1 1010.68 1087.26 1145.54 1138.92 1212.12
237.16 267.14 310.14 497.42 428.32 430.48 418.66 432.18 362.22 315.82 308.26 480.9 419.18 343.2 267.58 260.66 227.16 234.26 240.78 271.76 227.16 301.24 331.72 191.28 121.88 130.66 138.9 199.08 205.46 222.36 240.34 258.08 266.24 274.26 262.54 289.52 335.82 346.3 347.38 373.36 389.12 385.7 391.58 342.04 333.6 322.72 331.54 349.5 349.76 361.34 378.34 384.86 400.26 370.38 407.12 429.6 422.26 423.34 406.96 456.4 496.76 539.38 603.72 640.36 696.72 730.12 771.44 826.56 896.8 994.62 1070.34 1119.38 1140.02 1170.86 1218.7
184.8 222.76 252.2 363 411.84 365.64 403.6 443.3 442.96 427.28 323.62 242.54 230.62 287.82 255.36 236.94 191.78 160.34 156.04 162.56 181.42 234 252.72 293.88 232.98 163.42 160.3 209.62 246.64 252.54 240.2 248.26 256.46 254.78 272.3 299.5 316.7 327.04 336.54 324.02 330.62 337 333.96 341.38 322.88 310.7 328.48 337.1 337 357.66 386.38 411.18 417.28 423.64 446.86 469.58 462.74 482.74 465.7 495.94 536.9 589.6 635.56 692.58 727.92 771.88 821.72 883.18 947.84 1035.24 1108.04 1145 1178.76 1219.26 1262.84
267.38 292.62 240.26 228.36 259.78 269.58 302.2 236.64 307.58 342.64 228.26 190.86 152.12 140.2 151.56 135.36 132.88 130.52 128.4 112.66 121.38 129.18 138.06 158.22 188.62 174.3 181.76 199.28 226.2 222.28 230.02 248.42 256.66 245.04 252.98 261.04 259.62 269.42 296.6 303.5 300.98 299.72 288.78 297.16 295.1 305.92 302 316.98 343.7 354.96 394.02 420.16 444 472.52 497.58 511.28 513.86 523.66 551.66 579.74 596.76 649.86 693.7 737.78 782.84 842.92 884.68 934.04 1016.68 1100.18 1157.8 1203.08 1214.34 1255.1 1309.4
127.24 176.7 159.66 166.36 161.34 155.66 137.9 118.5 134.32 137.82 140.54 168.88 158.22 160.62 172.14 155.98 153.04 150.2 135.6 132.8 140.26 125.48 146.16 145.56 166.14 174.22 192.58 199.26 216.04 222.46 220.14 238.62 237.08 245.22 253.24 261.34 250.46 249.88 266.82 275.48 283.52 281.88 289.04 280 286.96 296.76 307.58 331.08 335.7 370.28 400.08 438.06 463.16 505.02 530.66 553.68 573.24 600.48 640.88 657.36 669.24 692.84 734.5 778.18 836.28 914.86 943.94 1000.48 1071.02 1144.72 1191.48 1240.08 1261.46 1329.04 1393.48
135.46 97.08 97.84 118.34 101.46 94.66 87.04 123.68 127.7 118.78 145.5 135.78 150.4 152.92 165.14 149.58 134.4 143.82 129.74 128.32 125.28 133.16 131.42 130.74 140.88 151.66 159.74 177.82 205.46 213.1 221.06 239.66 248.16 246.44 254.9 244.08 242.26 259.92 268.38 276.44 274.84 273.06 281.32 281.12 297.56 306 316.82 327.9 351.2 394.1 419.26 471.88 503.1 538 573.66 603.58 637.32 685.42 724.02 723.8 750.26 792.64 807.6 857.16 925.64 976.26 1024.26 1083.94 1151.3 1205.44 1260.76 1310.8 1343.68 1388.84 1463.6
155.58 153.78 134.34 115.9 107.14 99.08 133.58 148.92 153.82 112.34 80.36 105.2 154.44 133.1 133.76 143.02 151.86 160.5 170.48 146.68 132.98 129.48 138.52 127.08 126.4 136.26 146.76 176.84 197.36 196.4 235.84 244.22 263.1 261.44 258.54 255.3 254.88 262.26 269.16 277.26 275.58 273.22 284.16 291.78 298.92 315.28 316.8 346.66 367.18 391.54 444.42 485.8 534.08 581.78 616.78 656.2 707.54 733.4 782.12 803.18 830.36 864.36 887.06 937.42 985.02 1055.7 1122.86 1147.44 1214.32 1280.12 1326.54 1365.92 1408.14 1451.34 1515.36
175.74 173.66 152.92 133.7 124.06 105.62 135.6 160.52 165.46 190.56 205.64 209.54 213.4 206.38 209.24 204.94 212.3 221.44 197.72 163.54 172.42 167.74 145 154.86 153.7 193.64 194.04 207.82 220.64 209.98 251.06 258.98 255.32 271.92 298.56 287.4 287.82 284.08 289.52 278.34 285.38 283.7 295.32 302.54 300.3 307.2 335.5 346.62 386.02 422.54 453.18 510.44 560.68 607.5 663.88 716.4 760.5 805.26 857.62 871.88 898.5 945.16 964.72 1025.94 1068.38 1133.28 1212.34 1279.9 1367.08 1394.06 1424.76 1484.46 1502.36 1539.9 1566.96
