data/default-data/raster/climate/pre_9.txt
ncols         720
nrows         360
xllcorner     -180
yllcorner     -90
cellsize      0.5
NODATA_value  -9999
[rows 165 to 197 of 360, columns 375 to 449 of 720]
2892.1 2927.6 2962.02 2966.1 2928.2 2893.34 2849.16 2802.96 2731.64 2672.62 2607.78 2543.38 2474.88 2416.24 2327.16 2239.08 2183.06 2110.7 2058.62 2054.22 2027.22 2022.04 2065.74 2114.64 2175.44 2253.72 2309.2 2331.32 2348.48 2342.72 2326.68 2319.88 2282.02 2227.92 2164.14 2116.7 2043.58 1970.58 1920.34 1857.18 1797.72 1733.86 1608.26 1549.22 1510.48 1430.68 1400.62 1346.64 1316.46 1295.68 1263.04 1251.4 1233.24 1219.32 1311.62 1628.7 2000.3 1849.1 1868.06 1658.52 1529.12 1544.68 1548.3 1216.04 1244.22 1419.8 1312.4 1014.84 797.58 562.38 533.24 435.56 387.34 313.98 235.64
3090.46 3180.92 3266.1 3295.78 3262.54 3173.04 3073.24 2992.96 2864.94 2776.64 2723.6 2609.82 2551.18 2491.66 2405.3 2342.84 2270.04 2176.16 2132.48 2114.68 2096.52 2087.5 2109.98 2152.6 2197.2 2255.92 2310.38 2355.04 2370.34 2367.76 2380.6 2405.56 2369.82 2304.98 2242.36 2180.88 2128.9 2047.06 1983.92 1909.94 1838.74 1758.18 1641.4 1580.1 1518.52 1447.62 1397.32 1334.82 1294.08 1243.3 1206.36 1180.26 1205.62 1234.72 1244.7 1533.32 1780.22 1380.7 1502.76 1317.12 1576.34 1491.02 1644.82 1288.6 1248.1 1294.06 1036.9 806.44 612.32 430.1 392.38 325.52 326.12 205.96 206.46
3308.3 3432.72 3528.02 3631.2 3560.8 3448.46 3278.08 3087.48 2963.72 2879.82 2758.86 2645.14 2563.4 2517.18 2470.32 2398.42 2324.14 2232.86 2181.26 2173.96 2149.76 2126.04 2113.42 2155.42 2202.28 2250.88 2303.76 2326.18 2378.96 2380 2410.3 2403.66 2385.28 2326.86 2260.58 2197.32 2154.56 2090.28 2016.34 1947.74 1881.12 1796.8 1696.92 1614.16 1531.54 1482.94 1388.76 1323.82 1243.84 1178.88 1124.38 1094.4 1164.3 1163.9 1149.5 1304.04 1331.7 1264.52 1419.9 1569.24 1460.54 1805.72 1526.94 1423.7 1246.94 1073.96 839.9 532.62 538.08 329.44 253.38 216.22 196.92 168.12 137.62
3559.06 3656.9 3777.04 3866.72 3790.36 3551.5 3370.02 3161.34 3003.14 2899.42 2763.8 2650.2 2556.98 2508.24 2464.3 2360.22 2301.34 2283.18 2217.86 2203.18 2151.94 2141.86 2119.68 2138.34 2182.74 2257.26 2281.98 2299.12 2315.88 2330.94 2355.4 2313.8 2307.98 2271.86 2216.38 2169.36 2138.82 2095.1 2065.84 1988.36 1898.82 1834.92 1774.7 1709.1 1618.2 1507.92 1436.28 1312.62 1207.36 1134.9 1050.56 1003.9 979.18 909.88 933.92 1012.46 792.44 778.68 967.06 1214.02 1105.6 1145.58 1126.42 1011.08 814.52 646.24 446.4 416.06 329.52 298.32 193.78 137.02 98.12 118.04 108.16
3717.64 3829.28 3951.98 3996.54 3949.02 3641.36 3485.88 3185.64 2984.8 2838.1 2719.84 2628.66 2530.64 2426.02 2374.96 2337.72 2313.3 2298.48 2245.2 2201.5 2142.8 2114.08 2114.88 2140.6 2169.84 2191.06 2178.3 2194.56 2217.3 2261.66 2263.54 2229.4 2212.32 2170.64 2124.1 2087.34 2072.04 2067.28 2047.68 1988.24 1917.12 1843.06 1812.64 1743.44 1693.44 1586.88 1425.46 1283.92 1151.22 1095.68 1035.24 935.14 881.48 759.12 666.88 573.4 484.1 499.9 667.78 644.34 697.86 828.46 735.54 560.58 504.52 423.42 383.96 264.34 189.56 162.4 144.7 107.24 97.76 78.54 89.2
3785.9 3863.84 3972.56 4090.8 4091.46 3938.04 3575.64 3137.6 2902.26 2725.72 2658.76 2568.68 2489.94 2333.36 2301.4 2321.02 2324.16 2280.26 2240.78 2212.64 2159.1 2071.52 2081.62 2109.42 2115.78 2087.68 2083.38 2090.78 2121.8 2150.3 2175.46 2156.7 2113.34 2072.92 2036.6 2000.9 1966.86 1972.2 1982.42 1949.62 1886.96 1836.86 1837.34 1818.46 1768.72 1635.9 1494.16 1324.42 1182.14 1146.12 1096.02 969.52 815 590.06 438.16 354.22 261.6 242.86 325.96 458.88 469.28 608.3 499.7 328.06 274.02 249.6 228.62 222 101.5 65.36 76.5 77.5 97.72 108.26 99.16
-9999 -9999 3710.54 4073.38 4209.66 4000.04 3621.3 3129 2789.34 2644.4 2554.12 2511.4 2378.32 2263.44 2269.14 2289.3 2298.32 2270 2236.72 2198.72 2123.06 2057.8 2016.72 2043.64 2061.38 2042.98 2047.88 2043.24 2063.04 2078.88 2086.8 2069.12 2026.04 1998.08 1953.02 1929.68 1895.7 1891.46 1901.76 1898.84 1855.04 1828.02 1826.34 1812.82 1807.72 1676.6 1551.4 1337.14 1196.56 1241.94 1197.6 1040.84 958.36 604.46 331.24 173.14 115.98 86.32 159.9 228.36 289.2 468.34 344.88 323.14 246.38 180.44 154.86 156.22 72.08 27.3 46.9 67.58 88.16 108.38 99.06
-9999 -9999 3558.18 3716.48 4140.58 3951.02 3528.96 3006.96 2696 2560.98 2479.18 2420.64 2327.32 2267.6 2251.18 2266.62 2258.36 2233.9 2197.72 2177.54 2108.1 2047.84 1989.04 1986.58 1982.44 1987.96 2011.02 2026.56 2014.84 2019.42 2004.96 1999.72 1971.04 1942.4 1897.7 1852.9 1819.98 1850.52 1861.12 1851.84 1814.98 1806.62 1794.92 1746.02 1719.88 1709.34 1640.7 1396.48 1261.82 1236.38 1341.5 1101.8 922.62 727.04 331.46 166.1 46.44 26.96 108.76 45.84 92.9 147.92 212.56 240.18 146.64 130.46 101.82 59.06 34.28 17.96 37.06 66.2 87.32 117.98 119.34
-9999 3332.42 3399.7 -9999 3507.12 3708.76 3288.76 2855.28 2549.06 2433.62 2352.44 2316.94 2261.78 2218.78 2205.74 2213.96 2229.94 2222.84 2168.24 2138.64 2082.16 2037.8 1994.84 1960.52 1950.82 1979.64 1984.22 1973.6 1968.34 1959.48 1951.58 1934.36 1925.48 1884.96 1849.72 1816.96 1803.32 1810.48 1832.04 1831.2 1816.78 1798.04 1793.92 1750.48 1727.1 1721.62 1701.66 1428.94 1374.86 1383.66 1383.2 1187.86 920.96 668.34 414.98 188.02 60.92 22.68 37.24 23.76 57.82 41.62 65.92 94.72 88.7 74.7 63.96 58.82 46.04 32.32 42.3 70.7 91.48 103.6 97.62
-9999 -9999 -9999 -9999 3185.82 3355.52 2957.6 2611.24 2401.44 2259.56 2212.32 2199.5 2214.14 2194.3 2180.22 2174.08 2201.58 2202.14 2137.46 2102.04 2059 2035.72 1993.38 1947.4 1945.3 1947.66 1938.84 1931.86 1922.18 1906 1898.84 1888.24 1849.54 1839 1813.44 1805.64 1795.68 1793.92 1805.38 1816.72 1828.56 1760.96 1743.38 1697.4 1705.06 1734.94 1798.24 1489.5 1493.84 1626.44 1537.16 1334.52 1040.68 725.72 516.24 281.82 171.38 84.5 64.22 25 24.12 18.26 26.68 44.8 53.34 38.74 52.9 44.98 54.56 43.14 69.04 88.46 83.52 95.16 98.02
-9999 -9999 -9999 -9999 3205.22 3027.92 2708.18 2410.08 2257.48 2144.1 2086.36 2099.88 2142.48 2175.24 2135.2 2120.06 2173.32 2191.16 2140.14 2074.26 2046.88 2008.52 1972.4 2069.98 2066.28 1949.66 1920.02 1901.14 1873.84 1870.66 1873.42 1836.58 1803.22 1805.28 1787.86 1789.34 1780.36 1785.98 1770.42 1753.58 1748.08 1713.12 1680.5 1638.46 1622.46 1714.2 1812.26 1413.64 1456.64 1584.74 1614.98 1462.46 1260.76 942.52 686.5 510.14 336.66 192 124.76 34.72 22.36 17.72 16.54 32.6 45.06 32.16 38.34 53.44 64.16 56.48 81.56 85.64 97.56 110.12 123.14
-9999 -9999 -9999 -9999 2811.64 2659.38 2475.94 2253 2102.78 1999.78 1964.38 1969.26 2029.98 2100.14 2083.6 2089.96 2147.38 2173.42 2118.06 2053.08 2006.24 1975.6 2060.98 2053.04 1952.62 1944.36 1925.64 1904.38 1874.02 1851.8 1847.42 1810.58 1782.12 1796.64 1794.36 1782.9 1755.64 1738.6 1716.32 1704.3 1650.1 1622.62 1570.28 1523.52 1473.2 1541.22 1560.44 1402.32 1531.5 1551.58 1530.7 1470.74 1321.84 1078.86 841 700.72 498.4 272.1 217.46 113.62 28.02 17.8 8.24 7.52 16.5 34.18 48.44 52.76 70.44 76.24 95.04 99.76 120.26 133.66 156.26
-9999 -9999 -9999 2323.18 2446.24 2324.82 2139.94 1947.4 1853.04 1843.26 1807.48 1852.9 1899.08 1974.7 2025.54 2045.78 2099.14 2110.7 2073.48 2018.38 1980.76 1954.2 1934.12 1941.02 1942.36 1936.88 1912.86 1890.6 1887 1865.18 1843.18 1800.3 1775.36 1774.6 1790.4 1761.8 1743.26 1717.46 1668.36 1629.96 1581.52 1505.26 1457.54 1376.6 1334.86 1302.02 1242.42 1428.54 1414.82 1443.48 1435.3 1377.58 1256.28 1092.4 987.08 861.98 751.02 423.96 338.36 160.62 45.78 25.02 16.88 16.4 24.86 34.72 65.76 76.24 87.36 84.68 111.52 117.28 139.18 159.7 184.5
-9999 -9999 -9999 1959.26 1941.52 1875.68 1754.58 1636.78 1574.46 1613.24 1657.76 1714.42 1770.88 1866.96 1927.3 1960.5 2012.68 2010.38 1995.36 1967.64 1927.42 2000.06 1911.82 1917.04 1921.14 1917.4 1896.84 1895.94 1889.98 1870.68 1850.66 1819.2 1800.64 1805 1795.54 1740.98 1695.86 1650.76 1600.4 1549.9 1500.44 1427.5 1355.28 1265.12 1271.52 1342.94 1375.02 1317.06 1284.64 1252.7 1287.42 1263.3 1181.5 1281.42 1253.86 999.6 835.46 605.34 427 191.3 62.86 32.28 31.48 32.3 50.3 60.22 73.34 101.76 105.5 117.48 130.96 151.46 146.7 -9999 -9999
-9999 -9999 -9999 1603.68 1392.28 1425.94 1401.46 1390.92 1386.74 1431.04 1508.64 1565.34 1642.76 1735.06 1820.62 1892.06 1926.78 1917.2 1886.76 1870.18 1849.96 1839.5 1852.58 1874.9 1875.76 1880.22 1882.52 1890.5 1872.54 1855.88 1851.66 1840.56 1812.04 1781.94 1775.32 1725.4 1662.96 1585.52 1521.66 1461.36 1401.4 1334.52 1267.44 1334.46 1434.6 1247.98 1257.36 1196.96 1107.1 1016.96 1033.3 1026.54 985 1191.66 1551.1 1320.86 926.08 694.7 494.22 400.32 167.44 71.14 68.66 81.88 74.36 85.32 113.86 127.7 150.44 153.68 170.94 166.5 -9999 -9999 -9999
-9999 -9999 -9999 958 998.32 1031.02 1085.32 1169.82 1195.42 1264.44 1372.68 1446.62 1499.58 1599.18 1683.9 1764.02 1776.36 1764.88 1754.5 1777.62 1772.58 1781.2 1801.06 1816.76 1829.56 1847.12 1877.48 1862.08 1843.38 1845.08 1838.02 1829.16 1801.22 1754.96 1742.66 1679.82 1611.9 1526.66 1453.82 1429.82 1322.34 1283.44 1310.2 1320.62 1087.84 1265.22 1215.62 1138.02 995.1 1073.56 1063.98 1130.02 1141.46 987.06 1076.34 1346.9 894.1 764.96 689.96 718.1 262.1 122.8 110.46 115.56 107.54 136.4 166.12 187.52 199.74 195.4 178.46 -9999 -9999 -9999 -9999
-9999 -9999 995.5 682.58 715.96 756.18 873.08 956.96 1032.52 1130.08 1245.5 1315.2 1392.54 1468.1 1544.82 1593.08 1609.98 1617.72 1652.38 1669.22 1705.9 1725.28 1738.14 1757.06 1784.5 1812.66 1837.08 1806.56 1808.94 1823.5 1827.82 1819.7 1802.04 1742 1708.58 1628.56 1554.36 1492.98 1421.36 1356.8 1253.1 1233.04 1265.66 1182.6 1115.64 1153.38 1115.92 1070.46 988.38 998.56 982.18 992.1 1045.42 888.7 1343.46 1145.68 794.18 532.16 553.02 377.1 218.18 159.7 157.22 140.58 155.24 194.04 223.8 232.04 246.56 247.14 -9999 -9999 -9999 -9999 -9999
-9999 -9999 821.26 503.38 551.54 596.26 708.52 851.38 934.36 1043.4 1154.64 1190.78 1269.66 1360.26 1405.46 1461.12 1530.98 1539.96 1549.06 1586.04 1611.6 1660.04 1683.34 1716.82 1729.58 1763.92 1794.74 1785.92 1798.68 1832.44 1847.12 1819.8 1783.5 1738.2 1663.42 1583.3 1498.64 1416.18 1345.58 1255.82 1175.44 1180.24 1228.72 1260.44 1190.18 986.7 936.64 951.68 993.26 906.36 868.16 851.4 856.14 673.8 948.86 775.98 444.1 256.96 265.62 211.16 165.76 139.66 153.2 170.74 193.48 238.18 273.58 287.18 285.98 -9999 -9999 -9999 -9999 -9999 -9999
-9999 -9999 -9999 412.44 400.92 437.26 578.98 702.72 801.58 917.98 1032.9 1071.84 1127.84 1213.22 1280.8 1351.5 1433.46 1448.24 1461.28 1486.88 1540.12 1576.52 1610.94 1660.9 1690.62 1727.58 1754.48 1755.78 1775.98 1791.48 1826.32 1819.36 1765.6 1704.7 1618.68 1528.6 1425.94 1349.16 1298.16 1236.4 1161.52 1090.46 1244.14 1193.14 1085.52 861.24 734.34 757.94 803.58 743.62 721.24 699.54 413.12 552.2 586.92 483.5 322.42 154.74 149.62 114.72 76.28 111.52 139.22 191.62 234.6 298.02 325.16 340.38 315.74 -9999 -9999 -9999 -9999 -9999 -9999
-9999 -9999 -9999 -9999 310.24 318.72 396.86 482.54 592.08 707.46 796.86 801.82 926.26 1060.64 1166.28 1246.06 1294.84 1294.3 1330.52 1382.26 1432.42 1504.66 1540.34 1592.98 1633.62 1667.36 1692.32 1723.84 1744.7 1765.52 1795.1 1826.56 1746.62 1657.92 1563.66 1464.72 1353.12 1291.24 1200.28 1125.8 1081.88 1034.16 1249.9 1090.94 886.74 677.22 594.62 556.08 548.2 541.88 541.92 515.28 344.48 372.48 327.02 258.08 140.56 80.62 99.26 77.74 54.08 107.68 161.14 238.46 306.46 368.04 398.86 382.36 -9999 -9999 -9999 -9999 -9999 -9999 -9999
-9999 -9999 -9999 -9999 340.08 246.9 262.84 285.28 366.52 439.5 523.1 603.06 720.5 886.48 1013.94 1079.88 1110.8 1132.72 1181.26 1248.44 1338.34 1402.38 1459.7 1524.5 1577.2 1622.24 1640.04 1675.66 1706 1717.32 1730.14 1730.8 1683.58 1602.24 1509.5 1392.42 1271.68 1199.78 1122.54 995.4 929.08 903.5 1012.58 835.6 775.9 576.44 483.4 406.1 410.58 408.08 288.92 220.38 210.62 212.1 175.84 131.24 79.78 53.34 97.64 151.62 147.12 139.96 203.96 284.82 375.16 427.06 400.18 -9999 -9999 -9999 -9999 -9999 -9999 -9999 -9999
-9999 -9999 -9999 -9999 -9999 237.62 219.76 218.5 226.84 220.6 285.32 389.92 543.84 662.16 788.54 857.7 963.42 994.06 1053.6 1130.78 1228.4 1309.16 1382.46 1453.64 1498.2 1529.78 1569.04 1595.92 1622.92 1637.86 1644.64 1627.34 1592.76 1530.42 1424.88 1320.32 1202.4 1125.98 1036.44 918.78 861 809.54 994.92 555.64 672.76 461.3 379.44 327.14 347.98 295.82 212.62 131.86 102.7 82.16 80.44 61.5 53.48 43.98 120.58 232.1 236.74 206.36 248.52 348.02 444.56 404.48 -9999 -9999 -9999 -9999 -9999 -9999 -9999 -9999 -9999
-9999 -9999 -9999 -9999 -9999 -9999 174.04 165.34 144.44 138.92 122.78 217.58 319.56 440.98 573.92 696.18 792.48 878.7 970.8 1041.42 1148.72 1248.88 1318.16 1387 1423.36 1466.58 1506.88 1516.4 1533.56 1542.24 1552.24 1548.36 1499.94 1441.32 1349.94 1250.88 1136.88 1048.58 977.9 865.24 772.1 788.62 853.3 548.52 570.3 355.44 291.12 243.74 227.1 201.92 134.6 75 25.56 24.26 8.28 16.8 16.66 40.7 92.04 139.02 207.96 266.16 339.6 469.72 544.48 -9999 -9999 -9999 -9999 -9999 -9999 -9999 -9999 -9999 -9999
-9999 -9999 -9999 -9999 -9999 -9999 -9999 136.58 113.04 94.02 84.26 117.7 204.76 286.72 379.16 461.6 636.56 789.74 906.1 978.4 1066.1 1185.76 1244.88 1324.66 1366.76 1387.8 1409.48 1431.08 1447.7 1454.86 1462.32 1437.02 1400.2 1344.48 1258.34 1178.76 1070.72 969.32 865.74 781.24 672.12 595.08 606.28 381.1 328.18 269.8 191.44 140.04 134.64 106.52 77.64 46.26 7.9 6.8 6.76 35.28 14.46 27.72 75.76 143.42 212.16 324.64 441.86 560.66 532.88 528.56 -9999 -9999 -9999 -9999 -9999 -9999 -9999 -9999 -9999
-9999 -9999 -9999 -9999 -9999 -9999 -9999 -9999 92.62 91.46 89.6 118.34 157.78 215.94 299.44 370.98 529.24 722.04 850.18 934.12 1015.02 1121.36 1223.02 1267 1292.28 1322.98 1351.56 1361.76 1368.98 1373.42 1380.16 1345.94 1311.26 1274.32 1202.94 1124.52 1027.08 925.6 842.84 750.34 675.92 554.18 512.56 327.04 251.06 177.56 134.08 101.26 78.58 62.94 48.68 27.14 0 0 5.4 5.74 12.2 24.52 76.28 142.8 250.82 483.68 558.94 608.46 -9999 -9999 -9999 -9999 -9999 -9999 -9999 -9999 -9999 -9999 -9999
-9999 -9999 -9999 -9999 -9999 -9999 -9999 -9999 -9999 81.4 81.7 110.74 141.46 193.52 278.06 327.5 462.98 615.88 748.36 876.76 991.18 1061.18 1155.22 1218.72 1236 1266.9 1297.18 1298.92 1299.26 1295.46 1297.04 1269.14 1222.1 1189.42 1125.26 1047.7 950.48 879.28 807.02 703.94 608.9 512.94 423.82 343.24 187.5 174.88 113.36 65.08 60.18 46.4 46.88 19.56 0 0 0 0 0 17.96 72.62 163.48 284.42 469.46 588.3 524.6 512.04 -9999 -9999 -9999 -9999 -9999 -9999 -9999 -9999 -9999 -9999
-9999 -9999 -9999 -9999 -9999 -9999 -9999 -9999 -9999 57.36 69 110.58 127.16 193.32 226.84 323.66 414.36 528.72 650.16 768.7 892.5 998.34 1068.28 1126.1 1158.04 1195.54 1217.8 1230.78 1233.56 1220.46 1207.56 1177.62 1137.68 1103.58 1047.04 965.88 894.76 803.32 718.34 628.64 550.36 457.56 384.88 295.06 242.04 155.48 125.44 50.28 38.72 33.6 18.4 10.12 9.74 0 0 0 0 17.76 67 158.58 271.32 419.36 491 459.5 -9999 -9999 -9999 -9999 -9999 -9999 -9999 -9999 -9999 -9999 -9999
-9999 -9999 -9999 -9999 -9999 -9999 -9999 -9999 -9999 51.74 60.32 92.76 137.64 181.08 235.58 345.42 411.26 505.9 604.18 705.5 826.96 919.22 977.88 1032.1 1069.66 1099.04 1123.78 1136.6 1136.52 1124.84 1122.02 1101.32 1061.32 1013.54 955.04 869.88 811.3 724.18 645.92 554.42 473.6 421.58 349.46 290 190.04 154.84 109.42 60.12 31.94 18.04 0 0 10.2 0 0 0 0 14.18 75.34 156.38 213.56 312.1 335.16 391.54 410.04 -9999 -9999 -9999 -9999 -9999 -9999 -9999 -9999 -9999 -9999
-9999 -9999 -9999 -9999 -9999 -9999 -9999 -9999 -9999 -9999 48.5 96.54 137.82 160.52 220.08 327.38 399.78 494.8 558.2 661.74 759.54 835.4 882.52 941.02 982.02 999.98 1018.42 1040.1 1047.62 1033.1 1029.24 1014.26 977.12 934.1 871.12 808.36 749.76 649.2 568.7 488.82 428.48 366.78 327.3 286.94 150.22 108.98 63.6 26.44 16.4 0 0 0 0 0 0 0 10.72 54.3 106.24 162.52 177.8 242.34 243.14 263.4 353.2 -9999 -9999 -9999 -9999 -9999 -9999 -9999 -9999 -9999 -9999
-9999 -9999 -9999 -9999 -9999 -9999 -9999 -9999 -9999 -9999 61.04 83.24 136.76 152.72 228.84 318.9 396.76 467.2 540.38 616.02 707.98 763.56 821.22 863.5 887.76 912.28 941.52 953 940.58 954.08 938.24 942.14 921.2 871.18 796.66 724.42 652.18 582.22 512.7 424.34 365.34 326.54 306.56 236.12 178.14 99.64 63.5 27.16 0 0 0 0 0 0 0 0 26.2 95.18 161.42 191.3 237.18 220.24 238.2 236.6 305.42 -9999 -9999 -9999 -9999 -9999 -9999 -9999 -9999 -9999 -9999
-9999 -9999 -9999 -9999 -9999 -9999 -9999 -9999 -9999 -9999 -9999 70.7 100.08 159.96 221.66 303.94 403.28 448.24 512.5 578.98 654.46 700.52 740.24 791.84 806.04 822.4 839.46 865.66 865.1 858.5 851.5 836.38 823.28 776.18 711.2 637.3 565 512.78 430.74 371 324.06 285.48 256.22 224.12 186.16 90.42 36.14 53.88 0 0 0 0 0 0 0 28.18 58.74 119.4 190.72 223.34 246.18 217.46 226.54 240.12 274.52 -9999 -9999 -9999 -9999 -9999 -9999 -9999 -9999 -9999 -9999
-9999 -9999 -9999 -9999 -9999 -9999 -9999 -9999 -9999 -9999 -9999 44.3 78.38 129.12 214.56 281.54 376.86 437.58 483.44 535.9 582.4 646.7 696.6 710.04 724.88 752.26 771.38 748.04 750.06 759.68 752.28 733.2 724.32 672.4 612.28 556.66 498.04 427.92 367.7 356.06 323.68 255.58 216.6 185.52 129.36 81.36 27.06 26.8 26.86 0 0 0 0 0 13.66 68.34 96.1 102.12 151.74 197.16 206.38 214.56 218.26 223.18 -9999 -9999 -9999 -9999 -9999 -9999 -9999 -9999 -9999 -9999 -9999
-9999 -9999 -9999 -9999 -9999 -9999 -9999 -9999 -9999 -9999 -9999 41.32 72.04 122.34 181.98 260.34 352.78 426.06 463.04 491.2 528.36 584.02 625.44 638.36 664.54 676.5 665.32 647.16 663.02 652.4 653.18 634.48 610.6 576.62 527.76 457.66 394.94 348.7 323.72 352.94 291.82 220.68 151.72 139.54 100.94 71.8 35.56 28.18 43.78 26.76 8.74 7.8 8.9 0 23.4 48.64 49.42 86.88 139.12 159.36 190.78 180.7 211.7 212.24 235.78 -9999 -9999 -9999 -9999 -9999 -9999 -9999 -9999 -9999 -9999
