data/default-data/raster/climate/pre_7.txt
ncols         720
nrows         360
xllcorner     -180
yllcorner     -90
cellsize      0.5
NODATA_value  -9999
[rows 66 to 98 of 360, columns 450 to 524 of 720]
749.72 739.96 742.2 757.1 762.94 772.36 776.2 772.1 770.02 768.86 782.8 756.72 762.3 753.56 745.36 716.5 686.74 673.3 694.32 715.5 736.74 758.16 779.34 790.42 854.22 875.08 900.22 947.18 988.24 999.76 988.32 940.24 923.58 892.84 873.18 841.54 812.44 794.32 775.18 766 773.1 748.86 748.84 740.32 753.54 734.58 725.84 719.88 701.1 709.66 698.66 699.26 690.56 691.84 694.1 688.16 692.66 686.98 681.44 688.96 677.06 675.38 674.36 664.76 665.46 668.48 671.52 677.94 660.08 652 651.36 663.04 654.58 677.8 686.1
733.52 733.68 725.1 749.24 741.36 727.88 736.06 732.66 727.08 740.76 736.14 731.92 727.16 730.96 711.7 693.56 671 662.76 660.12 680.94 712.36 733.36 754.08 775.36 807.1 860.5 893.34 927.72 978.24 989.62 988.12 941.12 914.38 887.74 849.7 833.42 805.62 776.5 748.92 733.6 730.42 716.22 711.66 716.56 718.5 720.42 722.32 713.16 704.82 701.56 701.32 701.7 692 683.72 685.74 689.68 684.18 689.22 675.98 676.84 665.98 655.32 665.18 645 636.28 637.62 660.34 645.28 637.44 639.66 632.18 634.08 657.5 662.5 674.12
716.7 717.4 727.54 741.98 738.42 726.1 704.08 691.98 681.66 696.38 701.4 706.5 701.52 706.4 690.52 687.74 671.96 653.38 658.6 654.28 685.34 695.88 726.78 768.52 801.78 863.64 879.34 917.9 967.84 987.32 973.9 920.86 887.76 865.52 829.26 782.92 770.46 738.38 719.78 699.64 686.58 672.62 682.6 694.5 692.58 705.18 707.04 698.2 693.08 704.22 696.34 687.96 688.42 699.64 690.04 692.18 686.1 691.04 679.08 655.18 641.64 649.5 638.56 619.9 623.9 615.72 637.86 632.88 614.52 607.46 620.76 608.18 631.6 640.48 665.12
715.5 703.06 710.78 709.86 708.8 697.96 697.02 676.44 672.12 679.32 681.3 696.28 689.86 690.4 674.58 673.46 671.18 654.5 659.36 654.4 659.72 658.88 699.78 722.08 795.98 835.54 872.16 903.26 950.84 1003.94 930.68 889.76 858.96 843.9 801.32 747.48 725.06 704.1 685.76 646.82 628.1 629.86 645.46 671.56 665.74 667.96 669.86 671.64 679.94 682.58 685.2 677.04 690.36 693 684.72 674.56 676.7 674.48 649.06 632.88 625.48 621.32 599.46 582.02 575.9 590.08 604.42 599.16 593.44 587.16 591.28 595.16 608.88 619.28 653.1
703.14 690.22 700.32 698.72 683.98 683.02 662.22 645.46 650.92 687.7 686.24 670.8 681.46 662.9 669.86 686.16 671.6 645.02 628.6 634.38 639.82 645.26 653.6 696.68 746.66 814.9 870.22 922.14 936.14 922.74 879.44 855.82 807.56 777.14 757.18 715.06 692.74 672.16 644.04 615.74 596.72 610.38 604.44 634.58 646.1 654.26 666.58 667.46 654.82 678.36 669.78 671.86 684.88 687.12 667.36 669.44 661.54 654.14 615 599.74 579.28 585.42 584.56 549.66 542.98 548.74 559.58 572.26 575.86 570.32 575.02 584.34 604.92 610.76 635.1
690.66 694.68 670.2 671.24 646.36 660.94 639.4 633.82 639 650.82 665.82 670.8 665.76 657.9 645.88 664.48 650.22 635.52 629.7 614.3 610.86 620.28 627.18 677.12 732.32 781.64 842.34 852.86 842.12 835.74 803.94 785.04 768.34 723.44 692.82 673.26 641.52 621.12 593.44 585 578.24 574.84 594.32 604.98 626.12 644.02 636.3 657.06 647.62 660.44 662.5 643.2 645.38 647.48 651.18 654.96 624.02 621 604.6 584.78 555.18 552.42 560.86 529.04 524.02 517.44 534.52 526.44 540.26 548.8 577.68 576.48 597.1 590.4 606.26
651.54 661.6 640 652.72 638.44 624.72 624.02 615.7 601.32 638.44 665.36 649.74 638 637.8 623.54 631.66 617.8 593.2 600.94 587.34 587.02 587.06 610.12 660.56 717.7 749.8 768.42 761.96 746.14 753.98 744.7 733.02 701.2 666.92 643.28 611.24 601.36 581.3 563.66 549.04 548.2 555.72 552.32 579.52 598.26 617.22 620.46 644.96 652.78 642.62 634.16 626.42 630.16 612.46 616.02 608.8 608.18 594.72 579.16 563.2 538.62 534.88 538.4 523.24 488.8 500.02 506.38 508.4 523.38 541.48 570.4 569.34 571.08 594.68 599.86
625.26 619 618.32 621.4 610.34 610.82 591.66 583.54 601.86 617.76 628.3 642.44 619.12 622.82 629.82 601.78 576.58 564.58 553.32 573.6 562.36 561.14 583.28 610.22 657.92 690.16 710.18 689.96 677.08 676.42 684.56 659.3 625.5 611.42 587.9 565.72 553.32 533.76 530.58 527.24 523.96 510.38 516.7 533.18 550.02 578.92 615.38 639.28 646.74 626.7 630.54 613.14 616.88 588.4 602.68 582.52 581.78 568.42 553.94 548.92 533.36 508.74 508.56 495.68 465.18 461.6 468.02 504.44 499.2 524.64 552.72 552.28 575.18 599.32 625.26
587.46 579.22 588.94 569.12 583.46 574.3 546.74 550.9 549.48 568.64 585.38 597.4 588.72 593.78 583.92 579.66 541.14 537.04 526.98 537.52 526.68 545.04 555.7 567.74 606.16 630.06 620.12 611.5 615.7 599.66 605.46 595.08 571.72 548.5 525.58 513.82 505.7 498.06 481.28 474.56 468.1 483.92 499.86 506 532.6 539.28 566.2 607.1 602.46 614.18 617.3 599.98 603.64 585.88 589.28 556.4 555.72 531.72 518.44 517.8 509.64 503.4 459.8 469.1 442.86 456.42 466.46 481.6 501.34 514.22 538.74 548.38 593.8 597.12 623.5
544.94 532.72 529.12 531.56 536.14 528.82 512.74 496.3 500.12 518.46 531.78 535.76 557.36 553.24 547.84 529.12 516.22 503.92 501.44 489.1 479.02 473.26 494.24 514.36 521.5 557.58 549.1 531.98 528.48 531.24 535.92 512.86 509.18 497.22 488.08 469.66 471.38 453.82 436.04 438.72 451.34 454.34 457.34 470.22 475.06 501.36 529.24 548.1 560.98 572.72 562.9 565.98 558.82 562.18 541.98 541.26 519.44 509.42 501.18 491.6 508.36 470.28 458.58 427.4 428.32 446 454.5 479.82 490.74 506.66 541.3 567.36 592.6 616.6 621.62
502.02 495.08 467.52 460.16 462.04 467 461.24 455.52 459.72 457.28 467.8 498.2 492.16 506.3 488.62 460.72 466.74 442.6 441.46 429.9 429.4 430.74 420.6 431.02 457.7 463.66 459.4 443.22 449.82 446.18 463.08 452.18 452.6 443.36 434.06 424.9 407.56 399.06 390.86 392.4 395.12 407.6 410.14 422.84 436.08 449.7 463.64 485.98 498.8 510.28 521.26 532.44 524.92 527.7 516.5 518.28 522.66 503.64 516.68 500.74 495.52 468.44 445 431.66 418.22 424.68 442.2 467.16 478.18 498.04 523.44 529.54 594.02 604.28 646.46
454.04 441.64 422.7 408.68 401.42 416.2 402.16 396.6 402.26 414.44 417.34 436.28 454.24 444.68 428.4 412.56 419.48 392.52 402.1 403.22 390.4 377.74 388.44 389.46 394.3 400.86 387.74 374.38 379.68 376.24 384.54 397.54 407.66 388.58 379.22 370.12 371.72 363.04 354.58 356.04 367.7 380.1 382.78 385.66 399.36 403.68 414.82 446.26 458.42 469.62 469.7 480.3 491.26 504.06 497.7 502 516.84 497.5 490.78 509.62 504.42 461.4 433.58 432.1 416.64 422.18 417.62 431.78 453.8 487.32 503.14 530.62 561.56 621.66 670.24
426.12 394.12 372.64 369.7 362.36 343.54 352.02 341.4 349.4 347.16 350.96 367.04 373.6 372.28 381.3 376.8 360.62 367.72 353.56 354.38 349.9 360.48 338.02 337.48 351.16 348.28 349.34 337.66 343.66 333.04 329.52 339.68 350.3 342.6 323.28 324.58 315.56 306.72 307.86 299.12 310.34 332.6 335.9 360.22 374.48 378.24 385.1 406.14 418.3 429.48 440.08 450.82 461.56 466.32 491.96 485.26 500.04 502.16 510.04 504.6 493.38 493.32 457 441.6 436.38 431.02 425.06 423.24 444.24 442.9 482.58 501.38 551.58 589.64 626.7
378.84 354.58 340.8 335.58 321.32 318.46 302.5 299.96 295.06 292.38 294.58 298.5 306.06 302.76 324.8 323.58 324.2 333.46 318.88 342.36 323.5 323.8 323.08 311.36 299.94 313.5 314.4 302.3 297.48 286.62 274.06 281.22 288.24 276.98 285.74 278.04 268.32 259.18 270.28 261.5 273.84 286.64 300.04 313.48 348.32 351.32 345.52 366.54 367.42 378.66 389.24 400.34 422.74 427.1 442.24 468.12 471.74 466.14 479.12 468.9 492.02 492.3 499.56 439.94 423.16 416.22 409.02 413.08 420.16 437.24 440.68 468.26 485.96 524.5 562.18
351.3 332.86 331.18 317.2 305.26 293.74 276.4 254.4 242.56 237.24 250.54 246.06 242.06 259.04 257.02 266.06 287.94 283.54 293.48 292.58 308.26 298 276.02 274.62 276.36 278.8 288.5 265.82 267.36 258.02 238.5 237.7 225.82 222.26 218.88 214.94 210.22 211.08 223.1 235.44 247.88 270.8 283.48 296.86 310.54 340.7 337.02 336.94 337.18 358.94 370.84 390.54 404.6 408.74 423.7 416.98 442.16 454.06 454.92 467.1 467.88 471.8 487.74 492.72 486.36 477.78 468.74 448.12 414.04 429.5 444.66 445.9 480.84 487.84 526.44
326.28 317.68 318.08 296.86 277.24 276.66 264.76 231.88 219.18 203.14 203.88 197.98 212.5 207.76 215.42 212.64 244.06 253.02 262.06 263.44 254.56 267.78 245.62 235.1 229.96 241.26 241.34 256.52 227.72 209.92 201.72 202.32 192.92 180.14 185.42 181.5 180.24 176.68 189.3 210.56 221.28 243.86 256.3 279.7 293.32 298.1 307.1 307.2 306.76 319.26 328.68 339.76 355.26 349.92 367.76 385.42 414.36 442.16 442.82 465.76 444 475.42 466.58 468.94 460.04 462.52 464.8 455.74 423.74 433.14 437.56 440.2 461.46 461.02 488.8
312.08 312.48 302.26 290.66 276 253.42 240.16 216.84 213.04 196.76 184.02 187.02 190.68 182.04 177.5 195.6 191.96 199.2 230.84 227.24 220.82 235.76 226.26 216.7 201.08 201.9 203.3 227.72 189.02 181.8 174.4 167.1 144.56 150.46 158.96 166.82 163.18 160.32 163.46 187.4 188.94 211.38 233.64 256 265.1 268.08 267.7 267.46 268.22 290.46 291.52 295.06 323.2 329.4 358.5 383.18 399.14 387.66 431.18 454.04 432.62 427.28 427.62 419.44 422.22 402.54 438.48 452.04 454.36 445.56 441.54 434.02 456.14 444.74 414.16
308.28 297.76 296.8 274.1 250.44 229 215.04 201.34 185.9 171.98 169.26 166.66 156.92 166.84 152.12 168.94 175.82 183.18 202.8 210.56 198.56 203.02 206.44 186.76 183.26 182.64 195.9 184.78 181.8 174.9 157.64 140.78 124.46 137.2 125.26 130.82 136.04 153.24 146.8 148.38 161.54 175.06 199.62 223.4 230.16 223.18 234.2 225.16 230.1 230.46 256.2 261.24 277.84 294.6 332.24 368.56 359.92 361.06 364.3 398.52 377.08 360.84 367.72 370.16 361.7 364.24 377.84 402.74 427.92 453.68 411.24 416.38 439.14 427.02 386.44
305.3 293.36 270.6 268.96 244.16 225.04 200.08 196.68 180.66 166.54 162.72 147.26 133.1 142.74 137.86 153.96 161.3 157.22 175.32 182.24 200.34 193.58 174.38 168.32 164.7 174.58 177.42 166.34 143.78 153.6 147.24 130.28 113.9 124.08 109.4 112.92 107.12 134.24 128.22 141.78 143.28 156.78 182.72 208.32 179.22 187.22 189.08 190.74 200.92 208.68 223.22 222.9 251.22 266.66 279.36 302.52 307.3 310.24 279.4 276.74 298.68 294.64 312.34 311.4 356.82 370.26 361.86 364.3 366.84 358.82 384.56 407.98 463.08 462.06 421.64
311.96 289.82 277.18 263.24 237.38 220.04 195.06 179.56 176.02 159.6 163.94 147.92 142.14 138.16 133.94 130.9 126.44 142.94 148.88 166.8 185.68 171.02 153.04 159.98 134.2 144.38 135.4 124.38 123.06 121.22 119.08 127.48 101.1 109.44 102.48 104.94 109.68 102.96 119.08 121.96 123.18 136.06 148.64 159.18 131.12 156.26 147.58 157.7 164.84 174.26 188.58 205.12 207.78 221 246.72 269.3 275.34 257.54 239.3 243.94 253.8 261.38 279.44 286.42 309.34 322.24 324.5 337.72 329.14 343.48 340.84 373.5 398.34 423.32 499.98
319.1 297.06 284.08 269.64 253.52 224.8 200.9 185.16 178.5 161.18 144.78 -9999 -9999 -9999 -9999 -9999 113.42 118.38 112.24 140.06 145.7 147.9 119.14 127.94 114.7 113.62 114.5 102.4 112.32 99.52 97.84 85.16 93.84 92.74 84.12 86.5 100.78 104.84 96.98 87.2 99.76 87.38 112.48 109.94 109.6 111.66 123.72 108.76 141.24 128.7 142.48 159.88 172.72 198.02 198.26 206.6 178.94 176.74 172.8 191.34 209.12 217.16 236.12 254.2 262.98 275.44 277.46 279.42 292.62 317.72 305.66 315.66 309.94 315.54 311.72
346.92 335.82 323.36 286.66 270.42 228.9 191.36 183 -9999 -9999 -9999 -9999 -9999 -9999 -9999 -9999 101.02 105.38 98.94 103.02 119.02 123.66 132.14 130.36 105.74 104 103.38 102.86 90.26 77.4 85.68 72.44 69.88 59.04 72.3 88.92 80.4 94.06 84.68 87.26 87.98 75.54 75.12 74.1 87.92 98.88 97.08 83.96 94.2 117.94 132.08 137.12 136.84 135.72 159.92 169.02 155.88 154.82 230.9 232.5 180.8 210.76 201.96 220.52 228.2 239.08 241.08 253.68 271.2 304.86 293.16 303.22 277.02 292.06 266.78
370.94 360.2 336.8 310.86 270.42 237.92 205.78 -9999 -9999 -9999 -9999 -9999 -9999 -9999 109.94 104.58 99.4 103.68 97.14 101.1 105.02 121.32 109.34 108.52 107.02 92.88 101.88 89.18 76.04 73.94 71.32 49.12 47.68 56.68 57.82 52.02 66.92 70.88 72.58 62.1 63.36 63.48 62.44 63.26 74.62 73.44 72.02 71.2 58.9 70.72 84.6 99.34 99.84 110.72 121.9 133.46 119.48 199.44 123.32 132.18 158.62 196.04 201.14 223.4 215.62 244.2 256.38 281.88 279.6 290.42 323.32 389.16 514.08 406.14 274.7
426.42 415.8 380.44 354.88 301.56 -9999 -9999 -9999 -9999 -9999 -9999 -9999 -9999 96.92 99.92 93.58 97.72 91.82 95.68 77.42 92.18 120.46 109.1 106.06 91.92 89.36 86.5 63.92 51.74 50.14 48.4 46.64 36.6 35.72 36.8 48.92 52.22 55.26 59.1 62.1 63.66 63.92 51 50.16 49.24 48.24 47.22 57.54 46.46 47.16 61.62 74.16 87.62 86.66 109.66 131.72 129.3 102.44 99.36 120.32 136.26 187.46 210.02 225.18 225.22 234.46 280.58 298.86 453.06 529.54 540.48 603.06 582.38 496.78 321.14
480.38 467.72 422.92 384.48 -9999 -9999 -9999 -9999 -9999 -9999 153.8 147.32 109.94 105.06 100.2 94.64 98.8 114.38 109.16 103 120.08 98.5 105.26 80.32 77.02 64.2 51.94 50.74 39.42 38.06 36.74 26.2 25.52 25.76 26.5 37.28 39.84 42.42 45 47.5 50.08 51.24 37.62 36.9 48.14 35.28 23.02 22.42 34.46 35.7 49.8 50.9 62.84 74.88 73.76 96.28 104.4 98.9 108.24 117.46 135.34 164.28 215.5 235.98 260.74 280.96 360.06 452.36 600.32 622.44 742.32 604.38 457.18 376.14 240
557.72 522.5 473 428.52 -9999 365.16 -9999 -9999 -9999 -9999 166.18 136.78 124.8 120.5 125.1 109.72 92.92 119.3 125.44 119.32 110.06 94.94 90.34 66.32 54.06 51.64 49.62 48.34 37.32 35.82 25.4 24.3 24.4 24.6 25.44 26.88 28.42 30.38 32.22 34 47.46 36.44 24.52 36.36 47.62 58.42 34.16 22.4 34.12 48 50.88 64.16 63.8 64.04 74.86 83.44 88.34 118.84 148.52 157 166.2 207.46 239.62 253.06 286.46 340.86 391.92 433.5 424.66 337.88 387.62 329.26 366.58 437.58 415.28
642.34 595.74 516.84 456.74 370.64 -9999 -9999 -9999 -9999 -9999 -9999 -9999 122.48 127.14 121.6 115.86 120.18 113.72 118.3 121.38 110.06 91.42 76.1 42.5 31.26 40.72 29.34 18.26 8.7 24.56 23.12 15.28 15.48 15.7 24.26 25.54 26.88 28.58 20.26 21.26 33.32 22.68 23.04 23.4 23.3 34.38 67.4 78.36 45.22 34.6 47.44 62.16 90.28 89.14 111 115.34 119.98 106.26 135.06 185.38 195.68 226.42 247.18 278.82 302.66 321.34 340.98 360.1 315.3 270.26 266.36 262.06 259.02 258.38 232.26
774.44 681.92 633.66 510.9 385.08 -9999 -9999 -9999 -9999 -9999 -9999 -9999 147.48 113.52 128.9 122.5 126.96 117.66 96.3 86.46 117.84 76.84 73.22 40.98 30.06 29.32 28.76 27.76 24.76 22.3 14.32 21.88 21.96 22.3 22.76 24.14 25.34 26.72 28.38 29.72 30.9 42.1 32.16 32.82 33.16 22.08 22.06 33.86 45.96 81.92 84.16 86.58 99.62 109.28 113.8 138.18 125.9 137.92 142.22 182.92 234.56 255.6 302 352.44 458.6 486.62 481.06 425.54 398.4 392.3 373.88 342.6 300.36 243.9 221.68
1211.58 1078.62 1008.52 840.42 589.36 341.32 271.52 -9999 -9999 -9999 -9999 -9999 -9999 129.78 124.4 82.3 95.32 96.44 73.48 97.16 90.74 63.24 50.24 29.52 28.82 37.86 28 26.98 25.74 22.5 21.08 20.36 20.46 20.82 21.32 22.52 23.76 24.82 26.12 36.64 37.94 38.84 39.7 40.5 30.98 31.38 41.86 42.52 54.28 67.14 128.32 130.92 131.96 169.56 197.76 195.18 246.54 239.96 230.54 249.3 281.9 313.8 405.58 450.1 459.36 474.44 482.72 446.96 414.92 374.22 328.12 290.72 258.22 243.6 268.96
1068.82 1096.78 1024.32 892.14 698.16 449.68 285.66 -9999 -9999 -9999 -9999 -9999 -9999 -9999 129.34 83.96 85.5 86.46 99.92 81.88 87.18 60.66 38.5 28.4 18.66 27.94 17.92 25.98 24.8 21.52 14.66 20.86 20.22 13.32 20.12 13.92 22.06 22.98 23.92 25.28 34.66 35.58 36.52 37.28 38.1 38.78 39.5 51.14 61.3 83.08 130.92 173.68 184.26 177.76 191.92 210.02 233.52 255.2 260.12 269.32 291.7 325.78 367.08 368.44 376.06 436.04 430.88 371.96 348.36 274.64 338.38 282.66 253.44 242.34 178.86
729.72 650.54 729.54 791.02 776.46 612.92 333.1 215.1 -9999 -9999 -9999 -9999 -9999 -9999 -9999 73 62.06 63.18 97.56 90.08 83.58 58.18 46.36 27.56 27.66 27.22 25.9 16.08 22.5 17.98 12.44 20.42 20.12 20.2 13.42 13.68 21.06 21.64 22.22 22.82 31.32 32.3 33.18 42.36 43.32 35.28 36.06 47.84 58.92 72.92 119.92 119.44 129.34 135.64 161.4 190.58 208.18 213.58 233.28 242.9 272.56 294.6 310.1 318.42 314 302.44 281.62 284.08 277.68 232.42 176.26 168.24 177.9 156.92 146.04
464.04 470.2 500.36 494.58 600.98 723.1 577.06 282.5 266.38 -9999 -9999 -9999 -9999 -9999 -9999 98.76 -9999 -9999 35.52 65.16 80.4 56.16 36.22 36.6 26.82 25.26 23.66 22.3 20.96 17 27.3 15.66 25.34 26.52 18.36 18.88 19.02 19.3 19.54 25.68 20.3 21.86 30 30.72 31.42 39.48 40.82 43.54 38.34 60.42 67.4 83.18 80.44 89.74 127.76 163.26 197.12 216.52 226.38 246.28 255.78 273.64 257.4 239.32 207.86 209.96 238.64 277.56 280.62 273.98 257.2 220.1 188.9 167.86 156.88
663.46 544.66 370.12 282.42 291.28 260.36 344.08 341.16 166.58 216.88 179 -9999 -9999 -9999 -9999 100.14 25.44 48.9 34.08 42.14 48.78 46.16 35.56 43.7 42.04 31.74 22.46 21.54 19.52 19.68 16.5 25.94 30.34 33.78 23.3 23.92 12.1 12.16 36.76 20.44 16.38 17.94 19.88 27.86 35.7 42.36 37.1 42.08 57.58 41.9 50.46 77.5 92.02 83.06 92.72 125.2 204.04 187.3 113.98 102.34 130.32 157.14 124.78 149.94 162.2 184.68 203.82 193.46 205.34 177.96 229.8 221.78 200.18 178.82 167.76
