data/default-data/raster/climate/pre_11.txt
ncols         720
nrows         360
xllcorner     -180
yllcorner     -90
cellsize      0.5
NODATA_value  -9999
[rows 165 to 197 of 360, columns 225 to 299 of 720]
570.32 597.74 705.46 907.9 1185.4 1161.46 1134.22 979.88 908.64 907.92 926.02 899.18 1030.18 1331.36 1605.18 1780.82 1834.56 1780.7 1498.94 -9999 -9999 -9999 -9999 -9999 -9999 -9999 -9999 -9999 -9999 -9999 -9999 -9999 -9999 -9999 -9999 -9999 -9999 -9999 -9999 -9999 -9999 -9999 -9999 -9999 -9999 -9999 -9999 -9999 -9999 -9999 -9999 -9999 -9999 -9999 -9999 -9999 -9999 -9999 -9999 -9999 -9999 -9999 -9999 -9999 -9999 -9999 -9999 -9999 -9999 -9999 -9999 -9999 -9999 -9999 -9999
703.1 760.34 1012.76 1154.82 1335.5 1391.7 1426.72 1274.16 1111.42 1204 1145.12 1006.74 1127.6 1374.6 1566.34 1682.4 1711.72 1642.64 1671.6 1428.24 -9999 -9999 -9999 -9999 -9999 -9999 -9999 -9999 -9999 -9999 -9999 -9999 -9999 -9999 -9999 -9999 -9999 -9999 -9999 -9999 -9999 -9999 -9999 -9999 -9999 -9999 -9999 -9999 -9999 -9999 -9999 -9999 -9999 -9999 -9999 -9999 -9999 -9999 -9999 -9999 -9999 -9999 -9999 -9999 -9999 -9999 -9999 -9999 -9999 -9999 -9999 -9999 -9999 -9999 -9999
884.48 1034.54 1244.76 1432.86 1621.7 1703.88 1756.6 1694.74 1695.1 1695.36 1640.72 1491.12 1437.5 1575.36 1604.22 1683.9 1713.56 1591.2 1524.78 1136.96 1282.4 -9999 -9999 -9999 -9999 -9999 -9999 -9999 -9999 -9999 -9999 -9999 -9999 -9999 -9999 -9999 -9999 -9999 -9999 -9999 -9999 -9999 -9999 -9999 -9999 -9999 -9999 -9999 -9999 -9999 -9999 -9999 -9999 -9999 -9999 -9999 -9999 -9999 -9999 -9999 -9999 -9999 -9999 -9999 -9999 -9999 -9999 -9999 -9999 -9999 -9999 -9999 -9999 -9999 -9999
1176.26 1282.82 1504.9 1596.74 1803.04 1928.88 2003.9 2101.02 2146.16 2202.52 2141.38 2127.42 1876.22 1662.84 1682.32 1722.78 1767.8 1641.42 1450.92 1148.76 944.54 783.6 856.22 1069.66 1045.38 964.44 987.48 894.76 -9999 -9999 -9999 -9999 -9999 -9999 -9999 -9999 -9999 -9999 -9999 -9999 -9999 -9999 -9999 -9999 -9999 -9999 -9999 -9999 -9999 -9999 -9999 -9999 -9999 -9999 -9999 -9999 -9999 -9999 -9999 -9999 -9999 -9999 -9999 -9999 -9999 -9999 -9999 -9999 -9999 -9999 -9999 -9999 -9999 -9999 -9999
1446.16 1518.34 1570.48 1694.9 1934.82 2082.76 2180.08 2299.56 2441.64 2617.4 2462 2325.76 1938.9 1698.94 1611.4 1606.82 1687.46 1572.02 1315.22 1074.58 865.9 813.18 895.62 974.98 997.34 1068.16 1107.68 1074.82 1093.32 1133.58 -9999 -9999 -9999 -9999 -9999 -9999 -9999 -9999 -9999 -9999 -9999 -9999 -9999 -9999 -9999 -9999 -9999 -9999 -9999 -9999 -9999 -9999 -9999 -9999 -9999 -9999 -9999 -9999 -9999 -9999 -9999 -9999 -9999 -9999 -9999 -9999 -9999 -9999 -9999 -9999 -9999 -9999 -9999 -9999 -9999
1659.26 1708.18 1721.68 1858.3 1986.18 2156.72 2287.68 2346.16 2437.2 2507.84 2406.66 2161.44 1621.48 1383.92 1298.9 1285.62 1309.86 1261.1 1131.34 968.18 854.1 821.94 868.72 943.16 951.48 1013.26 1157.88 1148.2 1157.42 1232.22 1275.9 1242.42 -9999 -9999 -9999 -9999 -9999 -9999 -9999 -9999 -9999 -9999 -9999 -9999 -9999 -9999 -9999 -9999 -9999 -9999 -9999 -9999 -9999 -9999 -9999 -9999 -9999 -9999 -9999 -9999 -9999 -9999 -9999 -9999 -9999 -9999 -9999 -9999 -9999 -9999 -9999 -9999 -9999 -9999 -9999
1823.7 1838.14 1881.98 1999.22 2097.42 2196.84 2245.12 2303.44 2330.24 2260.9 2104.02 1814.38 1392.56 1137.56 1019.24 956.12 975.52 952.82 888.66 834.7 781.6 813.98 866.74 872.68 877.56 1016.72 1120.56 1072 1099.36 1176.54 1190.48 1097.74 1230.82 -9999 -9999 -9999 -9999 -9999 -9999 -9999 -9999 -9999 -9999 -9999 -9999 -9999 -9999 -9999 -9999 -9999 -9999 -9999 -9999 -9999 -9999 -9999 -9999 -9999 -9999 -9999 -9999 -9999 -9999 -9999 -9999 -9999 -9999 -9999 -9999 -9999 -9999 -9999 -9999 -9999 -9999
1949.54 1952.12 1981.18 2047.64 2094.48 2141.84 2210.62 2153.54 2127.16 2035.54 1834.14 1529.14 1202.82 933.16 739.86 669.68 694.38 726.24 706.06 695.92 688.72 775.24 842.06 830.86 824.88 865.14 889.68 910.7 998.52 1058.7 1080.8 1028.44 970.9 -9999 -9999 -9999 -9999 -9999 -9999 -9999 -9999 -9999 -9999 -9999 -9999 -9999 -9999 -9999 -9999 -9999 -9999 -9999 -9999 -9999 -9999 -9999 -9999 -9999 -9999 -9999 -9999 -9999 -9999 -9999 -9999 -9999 -9999 -9999 -9999 -9999 -9999 -9999 -9999 -9999 -9999
2026.14 2016.76 2031.46 2065.14 2050.44 2076.62 2113.32 2055.72 1964.94 1813 1581.28 1330.66 1037.98 799.24 595.84 518.46 573.8 600.8 599.96 589.52 587.68 643.72 699.5 685.6 716.2 758.66 768 810.06 887.8 947.02 958.1 945.24 888.76 -9999 -9999 -9999 -9999 -9999 -9999 -9999 -9999 -9999 -9999 -9999 -9999 -9999 -9999 -9999 -9999 -9999 -9999 -9999 -9999 -9999 -9999 -9999 -9999 -9999 -9999 -9999 -9999 -9999 -9999 -9999 -9999 -9999 -9999 -9999 -9999 -9999 -9999 -9999 -9999 -9999 -9999
2072.62 2051.12 2044.88 2043.5 2027 1990.82 2027 1979.52 1848.18 1649.34 1452.14 1200.4 958.52 728.66 587.78 532.98 514.6 532.02 549.44 548.12 537.38 549.38 567.26 560.3 623.04 674.82 703.92 753.46 811.92 851.62 871.46 859.1 821.74 1094.18 -9999 -9999 -9999 -9999 -9999 -9999 -9999 -9999 -9999 -9999 -9999 -9999 -9999 -9999 -9999 -9999 -9999 -9999 -9999 -9999 -9999 -9999 -9999 -9999 -9999 -9999 -9999 -9999 -9999 -9999 -9999 -9999 -9999 -9999 -9999 -9999 -9999 -9999 -9999 -9999 -9999
2088.82 2055.08 2018.34 2012.42 1973.24 1946.76 1920.44 1850.38 1714.46 1519.52 1336.88 1137.98 964.8 776.92 670.36 593.84 556.72 546.3 535.92 525.72 533.58 546.02 537.02 536.28 570.1 620.94 672.58 704.88 753.26 763.5 802.28 789.18 752.02 703.46 999.86 -9999 -9999 -9999 -9999 -9999 -9999 -9999 -9999 -9999 -9999 -9999 -9999 -9999 -9999 -9999 -9999 -9999 -9999 -9999 -9999 -9999 -9999 -9999 -9999 -9999 -9999 -9999 -9999 -9999 -9999 -9999 -9999 -9999 -9999 -9999 -9999 -9999 -9999 -9999 -9999
2083.62 2028.48 1981.22 1954.42 1921.86 1913.9 1821.12 1686.78 1583.42 1449.86 1291.9 1155.98 985.44 863.3 756.42 677.3 610.6 572.78 561.76 541 547.44 550.6 577.74 567.18 573.22 598.84 630.88 663.82 693.08 712.02 710.9 717.18 690.54 651.3 611.74 -9999 -9999 -9999 -9999 -9999 -9999 -9999 -9999 -9999 -9999 -9999 -9999 -9999 -9999 -9999 -9999 -9999 -9999 -9999 -9999 -9999 -9999 -9999 -9999 -9999 -9999 -9999 -9999 -9999 -9999 -9999 -9999 -9999 -9999 -9999 -9999 -9999 -9999 -9999 -9999
2096.64 2008.32 1954.12 1917.8 1912.84 1813.46 1698.44 1630.82 1538.82 1427.46 1309.28 1186.24 1055.78 931.36 824.42 743.7 684.26 627.42 598.84 577.18 565.3 567.74 565.18 572.98 570.12 567.26 598.24 620.44 631.18 649.42 667.76 643 637.42 597.44 893.5 -9999 -9999 -9999 -9999 -9999 -9999 -9999 -9999 -9999 -9999 -9999 -9999 -9999 -9999 -9999 -9999 -9999 -9999 -9999 -9999 -9999 -9999 -9999 -9999 -9999 -9999 -9999 -9999 -9999 -9999 -9999 -9999 -9999 -9999 -9999 -9999 -9999 -9999 -9999 -9999
2078.94 1968.5 1893.02 1857.3 1773.06 1703.88 1652.48 1599.3 1544.4 1453.54 1349.8 1246.48 1125.16 1009.22 902.06 811.32 730.96 672.84 625.72 588.04 584.34 566.5 556.44 565.76 572.22 567.52 576.74 587.26 598.5 615.86 613.04 608.48 593.18 573.66 564.8 -9999 -9999 -9999 -9999 -9999 -9999 -9999 -9999 -9999 -9999 -9999 -9999 -9999 -9999 -9999 -9999 -9999 -9999 -9999 -9999 -9999 -9999 -9999 -9999 -9999 -9999 -9999 -9999 -9999 -9999 -9999 -9999 -9999 -9999 -9999 -9999 -9999 -9999 -9999 -9999
2041.4 1909.4 1817.46 1760.68 1694.72 1659.14 1633.28 1613.9 1560.6 1513.56 1428.42 1337.32 1213.46 1106.36 989.66 888.56 788.96 718.78 661.9 624.02 595.7 579.18 587.16 576.46 564.28 559.46 557.24 567.28 577.16 595.04 600.88 594.26 557.04 581.34 580.48 781 -9999 -9999 -9999 -9999 -9999 -9999 -9999 -9999 -9999 -9999 -9999 -9999 -9999 -9999 -9999 -9999 -9999 -9999 -9999 -9999 -9999 -9999 -9999 -9999 -9999 -9999 -9999 -9999 -9999 -9999 -9999 -9999 -9999 -9999 -9999 -9999 -9999 -9999 -9999
2015.5 1880.02 1811.38 1734.86 1659.54 1626.62 1646.24 1636.92 1635.32 1597.4 1524.5 1413.92 1305.96 1188.58 1081.02 959.8 850.2 751.62 683.18 654.78 616.44 596.16 595.7 585.04 553.66 538.96 516.22 535.9 556.04 586.44 613.88 629.32 621.92 686.64 656.78 607.2 530.16 421.88 732.3 -9999 -9999 -9999 -9999 -9999 -9999 -9999 -9999 -9999 -9999 -9999 -9999 -9999 -9999 -9999 -9999 -9999 -9999 -9999 -9999 -9999 -9999 -9999 -9999 -9999 -9999 -9999 -9999 -9999 -9999 -9999 -9999 -9999 -9999 -9999 -9999
2050.36 1906.56 1781.9 1721.56 1663.9 1653.92 1662.08 1687.76 1721.1 1711.28 1612.56 1518.34 1390.98 1283.4 1166.76 1025.78 905.64 805.74 725.92 676.08 646.58 630.96 621.64 592.36 571.7 517.88 493.04 491.64 541.5 603.44 652.96 675.96 739.5 762.34 773.74 758.96 681.58 554.1 744.16 386.02 250.22 562.52 -9999 -9999 -9999 -9999 -9999 -9999 -9999 -9999 -9999 -9999 -9999 -9999 -9999 -9999 -9999 -9999 -9999 -9999 -9999 -9999 -9999 -9999 -9999 -9999 -9999 -9999 -9999 -9999 -9999 -9999 -9999 -9999 -9999
2066.4 1932.08 1797.52 1723.16 1675.62 1666.14 1699.74 1719.22 1775.62 1758.82 1696.92 1599.92 1490.88 1382.02 1244.94 1112.5 962.06 832.52 732.3 679.3 676.9 665.52 656.74 647.22 588.8 516.86 451.94 469.1 537.48 629.06 717.58 759.64 772.36 805.1 837.7 859.6 903.12 962.16 859.54 593.76 347.78 282.92 208.26 155.28 421.76 -9999 -9999 -9999 -9999 -9999 -9999 -9999 -9999 -9999 -9999 -9999 -9999 -9999 -9999 -9999 -9999 -9999 -9999 -9999 -9999 -9999 -9999 -9999 -9999 -9999 -9999 -9999 -9999 -9999 -9999
2088.14 1952.2 1825.4 1750.46 1687.34 1701.84 1717.38 1747.68 1785.08 1786.62 1738.2 1673.06 1582.42 1492.06 1363.06 1190.82 1000.12 840.06 719.26 694.2 698.22 723.94 729.02 711.02 644.06 535.08 410.9 437.56 554.38 680.74 799.94 805.22 819.98 845.38 902.78 939.48 1030.02 1108.84 1031.54 773.18 536.38 407.44 301.16 216.7 153.8 101.94 -9999 -9999 -9999 -9999 -9999 -9999 -9999 -9999 -9999 -9999 -9999 -9999 -9999 -9999 -9999 -9999 -9999 -9999 -9999 -9999 -9999 -9999 -9999 -9999 -9999 -9999 -9999 -9999 -9999
2100.08 1974.46 1852.84 1770.82 1752.26 1739.16 1762.62 1785.66 1813.46 1804.2 1781.5 1723.2 1665.4 1613.64 1493.02 1290.06 1038.6 808.24 686.82 671.4 731.1 801.24 800.22 792.76 736.94 651.62 509.52 520.56 622.72 728.04 816.02 831.52 847.82 895.26 964.8 1009.06 1062.54 1085.3 1005.1 856.32 674.64 523.42 394.98 299.16 225.34 162.62 343.52 -9999 284 -9999 -9999 -9999 -9999 -9999 -9999 -9999 -9999 -9999 -9999 -9999 -9999 -9999 -9999 -9999 -9999 -9999 -9999 -9999 -9999 -9999 -9999 -9999 -9999 -9999 -9999
2150.26 2027.44 1905.4 1875.08 1844.36 1832.04 1808.3 1811.98 1821.76 1831.44 1815.06 1796.18 1757.52 1729.12 1654.9 1450.02 1085.8 756.42 595.88 677.12 777.74 877.26 891.22 869.22 826.24 781.42 726.24 702.66 759.14 805.1 855.62 856.26 862.9 919.6 961.58 1016.44 1070.9 1072.36 991.96 870.32 745.44 596.76 489.82 393.16 297.86 224.32 192.32 180.02 173.46 148.46 135.52 133.26 103.36 92.16 72.98 68.54 -9999 -9999 -9999 -9999 -9999 -9999 -9999 -9999 -9999 -9999 -9999 -9999 -9999 -9999 -9999 -9999 -9999 -9999 -9999
2226.58 2127.04 2025.12 1969.86 1943.62 1935.54 1883.66 1859.12 1850.48 1847.74 1838.98 1840.34 1841.58 1832.7 1810.58 1583.44 1188.94 788.4 617.48 741.06 863.26 945.48 979.3 969.8 947.54 923.78 890.9 870.42 901.5 933.54 946.4 899.52 855.84 932.42 991.88 1046.04 1089.86 1080.74 995.76 894.88 796.58 688.12 561.4 476.8 391.38 306.66 273.9 246.92 228.32 201.36 178.68 141.38 92.38 72.68 54.16 28.8 47.06 -9999 -9999 -9999 -9999 -9999 -9999 -9999 -9999 -9999 -9999 -9999 -9999 -9999 -9999 -9999 -9999 -9999 -9999
2320.92 2240.8 2145.7 2054.84 1999.88 1973.06 1944.44 1913.82 1858.24 1851.34 1873.46 1900.16 1880.88 1861.6 1776.48 1605.3 1327.96 1053.64 919.5 934.3 1007.58 1060.92 1084.96 1097.32 1076.92 1055.2 1045.82 1039.34 1031.56 1045.3 1029.64 1015.68 996.02 1011.44 1079.22 1106.56 1140.38 1120.84 1019.9 935.34 837.18 743.76 652.3 547.18 473.46 410.06 364.24 312.2 300.52 279.46 227.74 178.5 133.32 81.1 37.86 19.62 48.12 101.58 94.82 -9999 -9999 -9999 -9999 -9999 -9999 -9999 -9999 -9999 -9999 -9999 151.22 -9999 -9999 -9999 -9999
2415.98 2345.62 2247.58 2156.44 2075.3 2020.62 1993.32 1943.42 1890.86 1888.78 1921.54 1922.64 1913.04 1873.48 1817.52 1675.88 1507.36 1329.58 1236.1 1209.96 1213.5 1236.88 1250.9 1234.4 1226.18 1216.96 1200.82 1208.68 1215.9 1194.32 1162.46 1138.72 1137 1155.04 1197.72 1234.04 1251.84 1222 1104.32 994.64 888.14 815.84 732.14 647.72 553.58 490.6 439.08 404.48 378.44 343.38 296.32 249.32 139.28 81.3 42.08 37.48 46.72 70.24 81.58 60.54 -9999 -9999 -9999 -9999 -9999 -9999 -9999 -9999 -9999 -9999 -9999 -9999 -9999 -9999 -9999
2496.88 2452.34 2334 2232.52 2143.72 2089.74 2053.9 2005.6 1993.98 1981.64 1983.86 1974.9 1964.72 1921.04 1878.3 1786.38 1666.46 1559.04 1501.2 1459.72 1462.66 1455.06 1438.6 1401.64 1385.56 1368.96 1366.68 1357.3 1352.56 1326.52 1279.94 1275.86 1288.96 1301.78 1332.86 1355.02 1379.46 1315.22 1187.68 1039.54 946.38 873.32 794.46 716.7 643.1 586.08 528.52 489.28 451.3 428.28 371.54 270.1 165.64 90.68 55.4 47.76 39.14 38.3 25.24 14.26 13.34 -9999 -9999 -9999 -9999 -9999 -9999 -9999 -9999 -9999 -9999 -9999 -9999 -9999 -9999
2518.96 2488.52 2390.88 2288.98 2197.7 2138.36 2113.88 2096.32 2074.1 2061.54 2044.22 2024.66 2006.18 1992.32 1959.08 1906.86 1846.32 1788.26 1740.86 1723.28 1704.44 1676.4 1639.04 1601.2 1555.08 1551.38 1522.52 1527.42 1482.14 1450.9 1427.22 1410.18 1424.4 1432.14 1459.44 1500.6 1522.82 1449.66 1266.24 1111.22 1022.34 956.64 891.56 803.38 732.04 662.68 615.66 578.76 559.26 523.28 430 311.74 191.44 98.58 44.44 54.92 47.82 51.46 30.58 24.46 31.9 26.38 24.72 73.36 97.08 -9999 -9999 -9999 -9999 -9999 -9999 -9999 -9999 -9999 -9999
2531.32 2476.76 2408.58 2335.88 2264.06 2187.08 2172.6 2144.2 2152.52 2129.88 2112.94 2084.04 2082.64 2071.52 2059.32 2027.54 2006.7 1987.26 1970.18 1963.04 1945.74 1898.58 1852.48 1803.82 1734.82 1713.96 1689.12 1664.52 1607.94 1587.6 1560.7 1544.1 1548.3 1562.82 1587.2 1617.4 1616.5 1533.18 1376.7 1208.92 1153.7 1098.62 1032.18 934.12 856.72 803.72 768.84 716.76 675.7 618.14 523.46 393.38 268.7 128.32 97.38 64.5 74.58 38.72 32.6 52.6 66.42 40.76 34.32 112.68 204.78 -9999 -9999 -9999 -9999 -9999 -9999 -9999 -9999 -9999 -9999
2511.82 2464.68 2417.62 2353.46 2281.26 2230.5 2188.94 2200.96 2199.04 2186.96 2169.56 2153.86 2141.74 2160 2157.74 2156.42 2166.9 2156.5 2179.4 2192.54 2175.62 2128.92 2062.78 1999.5 1909.1 1856.64 1842.32 1775.74 1736.28 1720.28 1693.88 1677.68 1671.84 1686.7 1697.18 1693.24 1692.02 1628.34 1515.14 1383.56 1322.78 1270.42 1180.46 1095.5 1013.56 960 928.68 859.4 792.34 720.38 619.92 505.7 357 284.68 228.66 79.66 74.02 73.1 70.4 75.52 62.66 82.9 66.08 139.58 267.38 -9999 -9999 -9999 -9999 -9999 -9999 -9999 -9999 -9999 -9999
2515.52 2465.3 2406.78 2362.22 2308.58 2263.82 2235.12 2236.88 2254.92 2242.8 2216.54 2209.82 2210.64 2228.42 2226.22 2254.6 2294.96 2335.46 2378.18 2411.84 2405.32 2329.12 2233.2 2167.1 2086.12 2017.22 1960.3 1908.82 1878.62 1832.06 1805.96 1790.04 1774.2 1778.92 1773.18 1769.32 1768.14 1736.44 1644.6 1560.46 1507.04 1414.34 1325.86 1244.56 1164.38 1099.6 1064.64 1012.12 934.02 844.84 750.94 592.22 441.08 291.78 235.3 179.48 163.4 99.68 153.14 87.02 71.46 81.36 108.88 175.68 295.5 -9999 -9999 -9999 -9999 -9999 -9999 -9999 -9999 -9999 -9999
2496.42 2447.78 2405.96 2362.16 2305.9 2258.76 2245.84 2232.6 2279.7 2268.4 2243.54 2246.46 2248.98 2266.84 2304.38 2332.54 2383.02 2453.38 2534.22 2619.5 2584.8 2478.9 2373.24 2297.44 2219.64 2134.46 2084.18 2056.18 1989.7 1953.82 1928.14 1902.28 1886.52 1870.76 1855.02 1858.38 1844.48 1813.22 1765.1 1729.96 1677.4 1556.58 1470.52 1382.02 1306.04 1235.16 1157.84 1092.92 1025.72 939.04 819.62 662.9 444.78 290.18 247.62 288.64 315.66 236.5 166.4 150.5 81.08 92.76 119.26 173.2 327.02 423.14 -9999 -9999 -9999 -9999 -9999 -9999 -9999 -9999 -9999
2468.8 2421.42 2369.54 2339.36 2295.32 2255.32 2236.68 2218.56 2244.04 2264.64 2250.08 2243.08 2265.04 2305.14 2352.6 2390.52 2440.9 2521.98 2593.12 2667.66 2664 2558.38 2483.16 2407.58 2314.24 2242.12 2199.58 2160.28 2106.68 2062.94 2039.58 2004.7 1978.56 1952.34 1946.94 1931.02 1931.18 1882.84 1867.02 1816.9 1743.04 1651.84 1569.24 1471.4 1401.18 1325.24 1250.62 1166.2 1080.92 981.84 839.36 652.98 446.26 315.34 263.32 232.08 287.26 307.68 167.02 130.88 87.94 111.02 121.24 139.48 298.08 355.86 -9999 -9999 -9999 -9999 -9999 -9999 -9999 -9999 -9999
2450.92 2374.86 2322.94 2300.04 2266.7 2233.04 2193.6 2178.74 2180.82 2202.9 2216.92 2239.74 2271.22 2322.92 2362.08 2420.54 2491.66 2562.86 2614.08 2676.56 2653.02 2597.68 2532.66 2471.66 2391.24 2329.52 2289.1 2253.86 2193.8 2163.12 2119.48 2106.7 2062.54 2049.26 2025.42 1990.58 1966.1 1956.98 1917.18 1860.8 1790.18 1733.24 1650.94 1567.18 1491.72 1409.86 1312.5 1217.78 1094.72 977.62 835.58 670.82 498.92 360.76 268.3 182.86 183.7 253.16 197.84 142.02 155.36 162.7 154.34 200.04 326 378.88 -9999 -9999 -9999 -9999 -9999 -9999 -9999 -9999 -9999
2380.2 2315.98 2262.36 2228.82 2215.9 2182.18 2158.16 2143.52 2108.34 2120.42 2174.86 2217.68 2259.68 2321.8 2363.2 2431.44 2502.6 2563.86 2615.14 2646.48 2661.94 2636.92 2568.12 2517.9 2457.66 2386.56 2353.62 2315.32 2276.54 2247.5 2207.82 2176.28 2153.14 2118.5 2104.28 2076.38 2061.92 2039.8 1969.2 1920.64 1846.26 1779.86 1713.94 1651.14 1566.76 1485.26 1398.26 1256.52 1095.16 953.72 822.9 699.58 561.14 407.72 323.44 203.72 177.08 258.64 187.6 154.92 177.56 174.94 185.32 268.76 387.68 -9999 -9999 -9999 -9999 -9999 -9999 -9999 -9999 -9999 -9999
