data/default-data/raster/climate/pre_2.txt
ncols         720
nrows         360
xllcorner     -180
yllcorner     -90
cellsize      0.5
NODATA_value  -9999
[rows 132 to 164 of 360, columns 375 to 449 of 720]
20.98 10.82 0 0 6.36 26.12 40.44 14.22 14.84 7.76 7.94 16.7 25.28 8.64 0 0 0 0 0 0 0 0 0 12.82 18.14 5.96 0 0 0 0 0 0 0 0 9.26 19.76 32.22 35.06 24.9 19.82 7.04 7.34 0 0 7.86 0 0 7.46 7.72 6.3 5.12 4.94 5.32 15.56 15.88 10.78 0 -9999 -9999 -9999 -9999 8.02 0 17.4 17.66 27 27.36 27.74 37.36 28.4 28.66 38.6 48.76 59.28 59.88
22.08 17.28 12.34 0 0 0 14.38 29.36 7.54 8.12 16.54 25.64 26.3 26.3 17.28 26.3 0 0 0 0 0 0 13.98 27.18 26 0 0 0 0 0 0 0 0 0 5.32 16 34.62 43.44 19.44 13.6 7.22 0 0 0 0 0 0 7.74 7.08 5.64 5.86 5.76 11.34 17.08 17.26 5.76 0 -9999 -9999 -9999 -9999 -9999 0 8.42 17.42 26.88 27.32 36.88 37.28 37.72 28.56 38.5 38.96 59.1 59.74
11.94 12.06 0 0 0 0 0 7.86 23.88 16.62 25.28 35.32 26.7 26.7 26.7 44.7 26.7 8.7 0 0 0 0 37.12 56.84 34.32 0 0 0 0 0 0 0 0 0 11.08 23.28 30.98 26.38 14.02 7.44 0 0 0 0 0 8.4 8.24 8.22 7.16 0 6.2 0 6.18 18.3 18.14 12 0 0 -9999 -9999 -9999 -9999 0 8.3 25.56 35.28 27.24 27.42 27.88 37.68 38.02 38.48 38.92 49.18 49.8
0 6.46 6.36 0 0 0 0 0 16.64 17.4 35.5 27.18 18.14 0 0 36.3 45.36 36.3 27.18 26.24 25.66 32.62 62.94 104.98 36.02 0 0 0 0 0 0 0 0 0 17.7 25.5 19.96 14.34 7.6 0 0 0 0 0 0 8.7 8.66 8.06 0 7.24 7.58 0 8.24 8.5 16.68 32.4 16.16 8.18 0 -9999 -9999 -9999 -9999 29.86 41.06 39.2 27.08 27.46 27.68 37.5 38 38.4 38.84 49.02 49.6
0 0 0 0 0 0 0 0 0 0 8.84 0 0 0 0 9.48 37.18 56.12 46.7 82.62 62.16 76.82 123.1 79.28 30.16 7.36 0 0 0 0 0 0 0 0 25.8 26.9 28.1 22.38 0 0 0 0 0 0 9.1 9.1 8.96 8.1 7.8 0 0 0 0 10.52 21 51.46 40.86 30.64 10.64 -9999 -9999 -9999 -9999 58.82 45.64 53.56 39.94 36.54 36.86 46.7 47.34 38.38 38.8 48.94 49.44
0 0 0 7.3 0 0 0 0 0 0 0 9.84 0 0 0 9.84 28.94 114.42 133.5 133.5 129.52 151.84 146.26 49.32 24.04 7.32 7.36 0 0 0 0 0 0 12.64 13.22 21.86 15.18 0 0 0 0 0 0 0 9.4 0 9.06 0 0 0 0 0 0 12 24.94 37.3 36.98 36.98 24.94 0 -9999 -9999 -9999 51.7 49.66 93.4 54.66 60.86 46.02 55.8 47.14 47.68 48.32 48.88 49.44
0 0 0 0 0 0 0 0 0 0 0 9.6 0 0 0 0 29.48 78.14 137.1 215.18 182.48 167.24 107.32 34.72 16.68 8 0 0 0 0 0 6.64 6.64 14.04 14.68 15.3 0 0 0 0 0 0 0 9.7 9.7 9.7 0 0 0 0 0 0 0 0 27.6 28.24 29.24 43.2 57.88 0 -9999 -9999 -9999 0 53.38 63.06 83.06 89.04 71.84 55.88 56.34 47.54 48.14 39 49.22
0 0 7.96 0 0 0 0 0 0 0 0 0 0 0 0 0 10 30 40 130 120 183.32 111.28 44.64 17.36 7.96 0 0 0 0 0 7.32 14.64 14.64 22.64 8 0 0 0 0 0 0 0 10 10 0 0 0 0 0 0 0 0 14.5 29.84 15.32 32.32 32.94 66.18 16.96 -9999 -9999 -9999 -9999 0 40.7 38.4 96.48 101.42 82.62 65.68 56.78 57.5 38.78 49.18
0 0 7.76 0 0 0 0 0 0 0 0 0 0 0 0 0 10 20 20 40 70 100 125.32 28 18 0 0 0 0 0 0 0 0 0 0 0 0 0 0 0 0 0 0 0 10 0 0 11.72 0 0 0 0 0 15.2 16.5 0 0 17.58 18.68 18.74 -9999 -9999 -9999 -9999 -9999 -9999 26 35.98 110.92 140.08 93.9 75.76 76.5 67.6 68.48
0 8.42 50.54 8.3 8.96 0 0 0 0 0 10 10 10 10 10 10 10 20 20 30 30 40 30 28.64 18.68 0 0 0 0 0 0 0 0 0 0 0 0 0 0 0 0 0 0 0 0 0 10.42 11.72 12.18 0 0 0 0 0 16.5 0 0 0 0 0 -9999 -9999 -9999 -9999 -9999 -9999 -9999 45.72 73.6 147.68 102.52 93.66 84.78 95.58 78.26
0 8.96 62.68 80.54 36.92 0 0 0 0 0 0 10 10 10 10 10 10 10 10 10 20 0 0 20 19.32 0 0 0 0 0 0 18 18 8.64 0 0 0 0 0 0 0 0 0 0 0 0 0 0 0 0 0 14.3 0 0 0 0 0 0 17.52 17.84 0 -9999 -9999 -9999 -9999 -9999 -9999 64.6 69.98 135.4 138.08 111.02 103.38 114.96 87.98
0 18.96 85.28 56.86 18.96 0 0 0 0 10 10 20 10 10 10 10 10 10 10 10 20 10 0 20 10 9.28 0 0 0 0 0 9.32 9.32 0 0 0 0 0 0 0 0 0 0 0 0 0 0 0 0 0 12.8 13.52 0 0 0 0 0 0 15.9 50.14 68.52 126.78 -9999 -9999 -9999 -9999 -9999 0 78.14 141.82 163.38 157.44 122.74 115.26 88.04
0 30 90 30 0 0 0 10 10 10 10 10 10 0 0 0 0 0 0 0 0 0 0 0 0 0 0 10 10 0 0 30 40 0 0 0 0 0 0 0 0 0 0 0 0 0 0 10.42 11.1 11.66 11.82 12 0 0 0 0 0 13.96 29.5 31.22 95.82 136.44 142.26 -9999 -9999 -9999 -9999 -9999 9.62 65.28 118.5 149 151.72 106.24 88.36
0 20 40 10 0 0 0 0 10 10 10 10 10 0 0 0 0 0 0 0 0 0 0 0 0 0 0 10 30 50 40 40 20 0 0 0 0 0 0 0 0 0 0 0 0 0 9.22 9.38 9.56 9.8 10 10.66 0 0 0 0 0 12.9 27.4 43.04 87.58 131.8 148.14 -9999 -9999 -9999 -9999 -9999 -9999 9.48 92.12 169.96 192.3 145.8 107.2
0 9.76 10 0 0 0 0 0 10 10 10 10 10 0 0 0 0 0 0 0 0 0 0 0 0 0 0 0 10 30 40 30 10 0 0 0 0 0 0 0 0 0 0 0 0 0 8.04 15.98 7.78 8.82 8.98 0 0 0 0 10.46 10.94 11.8 12.48 25.92 66 108.92 127.94 0 -9999 -9999 -9999 -9999 -9999 0 64.88 160.06 200.1 163.46 124.86
0 0 0 0 0 0 0 0 10 10 10 0 0 0 0 0 0 0 0 0 0 0 0 0 0 0 0 0 0 20 30 20 10 0 0 0 0 0 0 0 0 0 0 0 0 8.04 15.1 13.14 6.76 0 0 7.84 8.38 0 0 9.02 9.86 10.6 11.06 11.5 35.42 73.44 132.8 177.48 -9999 -9999 -9999 -9999 -9999 -9999 54.84 130.04 197.8 180.66 122.88
0 0 0 0 0 0 0 0 0 0 0 0 0 0 0 0 0 0 0 0 0 0 0 0 0 0 0 0 20 20 10 0 0 0 0 0 10 0 10 10 10 0 0 9.02 8.04 7.06 13.14 0 5.1 0 0 0 0 0 0 0 8.72 0 9.66 10.16 10.44 43.38 67.22 196.9 20.26 19.94 -9999 -9999 -9999 0 62.78 91.36 176.44 188 158.38
0 0 9.96 0 0 0 0 0 0 0 0 0 0 0 0 0 0 0 0 0 0 0 0 0 0 0 0 0 30 30 10 0 0 0 0 0 0 10 10 20 10 0 0 16.08 7.06 7.06 6.08 0 5.1 0 0 0 0 0 0 0 0 0 0 0 9 18.82 29.6 99.58 176.62 147.2 -9999 -9999 -9999 90.98 53.4 72.5 147.2 213.08 181.88
0 9.28 9.52 0 0 9.38 0 0 9.38 0 0 0 0 0 0 0 0 0 0 0 0 0 0 0 0 0 0 10 30 40 20 0 0 0 0 10 20 10 10 20 9.88 9.54 8.34 15.26 13.1 0 0 5.08 4.1 0 0 0 0 4.06 4.94 0 0 0 0 0 8.08 18.28 29.5 56.36 100.88 121.54 94.36 9.32 -9999 -9999 8.92 63.58 129.24 182.82 170.44
0 0 0 0 0 0 0 0 8.88 9.04 0 0 0 0 0 0 0 0 0 0 0 0 0 0 0 0 0 20 30 40 20 0 0 10 0 10 20 10 10 20.28 20.02 19.38 18.12 15.74 13.84 0 0 4.08 3.1 0 0 0 0 3.26 0 0 0 0 0 0 0 18.7 37.42 52.9 78.8 88.1 79.9 89.36 8.68 -9999 17.64 54.5 119.46 199.4 205.12
0 0 0 0 0 0 0 0 0 0 0 0 0 0 0 0 0 0 0 0 0 0 0 0 0 9.06 0 0 10 10 10 10 20 50 20 10 20 10 9.88 20.02 20.3 9.56 9.32 8.12 7.38 6.7 0 0 0 0 0 0 0 0 0 0 0 0 0 0 0 18.46 35.38 58.16 83.2 58 57.38 73.12 59.02 17.12 17.52 53.9 126.28 180.24 146.64
0 0 9.06 0 0 0 0 0 0 0 0 0 0 0 0 0 0 0 0 0 0 0 0 0 0 0 9.06 0 0 10 10 10 30 100 50 20 10 9.88 20.02 20.3 20.58 9.96 9.38 8.36 8.12 0 0 0 0 0 0 0 0 0 0 0 0 0 0 0 17.72 61.04 33.44 73.92 80.22 56.14 46.7 62.84 88.54 66.34 25.8 61.36 91.1 147.06 77.2
0 0 0 0 0 0 0 0 0 0 0 0 0 0 0 0 0 0 0 0 0 0 0 0 0 0 0 0 9.56 19.56 10 10 20 70 30 20 9.88 10.28 10.16 10.02 10.42 0 0 0 0 0 0 0 0 5.18 0 0 0 0 0 0 0 0 0 25.72 44.74 52.8 70.28 113.66 111.9 51.5 69.48 70.1 87.64 105.14 90.04 27.7 85.14 64.66 28.92
0 0 0 0 0 0 0 0 0 0 0 0 0 0 0 0 0 0 0 0 0 7.82 7.7 23 0 8.2 8.7 8.64 9.16 9.66 9.96 20.1 20.1 20.1 20.1 19.9 9.68 9.86 20.08 10.16 9.94 0 0 9.12 0 0 0 0 0 0 0 0 0 0 0 0 0 0 0 17.58 63.26 92.22 130.56 198.48 151.76 93.7 92.3 110.44 121.48 142.72 164.82 134.94 -9999 -9999 -9999
0 0 0 0 0 0 6.54 6.84 7.6 7.84 8.72 0 0 0 0 0 0 0 8.9 0 7.48 7.38 14.32 14.34 7.12 7.72 0 0 0 10.02 10.04 19.94 10.1 0 0 9.9 9.44 19.38 19.44 19.18 19 9.78 9.2 17.64 17 0 0 6.54 0 0 0 0 0 0 0 0 0 24.02 32.06 8 66.52 157.28 172.44 260.04 229.94 165.48 107.88 108.9 150.84 174.06 185.88 59.6 -9999 -9999 -9999
0 0 0 0 0 0 0 7.02 7.34 7.5 8.4 0 0 0 0 0 0 0 8.5 7.86 7.8 7.14 13.42 6.78 7.3 7.22 7.82 0 0 0 10.02 19.92 9.98 0 0 0 9.34 18.56 18.56 9.48 9.26 9.3 8.72 8.48 8.48 7.62 0 0 0 0 0 0 0 0 0 0 16.22 24.18 48.02 102.3 90.16 124.96 197.34 317.72 327.02 252.9 161.42 186.64 177.58 190.1 216.06 161.72 35 -9999 -9999
0 0 8.16 11.92 5.12 5.6 0 0 0 7.8 8.1 8.34 33.62 17.06 8.36 8.02 8.22 0 8.2 0 7.48 0 0 0 0 0 0 0 0 0 0 9.86 0 0 0 0 0 0 0 0 0 0 0 8.28 8 0 0 0 0 0 0 0 0 0 16.28 8.46 67.02 49.34 72.58 122.18 214.7 235.58 271.88 373.72 369.38 275.76 224.62 228.34 212.64 219.94 203.56 151.54 97.24 23.08 -9999
5.84 0 8.12 6.48 8.44 0 0 0 0 7.48 31.7 33.26 33.02 8.46 8.08 16.04 7.9 0 8.04 0 0 0 0 0 0 0 8.14 0 0 0 9.76 9.72 9.84 0 9.64 0 0 0 0 0 0 0 0 0 0 0 6.98 0 0 0 0 0 0 15.8 40.72 24.88 42.52 66.64 73.32 102.26 203.96 218.98 245.18 332.92 369.48 266.9 255.64 241.26 236.44 230.42 238.02 174.56 106.54 63.88 36.66
13.52 7.44 16.12 6.94 0 0 0 0 0 7.18 23.9 24.72 8.1 0 0 0 0 0 0 0 0 6.18 6.02 5.86 6.94 7.74 8.88 9.68 9.8 9.76 29.36 29.04 38.66 29.02 9.6 9.34 27.08 8.62 0 0 0 0 0 0 0 0 0 0 0 0 0 0 0 23.38 70.14 119.18 97.88 91.04 137.5 181.82 179.06 246.36 295.4 351.06 357.3 233.24 230.64 244.58 255.46 250.64 241.02 188.88 113.66 80.02 74.98
13.24 0 16.56 15.28 0 0 0 0 0 0 7.92 0 0 0 0 0 0 0 0 0 7.86 7.66 6.88 6.06 7.26 16.1 18.12 19.32 9.64 19.26 19.18 56.58 56.58 28.24 18.6 18.46 17.6 17.02 8.44 0 8.06 0 7.82 7.74 0 0 0 0 0 0 0 6.92 14.52 84 113.92 134.4 168.2 112.8 148.56 245.88 229.5 326.7 357.7 362.14 271.44 210.76 265.2 296.92 285.62 195.46 233.84 178.48 113 71.72 47.7
12.52 0 0 0 0 0 0 0 29.14 7.38 22.68 0 0 0 0 0 0 0 0 0 7.22 0 0 8.44 16.32 25.28 27.98 37.86 28.12 47.06 56.08 64.62 64.62 64.38 45.3 35.9 26.4 8.52 8.24 8 0 0 7.64 7.52 7.12 0 0 0 6.14 6.34 6.44 13.28 28.36 74.58 157.14 146.04 199.8 202.58 211.1 219.42 299.24 332.28 331.88 275.1 224.14 260.3 241.66 207.7 196.86 173.28 160.92 147.92 111.9 71.04 54.92
21.44 7.56 0 0 7.76 8.04 8.2 0 41.72 16.68 0 0 0 0 0 0 17 17.9 15.7 10.8 12.32 0 9.38 28.44 28.06 37.38 46.58 65.34 65.04 74.5 64.96 64.04 82.82 63.88 63.06 44.44 34.9 25.56 24.9 8.02 7.72 15.58 7.48 7.34 7.24 0 0 6.98 6.6 6.8 20.86 28.4 43.42 66.54 134.8 216.24 283.66 333.96 327.74 303.5 273.96 418.18 314.54 348.56 377.22 246.96 198.68 164.2 145.12 128.98 124.4 118.06 101.92 68.28 47.68
52.36 34.4 17.3 41.84 32.32 40.88 42.1 34.64 34.62 25.94 35.5 0 0 26.82 16.34 35.24 38.1 17.86 14.96 10.36 19.38 15.22 36.92 37.82 56.28 74.36 74.18 101.44 84.64 94.3 65.58 64.98 74.58 64.5 63.78 61.84 43.54 34.38 33.6 24.3 23.46 15.22 15.14 7.5 7.5 7.54 7.5 7.36 7.08 21.84 29.6 37.78 61.62 85.04 134.94 311 373 426.14 445.56 420.32 353.5 356.42 350.7 512.28 386.56 248.2 192.1 150.58 119.9 93.8 90.02 98.02 90.18 64.62 55.06
