data/default-data/raster/climate/pre_7.txt
ncols         720
nrows         360
xllcorner     -180
yllcorner     -90
cellsize      0.5
NODATA_value  -9999
[rows 66 to 98 of 360, columns 600 to 674 of 720]
923.2 868.32 846.84 917.48 927.68 990.14 1074.46 1120.4 1134.14 1085.72 1162.82 1193.52 1134.3 1171 1146.36 1184.38 1130.12 1106.3 1114.58 1053.26 1008.72 962.34 946.92 972.1 977.66 1022.06 969.94 974.78 968.7 962.54 946.92 945.92 982.06 1054.84 1123.82 1151.88 1161.78 1095.94 -9999 -9999 -9999 -9999 -9999 -9999 -9999 -9999 -9999 -9999 -9999 -9999 -9999 -9999 -9999 -9999 -9999 -9999 -9999 -9999 -9999 -9999 -9999 -9999 -9999 -9999 -9999 -9999 -9999 -9999 -9999 -9999 -9999 -9999 702.12 678.94 680.06
940.9 946.88 937.34 947.66 989.22 1050.96 1117.1 1162.28 1207.16 1202.06 1219.5 1230.88 1213.96 1206.86 1211.22 1207.02 1153.98 1160.32 1178.06 1086.74 1092.92 1000.94 968.94 1014.42 1079.02 1065.72 1062.18 1068.2 1081.08 1083.66 1030.54 1031.36 1056.1 1071.28 1076.7 1097.28 1110.34 -9999 -9999 -9999 -9999 -9999 -9999 -9999 -9999 -9999 -9999 -9999 -9999 -9999 -9999 -9999 -9999 -9999 -9999 -9999 -9999 -9999 -9999 -9999 -9999 -9999 -9999 -9999 -9999 -9999 -9999 -9999 -9999 -9999 -9999 737.34 732.52 708.8 709.74
908.48 936.52 947.08 977.98 1017.36 1020.86 1085.36 1159.4 1226.02 1263.94 1250.04 1264.12 1292.5 1251.58 1225.7 1229.74 1225.62 1192.88 1200.6 1187.08 1173.04 1161.08 1133.04 1122.88 1121.02 1156.96 1172.62 1168.84 1154.66 1138.08 1127.22 1096.98 1027.54 986.6 1051.96 -9999 -9999 -9999 -9999 -9999 -9999 -9999 -9999 -9999 -9999 -9999 -9999 -9999 -9999 -9999 -9999 -9999 -9999 -9999 -9999 -9999 -9999 -9999 -9999 -9999 -9999 -9999 -9999 -9999 -9999 -9999 -9999 -9999 -9999 -9999 -9999 777.66 744.46 740.04 748.54
926.32 966.04 977 1014.76 1038.7 1070.72 1112.78 1157.66 1186.64 1205.28 1230.5 1251.72 1265.94 1237.92 1210.76 1223.9 1217.76 1214.42 1192.56 1188.54 1138.92 1146.8 1177.76 1188.28 1148.9 1166.56 1183.94 1191.82 1198.34 1178.1 1158.66 1087.88 1084.56 -9999 1006.54 1039.22 -9999 -9999 -9999 -9999 -9999 -9999 -9999 -9999 -9999 -9999 -9999 -9999 -9999 -9999 -9999 -9999 -9999 -9999 -9999 -9999 -9999 -9999 -9999 -9999 -9999 -9999 -9999 -9999 -9999 -9999 -9999 -9999 -9999 -9999 -9999 770.1 756.4 742.44 767.52
984.96 995.84 1002.06 1054.5 1096.38 1107.46 1142.48 1181.86 1201.36 1247.24 1252.2 1234.24 1272.9 1226.38 1251.72 1242.68 1233.66 1216.54 1194.72 1193.32 1135.12 1135.18 1204.52 1224.74 1186.54 1185.36 1240.96 1210.74 1182.5 1177.58 1160.56 1051.54 1068.04 1047.8 1036.98 819.42 986.46 -9999 -9999 -9999 -9999 -9999 -9999 -9999 -9999 -9999 -9999 -9999 -9999 -9999 -9999 -9999 -9999 -9999 -9999 -9999 -9999 -9999 -9999 -9999 -9999 -9999 -9999 -9999 -9999 -9999 -9999 -9999 -9999 -9999 -9999 761.44 758.4 753.56 825.46
1034.28 1068.74 1070.04 1091.16 1081.98 1098.46 1107.66 1126.68 1184.08 1200.04 1259.02 1297.18 1308.9 1314.84 1329.38 1283.32 1285.08 1284.14 1249.14 1239.08 1160.7 1152.64 1202.68 1213.24 1205.26 1175.6 1174.14 1182.3 1224.82 1248.66 1232.84 1114.28 1054.96 942.14 1015.46 975.16 -9999 944.28 790.84 796.36 818.26 -9999 -9999 -9999 624.74 638.14 -9999 -9999 -9999 -9999 -9999 -9999 -9999 -9999 -9999 -9999 -9999 -9999 -9999 -9999 -9999 -9999 -9999 -9999 -9999 -9999 -9999 -9999 -9999 -9999 -9999 742.16 730.82 746.72 817.98
1036.24 1039.84 1043.22 1055.78 1063.56 1082.72 1093.52 1123.96 1155.64 1166.1 1225.68 1245.52 1260.18 1324.7 1346.88 1356.18 1343.32 1303.78 1309.12 1313.52 1274.96 1266.72 1295.56 1277.08 1240.52 1259.26 1248.42 1307.5 1398.06 1414.74 1266.18 1134.06 1033.48 926.54 1040.38 1000.04 801.5 808.42 787.48 751.5 737.76 765.98 -9999 -9999 -9999 616.08 -9999 -9999 -9999 -9999 -9999 -9999 -9999 -9999 -9999 -9999 -9999 -9999 -9999 -9999 -9999 -9999 -9999 -9999 -9999 -9999 -9999 -9999 -9999 -9999 -9999 656.3 722.14 747.56 811.58
1082 1086.9 1079.72 1086.92 1104.98 1134.84 1135.52 1156.46 1178.14 1180.76 1223.16 1263.18 1273.7 1313.4 1336.48 1335.88 1336.26 1343.44 1338.64 1318.34 1276.28 1252.52 1318.36 1317.12 1297.28 1343.18 1390.2 1397.78 1378.96 1375.54 1283.62 1118.14 987.82 964.08 887.6 838.48 817.44 787.3 766.52 709.04 725.36 687.4 636.58 697.22 618.46 622.68 635.98 -9999 -9999 -9999 -9999 -9999 -9999 -9999 -9999 -9999 -9999 -9999 -9999 -9999 -9999 -9999 -9999 -9999 -9999 -9999 -9999 -9999 -9999 -9999 -9999 -9999 713.42 729.52 727.86
1077.12 1111.84 1161.44 1130.14 1179.66 1199.34 1239.28 1241.4 1233.46 1255.54 1247.66 1269.82 1285.14 1309.18 1333.22 1343.52 1345.38 1335.06 1332.98 1325.24 1303.06 1294.96 1308.26 1335.48 1362.9 1409.46 1460.76 1479.92 1478.34 1448.4 1317.7 1148.42 970.4 915.32 894.06 882.24 842.52 823.86 768.86 723.06 714.66 698.14 617.06 717.28 615.42 610.24 613.02 -9999 -9999 -9999 -9999 -9999 -9999 -9999 -9999 -9999 -9999 -9999 -9999 -9999 -9999 -9999 -9999 -9999 -9999 -9999 -9999 -9999 -9999 -9999 -9999 -9999 714.26 721.68 730.64
1133.06 1133.1 1171.8 1191.4 1232.94 1264.86 1277.36 1278.76 1280.24 1281.66 1283.76 1276.2 1279.34 1304.62 1330.1 1341.54 1333.36 1352.72 1312.02 1315.86 1309.64 1332.98 1335.38 1371.64 1399.3 1468.88 1496.6 1542.38 1539.26 1498.28 1297.66 1126.02 983.44 920.92 958.56 931.12 884.72 876.06 791.88 736.96 709.66 693.02 633.86 597.42 623.16 626.6 685.1 -9999 -9999 -9999 -9999 -9999 -9999 -9999 -9999 -9999 -9999 -9999 -9999 -9999 -9999 -9999 -9999 -9999 -9999 -9999 -9999 -9999 -9999 -9999 -9999 -9999 703.68 702.76 730.46
1171.7 1191.24 1191.1 1241.64 1293.92 1307.44 1311.74 1335.52 1349.14 1340.98 1342.82 1314.36 1296.78 1268.74 1316.64 1337.18 1337.2 1345.74 1343.2 1349.16 1331.92 1335.46 1404.06 1461.28 1447.12 1462.16 1489.58 1521.96 1537.72 1487.74 1324.26 1180.26 1038.34 973.02 938.66 939.62 977.78 881.54 806.54 741.08 740.74 720.32 849.2 615.2 629.88 634.76 635.26 -9999 -9999 -9999 -9999 -9999 -9999 -9999 -9999 -9999 -9999 -9999 -9999 -9999 -9999 -9999 -9999 -9999 -9999 -9999 -9999 -9999 -9999 -9999 -9999 -9999 -9999 731.26 750.98
1202.96 1247.32 1257.8 1261.32 1323.78 1348.06 1332.52 1367.44 1362.16 1356.66 1350.7 1342.46 1334.86 1318.82 1325.94 1336.44 1335.4 1353.72 1360.18 1367.18 1353.38 1394.64 1435.8 1488.18 1464.08 1455.92 1505.94 1597.2 1595.08 1459.02 1351.02 1250.4 1127.32 1034.74 990.42 1014.74 978.08 902.4 869.68 833.8 788.14 708.72 -9999 -9999 633.98 655.04 681.82 -9999 -9999 -9999 -9999 -9999 -9999 -9999 -9999 -9999 -9999 -9999 -9999 -9999 -9999 -9999 -9999 -9999 -9999 -9999 -9999 -9999 -9999 -9999 -9999 -9999 -9999 741 714.86
1200.84 1245.84 1273.04 1348.54 1362.64 1367.68 1372.76 1367.84 1362.62 1377.56 1341.76 1336.5 1388.64 1370.82 1343.1 1345.56 1354.02 1364.58 1366.64 1375.62 1401 1451 1463.64 1459.04 1476.4 1515.04 1561.38 1567.78 1575.02 1581.64 1479.54 1330.2 1276.78 1125.82 1034 996.76 1045.72 1051.84 977.62 922.4 817.88 911.66 -9999 -9999 680.12 697.88 800.4 703.78 -9999 -9999 -9999 -9999 -9999 -9999 -9999 -9999 -9999 -9999 -9999 -9999 -9999 -9999 -9999 -9999 -9999 -9999 -9999 -9999 -9999 -9999 -9999 771.1 756.44 733.16 -9999
1154 1234.58 1300.6 1362.06 1361.72 1386.68 1391.82 1407.1 1382.08 1387.06 1351.52 1366.7 1433.36 1418.02 1382.58 1386.56 1389.26 1411.72 1404.26 1405.92 1413.26 1435.02 1449.08 1468.44 1517.76 1527.26 1538.78 1596.16 1648.28 1586.94 1497.26 1422.6 1302.24 1170.52 1097.3 1088.14 1107.84 1077.7 1022.52 945.78 831.58 938.02 -9999 -9999 703.66 719.78 774.12 735.38 -9999 -9999 -9999 -9999 -9999 -9999 -9999 -9999 -9999 -9999 -9999 -9999 -9999 -9999 -9999 -9999 -9999 -9999 -9999 -9999 -9999 -9999 765.78 760.74 820.12 -9999 -9999
1156.42 1219.4 1276.84 1358.3 1391.8 1398.18 1402 1396.04 1360.66 1385.6 1390.44 1409.68 1414.38 1420.06 1426.38 1450.82 1438.24 1439.58 1421.7 1405.14 1424.4 1430.1 1431.76 1452.86 1472.68 1512.94 1524.6 1542.84 1556.78 1543.8 1443.74 1369.76 1308.32 1225.04 1192.74 1197.48 1202.24 1148.46 1074.24 968.96 854 -9999 -9999 -9999 747.04 742.08 728.44 747.42 833.96 -9999 -9999 -9999 -9999 -9999 -9999 -9999 -9999 -9999 -9999 -9999 -9999 -9999 -9999 -9999 -9999 -9999 -9999 -9999 -9999 877.02 765.02 -9999 -9999 -9999 -9999
1125.14 1229.74 1306.48 1384.2 1416.5 1439.4 1423.02 1416.48 1389.96 1413.62 1425.6 1431.68 1427.62 1446.82 1476.14 1496.54 1491.04 1478.32 1448.54 1419.84 1407.06 1418.94 1442.16 1474.1 1485.82 1497.48 1495.74 1523.4 1551.16 1516.22 1437.26 1394.58 1341.78 1277.34 1295.4 1314.74 1255.74 1196.5 1103.86 970.5 847.32 -9999 -9999 -9999 779.36 804.82 750.72 741.8 771.98 -9999 -9999 -9999 -9999 -9999 -9999 -9999 -9999 -9999 -9999 -9999 -9999 -9999 -9999 -9999 -9999 -9999 -9999 -9999 -9999 807.36 -9999 -9999 -9999 -9999 -9999
1151.96 1250.22 1335.46 1403.04 1421.16 1412.9 1421.24 1413.94 1396.54 1429.5 1426.04 1445.02 1454.24 1471.64 1486.68 1508.74 1561.12 1535.88 1503.82 1478.2 1451.12 1415.1 1429.82 1392.52 1395.3 1414.4 1403.54 1422.3 1424.16 1422.26 1402.36 1389.34 1345.62 1351.66 1375.16 1391.14 1336.62 1231.54 1105.86 987.88 867.36 -9999 -9999 966.74 811.92 798.76 -9999 -9999 -9999 -9999 -9999 -9999 -9999 -9999 -9999 -9999 -9999 -9999 -9999 -9999 -9999 -9999 -9999 -9999 -9999 -9999 -9999 -9999 -9999 -9999 -9999 -9999 -9999 -9999 -9999
1174.28 1286.4 1346.76 1391.58 1404.14 1411.82 1402.84 1387.66 1410.4 1419.38 1432.34 1462.42 1488.66 1489.7 1508.1 1530.22 1602.02 1556.16 1535.5 1506.02 1465.42 1450.68 1416.8 1338.64 1328.4 1357.56 1345.54 1366.94 1380.36 1383.5 1377.3 1374.38 1366.12 1427.52 1437.98 1404.18 1300.26 1215.42 1100.18 965.42 1070.62 -9999 -9999 -9999 815.7 967.8 -9999 -9999 -9999 -9999 -9999 -9999 -9999 -9999 -9999 -9999 -9999 -9999 -9999 -9999 -9999 -9999 -9999 -9999 -9999 -9999 959.22 -9999 -9999 -9999 -9999 -9999 -9999 -9999 -9999
1231.46 1330.7 1347.6 1392.6 1370.7 1370.56 1372.9 1371.62 1382.98 1409.12 1439.54 1460.68 1485.66 1487.3 1497.24 1552.22 1604.46 1611.54 1605.96 1586.84 1423.56 1374.78 1331.44 1271.96 1262.8 1281.38 1294.92 1301.48 1319.18 1326.78 1343.54 1366.64 1421.74 1440.08 1410.42 1335.92 1237.3 1139.26 1007.32 -9999 -9999 -9999 -9999 -9999 857.9 1048.42 -9999 -9999 -9999 -9999 -9999 -9999 -9999 -9999 -9999 -9999 -9999 -9999 -9999 -9999 -9999 -9999 -9999 -9999 -9999 -9999 -9999 -9999 -9999 -9999 -9999 -9999 -9999 -9999 -9999
1237.32 1315.78 1348.04 1393.38 1380.96 1390.82 1380.7 1380.28 1394.82 1404.58 1435.06 1459.96 1490.28 1492.26 1509.28 1548.62 1597.98 1597.34 1602.42 1562.3 1377.4 1324.84 1274.44 1219.58 1197.02 1224.88 1242.14 1249.32 1257.66 1342.14 1309.06 1370.02 1394.44 1457.58 1414.34 1361.12 1226.04 1115.4 1078.48 -9999 -9999 -9999 -9999 -9999 909.18 882.72 -9999 -9999 -9999 -9999 -9999 -9999 -9999 -9999 -9999 -9999 -9999 -9999 -9999 -9999 -9999 -9999 -9999 -9999 980.54 -9999 -9999 -9999 -9999 -9999 -9999 -9999 -9999 -9999 -9999
1224.08 1297.96 1333.2 1373.98 1381.32 1390.1 1379.6 1402.26 1392.86 1418.52 1447.54 1452.76 1475.82 1484.16 1508.62 1531.8 1613.76 1589.48 1534.4 1482.38 1337.42 1303.72 1261.78 1202.66 1178.4 1162.96 1203.3 1223.02 1224.92 1245.64 1273.68 1324.52 1358.24 1360.78 1305.92 1265.1 1195.3 -9999 -9999 -9999 -9999 -9999 -9999 1040.9 899.74 866.12 838.24 -9999 -9999 -9999 -9999 -9999 -9999 -9999 -9999 -9999 -9999 -9999 -9999 -9999 -9999 -9999 -9999 994.74 -9999 -9999 -9999 -9999 -9999 -9999 -9999 -9999 -9999 -9999 -9999
1263.04 1288 1353.12 1369.86 1397.86 1409.02 1412.42 1434.04 1423.86 1447.32 1452.08 1502.2 1519.86 1531.08 1544.1 1546.66 1598.5 1582.34 1515.46 1460.5 1312.72 1282.96 1274 1205.92 1162.34 1154.94 1158.08 1167.14 1169.42 1206.9 1248.1 1311.26 1336.9 1370.56 1295.52 1221.28 1215.42 -9999 -9999 -9999 -9999 -9999 -9999 1081.64 891.42 -9999 1066.1 -9999 -9999 -9999 -9999 -9999 -9999 -9999 -9999 -9999 -9999 -9999 -9999 -9999 1029.02 -9999 -9999 -9999 -9999 -9999 -9999 -9999 -9999 -9999 -9999 -9999 -9999 -9999 -9999
1265.2 1346.6 1349.9 1356.56 1364.92 1394.18 1424.88 1435.56 1466 1487.56 1508.56 1541.98 1575.4 1580.9 1607.96 1582.4 1561.54 1503.52 1535.58 1471.16 1330.5 1283.02 1231.2 1187.84 1143.88 1117.64 1120.02 1132.44 1169.94 1193.46 1269.18 1282.86 1307.36 1350.66 1264.76 1235.26 -9999 -9999 -9999 -9999 -9999 -9999 -9999 -9999 1113.98 -9999 -9999 -9999 -9999 -9999 -9999 -9999 -9999 -9999 -9999 -9999 -9999 -9999 -9999 1063.08 1050.66 -9999 -9999 -9999 -9999 -9999 -9999 -9999 -9999 -9999 -9999 -9999 -9999 -9999 -9999
1283.72 1352.66 1319.22 1327.9 1348.76 1392.44 1455.88 1484.48 1500.42 1539.04 1565.02 1608.12 1613.88 1635.94 1623.66 1600.42 1569.42 1506.88 1493.36 1438.4 1322.6 1270.82 1209.82 1156.72 1100.7 1085.4 1078.38 1135.24 1183.76 1254.96 1268.74 1294.2 1277.58 1229.02 1229.5 -9999 -9999 -9999 -9999 -9999 -9999 -9999 -9999 945.24 959.04 -9999 -9999 -9999 -9999 -9999 -9999 -9999 -9999 -9999 -9999 1070.42 986.98 1042.42 -9999 -9999 -9999 -9999 -9999 -9999 -9999 -9999 -9999 -9999 -9999 -9999 -9999 -9999 -9999 -9999 -9999
1211.96 1254.72 1304.94 1340 1352.56 1406.54 1469.08 1532.16 1587.22 1605.72 1649.46 1683.82 1699.34 1690.24 1682.68 1615.6 1623.16 1531.74 1461.26 1351.14 1365.6 1328.26 1303.18 1148.98 1220.42 1056.12 1091.84 1138.02 1247.54 1266.6 1327.06 1282.14 1249.42 1335.88 -9999 -9999 -9999 -9999 -9999 -9999 -9999 -9999 -9999 978 1026.8 964.94 -9999 -9999 -9999 -9999 -9999 -9999 -9999 -9999 1005.42 1001.28 -9999 -9999 -9999 -9999 -9999 -9999 -9999 -9999 -9999 -9999 -9999 -9999 -9999 -9999 -9999 -9999 -9999 -9999 -9999
1223 1264.26 1316.06 1342.92 1357.2 1420.02 1503.08 1571.38 1648.34 1719.16 1744.5 1787.92 1800.06 1791.32 1740.46 1676.84 1755.72 1558.94 1378.26 1398.44 1375.02 1329.48 1249.1 1096.72 1070.34 1113.76 1149.36 1173.88 1303.06 1341.6 1297.22 1225.38 1260.04 -9999 -9999 -9999 -9999 -9999 -9999 -9999 -9999 -9999 -9999 1032.6 1088.94 1089.46 1015.96 1185.84 1143.24 -9999 1123 1056.22 1049.3 1080.38 -9999 -9999 -9999 -9999 -9999 -9999 -9999 -9999 -9999 -9999 -9999 -9999 -9999 -9999 -9999 -9999 -9999 -9999 -9999 -9999 -9999
1238.92 1288.02 1337.88 1350.72 1393.12 1485.72 1551.56 1627.94 1726.38 1793.34 1875.42 1911.62 1954.76 1883.6 1896 1801.92 1680.56 1559.4 1495.26 1506.42 1367.94 1375.32 1248.2 1109 1151.52 1264.04 1289.5 1453.6 1509.2 1376.44 1321.54 -9999 -9999 -9999 -9999 -9999 -9999 -9999 -9999 -9999 -9999 -9999 1382.62 1077.68 1133.8 1267.68 1435.94 1108.26 1091.88 1207.46 1159.76 1085.46 -9999 1042.96 -9999 -9999 -9999 -9999 -9999 -9999 -9999 -9999 -9999 -9999 -9999 -9999 -9999 -9999 -9999 -9999 -9999 -9999 -9999 -9999 -9999
1299.56 1348.94 1388.62 1430 1472.12 1553.92 1642.4 1731.02 1819.8 1897.18 1966.02 2022.88 2067.14 1941.04 1920.7 1889.08 1708.9 1597.34 1620.26 1486.86 1458.28 1468.96 1360.94 1190.82 1221.52 1378.88 1425.46 1493.2 1452.28 1305.44 1367.7 -9999 -9999 -9999 -9999 -9999 -9999 -9999 -9999 -9999 1478.94 1029.3 1054.12 1152.7 1317.32 1378.24 1230.86 1160.1 1221.68 1126.5 1103.9 1114.66 -9999 -9999 -9999 -9999 -9999 -9999 -9999 -9999 -9999 -9999 -9999 -9999 -9999 -9999 -9999 -9999 -9999 -9999 -9999 -9999 -9999 -9999 -9999
1375.12 1410.84 1470.28 1530.9 1598.6 1664.84 1735.62 1825.02 1923.96 2040.98 2057.94 2059 2031.06 2162.24 2077.34 2000.6 1977.06 1910.44 1691.7 1546.12 1298.82 1243.92 1242.2 1321.26 1329.62 1350.64 1331.74 1432 1413.32 -9999 -9999 -9999 -9999 -9999 -9999 -9999 -9999 -9999 -9999 1547.38 1291.98 1344.44 1590.8 1437.14 1425.32 1547.2 1184.68 1152.72 1195.84 1190.44 -9999 -9999 -9999 -9999 -9999 -9999 -9999 -9999 -9999 -9999 -9999 -9999 -9999 -9999 -9999 -9999 -9999 -9999 -9999 -9999 -9999 -9999 -9999 -9999 -9999
1457.88 1495.48 1550.02 1620.54 1696.94 1761.4 1819.32 1941.02 2096.16 2205.48 2224.88 2178.38 2181.14 2316.24 2182.34 2146.26 2280.9 2084.1 1944.22 1642.5 1385.28 1472.98 -9999 -9999 -9999 -9999 -9999 -9999 -9999 -9999 -9999 -9999 -9999 -9999 -9999 -9999 -9999 -9999 1491.4 1490.2 1467.02 1498.16 1496.6 -9999 1359.68 1433.98 1499.72 -9999 -9999 -9999 -9999 -9999 -9999 -9999 -9999 -9999 -9999 -9999 -9999 -9999 -9999 -9999 -9999 -9999 -9999 -9999 -9999 -9999 -9999 -9999 -9999 -9999 -9999 -9999 -9999
1523.7 1596.84 1660.54 1713.72 1805.66 1864.66 1945.1 2066.36 2218.58 2325.26 2392.14 2395.14 2371.3 2330.22 2411.18 2656.66 2985.12 2613.22 2368.34 1481.26 -9999 -9999 -9999 -9999 -9999 -9999 -9999 -9999 -9999 -9999 -9999 -9999 -9999 -9999 -9999 -9999 -9999 -9999 -9999 -9999 1528.78 1398.76 1536.58 -9999 -9999 -9999 1410.5 -9999 -9999 -9999 -9999 -9999 -9999 -9999 -9999 -9999 -9999 -9999 -9999 -9999 -9999 -9999 -9999 -9999 -9999 -9999 -9999 -9999 -9999 -9999 -9999 -9999 -9999 -9999 -9999
1577.88 1643.86 1729.94 1792.48 1862.28 1935.9 2048.72 2215.8 2423.02 2499.62 2565.46 2608.12 2579.54 2495.5 2686.72 2735.04 2900.76 3086.64 2418.56 1481.1 -9999 -9999 -9999 -9999 -9999 -9999 -9999 -9999 -9999 -9999 -9999 -9999 -9999 -9999 -9999 -9999 -9999 -9999 -9999 -9999 1545.74 1544.02 1520.72 -9999 -9999 -9999 -9999 -9999 -9999 -9999 -9999 -9999 -9999 -9999 -9999 -9999 -9999 -9999 -9999 -9999 -9999 -9999 -9999 -9999 -9999 -9999 -9999 -9999 -9999 -9999 -9999 -9999 -9999 -9999 -9999
1625.58 1679.8 1762.08 1823.24 1893.94 2002.2 2183.98 2381.18 2572.72 2744.62 2740.82 2771.02 2863.06 3144.36 3346.78 3567.3 2913.28 2655.94 1777.58 1888.64 -9999 -9999 -9999 -9999 -9999 -9999 -9999 -9999 -9999 -9999 -9999 -9999 -9999 -9999 -9999 -9999 -9999 -9999 -9999 1571.44 1488.88 1369.2 1460.26 1591.82 -9999 -9999 -9999 -9999 -9999 -9999 -9999 -9999 -9999 -9999 -9999 -9999 -9999 -9999 -9999 -9999 -9999 -9999 -9999 -9999 -9999 -9999 -9999 -9999 -9999 -9999 -9999 -9999 -9999 -9999 -9999
