data/default-data/raster/climate/tmp_4.txt
ncols         720
nrows         360
xllcorner     -180
yllcorner     -90
cellsize      0.5
NODATA_value  -9999
[rows 66 to 98 of 360, columns 76 to 151 of 720]
-9999 -9999 -9999 -9999 -9999 -9999 -9999 -9999 -9999 -9999 -9999 -9999 -9999 35.4 27.36 47.3 52.22 48.2 48.18 13.96 16.98 20.9 15.94 1.86 -0.26 1.78 -2.2 -2.1 -6.16 -17.04 -16.9 -25.76 -14.66 0.46 1.56 -3.3 -12.42 -7.66 11.34 23.22 29.1 29.02 29.84 22.78 15.1 12.06 14.08 21.02 24.88 32.96 25.72 21.64 23.52 28.5 22.66 19.7 22.82 22.52 23.28 24 25.74 27.44 20.6 16.8 12.02 11.24 8.24 5.2 1.1 -1.82 -5.84 -7.94 -9.88 -9.92 -10.9 -12.8
-9999 -9999 -9999 -9999 -9999 -9999 -9999 -9999 -9999 -9999 -9999 -9999 -9999 -9999 42.34 52.2 55.08 53.08 58.06 43.98 23.86 23.88 32.76 14.64 -3.48 24.68 12.6 -1.2 -0.26 -6.2 -6.1 -16.02 -12.84 -3.7 -2.6 17.36 -5.82 -0.88 9.02 23.84 36.72 35.64 37.48 32 30.94 30 29.9 30.82 32.74 34.66 27.52 25.3 28.22 28.14 26.26 26.38 27.14 23.86 26.7 26.32 22.26 15.1 23.26 21.34 18.44 16.52 11.82 9.76 7.82 4.74 1.82 -1.12 -4.08 -2.96 -3.92 -6.86
-9999 -9999 -9999 -9999 -9999 -9999 -9999 -9999 -9999 -9999 -9999 -9999 -9999 -9999 -9999 58.06 56.98 53.02 50.86 52.88 51.76 41.74 35.58 22.6 1.5 31.46 40.48 18.58 23.54 2.7 12.82 14.84 1.98 2.14 3.16 4.96 18.94 5.78 -1.32 10.58 23.46 30.38 28.8 31.88 28.94 27.86 35.72 40.76 42.54 36.38 30.28 28.1 28.96 28.82 26.82 24.76 24.48 24.38 28.26 23.16 19.88 19.9 18.9 17.08 17.26 16.24 18.2 16.4 12.6 10.62 8.7 7.82 4.92 2.92 0.02 -2.94
-9999 -9999 -9999 -9999 -9999 -9999 -9999 -9999 -9999 -9999 -9999 -9999 -9999 -9999 -9999 -9999 55.98 49.92 48.78 49.76 56.68 55.58 47.7 31.84 43.7 37.66 27.5 24.44 31.44 11.48 21.68 23.8 12.82 8.8 7.64 7.68 14.58 18.54 6.38 -8.62 7.46 11.58 24.64 27.7 31.86 34.86 35.98 42.6 39.26 41.04 35.82 31.74 31.66 29.6 26.38 30.34 29.14 28.06 28.02 25.7 24.64 22.6 20.5 19.7 18.9 18.06 19.3 19.2 16.22 13.48 12.56 12.62 8.7 7.8 4.92 2.94
-9999 -9999 -9999 -9999 -9999 -9999 -9999 -9999 -9999 -9999 -9999 -9999 -9999 -9999 -9999 -9999 61.84 55.84 58.72 57.64 64.48 65.72 54.88 51.02 28.98 -4.18 36.74 27.64 9.56 21.44 15.4 18.42 24.46 25.36 27.1 25 20.22 22.36 24.38 15.26 -6.58 1.34 -1.48 15.5 29.6 32.5 37.56 37.26 38.9 43.6 39.48 27.42 14.44 19.34 29.16 35.22 34.12 34.92 31.6 31.5 29.36 26.36 25.32 25.32 25.56 22.82 17.12 19.12 17.16 16.22 12.34 8.52 7.52 4.58 5.78 1.82
-9999 -9999 -9999 -9999 -9999 -9999 -9999 -9999 -9999 -9999 -9999 -9999 -9999 -9999 -9999 -9999 -9999 60.66 59.56 63.48 65.3 -9999 66.86 52.08 36.98 18.88 46.8 8.7 3.56 13.42 24.86 22.9 26.76 25.54 22.54 33.72 29.84 34.14 36.18 31.3 29.18 17.24 1.32 -4.76 1.28 15.28 31.98 26 29.64 36.48 40.42 35.4 28.2 32.96 35.9 38.28 39.14 37.78 34.46 36.5 35.32 31.26 31.2 33.16 32.38 28.66 26.86 22.7 20.92 19.08 14.16 11.26 11.42 9.46 8.4 5.64
-9999 -9999 -9999 -9999 -9999 -9999 -9999 -9999 -9999 -9999 -9999 -9999 -9999 -9999 -9999 -9999 -9999 58.62 50.5 57.18 66.08 -9999 67.74 54.9 44.04 38.86 35.76 10.68 -0.4 3.44 22.04 18.28 24.24 23.26 32.34 27.52 31.58 36.84 51.06 28.18 25.04 17.92 18.92 1.98 -12.92 1.18 -4.04 8.88 20.6 30.36 29.46 32.18 34.98 38.66 41.66 41.9 42.96 42.52 40.46 40.4 38.2 34.12 33 36.38 34.78 29.94 24.74 18.56 19.54 19.72 16.96 15 20.24 19.32 19.32 17.4
-9999 -9999 -9999 -9999 -9999 -9999 -9999 -9999 -9999 -9999 -9999 -9999 -9999 -9999 -9999 -9999 -9999 -9999 60.4 48.38 62.8 -9999 -9999 62.84 60.02 56 46.76 20.58 10.6 8.48 19.18 16.44 26.2 24.26 23.36 23.4 28.42 35.56 49.86 30 16.76 7.8 10.86 20.98 -8.92 -11.88 -14.04 -10.24 9.52 19.38 31.06 29.9 32.62 39.38 45.52 43.78 41.86 38.48 40.26 41.08 40.02 37.96 37.1 37.48 39.98 36.2 31.08 22.82 20.78 20.8 23.88 25.86 25.02 24.12 23.22 20.32
-9999 -9999 -9999 -9999 -9999 -9999 -9999 -9999 -9999 -9999 -9999 -9999 -9999 -9999 -9999 -9999 -9999 -9999 -9999 58.26 51.42 67.3 -9999 -9999 -9999 65.92 61.86 52.74 9.6 10.42 5.3 7.8 7.52 7.18 5.28 12.4 20.4 26.62 33.72 45.8 27.76 18.66 21.84 2.1 -10.94 3.26 -6.98 -10.2 -7.56 -28.88 -5.12 13.54 25.38 35.18 35.22 37.46 38.7 38.36 39.98 43.94 41.88 40.86 41.16 40.6 41.08 39.42 37.5 34.08 31.06 31.12 34 33.18 29.98 26.82 27.06 22.42
-9999 -9999 -9999 -9999 -9999 -9999 -9999 -9999 -9999 -9999 -9999 -9999 -9999 -9999 -9999 -9999 -9999 -9999 -9999 -9999 64.36 68.44 71.68 -9999 -9999 -9999 66.88 66.72 46.64 36.54 14.3 7.14 -3.24 12.5 14.32 30.38 36.52 30.62 25.78 48.96 43.88 37.76 24.46 26.74 0.12 -1.56 -8.86 -7.48 -13.84 -37.16 -42.46 -8.8 -3.04 19.86 33.02 35.3 36.52 37.34 37.1 41 38.8 38.82 40.28 40.78 38.28 40.5 37.82 36.02 35.74 39.54 41.16 38.2 34.98 33.84 29.9 27.18
-9999 -9999 -9999 -9999 -9999 -9999 -9999 -9999 -9999 -9999 -9999 -9999 -9999 -9999 -9999 -9999 -9999 -9999 -9999 -9999 -9999 70.58 69.54 -9999 -9999 -9999 -9999 66.74 62.66 38.56 25.34 4.06 -2.06 -18.32 -0.46 23.4 17.52 21.76 27.88 39.98 41.9 46.82 38.66 38.5 5.54 8.98 -16.2 -13.72 -9.12 -6.46 -23.82 -40.06 -27.3 2.5 27.78 38.08 37.32 39.34 46.04 39.94 35.88 33.86 41.42 43.9 42.32 40.56 39.66 40.04 41.98 44.58 43.3 39.46 40.24 40.06 32.8 29.02
-9999 -9999 -9999 -9999 -9999 -9999 -9999 -9999 -9999 -9999 -9999 -9999 -9999 -9999 -9999 -9999 -9999 -9999 -9999 -9999 -9999 -9999 -9999 -9999 -9999 -9999 -9999 58.56 64.68 65.58 41.26 36.04 40.88 -4.3 13.6 -8.46 -14.32 -25.22 -1 28.04 30.1 43.94 38.88 42.6 22.48 25.34 11.2 0.04 -30.28 -17.64 -6.92 -20.4 -31.64 -15.54 18.78 29.04 42.18 44.26 48.06 45.04 42.08 43.18 47.54 49.06 49.32 46.62 44.74 48 47.98 48.22 44.34 41.48 40.58 45.36 38.98 34.82
-9999 -9999 -9999 -9999 -9999 -9999 -9999 -9999 -9999 -9999 -9999 -9999 -9999 -9999 -9999 -9999 -9999 -9999 -9999 -9999 -9999 -9999 -9999 -9999 -9999 -9999 -9999 69.36 66.52 69.58 72.3 64.1 43.94 28.78 34.66 18.72 -15.18 -13.16 16.02 7.18 29.22 41.06 50.96 54.74 42.4 57.14 34.96 15.88 21.64 2.34 -5.92 9.76 -8.52 -35.58 -16.26 22.98 45.36 47.26 49.26 51.26 52.34 53.48 53.7 56.16 54.38 52.58 52.82 52.98 50.6 47.08 46.32 44.42 45.68 47.5 49.14 42.9
-9999 -9999 -9999 -9999 -9999 -9999 -9999 -9999 -9999 -9999 -9999 -9999 -9999 -9999 -9999 -9999 -9999 -9999 -9999 -9999 -9999 -9999 -9999 -9999 -9999 -9999 -9999 73.38 64.36 56.38 52.44 47.28 69 76.94 62.78 39.86 20.08 4.04 5.04 2.2 18.34 40.2 33.94 43.8 29.48 67.18 44.02 17.78 26.5 18.48 2.22 -12.16 20.5 -25.46 -22.22 9.04 43.38 52.86 53.62 54.62 56.66 59.74 57.82 54.08 54.34 53.6 51.8 48.84 46.06 47.08 49.3 45.5 44.78 47.78 51.54 45.12
-9999 -9999 -9999 -9999 -9999 -9999 -9999 -9999 -9999 -9999 -9999 -9999 -9999 -9999 -9999 -9999 -9999 -9999 -9999 -9999 -9999 -9999 -9999 -9999 -9999 -9999 -9999 -9999 -9999 66.24 64.28 54.22 29.08 54 83.96 71.96 44.16 37.28 18.24 40.32 43.44 40.28 32.12 20.94 31.7 19.36 10.92 16.7 13.38 16.4 -3.5 -2.12 32.62 -8.2 -0.94 12.04 38.36 55.02 58.02 56.4 58.36 59.4 51.72 38.92 38.26 40.48 39.6 41.48 43.18 49.28 47.38 45.62 44.4 42.34 45.54 44.5
-9999 -9999 -9999 -9999 -9999 -9999 -9999 -9999 -9999 -9999 -9999 -9999 -9999 -9999 -9999 -9999 -9999 -9999 -9999 -9999 -9999 -9999 -9999 -9999 -9999 -9999 -9999 -9999 -9999 -9999 80.14 74.04 54 39.78 65.02 72.26 83.42 82.6 84.52 72.4 66.22 36.26 12.08 5.94 23.54 27.48 32.32 32.72 31.36 30.5 18.6 22.28 37.02 43.74 15.14 3.16 27.98 46.14 41.66 46.6 52.82 55.22 52.2 42.56 38.92 45.64 48.32 48.42 48.32 44.34 43.5 42.24 44.08 43.78 44.96 44.96
-9999 -9999 -9999 -9999 -9999 -9999 -9999 -9999 -9999 -9999 -9999 -9999 -9999 -9999 -9999 -9999 -9999 -9999 -9999 -9999 -9999 -9999 -9999 -9999 -9999 -9999 -9999 -9999 -9999 -9999 -9999 -9999 81.84 79.56 72.44 63.14 75.66 88.08 94.74 82.28 41.44 21.1 4.84 5.64 32.32 60.06 45.14 49.06 49.82 39.86 27.48 41.08 42.44 40.12 27.34 12.08 -16.78 28.02 38.4 45.18 51.74 46.82 52.96 53.26 53.46 57.1 54.94 56.86 58.06 55.18 50.08 45.84 48.62 46.36 51.32 50.46
-9999 -9999 -9999 -9999 -9999 -9999 -9999 -9999 -9999 -9999 -9999 -9999 -9999 -9999 -9999 -9999 -9999 -9999 -9999 -9999 -9999 -9999 -9999 -9999 -9999 -9999 -9999 -9999 -9999 -9999 -9999 -9999 -9999 -9999 80.1 72.98 75.44 81.68 91.06 93.86 65.36 25.9 12.7 37.64 74.14 63.84 55.7 57.74 56.62 49.72 48.88 43.88 40.36 45.14 39 44.84 15.06 15.82 29.02 51.72 60.44 61.5 59.6 60.04 47.42 47.58 58.68 63.6 64.54 63.66 64.68 60.46 56.88 56.66 57.68 57.2
-9999 -9999 -9999 -9999 -9999 -9999 -9999 -9999 -9999 -9999 -9999 -9999 -9999 -9999 -9999 -9999 -9999 -9999 -9999 -9999 -9999 -9999 -9999 -9999 -9999 -9999 -9999 -9999 -9999 -9999 -9999 -9999 -9999 -9999 81.64 76.82 67.9 60.18 92.44 101.28 84.08 45.88 46.86 67.92 101.44 99.78 100.38 97.98 79.56 75.9 69.84 63.84 61.3 53.22 58.9 66.78 28.32 28.7 32.1 58.38 61.86 64.54 64.88 64.38 62.76 61.08 62.54 68.34 70.42 66.6 65.74 65.98 62.6 61.44 59.58 59.22
-9999 -9999 -9999 -9999 -9999 -9999 -9999 -9999 -9999 -9999 -9999 -9999 -9999 -9999 -9999 -9999 -9999 -9999 -9999 -9999 -9999 -9999 -9999 -9999 -9999 -9999 -9999 -9999 -9999 -9999 -9999 -9999 -9999 -9999 -9999 84.78 82.88 87.98 94.14 100.9 77.68 57.68 59.64 75.44 102.2 102.7 102.2 100.44 87.38 77.54 72.62 59.58 51.38 46.24 52.18 61.82 36.88 39.26 33.4 54.4 64.32 59.68 47.34 52.58 59.02 53.46 65.78 70.94 72.1 70.48 69.78 72.34 67.84 67.34 65.52 64.28
-9999 -9999 -9999 -9999 -9999 -9999 -9999 -9999 -9999 -9999 -9999 -9999 -9999 -9999 -9999 -9999 -9999 -9999 -9999 -9999 -9999 -9999 -9999 -9999 -9999 -9999 -9999 -9999 -9999 -9999 -9999 -9999 -9999 -9999 -9999 84.56 85.2 82.94 87.62 68.46 44.2 32.78 80.48 96.66 107.54 108.3 100.3 99.6 103.98 88.32 90.46 77.88 62.4 47.42 37.3 52.36 51.7 58.46 53.58 52.72 52.56 40.92 32.84 37.78 49.28 42.6 61.92 67.42 69.5 71.92 70.42 73.16 68.76 67.38 66.66 63.34
-9999 -9999 -9999 -9999 -9999 -9999 -9999 -9999 -9999 -9999 -9999 -9999 -9999 -9999 -9999 -9999 -9999 -9999 -9999 -9999 -9999 -9999 -9999 -9999 -9999 -9999 -9999 -9999 -9999 -9999 -9999 -9999 -9999 -9999 -9999 84.4 83.84 79.56 85.28 57.38 52.02 46.66 83.38 95.26 105.26 111.3 111.42 102.94 74.54 86.68 88.22 82.02 76.7 48.56 36.78 51.04 32 27.4 49.18 39.78 52.82 54.5 46.14 38.06 56.96 62.88 62.06 65.66 73 69.56 71 73.84 73.76 70.56 71.32 67.76
-9999 -9999 -9999 -9999 -9999 -9999 -9999 -9999 -9999 -9999 -9999 -9999 -9999 -9999 -9999 -9999 -9999 -9999 -9999 -9999 -9999 -9999 -9999 -9999 -9999 -9999 -9999 -9999 -9999 -9999 -9999 -9999 -9999 -9999 -9999 -9999 78.3 75.68 96.26 83.48 67.24 72.86 81.76 94.64 111.88 109.86 101.26 69.98 72.58 66.74 69.46 64.14 41.86 42 37.32 32.32 37.28 31.02 36.36 47.72 52.24 58.3 45.66 45.88 56.36 65.6 62.86 67.4 73.92 68.56 66 72.88 72.78 71.64 68.38 67
-9999 -9999 -9999 -9999 -9999 -9999 -9999 -9999 -9999 -9999 -9999 -9999 -9999 -9999 -9999 -9999 -9999 -9999 -9999 -9999 -9999 -9999 -9999 -9999 -9999 -9999 -9999 -9999 -9999 -9999 -9999 -9999 -9999 -9999 -9999 81.88 83.66 89.5 97.96 77.28 51 73.04 81 81.26 78.04 65.08 61.62 56.98 68.42 39.18 51.62 41.36 38.22 28.32 26.3 31.52 51.52 35.52 56.84 53.04 43.64 23.08 28.14 10.94 13.9 55.74 45.76 38.56 64.8 67.58 66.04 69.88 64.76 71.32 69 67.64
-9999 -9999 -9999 -9999 -9999 -9999 -9999 -9999 -9999 -9999 -9999 -9999 -9999 -9999 -9999 -9999 -9999 -9999 -9999 -9999 -9999 -9999 -9999 -9999 -9999 -9999 -9999 -9999 -9999 -9999 -9999 -9999 -9999 -9999 -9999 86.58 83.06 94.04 90.9 56.94 42.74 75.76 60.94 66.56 61.26 60.34 44.86 38.98 62.04 66.82 61.44 56.66 29.64 11.68 15.44 21.56 24.48 23.24 25.64 24.88 21.24 20.28 13.96 7.52 -0.12 37.44 64.58 65.04 23.36 30.74 48.1 60.7 64.32 62.92 65.58 64.2
-9999 -9999 -9999 -9999 -9999 -9999 -9999 -9999 -9999 -9999 -9999 -9999 -9999 -9999 -9999 -9999 -9999 -9999 -9999 -9999 -9999 -9999 -9999 -9999 -9999 -9999 -9999 -9999 -9999 -9999 -9999 -9999 -9999 -9999 -9999 87.42 87.64 98.86 84.4 62.94 36.9 67.18 57 45.08 53.46 49.64 43.18 42.94 63.78 83.16 89.08 57.62 40.22 14.14 3.96 15.58 15.26 16.08 26.24 43.4 39.94 33.08 11.22 -0.1 -11.62 15.66 48.5 68.5 64.86 7.82 47.56 64.46 65 66.48 64.38 44.24
-9999 -9999 -9999 -9999 -9999 -9999 -9999 -9999 -9999 -9999 -9999 -9999 -9999 -9999 -9999 -9999 -9999 -9999 -9999 -9999 -9999 -9999 -9999 -9999 -9999 -9999 -9999 -9999 -9999 -9999 -9999 -9999 -9999 -9999 -9999 94.24 91.42 97.2 82.14 57.32 42.38 42.44 48.38 51.52 50.72 52.66 59.52 67.02 71.86 91.2 101.76 82.74 62.88 30.44 11.04 12.48 19.26 43.1 59.02 62.1 54.92 33.98 9.52 -1.46 -6.72 -7.38 33.24 66.32 63.3 38.8 54.5 65.18 56.78 61.76 67.68 68.68
-9999 -9999 -9999 -9999 -9999 -9999 -9999 -9999 -9999 -9999 -9999 -9999 -9999 -9999 -9999 -9999 -9999 -9999 -9999 -9999 -9999 -9999 -9999 -9999 -9999 -9999 -9999 -9999 -9999 -9999 -9999 -9999 -9999 -9999 -9999 102.98 89.36 98.2 73.4 41.52 43.5 45.58 54.76 56.9 57.88 63.94 68.88 62.56 68.78 73.18 76.7 95.74 82.2 60.2 57.92 64.68 63.52 59.26 65.02 63.22 38.34 28.64 12.64 2 -18.22 21.58 55.18 65.32 57.04 42.78 57.18 58.34 57.08 66.22 70.3 76.26
-9999 -9999 -9999 -9999 -9999 -9999 -9999 -9999 -9999 -9999 -9999 -9999 -9999 -9999 -9999 -9999 -9999 -9999 -9999 -9999 -9999 -9999 -9999 -9999 -9999 -9999 -9999 -9999 -9999 -9999 -9999 -9999 -9999 -9999 96.1 90.36 79.9 87.82 80.58 47.04 52.62 47.84 43.04 55.12 57.02 59.96 46.84 61.74 79.22 70.78 54.1 72.7 91.22 90.56 93.14 84.94 79.44 72.5 64.4 53.72 42.88 23.88 6.78 20.14 21.22 -7.22 30.32 55.24 49.34 48.24 61.98 51.66 51.88 62.88 61.9 64.96
-9999 -9999 -9999 -9999 -9999 -9999 -9999 -9999 -9999 -9999 -9999 -9999 -9999 -9999 -9999 -9999 -9999 -9999 -9999 -9999 -9999 -9999 -9999 -9999 -9999 -9999 -9999 -9999 -9999 -9999 -9999 -9999 -9999 -9999 -9999 90.82 78.52 83.84 78.6 56.68 65.86 59.36 49.06 49.96 53.84 50.72 57.58 58.64 61 60.66 63.98 55.48 61.92 63.46 64.08 59.78 65.3 66.18 58.16 59.22 44.98 36.04 12.7 22.94 33.92 33.54 28.3 41.4 42.34 48.22 48.46 40.62 27.58 57.42 72.1 73.26
-9999 -9999 -9999 -9999 -9999 -9999 -9999 -9999 -9999 -9999 -9999 -9999 -9999 -9999 -9999 -9999 -9999 -9999 -9999 -9999 -9999 -9999 -9999 -9999 -9999 -9999 -9999 -9999 -9999 -9999 -9999 -9999 -9999 -9999 -9999 98.6 68.36 61.44 73.3 67.32 55.18 66.64 60.12 57.7 46.56 45.62 62.32 65.3 65.74 52.22 64.52 53.14 33.5 31.36 49.32 54.14 59.1 73.24 83.66 79.98 50.94 32.24 28.66 35.66 42.6 37.3 42.2 44.06 42.86 36.74 40.64 35.7 36.8 45.88 65.7 74.74
-9999 -9999 -9999 -9999 -9999 -9999 -9999 -9999 -9999 -9999 -9999 -9999 -9999 -9999 -9999 -9999 -9999 -9999 -9999 -9999 -9999 -9999 -9999 -9999 -9999 -9999 -9999 -9999 -9999 -9999 -9999 -9999 -9999 -9999 -9999 104.58 82.42 60.8 51.76 68.8 71.4 74.96 58.28 51.86 52.7 59.28 78.2 75.02 74.4 73.74 56.82 45.58 45.02 48.38 49.8 64.44 90.4 93.84 95.36 91.78 54.88 34.8 29.7 29.58 41.4 34.96 32 44.92 43.64 20.6 19.72 4.8 25.82 33.24 59.12 66.64
-9999 -9999 -9999 -9999 -9999 -9999 -9999 -9999 -9999 -9999 -9999 -9999 -9999 -9999 -9999 -9999 -9999 -9999 -9999 -9999 -9999 -9999 -9999 -9999 -9999 -9999 -9999 96.66 -9999 -9999 -9999 -9999 -9999 -9999 -9999 99.58 84.8 75.24 82.62 131.02 81.78 59.58 50.36 58.46 71.48 82.14 78.82 78.42 69.16 75.88 71.78 62.2 55.68 36.48 53.48 69.9 96.82 99.42 93.8 95.24 56.72 30.42 -11.48 -14.3 14.6 46.82 42.14 58.04 47.8 19.82 3.98 3.98 -2.2 52.12 76.08 77.44
