data/default-data/raster/climate/tmp_7.txt
ncols         720
nrows         360
xllcorner     -180
yllcorner     -90
cellsize      0.5
NODATA_value  -9999
[rows 0 to 32 of 360, columns 228 to 303 of 720]
-9999 -9999 -9999 -9999 -9999 -9999 -9999 -9999 -9999 -9999 -9999 -9999 -9999 -9999 -9999 -9999 -9999 -9999 -9999 -9999 -9999 -9999 -9999 -9999 -9999 -9999 -9999 -9999 -9999 -9999 -9999 -9999 -9999 -9999 -9999 -9999 -9999 -9999 -9999 -9999 -9999 -9999 -9999 -9999 -9999 -9999 -9999 -9999 -9999 -9999 -9999 -9999 -9999 -9999 -9999 -9999 -9999 -9999 -9999 -9999 -9999 -9999 -9999 -9999 -9999 -9999 -9999 -9999 -9999 -9999 -9999 -9999 -9999 -9999 -9999 -9999
-9999 -9999 -9999 -9999 -9999 -9999 -9999 -9999 -9999 -9999 -9999 -9999 -9999 -9999 -9999 -9999 -9999 -9999 -9999 -9999 -9999 -9999 -9999 -9999 -9999 -9999 -9999 -9999 -9999 -9999 -9999 -9999 -9999 -9999 -9999 -9999 -9999 -9999 -9999 -9999 -9999 -9999 -9999 -9999 -9999 -9999 -9999 -9999 -9999 -9999 -9999 -9999 -9999 -9999 -9999 -9999 -9999 -9999 -9999 -9999 -9999 -9999 -9999 -9999 -9999 -9999 -9999 -9999 -9999 -9999 -9999 -9999 -9999 -9999 -9999 -9999
-9999 -9999 -9999 -9999 -9999 -9999 -9999 -9999 -9999 -9999 -9999 -9999 -9999 -9999 -9999 -9999 -9999 -9999 -9999 -9999 -9999 -9999 -9999 -9999 -9999 -9999 -9999 -9999 -9999 -9999 -9999 -9999 -9999 -9999 -9999 -9999 -9999 -9999 -9999 -9999 -9999 -9999 -9999 -9999 -9999 -9999 -9999 -9999 -9999 -9999 -9999 -9999 -9999 -9999 -9999 -9999 -9999 -9999 -9999 -9999 -9999 -9999 -9999 -9999 -9999 -9999 -9999 -9999 -9999 -9999 -9999 -9999 -9999 -9999 -9999 -9999
-9999 -9999 -9999 -9999 -9999 -9999 -9999 -9999 -9999 -9999 -9999 -9999 -9999 -9999 -9999 -9999 -9999 -9999 -9999 -9999 -9999 -9999 -9999 -9999 -9999 -9999 -9999 -9999 -9999 -9999 -9999 -9999 -9999 -9999 -9999 -9999 -9999 -9999 -9999 -9999 -9999 -9999 -9999 -9999 -9999 -9999 -9999 -9999 -9999 -9999 -9999 -9999 -9999 -9999 -9999 -9999 -9999 -9999 -9999 -9999 -9999 -9999 -9999 -9999 -9999 -9999 -9999 -9999 -9999 -9999 -9999 -9999 -9999 -9999 -9999 -9999
-9999 -9999 -9999 -9999 -9999 -9999 -9999 -9999 -9999 -9999 -9999 -9999 -9999 -9999 -9999 -9999 -9999 -9999 -9999 -9999 -9999 -9999 -9999 -9999 -9999 -9999 -9999 -9999 -9999 -9999 -9999 -9999 -9999 -9999 -9999 -9999 -9999 -9999 -9999 -9999 -9999 -9999 -9999 -9999 -9999 -9999 -9999 -9999 -9999 -9999 -9999 -9999 -9999 -9999 -9999 -9999 -9999 -9999 -9999 -9999 -9999 -9999 -9999 -9999 -9999 -9999 -9999 -9999 -9999 -9999 -9999 -9999 -9999 -9999 -9999 -9999
-9999 -9999 -9999 -9999 -9999 -9999 -9999 -9999 -9999 -9999 -9999 -9999 -9999 -9999 -9999 -9999 -9999 -9999 -9999 -9999 -9999 -9999 -9999 -9999 -9999 -9999 -9999 -9999 -9999 -9999 -9999 -9999 -9999 -9999 -9999 -9999 -9999 -9999 -9999 -9999 -9999 -9999 -9999 -9999 -9999 -9999 -9999 -9999 -9999 -9999 -9999 -9999 -9999 -9999 -9999 -9999 -9999 -9999 -9999 -9999 -9999 -9999 -9999 -9999 -9999 -9999 -9999 -9999 -9999 -9999 -9999 -9999 -9999 -9999 -9999 -9999
-9999 -9999 -9999 -9999 -9999 -9999 -9999 -9999 -9999 -9999 -9999 -9999 -9999 -9999 -9999 -9999 -9999 -9999 -9999 -9999 -9999 -9999 -9999 -9999 -9999 -9999 -9999 -9999 -9999 -9999 -9999 -9999 -9999 -9999 -9999 -9999 -9999 -9999 -9999 -9999 -9999 -9999 -9999 -9999 -9999 -9999 -9999 -9999 -9999 -9999 -9999 -9999 -9999 -9999 -9999 -9999 -9999 -9999 -9999 -9999 -9999 -9999 -9999 -9999 -9999 -9999 -9999 -9999 -9999 -9999 -9999 -9999 -9999 -9999 -9999 -9999
-9999 -9999 -9999 -9999 -9999 -9999 -9999 -9999 -9999 -9999 -9999 -9999 -9999 -9999 -9999 -9999 -9999 -9999 -9999 -9999 -9999 -9999 -9999 -9999 -9999 -9999 -9999 -9999 -9999 -9999 -9999 -9999 -9999 -9999 -9999 -9999 -9999 -9999 -9999 -9999 -9999 -9999 -9999 -9999 -9999 -9999 -9999 -9999 -9999 -9999 -9999 -9999 -9999 -9999 -9999 -9999 -9999 -9999 -9999 -9999 -9999 -9999 -9999 -9999 -9999 -9999 -9999 -9999 -9999 -9999 -9999 -9999 -9999 -9999 -9999 -9999
-9999 -9999 -9999 -9999 -9999 -9999 -9999 -9999 -9999 -9999 -9999 -9999 -9999 -9999 -9999 -9999 -9999 -9999 -9999 -9999 -9999 -9999 -9999 -9999 -9999 -9999 -9999 -9999 -9999 -9999 -9999 -9999 -9999 -9999 -9999 -9999 -9999 -9999 -9999 -9999 -9999 -9999 -9999 -9999 -9999 -9999 -9999 -9999 -9999 -9999 -9999 -9999 -9999 -9999 -9999 -9999 -9999 -9999 -9999 -9999 -9999 -9999 -9999 -9999 -9999 -9999 -9999 -9999 -9999 -9999 -9999 -9999 -9999 -9999 -9999 -9999
-9999 -9999 -9999 -9999 -9999 -9999 -9999 -9999 -9999 -9999 -9999 -9999 -9999 -9999 -9999 -9999 -9999 -9999 -9999 -9999 -9999 -9999 -9999 -9999 -9999 -9999 -9999 -9999 -9999 -9999 -9999 -9999 -9999 -9999 -9999 -9999 -9999 -9999 -9999 -9999 -9999 -9999 -9999 -9999 -9999 -9999 -9999 -9999 -9999 -9999 -9999 -9999 -9999 -9999 -9999 -9999 -9999 -9999 -9999 -9999 -9999 -9999 -9999 -9999 -9999 -9999 -9999 -9999 -9999 -9999 -9999 -9999 -9999 -9999 -9999 -9999
-9999 -9999 -9999 -9999 -9999 -9999 -9999 -9999 -9999 -9999 -9999 -9999 -9999 -9999 -9999 -9999 -9999 -9999 -9999 -9999 -9999 -9999 -9999 -9999 -9999 -9999 -9999 -9999 -9999 -9999 -9999 -9999 -9999 -9999 -9999 -9999 -9999 -9999 -9999 -9999 -9999 -9999 -9999 -9999 -9999 -9999 -9999 -9999 -9999 -9999 -9999 -9999 -9999 -9999 -9999 -9999 -9999 -9999 -9999 -9999 -9999 -9999 -9999 -9999 -9999 -9999 -9999 -9999 -9999 -9999 -9999 -9999 -9999 -9999 -9999 -9999
-9999 -9999 -9999 -9999 -9999 -9999 -9999 -9999 -9999 -9999 -9999 -9999 -9999 -9999 -9999 -9999 -9999 -9999 -9999 -9999 -9999 -9999 -9999 -9999 -9999 -9999 -9999 -9999 -9999 -9999 -9999 -9999 -9999 -9999 -9999 -9999 -9999 -9999 -9999 -9999 -9999 -9999 -9999 -9999 -9999 -9999 -9999 -9999 -9999 -9999 -9999 -9999 -9999 -9999 -9999 -9999 -9999 -9999 -9999 -9999 -9999 -9999 -9999 -9999 -9999 -9999 -9999 -9999 -9999 -9999 -9999 -9999 -9999 -9999 -9999 -9999
-9999 -9999 -9999 -9999 -9999 -9999 -9999 -9999 -9999 -9999 -9999 -9999 -9999 -9999 -9999 -9999 -9999 -9999 -9999 -9999 -9999 -9999 -9999 -9999 -9999 -9999 -9999 -9999 -9999 -9999 -9999 -9999 -9999 -9999 -9999 -9999 -9999 -9999 -9999 -9999 -9999 -9999 -9999 -9999 -9999 -9999 -9999 -9999 -9999 -9999 -9999 -9999 -9999 -9999 -9999 -9999 11.72 11.74 8.76 5.76 3.7 8.7 13.68 15.68 16.68 17.68 21.7 27.78 29.82 26.8 38.86 40.86 41.9 45.92 49.92 -9999
-9999 -9999 -9999 -9999 -9999 -9999 -9999 -9999 -9999 -9999 -9999 -9999 -9999 -9999 -9999 -9999 -9999 -9999 -9999 -9999 -9999 -9999 -9999 -9999 -9999 -9999 -9999 -9999 -9999 -9999 -9999 -9999 -9999 -9999 -9999 -9999 -9999 -9999 20.18 21.16 17.12 14.06 9.18 9.34 -19.48 -20.3 -16.14 9.86 10.82 8.76 9.72 11.66 11.68 -28.4 -33.4 -39.4 -36.38 -31.38 -34.36 -37.42 -43.42 -40.44 -28.42 -29.48 -38.46 -29.44 -23.38 -21.4 -11.28 -12.22 -6.2 -0.16 -0.1 4.92 6.94 11.96
12.5 20.5 23.44 24.4 26.38 27.34 -9999 33.28 -9999 -9999 -9999 -9999 -9999 -9999 -9999 -9999 -9999 -9999 -9999 -9999 -9999 -9999 -9999 -9999 -9999 -9999 -9999 -9999 -9999 -9999 -9999 -9999 26.34 25.34 26.26 21.24 -10.82 -10.82 -13.86 -18.94 -14.9 -16.72 -24.6 -25.42 -32.26 -34.12 -29.06 -28.1 -25.08 -29.16 -35.26 -41.3 -40.34 -45.44 -51.48 -54.46 -54.46 -46.42 -36.42 -38.34 -50.32 -35.32 -28.28 -27.28 -32.3 -31.28 -23.26 -33.18 -24.16 -24.12 -17.04 -15.1 -10.06 -11 -3.98 -2
-4.38 -0.4 2.56 6.48 14.44 18.46 21.32 24.24 24.24 24.16 -9999 -9999 26.12 -9999 25.02 22.96 18.98 18.92 16.9 12.86 15.78 9.78 9.72 29.66 10.62 9.56 27.54 28.5 26.5 6.44 1.42 4.34 6.3 5.26 4.22 4.16 -8.86 -9.9 -7.92 -7.92 -11.7 -20.54 -24.42 -30.28 -35.12 -40 -41.98 -45.04 -41.06 -39.1 -37.16 -41.16 -46.18 -47.26 -52.24 -48.22 -47.2 -46.18 -43.2 -38.22 -30.22 -26.22 -27.22 -25.22 -32.2 -25.2 -16.14 -9.08 -3.04 -1 2.06 5.1 6.14 9.18 14.18 14.18
17.66 17.6 20.54 20.46 18.48 26.4 23.2 -9999 26.2 25.04 23.06 19.06 21.88 24.92 20.86 18.9 10.9 8.82 6.8 4.8 1.78 -0.2 1.74 9.68 11.68 5.62 -0.4 -2.42 -0.5 0.5 0.5 3.48 -13.56 -17.58 -19.58 -20.7 -22.7 -19.8 -15.72 -15.56 -6.38 -8.2 -18 -21.84 -38.74 -46.72 -48.74 -58.76 -63.74 -70.82 -73.88 -74.9 -74.92 -73 -66.04 -63.04 -59.02 -54.02 -46 -40 -35.96 -36.92 -27.92 -21.94 -11.94 -15.92 -21.92 -19.86 -9.82 -7.82 -2.78 -5.76 -8.72 -3.7 1.36 6.4
25.64 24.6 25.54 15.56 13.38 26.28 27.18 33.16 31.14 31.06 9.94 2.86 0.92 0.88 -2.16 0.74 -2.3 -0.26 -2.3 -1.26 -4.32 -1.3 -0.4 -1.42 -4.5 -6.46 -10.48 -12.52 -11.56 -11.58 -11.6 -9.74 -12.76 -15.72 -19.76 -20.72 -22.78 -22.72 -24.5 -24.32 -29.14 -30.92 -30.7 -31.56 -38.48 -40.52 -47.54 -54.56 -67.58 -76.6 -83.6 -86.64 -88.64 -86.64 -83.7 -80.66 -74.66 -70.7 -64.68 -60.66 -54.66 -50.64 -44.64 -40.68 -32.7 -28.66 -30.62 -23.58 -12.58 -9.54 -2.52 -2.52 -1.44 -0.44 3.64 9.72
36.66 33.6 26.56 17.44 12.24 23.16 20.1 12.02 8.02 16.18 28.94 29.84 16.74 10.78 0.72 -0.3 -12.28 -16.38 -21.42 -22.42 -24.48 -24.52 -23.52 -23.6 -24.6 -25.64 -26.64 -28.62 -28.68 -30.76 -32.8 -34.84 -35.92 -38.86 -39.9 -41.96 -44.8 -45.58 -47.4 -49.24 -51.1 -51.9 -56.76 -58.58 -62.58 -64.56 -65.54 -70.54 -73.54 -84.52 -93.58 -92.66 -94.62 -94.68 -95.72 -93.64 -91.64 -88.66 -83.64 -79.66 -74.58 -71.52 -69.48 -70.46 -66.36 -62.34 -57.34 -54.24 -47.24 -40.2 -31.16 -26.14 -18.1 -13.02 -4.98 -1.96
29.6 32.54 27.48 26.34 28.14 24.14 21.04 20.9 18.02 16 16.06 19.82 18.84 16.64 6.62 5.6 1.58 -4.46 -11.5 -17.46 -23.56 -25.54 -28.72 -30.7 -36.76 -38.74 -39.74 -41.8 -43.82 -44.92 -47.92 -50.98 -52.92 -53.98 -58.02 -60.82 -61.6 -64.5 -67.36 -69.18 -71.02 -72.76 -74.62 -75.58 -78.54 -82.54 -85.56 -86.6 -89.62 -93.64 -97.7 -97.68 -99.74 -98.74 -95.7 -95.7 -94.68 -93.62 -90.6 -88.6 -85.56 -80.52 -75.52 -74.5 -71.44 -69.38 -66.34 -63.28 -57.24 -50.16 -42.18 -37.14 -29.12 -21 -12.96 -5.84
-9999 -9999 40.34 33.18 32.06 27.06 20.96 18.78 10.86 5.92 1 -2.06 -7.28 -10.38 -14.42 -15.52 -17.46 -19.6 -23.62 -25.72 -28.72 -31.78 -35.74 -38.82 -41.84 -44.86 -49.84 -50.86 -52.92 -56 -59.04 -61.04 -65.04 -67.02 -69.9 -71.7 -75.48 -77.34 -79.18 -81.04 -83.8 -85.58 -87.58 -89.52 -91.5 -93.56 -96.64 -97.6 -99.62 -100.66 -102.72 -102.72 -101.76 -103.76 -101.8 -101.82 -100.76 -98.72 -92.66 -88.66 -88.66 -85.6 -78.54 -74.54 -73.54 -68.38 -63.36 -58.34 -53.3 -48.22 -43.2 -36.08 -28.02 -20.08 -4 -2.94
38.46 33.38 29.22 24.16 19 14.94 11.8 3.74 -1.22 -5.18 -8.18 -11.1 -14.16 -18.36 -22.44 -23.56 -27.7 -29.74 -32.78 -35.76 -37.88 -39.88 -41.86 -45.9 -48.96 -50.96 -52.98 -54.96 -58.04 -60.08 -62.12 -65.12 -68.08 -69.86 -72.78 -74.6 -77.42 -79.26 -82.04 -83.86 -86.66 -88.6 -91.5 -93.48 -95.48 -96.52 -97.48 -99.6 -100.62 -101.68 -102.64 -103.68 -102.68 -103.76 -102.7 -102.76 -101.7 -98.7 -93.7 -88.7 -87.66 -84.56 -77.52 -73.56 -72.54 -67.44 -62.38 -57.32 -52.24 -47.16 -42.22 -36.16 -30.06 -18.04 -7.98 -3.92
8.42 4.34 -0.8 -3.96 -7.92 -11.14 -13.24 -15.3 -17.28 -19.28 -21.26 -22.2 -25.26 -28.28 -29.5 -34.62 -35.64 -38.76 -41.84 -43.9 -46.88 -47.96 -51.98 -54.04 -56.06 -58.1 -60.1 -61.08 -63.2 -64.18 -67.2 -70.16 -70.96 -73.76 -75.6 -77.42 -80.26 -82.06 -83.86 -85.68 -88.6 -90.56 -92.5 -94.44 -96.5 -97.56 -99.56 -101.56 -102.6 -103.64 -104.64 -106.68 -105.74 -107.7 -109.8 -109.76 -106.74 -104.7 -100.66 -98.66 -93.66 -89.64 -85.58 -83.52 -76.5 -73.42 -66.34 -63.34 -59.32 -55.26 -46.22 -40.2 -34.16 -30.06 -24.98 -18.96
-14.7 -15.78 -17.86 -18.94 -21.1 -23.26 -27.24 -29.38 -30.34 -32.38 -33.32 -34.34 -34.24 -36.3 -39.46 -42.6 -44.7 -46.76 -47.88 -48.92 -51 -53.04 -54.08 -56.12 -58.2 -59.26 -60.3 -62.22 -64.24 -65.34 -68.18 -69.98 -72.74 -74.58 -76.46 -78.26 -80 -81.78 -83.66 -85.48 -87.5 -89.5 -91.5 -93.44 -95.42 -97.52 -99.52 -100.54 -102.56 -104.6 -105.64 -106.68 -104.66 -106.7 -109.66 -109.72 -105.68 -103.6 -99.64 -97.64 -91.66 -88.62 -84.54 -82.5 -75.52 -72.5 -65.4 -62.3 -58.24 -54.22 -46.14 -39.14 -37.1 -33.06 -27.08 -21.96
14.2 9.22 5.04 -4.1 -15.22 -17.26 -22.38 -25.5 -30.5 -34.44 -36.42 -37.38 -36.4 -37.4 -41.46 -42.62 -45.68 -46.78 -47.86 -50.02 -50.1 -53.2 -55.22 -57.32 -57.34 -58.36 -59.32 -61.28 -63.28 -65.2 -69 -69.86 -72.6 -73.46 -75.32 -77.08 -78.88 -79.7 -81.48 -83.48 -86.5 -87.46 -90.44 -92.38 -94.46 -96.46 -99.6 -100.58 -101.6 -103.6 -105.66 -107.68 -108.68 -109.7 -110.68 -109.7 -106.7 -102.72 -100.72 -98.7 -93.62 -90.56 -84.62 -79.62 -75.56 -71.46 -68.44 -64.34 -59.2 -54.18 -48.16 -43.08 -37.02 -33 -27.96 -22.96
26.14 19.08 9.96 -1.18 -12.24 -17.32 -18.46 -23.6 -28.5 -31.6 -33.58 -34.46 -33.42 -34.4 -38.38 -39.52 -42.7 -44.74 -45.86 -46.98 -48.1 -49.26 -52.36 -53.34 -55.38 -56.36 -57.42 -58.42 -61.22 -63.04 -66.86 -67.72 -69.58 -72.3 -73.14 -73.9 -76.76 -78.62 -80.46 -81.46 -85.44 -87.54 -90.44 -92.44 -95.4 -97.44 -100.54 -101.58 -102.5 -102.6 -104.64 -106.64 -109.68 -110.74 -109.7 -108.74 -105.74 -103.74 -98.68 -96.66 -93.6 -90.64 -86.6 -82.56 -77.52 -73.42 -70.4 -66.24 -62.2 -57.16 -52.14 -47.12 -42.02 -38 -33.02 -27.86
12.02 5.98 1.82 0.8 -2.36 -5.38 -6.56 -6.66 -10.66 -12.58 -15.64 -18.52 -19.54 -22.56 -24.44 -27.5 -30.7 -33.8 -35.84 -39.04 -40.2 -43.26 -44.36 -46.42 -47.48 -50.56 -51.52 -54.36 -55.08 -56.94 -60.74 -63.56 -65.4 -68.2 -70.02 -71.88 -74.66 -75.44 -78.44 -81.42 -84.38 -88.32 -91.36 -95.42 -98.46 -101.46 -103.58 -104.6 -105.52 -106.56 -106.58 -107.58 -110.72 -111.68 -110.76 -110.76 -108.8 -106.78 -103.7 -100.62 -97.58 -95.58 -90.56 -87.48 -84.42 -80.4 -76.4 -73.24 -70.24 -69.14 -62.14 -59.06 -54.04 -50 -44.94 -40.88
33.94 30.82 30.76 35.68 32.6 35.48 34.34 35.3 29.24 25.3 14.3 12.38 5.38 1.42 -7.54 -12.58 -17.56 -22.82 -25.94 -27.02 -29.12 -32.18 -34.26 -37.4 -39.52 -42.52 -45.32 -47.12 -48.96 -50.76 -53.66 -55.42 -60.24 -63.04 -65.86 -68.7 -70.48 -72.46 -75.44 -78.38 -81.32 -83.3 -91.32 -94.42 -97.4 -99.46 -102.58 -104.64 -106.58 -107.64 -108.68 -110.64 -110.74 -111.76 -110.72 -109.78 -108.74 -107.72 -104.7 -103.64 -100.56 -98.6 -95.56 -92.52 -89.4 -86.4 -83.34 -80.28 -76.22 -75.12 -71.04 -67.04 -61.08 -57.94 -53.82 -49.8
-9999 -9999 -9999 -9999 -9999 -9999 -9999 -9999 -9999 -9999 -9999 22.34 32.3 38.34 32.34 26.42 12.4 2.2 -5.92 -13.02 -17.16 -21.22 -22.34 -24.46 -28.36 -31.26 -37.14 -40.02 -42.8 -45.62 -47.42 -50.28 -54.1 -54.92 -60.72 -65.6 -68.5 -71.46 -74.38 -76.22 -79.28 -83.34 -87.42 -92.44 -95.46 -97.46 -99.6 -101.5 -104.54 -106.52 -108.54 -110.6 -112.7 -112.7 -113.8 -112.86 -112.8 -111.74 -108.72 -107.66 -101.64 -100.62 -97.52 -94.52 -91.42 -89.4 -87.32 -85.22 -81.16 -78.1 -75.08 -71.98 -67.96 -62.92 -55.88 -51.86
-9999 -9999 -9999 -9999 -9999 -9999 -9999 -9999 -9999 -9999 -9999 -9999 -9999 -9999 -9999 46.26 33.32 26.3 14.12 5.94 -2.12 -6.24 -11.34 -15.18 -19.18 -22.02 -29.98 -33.84 -37.66 -42.46 -45.26 -47.12 -50.96 -51.74 -59.58 -62.42 -65.44 -68.38 -71.32 -73.32 -76.32 -81.36 -86.38 -89.48 -92.46 -94.5 -96.46 -98.5 -101.54 -103.56 -105.52 -107.56 -110.62 -110.7 -110.7 -110.72 -109.72 -108.74 -109.76 -107.7 -105.62 -103.6 -100.52 -98.46 -95.42 -92.38 -87.3 -85.22 -81.18 -77.08 -75.02 -71.96 -68.96 -62.88 -56.88 -51.78
-9999 -9999 -9999 -9999 -9999 -9999 -9999 -9999 -9999 -9999 -9999 -9999 -9999 -9999 -9999 -9999 43.18 47.26 37.22 25 11.84 2.82 -2.04 -5.92 -13.88 -17.72 -26.56 -30.52 -38.42 -40.4 -42.16 -43.04 -52.82 -55.64 -58.38 -62.32 -66.28 -70.36 -72.38 -75.26 -80.26 -85.26 -90.32 -92.34 -94.38 -96.44 -98.5 -100.48 -102.52 -104.6 -105.62 -107.6 -107.66 -108.64 -110.68 -111.7 -111.76 -109.74 -108.72 -107.62 -105.62 -103.56 -102.48 -100.5 -98.4 -96.42 -91.3 -88.22 -82.2 -78.12 -74.04 -70.98 -67.92 -61.86 -52.82 -48.74
-9999 -9999 -9999 -9999 -9999 -9999 -9999 -9999 -9999 -9999 -9999 -9999 -9999 -9999 -9999 -9999 -9999 50.16 46.22 34.98 23.1 9.04 1.16 -4.72 -11.66 -16.48 -25.44 -31.28 -37.2 -38.1 -41.94 -41.88 -52.68 -55.46 -56.38 -59.36 -63.32 -67.24 -71.24 -75.2 -78.28 -82.32 -86.38 -88.42 -90.32 -92.38 -95.5 -97.5 -98.5 -100.56 -102.62 -104.64 -104.6 -105.62 -107.68 -108.7 -107.74 -107.7 -105.7 -105.7 -104.66 -103.56 -100.46 -99.48 -97.4 -95.38 -92.28 -89.2 -82.12 -77.08 -74.08 -69.96 -67 -56.84 -47.78 -39.74
-9999 -9999 -9999 -9999 -9999 -9999 -9999 -9999 -9999 -9999 -9999 -9999 -9999 -9999 -9999 -9999 -9999 -9999 52.12 51.32 39.3 29.4 13.5 3.6 -4.32 -12.24 -21.1 -26.1 -31.94 -34.84 -39.76 -43.56 -48.5 -51.32 -54.3 -58.34 -60.28 -64.28 -67.26 -70.28 -73.32 -76.28 -79.3 -82.34 -85.34 -88.4 -91.52 -94.44 -98.56 -99.56 -101.54 -102.56 -106.66 -108.68 -109.7 -109.62 -109.66 -108.68 -107.72 -106.68 -105.56 -104.48 -103.5 -102.52 -96.4 -95.34 -94.26 -91.22 -85.12 -79.14 -69.04 -61.98 -50.86 -38.82 -22.82 -22.7
