data/default-data/raster/climate/tmp_6.txt
ncols         720
nrows         360
xllcorner     -180
yllcorner     -90
cellsize      0.5
NODATA_value  -9999
[rows 33 to 65 of 360, columns 532 to 607 of 720]
25.5 25.5 28.64 30.66 31.68 31.72 32.84 33.84 37.8 37.9 36.86 35.96 38.94 38.84 40.86 39.96 40.92 41.96 42.92 42.88 43.84 42.9 42.86 43.92 43.8 43.8 43.86 41.96 43.84 42.9 43.94 44.96 43.08 45.06 47 47.92 49.78 51.66 52.56 54.46 57.32 59.18 61.2 63 62.92 63.96 65.02 66.08 68.16 69.26 69.3 70.4 71.52 72.54 74.56 74.54 75.42 76.38 77.34 77.18 75.1 76.98 77.82 77.8 82.66 83.58 69.38 69.3 69.16 -9999 -9999 -9999 -9999 -9999 69.78 88.8
29.66 30.66 31.76 33.82 35.98 37.06 39.12 40.18 42.22 41.3 43.28 44.32 43.24 42.34 44.32 44.26 45.34 46.3 48.3 47.26 48.26 48.22 47.22 48.22 48.3 48.36 46.36 47.22 49.4 49.32 50.38 50.36 50.34 49.5 51.32 53.22 54.08 56.06 57.88 59.82 60.68 62.5 62.36 63.4 64.28 66.14 68.24 69.24 70.32 71.4 73.48 74.58 75.62 76.78 77.66 78.68 78.54 79.62 80.3 81.28 82.14 83.12 82.94 83.76 83.72 83.62 83.52 83.44 83.34 87.16 85.08 86.92 80.8 83.82 86.82 86.86
34.66 36.86 36.86 37.98 40.08 42.06 45.16 45.24 45.38 46.22 47.36 49.44 49.46 50.36 51.32 49.4 49.44 50.46 50.46 51.52 52.48 52.52 54.52 54.64 54.58 53.66 52.66 53.66 53.68 53.7 53.72 52.78 53.78 54.76 55.62 57.56 57.52 59.36 60.26 59.18 60 60.9 58.8 58.64 60.6 63.48 65.3 68.48 71.5 72.6 73.62 74.66 76.82 77.86 79.86 80.84 81.7 81.54 83.46 83.3 84.28 85.12 85.94 85.88 86.88 88.7 88.66 88.56 87.36 88.24 87.16 88.94 87.94 87.88 88.82 84.84
39.76 41.8 41.96 44 47.16 48.14 49.24 50.3 49.26 49.38 49.4 51.46 54.38 54.44 53.46 53.52 54.48 56.5 57.52 55.54 58.5 57.66 58.64 58.64 58.7 59.82 58.8 57.78 57.84 57.94 57.94 57.96 58.06 58.06 55.96 55.84 52.82 52.66 54.48 54.38 57.34 58.24 60.06 61.06 62.84 62.78 65.66 69.64 71.7 75.76 78.78 79.86 79.9 74.98 75.98 76.9 82.84 84.74 85.6 86.5 87.32 88.26 87.1 89.08 88.84 88.74 88.64 89.48 89.4 90.32 90.2 91.08 91.06 89.98 91.04 91.08
43.76 45.92 47 47.12 52.22 52.22 53.3 53.32 52.4 53.34 55.48 57.4 58.5 59.5 59.52 59.48 60.52 61.6 62.46 62.64 62.64 62.66 62.66 63.82 63.72 63.88 63.86 62.9 61.94 62 60.96 59.98 55.06 56.06 56.02 57 56.96 56 54.92 58.78 58.64 61.54 61.42 61.3 61.2 63.12 64.98 64.92 66.76 69.94 78 80.98 84.14 82.16 80.14 83.04 81.9 85.88 87.7 89.62 89.52 90.3 90.28 91 92 91.84 91.76 92.62 92.54 93.38 93.32 92.24 91.1 90.1 83.04 85.04
49.86 50.94 50.06 51.08 54.22 56.32 57.34 58.44 58.5 56.56 56.44 56.54 56.56 54.62 55.5 58.58 59.64 57.68 62.68 64.6 63.64 63.74 65.8 66.84 66.92 64.94 62.98 58.94 56.02 52.94 50.96 43.92 47 53.04 56.02 59 59.96 59.08 58.04 59.98 57.94 56.9 58.8 56.7 52.56 53.4 59.3 63.18 66.1 67.04 71.22 78.18 86.32 87.36 86.28 89.22 89.04 87.98 91.78 91.66 90.66 89.42 91.34 92.22 93.04 91.98 95.8 93.66 94.7 94.56 93.38 92.24 94.24 93.18 88.08 88.12
55.92 55 54.06 56.22 60.3 60.3 53.42 53.42 48.48 43.52 33.58 37.48 32.58 28.56 34.62 32.64 40.64 43.64 43.68 47.78 43.84 45.9 53.8 53.94 52.88 51.96 48.96 49.04 53.94 54 58 51.94 55.94 59 64.06 65 64.04 64 57.06 56.02 61 59 63.06 59.96 58.88 57.76 54.58 63.52 67.42 71.3 75.4 81.28 90.42 91.6 89.44 92.28 93.18 94 93.9 94.88 91.68 92.54 93.48 96.34 97.18 95.1 98.94 95.84 93.8 94.58 89.48 90.34 95.32 97.22 99.18 98.1
58 58.12 60.26 64.32 59.4 48.5 44.48 49.56 48.62 39.58 31.56 20.54 6.66 11.64 19.62 21.68 29.7 28.84 24.82 27.84 32.82 37.86 42.96 36.96 33.92 42.9 44.96 47 45.96 48.92 57.92 60 60 64.98 66.1 61.98 59.04 58 54.06 49.98 46.98 55.08 58.08 55.08 57 58.1 55.92 61.86 74.78 78.7 77.46 82.6 87.54 90.72 89.52 91.4 95.18 95.2 98.02 96.94 96.78 95.66 97.64 96.44 98.4 96.14 94.12 98.02 91.82 92.66 92.54 95.48 99.38 102.32 104.26 104.26
65.06 64.22 63.3 59.34 55.52 61.52 70.62 65.52 42.6 38.58 32.62 30.52 17.64 15.66 15.74 23.76 23.82 14.86 2.9 6.9 13.88 17.02 23.94 20.98 23.92 37.92 50.92 53.92 55.86 54.98 58.96 59.86 66.92 69.96 73.12 75.04 69.12 66.04 64.02 64 60.08 61 67.02 66.06 69.02 73.06 73.02 74.1 77.08 78.04 81.88 83.7 84.72 86.82 86.68 89.54 95.4 96.3 98.16 95.06 98.98 99.84 99.68 97.58 100.4 96.36 96.18 97.04 95.96 96.84 97.76 99.6 104.5 106.36 105.38 107.28
71.22 70.22 65.36 57.46 49.54 66.52 74.54 65.56 57.62 55.66 53.62 54.74 50.68 33.72 33.7 30.78 36.86 28.96 17.96 18.9 22.88 27.98 35.9 34.86 28.98 25.88 36.98 47.86 56.9 56.96 61 66.92 72.98 76.02 79.06 81 84.1 84.08 85.1 85.04 82.04 85.98 87.02 88.06 88 90.02 91.16 88.04 87.04 88.1 87.06 91.08 89.96 89.88 92.8 95.66 93.5 95.34 99.3 99.14 100.06 100.92 103.78 101.64 103.52 102.42 100.32 102.14 101.06 103.96 104.84 105.68 109.46 108.56 109.4 110.44
77.18 76.3 73.5 69.56 77.54 80.64 78.68 71.64 70.72 61.72 56.64 54.78 45.84 50.82 38.88 41.96 46.9 36.94 39.92 37.88 42 36.92 39.84 44.92 48.92 47.9 44.88 39.9 55.92 66.96 68.92 70.94 78.94 79.98 79.98 76 80.06 81.1 82.06 78.06 81.04 84.12 87.06 91.02 89 94.02 93.02 92.04 93.12 92.04 89.1 94.06 99.08 94.12 96.88 96.82 97.78 101.64 100.44 104.32 103.3 104.1 107.96 106.88 102.72 102.58 102.52 104.34 105.26 106.14 108.04 108.9 111.8 112.76 112.66 113.62
81.24 82.38 78.48 83.58 77.6 72.68 65.7 53.78 54.68 54.72 57.74 65.88 60.86 47.86 48.92 47.82 53.9 59.94 51.88 55.88 50.94 54.94 54.88 47.88 54.92 59.86 63.8 62.96 68.92 72.92 83.92 87.86 87.98 86.96 83.02 74.04 78 75.08 77.1 79.06 81.04 79.06 82.04 84 88.02 87 84.04 87.1 85.1 88.1 92.04 91.12 96.1 91.06 95.98 97.06 96.88 98.74 99.66 103.62 108.42 108.36 105.06 103.08 106.86 106.8 106.7 105.56 109.46 107.34 107.32 108.18 112.06 115.96 115.84 115.92
86.4 88.48 87.58 86.62 75.72 75.84 68.8 69.78 76.78 78.82 75.88 65.82 60.9 65.9 63.94 54.92 63.88 61.88 63.9 64.78 65.92 61.8 55.94 62.92 57.92 59 66.92 65.9 75.94 82.9 84.92 81.92 83.92 79.98 79.92 79.02 79.02 79.12 80.08 79.1 82.98 86.06 87.08 90.06 90.02 91.06 91.08 93.06 94 90.06 90.08 86.16 93.06 95.12 99.06 92.06 95.06 95.94 96.84 99.72 101.6 103.46 105.38 108.2 109.14 106.04 107.98 106.76 108.74 108.62 111.5 112.38 114.32 118.36 119.2 119.2
91.74 93.64 93.62 90.68 91.74 90.84 81.78 86.76 78.82 76.8 85.88 75.9 66.8 64.86 69.92 75.82 68.9 61.86 62.86 59.9 73.88 64.92 60.9 64.88 67.96 69.86 65.96 67.88 75.9 83.94 73.96 76.98 81.94 82 82.02 81.02 82.04 78.1 82 81.16 76.08 84.14 82.04 86.04 78.08 82.08 80.12 93.18 97.12 97.12 90.1 89.1 92 92.06 92.1 92.08 95.98 93.98 98.98 100.84 105.8 106.7 107.52 112.54 114.42 114.3 116.2 116.06 114.98 114.86 115.76 116.74 120.56 121.58 121.42 122.52
95.98 96.84 99.72 100.78 96.86 95.84 91.86 84.96 86.84 87.86 88.88 77.8 78.92 78.84 70.82 66.86 78.84 71.88 68.84 68.92 66.96 70.88 73.9 73.8 70.86 75.94 74.92 79.9 78.96 76.86 80.94 82.06 80.94 82.06 85.02 86.08 88.1 84.08 85.14 82.06 82.1 81.08 85.04 83.14 80.08 79.1 82.02 86.1 92.16 99.12 90.1 89.18 96.1 98.1 99.1 99.04 103.12 106.1 102.02 104.04 107.94 107.98 111.86 116.76 118.7 119.56 119.42 120.3 119.22 119.04 118.96 120.96 124.78 124.72 125.74 126.8
103.26 104.16 105.06 106.9 104.86 101.84 96.92 99.86 94.86 88.82 88.82 90.9 81.84 89.88 87.84 77.82 74.92 82.86 77.94 76.92 77.86 78.88 76.9 77.92 84.78 87.84 89.92 91.9 90.92 90.92 89.98 84.04 83.9 82.04 83.04 88.04 88 90.08 92.08 92.1 91.2 92.2 89.16 90.1 86.18 82.16 85.14 87.14 88.12 90.16 89.18 93.14 97.1 95.16 96.1 98.12 107.1 108.08 111 110 111.02 111.98 116 117.94 121.84 122.72 124.66 124.5 124.46 124.28 125.16 127 124.94 127.88 129.96 130.12
108.16 108.9 109.9 110.72 108.56 105.68 93.58 96.68 93.68 81.78 86.76 83.76 85.88 90.9 93.86 95.88 92.92 83.88 83.8 91.88 82.82 79.82 83.88 85.92 88.84 87.88 87.9 91.9 95.9 102.9 101.96 101.98 94.92 94.94 89.02 82.02 85.12 85.06 91.12 93.14 94.12 93.14 97.22 94.18 98.18 97.18 97.2 92.24 94.16 95.18 101.12 100.14 99.06 99.06 100.06 101.18 106.12 110.06 113.04 116.1 117.02 121.98 122.98 124.06 125.98 126.02 128.82 128.68 128.6 128.48 128.36 128.24 130.1 130.14 132.32 133.44
112.92 114.76 115.66 115.52 110.44 108.42 105.44 101.4 101.4 100.5 91.44 89.5 94.56 101.62 97.64 100.7 100.76 93.78 89.8 97.82 100.88 98.88 88.84 91.92 88.8 91.86 98.86 103.92 103.84 103.88 105 106.94 102.94 101 98.08 93.06 96.04 94.2 93.1 96.2 98.24 96.18 100.24 101.28 100.24 101.18 105.22 104.18 104.32 104.24 104.18 109.12 109.04 109.12 108.14 111.2 112.1 115.04 114.02 118.02 125.96 126.98 127.04 128 128.94 128.98 130.9 132.88 133.82 132.62 133.46 132.34 131.24 131.28 133.52 135.62
116.8 119.52 119.44 120.44 115.42 111.26 110.28 105.16 99.2 98.12 97.26 98.16 101.26 105.32 109.4 107.42 102.4 107.46 104.46 102.54 96.52 96.52 101.72 101.72 106.74 101.72 104.84 107.86 110.88 109.88 108.94 107.9 106.98 105.08 103.06 103.08 104.22 100.16 104.12 102.2 101.26 104.26 100.3 104.34 104.24 106.28 110.26 110.26 107.36 108.24 108.24 109.14 109.14 110.18 110.24 111.12 114.16 116.12 122.08 127.02 129.96 132.02 130.88 130.96 131.94 132.96 135.04 133.9 136.88 138.72 139.66 139.52 135.6 135.66 136.72 136.88
118.58 119.48 122.34 122.22 119.14 113.98 117.04 111.02 107.96 107.02 104 103.92 97.94 103.02 101.06 103.1 102.12 102.18 105.2 101.22 107.24 107.3 104.26 110.38 106.46 109.48 108.5 108.62 117.9 109.94 110.96 106.04 106.04 105.1 112.04 116.02 113.18 107.24 111.26 113.24 116.26 116.4 112.3 113.34 106.38 108.3 118.28 115.36 111.28 110.2 110.18 115.22 115.22 115.2 114.28 117.24 118.12 121.16 120.02 124.08 131 132.98 132.94 133.94 134 134.88 136.78 138.88 143.8 142.74 144.76 145.66 142.8 141.92 142 142.1
123.32 123.24 125.12 126.06 125 122.92 119.82 117.76 109.78 109.74 109.78 107.74 105.74 102.7 100.74 100.76 104.88 106.8 107.9 107.94 108.98 108.94 107.08 110.14 108.18 117.24 119.4 119.52 116.68 110.88 105.9 106.04 112.02 114.16 110.14 110.1 116.14 117.16 120.32 120.22 122.34 122.34 124.32 124.28 120.38 114.38 121.42 119.28 114.24 114.34 114.22 114.26 115.18 115.2 116.2 116.24 119.14 121.2 128.12 133.04 135 136.9 136.98 135.88 137.88 138.88 140.82 138.86 142.72 142.8 143.74 142.78 140.82 140.92 140.18 140.32
127.16 127.08 126.94 124.86 128.86 130.8 129.64 126.7 121.64 116.58 110.6 110.6 109.58 103.52 99.54 100.48 106.52 105.48 106.6 107.72 105.82 110.76 111.86 113.92 117.02 119.2 118.28 119.48 119.64 117.74 123.9 116 115.04 112.04 111.08 111.18 114.28 111.32 114.24 122.28 119.36 120.38 118.38 121.4 129.36 124.38 116.4 116.34 118.38 124.36 129.4 123.26 124.34 125.28 123.36 125.32 127.24 131.16 136.14 136.06 136.98 136.94 140.88 140.96 139.84 139.8 139.8 139.8 140.8 142.8 139.82 139.76 138.86 137.98 138.1 137.24
130.98 129.92 128.9 127.78 130.68 131.6 133.5 130.44 126.44 126.38 126.42 126.38 122.4 109.36 108.4 115.36 112.4 111.38 108.36 107.42 106.5 108.52 117.6 119.76 120.92 121.08 121.22 120.38 116.58 118.72 123.86 120.94 121.02 117.1 114 113.14 113.22 113.22 118.22 121.34 116.32 116.42 125.44 128.5 133.42 130.48 125.44 123.52 124.28 127.32 129.28 123.36 123.38 126.36 121.38 125.32 131.32 129.16 135.18 138.04 140.06 139.96 141.92 143.88 142 141.86 141.96 137.92 140.88 138.98 133.94 136.94 138 139.94 141.04 142.22
133.88 133.76 133.74 132.6 134.54 132.34 134.34 136.22 133.3 133.2 132.28 127.18 124.32 129.28 124.32 118.24 119.22 119.16 122.26 120.24 118.28 115.4 125.52 127.68 128.78 129 128.14 127.28 127.52 120.68 119.76 118.88 117.9 117.04 117.08 116.08 116.08 116.24 117.18 117.3 117.4 119.44 129.46 133.56 131.44 127.5 132.5 133.36 121.44 118.38 120.4 119.46 119.38 130.44 120.34 126.36 127.4 128.3 131.22 132.16 136.12 141.16 143.96 144.82 143.98 144.98 143.94 142.98 147.98 144.04 139.98 136.04 131.96 132.94 133.04 132.16
137.62 136.62 137.58 137.42 138.38 138.24 139.12 139.12 135.26 132.26 128.2 128.22 130.26 134.24 124.22 119.18 127.3 123.22 121.24 124.26 127.32 131.4 128.52 134.68 132.76 131.88 129.06 129.2 126.38 124.58 122.68 120.96 119.82 119.94 119.02 119.06 119.06 119.12 119.2 120.26 126.4 125.34 131.46 136.52 133.48 133.48 132.56 134.54 123.48 121.46 121.5 121.54 121.54 124.58 124.54 126.5 132.48 133.42 135.38 135.32 135.24 140.04 139.98 139.86 140.98 140.96 143.12 141.18 145.08 148.18 140.1 134.12 136.1 137.04 134.04 132.22
141.5 141.42 142.32 142.3 142.18 142.16 142.02 142.16 138.18 127.28 118.2 124.18 128.26 129.16 133.16 132.24 137.26 137.28 130.24 130.38 134.42 137.5 142.54 137.64 136.82 134.92 132.06 129.14 128.32 126.46 125.58 126.82 133.88 128.92 121.98 121.98 122.1 122.16 122.16 122.08 122.3 127.28 127.34 138.24 130.28 128.58 129.68 128.76 123.72 123.74 123.7 123.74 125.76 124.74 128.76 135.68 134.64 137.6 138.5 136.42 138.18 139.04 141.92 137.84 138.96 142.06 142.06 138.1 146.22 146.18 147.16 144.22 141.2 140.2 141.2 142.26
144.4 144.3 145.18 146.18 146.04 146.04 146.02 145.1 146.18 135.16 124.28 121.26 125.2 127.2 120.24 122.14 127.22 132.32 136.32 136.4 134.46 144.58 143.7 141.7 147.86 147 144.22 143.26 142.42 140.56 142.66 138.68 139.8 133.78 131.82 127.88 123.92 124 123.98 124.1 125.12 125.12 130.08 138 131.14 127.3 128.48 126.6 126.76 125.9 127.9 129.86 130.88 130.88 133.9 137.92 136.78 132.62 128.46 127.26 131.22 138.02 146.88 140.86 140.94 141.02 143.06 144.12 148.12 148.18 146.14 144.16 132.16 140.16 132.2 138.18
149.2 150.2 148.08 149.06 148.98 149.02 149.06 149.12 149.22 148.24 142.22 136.26 131.16 120.24 120.2 129.2 133.38 131.4 134.44 139.48 140.54 149.6 146.72 152.78 151.94 149.02 148.2 151.36 147.42 146.6 144.62 137.68 135.6 138.76 137.7 131.76 131.76 130.9 127.82 127.92 128.84 128.86 128.8 132.74 135.78 132.06 132.26 131.4 131.6 132.72 134.9 138.06 140.1 139.12 137.06 130.86 125.72 122.5 107.32 112.16 112.22 126.08 132.86 136.92 144.92 144.06 145.04 144.1 144.12 142.14 143.14 141.16 134.04 134.04 134.16 134.12
154.16 153.06 151.86 152.9 152.92 152.96 151.98 151.12 148.18 149.22 151.24 146.28 136.36 128.24 137.28 141.4 141.42 144.48 148.54 150.58 147.62 156.7 161.74 162.92 161.06 159.16 158.32 155.4 150.44 147.44 148.48 143.6 138.54 138.62 137.62 137.7 136.58 130.64 125.66 123.68 127.6 129.54 130.56 131.48 133.54 132.82 134.04 133.18 135.36 139.58 140.66 140.92 139 139.2 119.92 114.84 109.64 99.52 108.3 115.2 104.2 118.06 119.86 121.92 125.96 141.98 146.1 145.14 145.12 142.18 145.08 145.12 138.06 137.04 132 133.94
159.96 159.92 158.82 158.88 156.96 156.94 156.06 155.08 152.1 151.18 152.24 154.28 147.4 147.32 144.4 141.48 141.58 154.68 154.64 160.7 162.74 167.74 171.84 170 168.08 167.16 162.14 156.22 151.28 154.28 150.3 148.38 148.36 147.46 141.64 139.54 130.5 126.5 127.44 128.4 132.38 132.34 132.3 131.24 133.38 133.54 139.74 138.96 139.2 139.4 138.52 134.74 129.96 127.06 115.88 113.74 105.6 106.48 102.3 110.22 121.12 117.04 125.94 130.88 141.96 137.98 136.12 146.04 149.1 148.06 144.98 147.1 143.14 132.12 124.08 132
163.82 163.72 163.78 162.76 160.84 159.82 158.98 158.08 155.06 154.02 153.18 155.1 153.28 155.32 155.36 156.44 152.6 154.64 161.64 158.76 164.78 170.78 178.88 172.92 169.04 166.06 162.1 161.06 156.14 153.04 146.16 149.2 147.24 148.38 138.34 133.5 132.4 131.46 130.34 133.18 134.2 131.12 132.02 132.94 135 139.26 141.56 141.82 139.08 137.34 137.48 127.62 122.86 124.02 120.86 116.64 114.4 111.36 113.3 120.24 110.12 111.96 99.9 118.88 133.9 128.08 112.06 130 134.96 131.98 131.06 135.02 140.02 139.1 129.06 134.08
165.48 164.5 164.56 162.56 161.68 159.7 159.66 158.7 155.8 155.76 153.9 153.96 156.04 156.06 161.16 162.2 163.2 165.3 167.36 166.4 169.44 172.52 175.8 175.76 166.8 162.84 167.86 164.94 156.94 155.08 150.08 147.04 149.12 145.12 137.22 136.34 137.3 137.2 135.1 132.08 132.98 134.88 134.82 139.82 142.78 137.12 137.38 130.66 123.92 120.14 120.32 118.56 119.78 122.94 114.74 123.58 127.4 118.46 121.24 116.22 113.06 105.02 94.8 110.82 110.82 112.94 106.06 113 114.92 117 106.92 126.96 115.02 115.04 127.06 134.02
169.12 168.16 167.26 166.24 165.4 164.38 163.4 161.36 158.46 159.56 156.62 156.74 155.72 155.8 163.94 160.98 161.02 168.96 172.08 171.1 170.32 172.52 173.7 173.5 168.58 166.68 167.72 163.74 157.84 151.9 150.94 149.84 150.9 143.08 146.16 143.1 140.06 138.06 132.9 131.9 134.86 138.72 142.76 140.78 138.88 130.94 121.24 107.54 115.74 110.08 111.28 119.46 121.68 117.9 109.72 115.56 110.4 100.32 111.26 111.16 109.06 110.84 88.86 73.9 85.86 103.96 106 101.94 105.94 114 115.88 119.98 114 112.94 119.94 127.94
