data/default-data/raster/climate/tmp_4.txt
ncols         720
nrows         360
xllcorner     -180
yllcorner     -90
cellsize      0.5
NODATA_value  -9999
[rows 198 to 230 of 360, columns 608 to 683 of 720]
259.26 258.2 258.28 261.04 264.52 -9999 -9999 -9999 -9999 -9999 -9999 -9999 -9999 -9999 -9999 -9999 -9999 -9999 -9999 -9999 -9999 -9999 -9999 -9999 -9999 -9999 -9999 -9999 -9999 -9999 -9999 -9999 -9999 276.78 275.86 274.78 273.78 273.72 272.64 -9999 -9999 -9999 -9999 -9999 -9999 268.48 263.52 221.64 235.72 267.8 266.82 -9999 237.96 238.96 -9999 -9999 -9999 269.1 -9999 -9999 -9999 -9999 -9999 -9999 -9999 -9999 -9999 -9999 -9999 -9999 -9999 252.76 262.82 250.74 254.68 -9999
252.32 261.26 269.26 -9999 -9999 -9999 -9999 -9999 -9999 -9999 -9999 -9999 -9999 -9999 -9999 -9999 -9999 -9999 -9999 -9999 -9999 -9999 -9999 -9999 -9999 -9999 -9999 -9999 -9999 -9999 -9999 -9999 -9999 -9999 -9999 -9999 -9999 -9999 -9999 -9999 -9999 -9999 -9999 -9999 -9999 -9999 261.48 259.66 246.78 245.82 241.82 263.92 242.96 263.98 270.04 -9999 -9999 -9999 -9999 -9999 -9999 -9999 -9999 -9999 -9999 -9999 -9999 -9999 -9999 -9999 -9999 261.78 253.78 239.74 259.76 -9999
263.34 263.36 -9999 -9999 -9999 -9999 -9999 -9999 -9999 -9999 -9999 -9999 -9999 -9999 -9999 -9999 -9999 -9999 -9999 -9999 -9999 -9999 -9999 -9999 -9999 -9999 -9999 -9999 -9999 -9999 -9999 -9999 -9999 -9999 -9999 -9999 271.66 -9999 -9999 -9999 -9999 -9999 -9999 -9999 -9999 -9999 -9999 265.6 263.8 269.96 264.9 248.9 256.98 261 257.04 -9999 -9999 -9999 -9999 -9999 -9999 -9999 -9999 -9999 -9999 -9999 -9999 -9999 -9999 -9999 -9999 -9999 -9999 -9999 260.74 253.78
-9999 -9999 -9999 -9999 -9999 -9999 -9999 -9999 -9999 -9999 -9999 -9999 -9999 -9999 -9999 -9999 -9999 272.72 -9999 -9999 -9999 -9999 -9999 -9999 -9999 -9999 -9999 -9999 -9999 -9999 -9999 -9999 -9999 -9999 -9999 271.74 269.66 270.64 -9999 -9999 -9999 -9999 -9999 -9999 -9999 -9999 -9999 -9999 -9999 -9999 -9999 -9999 247.04 255.06 -9999 270.14 -9999 269.2 -9999 -9999 -9999 -9999 -9999 -9999 -9999 -9999 -9999 -9999 -9999 -9999 -9999 -9999 -9999 -9999 -9999 255.74
-9999 -9999 -9999 -9999 -9999 -9999 -9999 -9999 -9999 -9999 -9999 -9999 274.34 273.2 278.22 273.44 277.5 272.72 273.2 274.32 -9999 -9999 -9999 -9999 272.76 273.72 -9999 -9999 -9999 -9999 -9999 -9999 -9999 -9999 -9999 -9999 272.66 271.68 -9999 -9999 -9999 -9999 -9999 -9999 -9999 -9999 -9999 -9999 -9999 -9999 -9999 -9999 -9999 -9999 -9999 -9999 -9999 -9999 268.2 -9999 269.26 -9999 -9999 -9999 -9999 -9999 -9999 -9999 -9999 -9999 -9999 -9999 -9999 -9999 -9999 -9999
-9999 -9999 -9999 -9999 -9999 -9999 -9999 -9999 -9999 -9999 -9999 -9999 278.4 278.06 278.1 273.34 271.72 279.02 278.14 273.26 274.38 274.38 273.6 274.84 273.76 273.74 -9999 -9999 -9999 -9999 -9999 -9999 -9999 -9999 -9999 -9999 270.68 269.6 267.68 -9999 -9999 -9999 -9999 -9999 -9999 -9999 -9999 -9999 -9999 -9999 -9999 -9999 -9999 -9999 -9999 -9999 -9999 -9999 -9999 -9999 -9999 -9999 -9999 -9999 -9999 -9999 -9999 -9999 -9999 -9999 -9999 -9999 267.72 -9999 -9999 -9999
-9999 -9999 -9999 -9999 -9999 -9999 -9999 -9999 -9999 -9999 -9999 -9999 -9999 274.98 279.2 280.68 280.84 280.94 275.12 275.26 277.38 277.52 277.6 276.76 276.68 275.74 274.82 -9999 -9999 -9999 -9999 -9999 -9999 -9999 -9999 272.8 269.68 266.62 268.62 -9999 -9999 -9999 -9999 -9999 -9999 -9999 -9999 -9999 -9999 -9999 -9999 -9999 -9999 -9999 -9999 -9999 -9999 -9999 -9999 -9999 -9999 -9999 -9999 -9999 -9999 -9999 -9999 -9999 -9999 -9999 -9999 -9999 -9999 -9999 -9999 -9999
-9999 -9999 -9999 -9999 -9999 -9999 -9999 -9999 -9999 -9999 -9999 -9999 276.66 278.38 278.66 279.8 279.82 278.96 269.08 268.26 272.4 274.52 272.68 273.68 274.86 273.86 -9999 -9999 -9999 -9999 -9999 -9999 -9999 -9999 -9999 271.78 269.68 264.66 262.66 266.62 -9999 -9999 -9999 -9999 -9999 -9999 -9999 -9999 -9999 -9999 -9999 -9999 -9999 -9999 -9999 -9999 -9999 -9999 -9999 -9999 -9999 -9999 -9999 -9999 -9999 -9999 -9999 -9999 -9999 -9999 -9999 -9999 -9999 -9999 -9999 -9999
-9999 -9999 -9999 -9999 -9999 -9999 -9999 -9999 -9999 -9999 -9999 279.38 277.88 272.72 273.82 269.88 267.98 266.04 264.12 262.18 269.26 271.42 268.6 273.58 274.74 273.98 -9999 -9999 -9999 -9999 -9999 -9999 -9999 -9999 -9999 271.68 266.64 262.56 261.58 259.6 -9999 -9999 -9999 -9999 -9999 -9999 -9999 -9999 -9999 -9999 -9999 -9999 -9999 -9999 -9999 -9999 -9999 -9999 -9999 -9999 -9999 -9999 -9999 -9999 -9999 -9999 -9999 -9999 -9999 -9999 -9999 -9999 -9999 -9999 -9999 -9999
-9999 -9999 -9999 -9999 284.78 284.54 283.96 279.5 -9999 -9999 -9999 279.26 275.98 271.96 271.08 268.06 266.04 264.2 262.24 261.38 269.44 269.54 268.68 272.52 274.64 273.9 -9999 -9999 -9999 -9999 -9999 -9999 -9999 -9999 -9999 270.78 265.7 263.52 257.52 261.62 -9999 -9999 -9999 -9999 -9999 -9999 -9999 -9999 -9999 -9999 -9999 -9999 -9999 -9999 -9999 -9999 -9999 -9999 -9999 -9999 -9999 -9999 -9999 -9999 -9999 -9999 -9999 -9999 -9999 -9999 -9999 -9999 -9999 -9999 -9999 -9999
-9999 -9999 284.28 284.54 280.72 279.76 279 282.38 -9999 -9999 280.8 278.24 270.24 267.26 271.2 271.22 269.22 268.26 268.36 270.52 272.6 273.72 273.78 273.68 275.6 270.8 274.02 -9999 -9999 -9999 -9999 -9999 -9999 -9999 -9999 270.82 267.72 263.68 258.52 267.52 259.52 254.66 -9999 -9999 -9999 -9999 -9999 -9999 -9999 -9999 -9999 -9999 -9999 -9999 -9999 -9999 -9999 -9999 -9999 -9999 -9999 -9999 -9999 -9999 -9999 -9999 -9999 -9999 -9999 -9999 -9999 -9999 -9999 -9999 -9999 -9999
-9999 284.12 284.3 282.44 277.42 277.58 276.86 280.32 280.82 283.26 282.72 280.38 274.44 269.42 271.42 272.46 272.46 271.48 272.54 272.62 272.78 273.86 274.84 275.76 -9999 -9999 -9999 -9999 -9999 -9999 -9999 -9999 -9999 -9999 -9999 272.8 267.62 265.62 258.54 266.46 264.5 258.62 256.72 -9999 -9999 -9999 -9999 -9999 -9999 -9999 -9999 -9999 -9999 -9999 -9999 -9999 -9999 -9999 -9999 -9999 -9999 -9999 -9999 -9999 -9999 -9999 -9999 -9999 -9999 -9999 -9999 -9999 -9999 -9999 -9999 -9999
285.86 288 283.22 274.26 271.2 273.22 273.9 281.26 287.74 283.26 282.64 276.68 273.66 271.76 269.62 270.7 272.72 272.74 270.8 270.8 273.88 272.88 275.02 274.9 275.84 -9999 -9999 -9999 -9999 -9999 -9999 -9999 -9999 -9999 -9999 273.96 270.72 266.62 263.52 262.42 257.52 249.68 258.78 -9999 -9999 -9999 -9999 -9999 -9999 -9999 -9999 -9999 -9999 -9999 -9999 -9999 -9999 -9999 -9999 -9999 -9999 -9999 -9999 -9999 -9999 -9999 -9999 -9999 -9999 -9999 -9999 -9999 -9999 -9999 -9999 -9999
286.74 283.9 277.92 266.98 271.92 274 274.74 282.24 282.64 281.2 277.92 276.98 273.92 269.9 269.88 268.94 271.9 271.96 270.92 271 274.02 273.1 274.1 274.06 273.9 273.86 275.06 -9999 -9999 -9999 -9999 -9999 -9999 -9999 274.42 274.18 271.96 269.84 263.54 257.48 251.42 247.58 248.62 255.64 -9999 -9999 -9999 -9999 -9999 -9999 -9999 -9999 -9999 -9999 -9999 -9999 -9999 -9999 -9999 -9999 -9999 -9999 -9999 -9999 -9999 -9999 -9999 -9999 -9999 -9999 -9999 -9999 -9999 -9999 -9999 -9999
282.68 280.6 264.68 255.64 260.76 264.74 267.7 271.14 276.62 279.08 279.12 278.08 275.16 273.16 273.14 268.12 265.14 265.12 267.2 267.22 269.2 271.26 270.26 272.08 273.02 272.98 273.02 276.22 276.48 -9999 276.9 275.98 -9999 -9999 274.72 274.52 273.38 271.08 265.8 259.7 245.42 228.36 227.48 250.48 -9999 -9999 -9999 -9999 -9999 -9999 -9999 266.08 266.1 -9999 -9999 -9999 -9999 -9999 -9999 -9999 -9999 -9999 -9999 -9999 -9999 -9999 -9999 -9999 -9999 -9999 -9999 -9999 -9999 -9999 -9999 -9999
281.4 277.38 266.42 262.56 261.52 262.58 262.68 266.04 275.58 279.38 274.38 272.28 271.32 271.34 271.38 267.4 264.4 265.34 267.42 267.38 268.44 267.5 269.32 271.24 272.12 270.08 270.04 272.26 274.46 276.7 276.88 276.02 -9999 -9999 278.04 275.86 274.64 271.46 266.28 260.92 245.74 227.64 227.4 242.26 247.38 -9999 -9999 -9999 -9999 -9999 -9999 -9999 -9999 -9999 -9999 -9999 -9999 -9999 -9999 -9999 -9999 -9999 -9999 -9999 -9999 -9999 -9999 -9999 -9999 -9999 -9999 -9999 -9999 -9999 -9999 -9999
282.16 273.18 263.34 267.32 271.3 264.38 255.38 260.98 262.54 271.56 269.56 264.58 262.58 266.54 269.56 265.62 264.52 264.6 266.54 265.68 265.64 266.7 265.48 264.36 265.16 265.2 265.16 268.26 271.44 274.68 275.82 277.14 -9999 276.54 279.42 277.28 274.18 270 265.68 257.1 248.04 235.96 215.96 221.38 253.82 -9999 -9999 -9999 -9999 -9999 -9999 -9999 -9999 -9999 -9999 -9999 -9999 -9999 -9999 -9999 -9999 -9999 -9999 -9999 -9999 -9999 -9999 -9999 -9999 -9999 -9999 -9999 -9999 -9999 -9999 -9999
282 279.04 273 271.04 267.14 266.18 262.18 260.98 266.76 268.84 260.8 259.78 261.84 263.86 266.84 264.84 263.84 264.82 266.78 265.82 264.88 266.86 265.6 264.5 265.32 265.22 264.16 266.34 268.46 273.76 275.86 277.1 278.28 280.6 280.84 278.8 275.76 270.5 264.04 253.52 241.32 231.64 214.18 229.2 250.34 -9999 -9999 -9999 -9999 -9999 -9999 -9999 -9999 -9999 -9999 -9999 -9999 -9999 -9999 -9999 -9999 -9999 -9999 -9999 -9999 -9999 -9999 -9999 -9999 -9999 -9999 -9999 -9999 -9999 -9999 -9999
282.62 281.56 280.52 279.44 269.38 263.24 264.22 262 261.94 261.98 261.06 258.04 259.04 262.98 263 261 260.08 263.04 263.04 262.96 265.08 266.02 263.86 262.62 261.46 261.4 262.26 262.36 264.5 272.76 273.92 275.1 276.3 277.82 278 277.26 272.64 265.78 260.04 245.72 236.5 217.28 222.18 228.06 243.8 -9999 -9999 -9999 -9999 -9999 -9999 -9999 -9999 -9999 -9999 -9999 -9999 -9999 -9999 -9999 -9999 -9999 -9999 -9999 -9999 -9999 -9999 -9999 -9999 -9999 -9999 -9999 -9999 -9999 -9999 -9999
280.7 281.54 280.16 279.94 271.66 269.42 261.22 262.08 261.28 261.28 259.26 255.26 256.26 259.28 260.18 259.22 259.3 262.22 262.32 262.3 264.28 266.14 263.98 261.88 260.66 260.6 261.38 261.24 263.46 267.64 270.84 273.08 275.62 276.96 277.12 275.2 271.42 261.02 253.22 236.82 235.64 230.58 228.44 228.36 247.18 245.66 -9999 -9999 -9999 -9999 -9999 -9999 -9999 -9999 -9999 -9999 -9999 -9999 -9999 -9999 -9999 -9999 -9999 -9999 -9999 -9999 -9999 -9999 -9999 -9999 -9999 -9999 -9999 -9999 -9999 -9999
276.74 277.5 277.26 275 271.78 269.42 262.2 263.9 261.6 256.58 256.56 255.5 257.42 257.54 257.52 256.5 258.48 259.48 260.48 259.38 259.4 262.36 262.16 261.04 259.82 257.72 259.44 258.24 260.3 262.56 259.9 267.46 272.88 273.92 274.08 271.26 267.34 260.2 246.48 232.16 225.92 229.86 232.78 238.68 227.58 246.44 245.34 250.2 -9999 -9999 -9999 -9999 -9999 -9999 -9999 -9999 -9999 -9999 -9999 -9999 -9999 -9999 -9999 -9999 -9999 -9999 -9999 -9999 -9999 -9999 -9999 -9999 -9999 -9999 -9999 -9999
275.78 276.46 276.3 273.98 269.78 267.48 265.18 264.06 261.52 254.9 252.86 251.84 255.86 255.76 255.76 254.76 256.8 257.74 258.76 257.68 257.68 261.56 260.26 259.1 258.92 255.66 257.54 257.32 257.34 256.6 255.18 261.64 270.74 271.86 271.94 269.16 265.18 258.4 247.6 225.38 217.24 223.1 231.1 239.9 235.84 241.74 247.46 244.2 247.08 249.28 -9999 -9999 -9999 -9999 -9999 -9999 -9999 -9999 -9999 -9999 -9999 -9999 -9999 -9999 -9999 -9999 -9999 -9999 -9999 -9999 -9999 -9999 -9999 -9999 -9999 -9999
272.82 271.52 269.24 267.92 265.76 265.48 263.28 261 256.48 254.12 251.18 250.2 250.1 249.12 249.08 251.1 251.08 254.1 255.06 256.1 253.88 253.84 255.68 255.54 255.36 256.1 257.92 256.66 255.54 253.86 250.26 252.6 261.74 265.78 264.8 263.92 262.06 256.14 250.78 243.6 226.48 222.3 225.22 236.06 238.06 238.94 233.88 218.56 232.24 239.44 237.74 -9999 -9999 -9999 -9999 -9999 -9999 -9999 -9999 -9999 -9999 -9999 -9999 -9999 -9999 -9999 -9999 -9999 -9999 -9999 -9999 -9999 -9999 -9999 -9999 -9999
270.78 269.52 267.22 267 262.76 260.54 256.24 253.04 254.46 253.04 249.46 247.36 245.4 244.4 245.34 248.38 249.38 250.4 252.44 253.44 249 248.98 249.94 252.96 252.78 253.7 255.38 255.32 255.14 253.18 247.6 244.6 253.72 260.76 261.84 260.86 259.96 255.1 253.12 249.76 243.66 234.48 232.44 238.4 240.14 240.28 232.14 216.76 225.58 234.64 235.86 228.58 -9999 -9999 -9999 -9999 -9999 -9999 -9999 -9999 -9999 -9999 -9999 -9999 -9999 -9999 -9999 -9999 -9999 -9999 -9999 -9999 -9999 -9999 -9999 -9999
268.74 267.58 264.28 263.08 261.82 257.54 255.28 252.06 249.3 250.96 247.5 245.76 244.78 242.72 239.66 240.66 243.7 244.78 244.92 240.56 243.18 244.18 243.1 247.08 248.98 250.96 255.02 254.9 255.82 253.62 247.84 244.06 249.74 252.52 255.56 255.54 253.6 251.72 249.86 246.86 243.58 240.8 237.64 238.5 237.5 236.54 233.52 232.16 219.02 218.02 237.78 231.58 -9999 -9999 -9999 -9999 -9999 -9999 -9999 -9999 -9999 -9999 -9999 -9999 -9999 -9999 -9999 -9999 -9999 -9999 -9999 -9999 -9999 -9999 -9999 -9999
264.3 262.46 262.26 261.12 259.74 255.54 253.28 250.1 246.22 248.88 245.52 242.96 239.98 237.94 236.96 234.96 237.08 236.22 237.34 235.8 237.38 239.26 238.32 241.22 244.18 246.24 250.18 251.2 253.24 253.26 248.16 245.5 248.12 247.88 248.6 251.2 250.36 249.44 246.66 243.7 241.76 238.74 236.74 236.84 235.68 234.8 232.88 230.52 223.42 222.4 223.66 235.32 230.26 -9999 -9999 -9999 -9999 -9999 -9999 -9999 -9999 -9999 -9999 -9999 -9999 -9999 -9999 -9999 -9999 -9999 -9999 -9999 -9999 -9999 -9999 -9999
260.92 259.12 259.16 258.08 254.82 251.6 250.28 247.06 246.18 247.88 244.38 240.08 233.26 231.36 230.3 230.4 227.52 222.64 221.58 222.92 224.68 229.48 233.58 235.48 240.46 242.52 245.44 247.34 249.28 251.42 249.7 247.86 246.48 248.34 249 248.68 246.44 244.12 243.26 242.66 240.64 239.78 239.76 235.7 233.92 231.94 230.1 225.86 233.82 232.14 225.48 232.78 234.92 234.08 -9999 -9999 -9999 -9999 -9999 -9999 -9999 -9999 -9999 -9999 -9999 -9999 -9999 -9999 -9999 -9999 -9999 -9999 -9999 -9999 -9999 -9999
258.54 256.74 253.78 252.96 248.76 247.58 245.4 241.04 243.14 243.74 241.28 237.98 231.6 227.54 226.74 225.9 224 219.06 215.66 218.06 217.82 220.66 225.72 229.64 236.7 238.64 241.62 241.58 245.54 250.56 248.88 249.1 248 248.68 248.42 249.08 246.84 241.5 240.36 239.52 238.68 236.8 236.76 233.76 231.88 230.06 228.24 224.2 230.7 231.16 225.46 226.66 226.2 233.62 -9999 -9999 -9999 -9999 -9999 -9999 -9999 -9999 -9999 -9999 -9999 -9999 -9999 -9999 -9999 -9999 -9999 -9999 -9999 -9999 -9999 -9999
251.2 250.32 250.44 248.58 246.72 246.54 244.38 240.08 237.06 234.74 230.24 229.9 225.42 224.08 220.16 217.28 214.48 211.4 209.8 208.18 204.88 211.92 217.86 226.88 233.76 236.8 238.78 238.72 242.64 245.64 247.92 250.2 249.2 246.86 247.58 247.22 245.06 244.1 241.86 240.82 237.68 234.78 232.62 227.76 224.88 223.2 224.48 225.54 231.1 229.32 223.4 220.56 228.78 232.76 232.24 -9999 -9999 -9999 -9999 -9999 -9999 -9999 -9999 -9999 -9999 -9999 -9999 -9999 -9999 -9999 -9999 -9999 -9999 -9999 -9999 -9999
248.98 246.98 247.14 246.22 244.32 243.46 242.34 238.02 234.04 228.6 228.22 223.86 219.62 219.46 215.6 210.84 203.96 197.5 201.92 203.34 207.1 215 218.04 225.94 230.86 234.74 239.8 238.68 240.54 244.54 243.76 246.02 245.98 246.02 245.84 244.58 243.52 241.52 240.36 239.14 234.72 232.44 230.52 225.06 222.32 221.62 218.82 221.7 228.5 226.62 218.72 217.84 219.92 224.94 233.22 236 -9999 -9999 -9999 -9999 -9999 -9999 -9999 -9999 -9999 -9999 -9999 -9999 -9999 -9999 -9999 -9999 -9999 -9999 -9999 -9999
241.6 241.66 241.82 239.9 239 237.02 234.2 234.16 230 227.56 227.22 224.86 222.78 216.56 212.12 205.28 209.3 208.6 205.96 204.32 213.04 219.9 222.92 225.8 229.8 234.7 237.58 239.58 239.5 242.46 243.64 242.84 242.86 242.88 242.9 240.98 240.06 237.98 238.74 235.28 232.78 229.44 227.34 222.26 214.64 209.88 210.84 216.68 208.44 208.1 214.22 218.18 221.3 213.42 220.82 228.92 233.86 239.74 -9999 -9999 -9999 -9999 -9999 -9999 -9999 -9999 -9999 -9999 -9999 -9999 -9999 -9999 -9999 -9999 -9999 -9999
237.44 236.56 235.54 234.58 234.74 232.76 231.8 229.96 226.9 224.56 222.3 218.06 219.78 219.54 216.16 211.46 209.2 208.56 208.94 208.3 212.02 219.92 223.92 226.78 229.66 232.62 235.56 237.52 238.4 239.36 239.5 239.64 239.68 239.76 239.98 239.26 237.22 237.14 236.82 232.34 229.9 225.6 224.54 219.88 212.94 205.98 204.78 196.64 202.4 205.12 209.58 215.7 217.08 202.02 201.16 221.24 230.48 233.38 233.6 -9999 -9999 -9999 -9999 -9999 -9999 -9999 -9999 -9999 -9999 -9999 -9999 -9999 -9999 -9999 -9999 -9999
233.16 232.22 228.3 230.34 229.46 225.54 224.6 226.78 222.96 213.42 211.14 209.88 210.62 211.28 214.04 210.72 210.18 209.58 211.94 212.32 213.98 217.92 224.8 225.76 228.68 231.56 234.52 236.42 237.38 238.32 236.3 237.54 237.58 236.84 236.08 234.18 236.36 236.46 235.9 230.64 225.28 221.1 220.06 213.72 212.58 205.6 200.56 194.44 197.36 198.16 207.82 211.18 205.82 204.68 207.38 212.4 222.84 228.32 223.6 -9999 -9999 -9999 -9999 -9999 -9999 -9999 -9999 -9999 -9999 -9999 -9999 -9999 -9999 -9999 -9999 -9999
