data/default-data/raster/climate/tmp_8.txt
ncols         720
nrows         360
xllcorner     -180
yllcorner     -90
cellsize      0.5
NODATA_value  -9999
[rows 34 to 67 of 360, columns 532 to 607 of 720]
75.8 75.76 76.7 78.6 79.5 81.44 82.32 83.26 85.18 83.12 86.02 85.92 85.86 84.72 85.58 85.52 86.42 87.32 90.16 89.08 88.96 88.88 88.82 89.68 89.58 89.44 88.42 89.24 91.16 92.04 92.9 92.82 92.64 91.66 91.78 92.88 92.06 93.12 93.36 93.46 93.48 93.74 92.84 91.98 92.12 93.26 93.24 93.18 93.1 93.14 93.12 93.06 93.02 92.94 92.9 91.92 91.76 91.92 92 91.82 91.8 91.66 91.66 91.6 90.52 90.46 88.5 88.38 87.38 90.36 88.34 89.18 83.1 85.14 88.14 87.16
78.62 80.6 80.44 80.44 82.3 84.32 87.24 87.14 87.06 87.9 87.86 90.78 90.62 90.56 91.44 89.3 89.24 91.18 91.08 91.92 91.84 92.76 94.6 94.5 94.38 94.26 93.22 94.16 94.96 94.88 94.82 94.64 96.54 96.52 95.72 96.78 93.98 95.06 94.2 92.36 91.48 91.64 87.84 86.88 87.06 89.12 90.22 91.24 93.24 93.18 93.14 92.14 94 92.98 94 93.98 94.06 92.9 93.94 93.84 93.8 93.68 93.7 93.66 93.6 94.56 93.46 93.54 91.34 92.34 90.3 91.2 90.22 89.22 89.18 85.2
82.46 84.4 84.4 85.26 88.32 89.08 90.04 89.9 89.86 89.8 89.7 90.58 93.5 93.32 92.22 93.2 94.08 96 95.88 94.72 96.7 96.6 97.48 97.34 97.32 98.1 98.02 96.9 96.82 96.8 97.62 98.56 98.42 97.4 94.66 92.74 87.82 87 88.12 86.3 87.42 87.56 88.74 87.86 87.9 87.14 89.26 92.32 92.26 95.2 96.2 97.16 95.2 89 89.08 90.06 94.02 94.94 95.98 95.98 95.78 95.86 94.74 95.64 94.6 94.68 93.56 93.5 93.42 93.42 92.34 92.22 92.28 90.16 91.22 90.22
85.38 87.34 88.24 88.18 92.08 92 92.92 92.9 91.74 92.62 94.56 95.44 97.42 98.22 97.1 98 98 98.92 99.72 99.58 99.4 100.36 99.28 100.2 100.06 100.92 100.8 100.7 99.68 99.64 99.46 98.4 93.2 94.28 92.56 92.54 90.82 88.92 87.06 89.14 87.34 88.46 88.6 86.72 85.8 86.02 87.16 86.24 87.32 88.3 95.24 97.2 98.18 95.12 93.12 95.22 93 96 96.96 97.9 97.9 97.8 96.78 96.7 96.74 96.6 96.58 96.52 95.48 95.42 95.42 94.34 91.28 90.26 83.28 84.26
89.22 90.16 90.12 89.94 92.94 94.86 95.76 96.68 96.56 94.52 94.42 94.34 94.22 92.08 92.96 94.92 95.76 94.7 98.52 100.5 99.38 99.3 101.16 102.06 101.96 100.82 98.74 94.56 92.46 89.42 87.36 81.22 84.12 89.16 90.36 92.44 92.6 89.78 87.98 88.1 86.28 83.4 83.52 81.64 76.76 75.86 81.06 84.22 85.22 85.34 88.34 93.24 99.26 100.2 98.24 100.12 99.12 98.04 100.02 99.96 98 95.92 96.86 97.76 97.78 96.62 98.64 97.54 96.48 97.52 95.46 93.34 95.28 93.32 87.28 87.22
94.08 94.06 91.98 93.88 97.82 97.68 90.66 91.6 86.48 81.36 72.2 75.04 70.04 65.92 71.88 68.78 77.62 79.48 79.42 83.26 79.26 81.08 88 88.88 87.74 86.66 83.58 83.56 88.38 88.28 92.14 87.08 90.06 92.06 96.2 96.32 94.5 92.58 85.8 83.94 87.1 84.2 86.34 82.56 80.78 78.8 75.04 82.08 85.24 87.3 90.36 95.26 102.3 102.18 100.22 102.22 103.2 103.08 102.16 102 98.96 99 98.82 100.82 100.74 98.74 101.7 98.66 95.6 96.5 91.42 91.42 95.42 97.36 98.28 97.4
94.94 94.86 96.82 100.68 95.7 84.58 81.5 86.38 85.34 76.24 68.14 57.96 44.86 49.74 56.7 58.62 65.46 64.38 60.24 62.18 67.02 71.94 76.86 69.76 67.62 76.46 78.46 79.26 79.28 82.22 90.04 91.96 90.86 95.96 96 91.2 87.28 85.46 81.68 76.74 71.92 78.16 80.32 76.4 77.5 77.74 73.88 80.02 90.18 93.34 91.4 95.42 99.4 101.3 99.3 100.3 104.1 103.16 105.04 104.08 101.98 101.02 101.88 99.82 101.8 99.74 96.72 100.68 94.6 94.56 94.54 96.46 99.48 101.44 103.38 103.38
100.74 99.74 98.68 94.6 90.54 96.44 104.32 100.26 78.08 75.08 68.88 65.82 53.8 51.64 51.56 58.44 58.32 49.28 37.08 40.98 47.94 50.78 56.74 53.56 56.5 69.44 82.34 84.18 86.08 85 88.98 89.84 95.82 97.78 100.92 102.04 95.22 91.28 88.44 87.7 82.74 82.9 87.18 85.24 87.4 90.58 89.66 89.92 92.06 92.12 95.28 96.38 96.38 97.44 96.32 98.36 103.24 103.22 104.2 101.1 104.06 104.96 103.92 101.92 103.86 98.82 98.7 99.74 97.64 98.58 98.54 99.52 104.44 105.52 104.4 105.48
104.7 103.58 98.56 91.46 84.42 100.32 108.2 99.1 92.08 89.98 87.78 88.64 84.56 68.42 68.38 64.28 70.18 61.08 51.02 51.88 54.74 58.64 66.6 65.46 59.38 56.3 67.2 76.08 84.92 84.86 88.8 93.68 98.56 101.74 103.78 104.9 107 107.24 107.36 106.54 101.62 105.82 104.94 105.04 104.28 105.4 105.6 101.72 99.9 100.02 98.2 102.42 99.48 99.44 101.34 103.38 101.3 102.2 105.12 104.14 104.1 105.06 107 104.94 105.92 104.82 101.8 103.76 102.66 104.6 105.64 105.54 109.48 107.52 108.48 108.5
109.48 108.5 105.4 101.32 109.22 112.16 111.02 102.98 102.82 94.74 88.58 87.48 78.44 83.38 71.24 73.26 77.98 67.94 69.78 67.74 70.58 66.58 68.4 73.38 76.26 75.08 71.92 66.94 81.82 91.72 93.64 95.58 102.66 103.6 102.8 97.88 101.96 102.16 102.24 97.46 99.68 101.72 103.86 106.98 104.34 108.38 106.58 104.82 104.84 103.02 100.2 104.3 107.5 102.42 104.32 103.32 104.26 107.2 105.2 109 107.04 107 110.9 108.86 104.82 104.8 103.62 105.6 105.58 106.58 107.48 108.4 111.5 111.44 111.48 111.5
111.38 112.36 109.2 114.16 107.04 104 96.92 85.82 86.66 86.54 89.44 96.34 91.32 79.18 80.08 77.96 82.82 88.74 80.68 83.64 78.5 82.34 80.24 74.14 80.06 84.96 88.02 86.98 92.96 95.9 106.92 108.94 108.96 107.9 103.9 95.02 98.12 94.16 95.38 96.56 98.74 95.84 98.04 99.2 102.26 100.56 96.64 98.8 96.98 99.16 102.34 100.48 103.38 99.22 103.12 103.2 102.08 103.18 104.08 107.94 111.86 110.84 107.82 104.74 107.66 107.68 106.56 105.5 109.44 106.48 106.4 107.48 110.42 114.46 114.48 113.46
115.22 116.2 116.12 114.98 104.96 104.8 98.76 99.66 106.56 108.46 105.36 95.24 91.14 95.02 92.88 83.8 91.76 88.62 90.54 90.38 91.34 86.4 80.44 86.36 81.34 82.32 89.34 88.3 96.26 104.38 105.28 102.24 104.12 99.12 99.1 98.12 97.2 97.36 96.56 94.6 98.86 101.02 102.14 103.24 103.48 102.64 102.82 103.94 104.16 100.2 99.42 94.5 101.26 101.16 104.96 97.98 98.92 99.88 100.92 102.92 104.8 104.82 106.7 108.56 109.54 106.6 107.5 106.54 108.44 107.48 109.46 111.46 113.42 116.4 116.52 116.56
118.14 120.02 120.94 117.9 118.72 117.66 110.56 115.6 107.46 105.3 114.14 104.08 96 92.88 97.86 102.76 94.74 87.74 88.78 84.72 96.74 87.7 83.7 86.62 89.64 90.62 86.6 87.62 95.54 102.56 93.56 95.66 100.46 99.38 98.38 97.26 98.48 94.5 97.68 95.82 90 97.12 95.3 98.4 90.54 93.8 91.88 103.08 107.16 105.34 98.52 97.44 98.16 98.02 96.88 96.66 99.62 97.68 101.76 103.8 106.68 107.74 108.68 112.54 113.6 113.54 114.52 114.56 113.5 112.5 113.52 114.46 118.42 119.52 119.5 119.42
121 121.84 124.86 125.8 122.68 121.56 118.44 112.3 115.2 116.14 117.22 106.22 106.16 106.16 97.1 93.14 104.12 96.08 91.98 91.12 89.08 92.1 94.04 94.04 89.98 93.96 92.98 96.96 95.94 93.92 96.94 98.84 96.72 97.74 100.64 100.6 101.54 97.7 97.82 94.92 95.14 93.26 96.36 94.54 91.7 89.84 91.96 96.08 100.4 107.46 98.48 96.22 102.02 102.92 103.76 102.58 105.46 108.54 104.58 105.66 108.64 108.7 111.66 115.68 117.62 117.54 117.54 117.52 116.54 116.54 116.56 118.5 121.54 121.62 123.64 123.64
126.84 127.74 128.68 129.58 128.6 127.56 123.56 126.62 122.6 117.56 117.6 118.5 108.48 116.5 113.46 102.46 99.42 106.38 99.38 98.38 98.38 98.4 95.3 96.4 102.38 104.34 105.22 107.24 106.28 105.3 104.26 98.14 98.1 95.98 95.92 100.9 100.8 101.8 103.94 103.12 102.16 102.34 99.44 99.66 95.8 90.88 94.14 95.34 96.46 97.56 96.34 99.12 102.94 99.74 100.64 101.56 109.46 109.6 112.58 111.56 110.58 111.58 114.7 116.72 120.74 120.72 122.6 121.7 121.64 121.64 122.64 123.52 122.56 124.52 126.68 126.78
129.68 131.62 132.58 134.52 132.5 130.34 120.4 123.48 121.46 110.62 114.66 110.74 112.82 116.76 117.8 118.76 115.7 105.78 104.72 110.74 100.62 97.62 100.62 101.68 103.68 101.64 101.64 104.56 108.54 114.58 113.52 113.56 107.36 106.26 100.3 93.08 96.14 96 102.04 102.18 103.26 101.48 106.58 101.74 105.92 105.08 105.3 100.4 101.58 101.52 107.2 105.04 103.78 102.64 103.5 104.58 108.52 111.68 114.74 116.68 116.6 120.6 121.66 122.76 122.74 123.78 125.8 125.7 125.7 124.62 124.68 124.7 126.72 126.7 128.82 128.94
134.64 136.54 138.56 139.42 135.42 134.3 132.18 128.2 129.16 128.18 119.28 116.38 120.46 125.48 121.58 121.64 120.72 112.84 108.92 114.96 116.94 114.02 103.02 105.04 102 103.96 109.92 113.96 113.92 113.84 114.86 116.66 112.56 110.64 107.48 102.38 105.32 103.32 102.22 104.38 106.4 103.56 107.7 108.9 107 108.12 111.3 110.46 110.58 109.34 109.14 112.92 112.64 112.58 110.52 112.5 114.56 116.58 114.78 118.7 124.72 125.76 125.74 125.74 125.66 126.68 127.74 129.8 129.78 128.78 128.8 128.76 127.78 127.8 129.88 130.96
137.58 140.5 142.42 143.38 139.28 137.22 137.22 133.14 127.06 125.96 124 124.02 125.16 128.18 130.22 128.34 121.4 124.5 120.6 117.64 110.64 109.68 112.82 112.84 115.92 111 113.14 115.18 119.22 117.04 117.18 115.92 114.88 112.84 110.82 110.7 111.62 107.5 110.5 108.38 107.54 110.68 106.78 109.94 109.08 111.34 115.5 114.56 112.48 112.26 112 112.78 112.6 112.54 112.48 112.5 114.62 116.62 122.7 126.9 128.82 129.82 128.86 127.82 129.84 129.76 131.84 129.8 132.78 134.76 134.74 134.74 130.86 130.88 132 133.1
138.44 140.44 144.3 145.3 143.22 140.18 144.06 138.96 136 134.98 130.84 129.82 121.78 124.84 120.92 121.98 119.1 117.16 119.2 114.26 118.3 117.42 113.58 118.52 113.6 115.68 115.92 115.08 123.32 116.32 116.34 112.34 112.2 111.08 118.04 121.98 118.86 112.86 116.82 117.68 120.64 119.76 116.84 118.12 111.22 112.38 121.56 118.5 114.3 114.1 113.9 117.7 117.62 117.58 116.56 118.56 119.72 121.68 119.84 123.9 129.96 130.98 130.92 130.94 130.92 131.9 133.94 134.92 138.82 137.92 139.86 140.86 137.9 137.02 137.1 137.22
141.48 144.34 147.26 149.18 150.2 149 147.92 145.9 138.88 137.78 135.76 132.68 128.72 123.66 119.6 118.76 119.74 120.76 119.92 119 118.04 117.18 114.26 116.46 113.54 121.74 122.96 123.12 120.2 114.42 110.44 110.34 117.36 118.36 114.36 115.24 121.1 122.06 124 123.92 124.84 124.86 127.02 126.14 123.36 117.56 124.66 122.4 117.2 117.04 116.92 116.74 117.64 117.52 117.52 117.58 120.64 121.78 127.88 131.96 133.94 135.1 134.06 133.06 134.04 135.06 137 136.02 138.04 138.96 138.86 137.78 136.86 136.94 136.1 136.3
144.36 146.3 147.2 147.06 153.14 156.88 157.86 155.88 150.76 144.7 137.68 134.56 130.54 122.56 117.56 116.42 119.4 116.52 116.66 115.88 112.92 116.02 116.26 117.38 119.56 121.76 120 121.1 120.32 120.46 125.52 118.46 117.58 115.52 114.46 115.5 117.46 114.38 117.38 125.24 121.18 122.1 120.14 122.32 131.42 126.62 118.56 118.34 120.2 126 130.86 125.8 126.6 126.56 124.5 126.58 128.7 131.68 135.84 134.92 135 135 138.18 138.1 136.18 137.12 136.06 137.04 136.96 138.86 135.86 135.92 134.86 134.84 134.9 134.08
147.24 148.24 149.12 150.04 154.92 157.9 161.72 160.7 155.7 153.7 151.6 148.52 142.48 127.5 123.5 128.52 123.56 120.56 115.6 113.82 110.9 113.1 120.16 120.38 121.56 120.8 121 120.16 116.3 119.46 123.68 121.6 122.58 118.6 116.52 115.54 116.58 116.62 120.56 123.52 118.36 117.3 126.26 129.4 133.52 130.64 126.4 124.32 125.18 129 130.92 124.72 125.76 127.56 122.54 126.64 131.72 129.8 134.86 137 138.12 138.06 139.24 140.28 139.2 139.16 138.08 135.08 138 135.94 131.86 133.94 134.88 135.9 137.9 138.98
148.22 150.1 152.1 152.98 156.84 157.76 162.68 166.6 163.52 160.56 155.72 147.62 141.6 144.66 137.72 129.82 127.68 125.74 126.84 123.8 119.84 117 124.2 125.4 125.6 125.72 124.98 124.16 125.32 119.5 118.7 118.74 117.72 117.66 117.78 117.74 117.68 118.62 118.74 118.68 118.64 120.56 128.58 132.54 131.68 127.5 132.5 133.3 123.12 121.08 121.9 120.8 120.64 131.5 122.56 127.6 127.76 128.84 130.84 132 135.04 139.22 142.22 142.34 141.2 142.2 141.12 141.06 146.02 140.92 137.84 133.94 129.88 130.94 130.84 129.9
150.1 151 152.98 155.82 158.74 161.66 164.64 166.66 162.7 156.68 149.66 146.78 146.82 146.84 134.82 127.92 133.94 127.94 123 123.96 126 128.16 123.3 128.5 126.6 125.82 124 124.14 122.34 120.52 119.62 119.84 119.76 119.82 119.8 119.72 119.76 119.68 120.8 120.82 126.72 124.76 131.72 134.72 132.68 132.52 132.4 134.24 125.14 123.06 122.84 123.72 123.64 126.56 125.64 128.7 132.7 134.82 135.9 134.92 135.08 139.14 139.24 138.26 139.22 139.18 141.1 140 143.06 145.96 137.92 131.94 133.9 134.92 132.9 130.98
151.96 153.96 155.86 157.74 159.82 161.64 163.72 164.74 160.7 148.72 137.78 140.84 140.92 139.94 141.02 138 140.04 138.02 129.04 127.12 129.18 130.34 133.58 128.64 127.84 125.92 123.14 122.24 121.46 121.54 121.72 123.9 131.94 127.94 121.84 121.86 121.88 121.86 122.86 122.88 122.76 126.8 126.76 137.72 129.66 128.48 129.4 129.28 125.14 125.02 124.82 125.68 126.56 126.56 129.56 136.6 136.64 138.74 139.9 137 139.08 139.06 142.22 138.22 138.24 140.1 141.08 137.08 145.02 144.92 145.88 142.96 138.94 137.94 138.98 140.92
151.92 153.92 155.78 158.9 160.86 161.92 163.92 163.78 163.78 151.7 138.82 134.94 136 135.08 126.06 125.08 128.18 130.24 131.3 129.4 125.44 133.5 131.72 128.88 134 134.16 133.28 133.44 133.56 133.68 136.74 134.92 137 131.9 130.9 126.92 123.96 124.04 124.92 124.92 124.98 125.94 129.86 137.72 130.64 127.56 129.36 127.26 127.1 127.84 128.8 131.74 132.6 132.42 135.52 139.72 138.68 133.8 130.94 129 133.12 139.1 147.2 141.24 140.24 140.22 143.16 144.06 147.98 146.94 145 142.88 131.88 138.88 131.82 136.92
153.94 155.9 157.02 158.92 160.04 161.96 163.02 162.92 162.92 160.88 152.9 144.98 138.02 125.12 123.16 129.18 131.32 126.38 126.48 129.48 128.66 133.82 129.9 135.98 136.22 134.32 134.46 138.56 136.8 137.92 137.94 132.04 132.06 135.02 136.04 131.02 130.98 131.08 128.04 127.94 128.94 129.88 129.88 133.78 136.68 132.6 132.42 133.26 133.06 133.92 136.82 139.6 141.46 141.42 138.52 133.6 128.74 124.86 111.98 116.06 115.14 129.24 135.08 138.2 146.2 145.18 145.08 144.04 143.96 142.92 143.86 140.84 134.8 134.78 133.78 133.78
156.02 157.04 157.12 159.1 161.08 162.14 162 162.02 158.02 157.98 157.9 151.98 140.04 130.06 137.16 138.34 136.4 136.54 137.64 137.76 130.88 136.82 140.08 141.26 140.36 140.5 142.62 141.74 138.86 138.98 140.98 138.04 134.06 135.04 135.12 136.06 135.06 131.16 126.06 125.06 129 130.86 131.8 132.76 134.62 134.44 135.38 135.26 137.14 141 141.72 142.56 141.5 141.48 123.5 118.64 113.8 104.84 113 119.02 108.1 121.12 123.16 125.26 129.24 143.2 147.08 145.96 146 142.84 145.9 145.82 138.8 137.74 132.7 134.76
159.24 160.18 161.28 162.24 162.14 163.16 163.12 162.08 159.16 156.06 155.02 155.02 147.04 145.12 141.32 136.4 134.54 143.68 141.76 143.9 143.06 145.18 146.2 145.36 145.52 147.6 145.66 141.74 139.92 143.96 142.04 142.06 143.2 144.14 139.18 138.14 130.08 127.22 128.06 130.04 132.94 133.86 133.88 133.72 135.62 135.58 141.34 141.38 142.12 142 140.94 137.88 132.86 130.78 120.8 118.78 111.84 112.06 108.04 115 125.02 121.06 130.08 134.24 144.16 140.12 138.14 147.06 150 148.94 145.88 146.78 143.7 132.6 124.64 132.68
160.32 161.3 162.38 163.3 163.28 163.32 162.26 162.16 159.2 157.18 154.06 154.18 151.02 151.2 149.3 149.48 143.58 143.76 147.78 141.9 144.1 147.14 150.34 147.5 145.64 146.64 144.7 145.88 143.94 143.1 139.08 142.2 142.14 144.26 136.18 132.22 132.18 132.18 131.04 134.02 136.04 133.84 134.8 135.64 137.58 142.56 144.36 145.4 142.28 140.28 140.2 131.22 127.1 129.04 126 122 120.04 118.06 119 125.02 115.1 117.08 105.12 123.08 137.16 131.12 116.14 132.02 138 133.86 132.8 136.76 141.7 139.72 130.54 134.52
159.46 160.36 161.46 161.34 161.4 160.38 161.4 160.3 157.3 156.26 153.26 152.12 152.04 151.02 154.26 153.44 152.48 152.68 152.76 147.78 148.96 149.18 150.48 151.56 144.68 143.68 150.78 149.94 145 146.06 142.22 141.24 144.26 141.26 135.32 135.26 137.22 137.16 137.02 134.02 135.94 137.78 137.8 142.7 146.66 141.64 140.62 134.64 128.68 124.56 125.52 123.48 125.34 128.34 121.28 129.24 134.3 124.26 127.26 122.1 118.06 111.02 100.08 116.14 115.14 117.14 111.18 117.08 119.02 119.86 109.82 129.8 117.78 117.64 128.58 135.52
160.52 161.56 162.62 162.54 163.44 163.5 162.46 161.46 158.38 158.36 155.38 154.16 152.06 151.04 156.18 152.26 150.4 155.5 156.66 153.86 152.08 151.44 152.58 151.6 149.7 148.76 152.88 150.96 147.08 143.12 143.24 144.28 146.34 140.36 144.3 142.26 140.24 139.18 134.96 134 137.92 142.78 146.74 144.82 143.82 135.92 126.88 113.92 121.84 116.84 117.82 124.84 126.7 123.66 115.6 122.62 117.42 107.4 117.34 117.32 114.26 117.16 96.1 80.06 92.12 109.14 111.14 106 111.02 116.96 120 122.86 117.92 115.68 122.76 129.62
162.66 163.58 164.6 164.66 163.7 161.62 161.52 160.44 161.46 159.3 156.2 155.16 151.04 148.96 155.12 156.22 143.38 147.62 154.7 155.96 154.3 154.54 154.62 154.64 152.96 148.94 146.98 140.06 141.12 139.24 139.32 139.32 142.36 138.36 143.28 147.26 140.18 148.1 138.04 143.94 138.96 138.84 137.88 142.86 144.96 127.08 119.12 114.1 116.12 109.18 106.14 110.08 118.12 106.94 95.86 85.88 97.58 103.52 112.48 118.36 116.32 94.34 79.3 89.26 119.28 105.22 86.24 87.2 98.14 115.08 128.1 120.96 124.92 121.8 109.74 104.68
162.78 162.76 165.74 166.86 164.76 162.74 161.62 161.5 160.42 158.32 154.26 152.18 148.02 149.94 158.02 153.18 148.34 150.5 153.78 156.22 158.46 156.72 154.78 153.82 154.82 151.94 153.02 149.16 144.24 141.34 140.4 142.44 146.42 145.34 142.3 146.26 143.1 151.16 136 137.92 137.92 132.84 137.94 146.94 135.98 120.08 110.2 98.32 103.4 98.36 105.38 119.34 128.34 113.24 102.14 93.86 113.84 118.68 124.64 133.6 123.54 104.52 89.34 88.34 96.32 90.36 97.38 103.34 106.26 107.26 120.22 126.18 125.1 115.96 109.88 106.9
