data/default-data/raster/climate/tmp_2.txt
ncols         720
nrows         360
xllcorner     -180
yllcorner     -90
cellsize      0.5
NODATA_value  -9999
[rows 102 to 135 of 360, columns 532 to 607 of 720]
-15.84 -14.06 -10.16 -34.32 -64.42 -95.38 -119.3 -137.26 -119.24 -124.3 -93.46 -91.5 -91.58 -94.82 -86.86 -88.04 -89.2 -89.3 -93.34 -129.22 -170.1 -151.82 -184.66 -177.52 -176.42 -176.22 -174.02 -141.32 -109.34 -74.56 -78.54 -84.48 -71.5 -57.28 -46.9 -50.46 -56.08 -50.74 -51.36 -61.04 -38.48 -45.22 -58.18 -59.24 -54.18 -54.1 -52.08 -54.08 -50.14 -47.26 -57.46 -77.48 -78.58 -41.46 -56.08 -58.86 -12.46 -9.24 0.92 4.92 5.02 4.6 2.62 -5.44 -9999 -9999 -9999 -9999 -9999 -9999 -20.2 -19.24 -9999 -9999 -9999 -9999
-21.08 -41.14 -87.32 -129.5 -124.6 -147.56 -137.56 -125.48 -80.42 -79.38 -77.46 -77.54 -78.54 -78.58 -79.76 -81 -84.32 -89.6 -124.7 -168.56 -185.56 -180.76 -180.52 -174.28 -184.94 -174.7 -175.58 -166.8 -144.1 -126.98 -99.96 -85.96 -61.88 -50.58 -40.2 -44.76 -46.32 -46.94 -45.46 -44.94 -30.58 -47.68 -53.66 -47.58 -44.58 -47.6 -45.62 -49.54 -45.72 -40.8 -60.9 -58.98 -56.28 -37.04 -46.64 -27.46 4.8 10.1 9.46 8.26 7.58 5.96 2.96 -0.92 -2.96 -5.14 -9999 -9999 -9999 -12.36 -9999 -9999 -9999 -9999 -9999 -9999
-92.16 -138.38 -145.5 -168.78 -172.9 -143.78 -141.7 -141.74 -124.5 -110.74 -95.54 -82.48 -70.52 -65.58 -65.76 -68 -69.22 -69.62 -75.88 -110.02 -144.08 -169.22 -156.2 -163.84 -179.4 -162.02 -163.96 -166.64 -143.44 -138.78 -119.48 -130.52 -91.26 -54.88 -44.44 -58.94 -52.48 -41.02 -34.5 -34.08 -33.86 -40.94 -44.88 -39.02 -41.98 -45.9 -36.88 -36.94 -25.06 -21.22 -51.4 -57.56 -32.74 -27.66 -41.46 -25.02 -4.74 14.66 12.84 11.48 9.16 7.32 4.42 1.44 -0.56 -2.6 -9999 -9999 -12.54 -10.42 -10.44 -4.64 -9999 -9999 -9999 -9999
-166.42 -160.52 -160.72 -159.96 -155.14 -151.88 -133.88 -128.88 -119.64 -147.7 -147.02 -115.84 -84.62 -57.64 -53.76 -52.96 -52.2 -51.62 -51.96 -66.86 -104.08 -88.28 -102.54 -103.36 -132.76 -136.42 -116.42 -105.24 -97.56 -106.94 -123.3 -113.9 -80.48 -85.84 -96.36 -68.94 -65.42 -39.92 -31.5 -32.36 -40.16 -45.26 -49.36 -51.26 -46.38 -41.36 -45.3 -33.4 -11.48 -21.66 -44.86 -24.94 -15.88 -31.7 -44.5 -39.26 5 17.2 16.04 14.74 14.48 13.98 11.9 6.84 3.84 3.12 4.18 1.3 -14.7 -14.74 -8.86 0.2 2.12 1.9 -9999 -9999
-154.56 -174.78 -172.04 -168.16 -164.24 -166.14 -173.06 -174.1 -135.66 -151.8 -146 -116.28 -99.16 -75 -74.78 -68.02 -50.5 -44.92 -43.14 -44 -43.9 -43.02 -51.32 -66.5 -91.18 -114.88 -116.78 -107.46 -94.54 -82.88 -76.6 -49.68 -67.62 -70 -65.46 -51 -35.48 -21 -45.82 -38.62 -42.48 -46.56 -31.7 -32.74 -32.66 -30.72 -22.62 -17.72 -14.86 -16.04 -30.26 -13.16 -36.98 -21.72 -28.54 -19.34 10.88 21.06 18.56 18.24 19.74 22.32 14.34 3.36 0.5 3.6 3.74 -0.24 -5.22 -9.24 1.6 -2.24 2.7 8.76 -9999 -9999
-166.9 -170.96 -183.1 -198.44 -172.5 -175.34 -167.3 -174.22 -186.72 -201.82 -168.96 -155.34 -143.64 -146.5 -147.38 -141.6 -117 -87.28 -86.24 -81.16 -68 -63.92 -42 -47.26 -73.42 -140.3 -137.26 -96.5 -91.46 -85.96 -67.8 -64.52 -58.88 -41.2 -40.44 -28.92 -34.5 -37.32 -47.06 -46.92 -34.76 -40.78 -25.02 -20.04 -22.08 -15.04 -12.08 -16.18 -8.3 -16.5 -15.42 1.8 -16 -17.72 -18.5 -8.28 22.94 23.68 21.18 19.9 18.52 17.14 5.94 4.94 -6.08 -1.04 5.02 6 9.06 4.06 -9999 -9999 -9999 -9999 -9999 -9999
-183.06 -172.32 -160.4 -158.62 -163.78 -175.54 -169.5 -174.32 -173.8 -169.8 -166.02 -170.22 -164.66 -157.92 -146.86 -141.22 -129.38 -119.34 -131.44 -128.38 -127.14 -127.36 -126.06 -103.18 -112.42 -131.66 -138.72 -117.8 -76.8 -76.66 -82.34 -67.8 -52.32 -43.72 -37.04 -45.18 -37.84 -38.54 -36.38 -29.2 -41.16 -24.02 -7.22 -6.32 -7.5 -8.4 2.56 3.46 4.3 5.38 12.54 2.86 -2.94 -3.76 -20.54 3.84 24.8 26.34 22.98 21.7 20.48 20.16 15.84 11.82 5.82 -1.18 0.9 11.86 10.86 -9999 -9999 -9999 -9999 -9999 -9999 -9999
-155.28 -156.5 -153.72 -155.86 -153.92 -169.9 -164.66 -173.4 -154.88 -158.98 -163.02 -160.12 -155.48 -151.9 -146.38 -140.46 -134.42 -140.54 -135.54 -132.44 -140.56 -141.02 -135.76 -128.44 -129.52 -125.66 -126.18 -108.56 -73.56 -88.3 -99.78 -86.28 -70.58 -61 -52.3 -38.7 -33.34 -33.1 -31.82 -21.52 -29.34 -18.32 0.56 -2.58 -2.74 -1.7 0.24 8.08 23.18 22.32 14.52 2.78 6.04 20.24 20.52 30.6 30.44 29.08 27.86 26.52 24.3 23.14 18.8 14.66 15.76 9.84 11.96 18.08 -9999 -9999 -9999 -9999 -9999 -9999 -9999 -9999
-160.54 -170.7 -165.92 -169.06 -161.14 -157.06 -150.82 -160.5 -148.96 -158.06 -174.12 -171.2 -157.4 -159.92 -141.4 -134.58 -130.58 -128.64 -144.7 -150.8 -154.9 -138.38 -124.34 -120.12 -126.22 -127.92 -156.44 -110.34 -106.14 -82.62 -77.02 -75.38 -66.9 -56.26 -44.54 -46.96 -46.64 -32.6 -9.38 -7.08 -11.92 -1.76 12.18 -2.86 15.02 23.78 23.88 24.96 24.2 20.28 13.56 19.84 35.08 37.24 23.42 27.6 31.38 32.1 30.96 30.7 29.48 28.2 25.04 23.82 24.86 18.94 18.1 -9999 -9999 -9999 -9999 -9999 -9999 -9999 -9999 -9999
-163.74 -165.94 -159.18 -159.24 -171.44 -169.26 -140.08 -159.52 -170.06 -167.14 -166.2 -154.28 -143.34 -132.8 -130.32 -134.78 -141 -153.06 -150.98 -148.98 -172.38 -159.98 -165.06 -144.26 -123.98 -119.96 -141.02 -98.76 -87.38 -81.8 -70.22 -65.6 -89.02 -60.4 -37.84 -35.24 -41.9 -43.82 3.16 4.34 -8.46 5.64 2.62 8.6 28.56 26.54 23.72 8.9 4.12 11.4 9.56 10.76 29.9 26.1 26.22 31.48 35.34 35.32 35.1 34.88 33.54 32.36 30.2 29.98 29 27.16 25.28 25.94 29.32 -9999 -9999 -9999 -9999 -9999 -9999 -9999
-161.98 -144.2 -155.32 -163.5 -144.6 -164.5 -168.28 -175.6 -150.16 -160.24 -160.32 -135.38 -132.58 -129.86 -135.28 -139.78 -151.32 -175.52 -179.54 -138.6 -131.82 -141.38 -117.88 -135.12 -118.08 -138.24 -116.2 -88.2 -82.56 -81.08 -72.44 -68.88 -45.12 -50.64 -33 -32.46 -21.06 17.88 19.86 29.84 26.94 8.12 -6.98 -39.96 -0.96 4.26 0.56 2.84 10.98 13.14 8.36 2.56 11.64 30.92 38.06 39.28 39.3 39.14 39.04 38.78 37.68 36.44 35.26 35.12 33.16 32.32 32.24 31.72 30.16 32.82 -9999 -9999 -9999 -9999 -9999 -9999
-141.24 -134.5 -152.52 -143.68 -140.86 -151.76 -151.4 -145.54 -142.22 -155.26 -160.36 -153.54 -145.82 -144.16 -139.5 -135.86 -150.2 -139.68 -152.98 -156.22 -119.38 -100.58 -106.06 -94.34 -86.26 -126.22 -120.2 -88.28 -96.88 -99.34 -106.7 -72.18 -41.5 -57.92 -35.28 -25.6 -17.36 27.72 38.72 44.7 42.56 33.38 39.48 31.7 21.8 12.08 14.34 15.46 24.78 17.9 31.08 35.32 37.54 40.58 38.86 40.16 43.2 43.04 42.92 42.84 41.64 41.54 41.38 39.14 38.04 36.12 37.12 36.56 35.04 36.58 -9999 -9999 -9999 -9999 -9999 -9999
-127.46 -126.64 -120.78 -126.86 -124.02 -129.02 -130.46 -139.62 -129.2 -126.32 -133.42 -141.72 -145.14 -144.44 -146.86 -147.1 -153.42 -111.88 -112.28 -131.46 -104.74 -134.96 -116.08 -108.12 -136.1 -100.06 -106.22 -104.18 -94.1 -97.6 -77.08 -73.52 -33.88 -50.38 -38.58 5.98 29.3 47.3 56.26 49.16 33.12 24.06 12.14 5.34 35.52 38.76 37.96 25.3 34.44 45.7 48.88 55 55.24 50.44 44.74 40.98 45.98 45.98 45.84 44.74 45.6 45.62 43.52 42.2 40 38.92 39.7 39.42 38.8 38.42 -9999 -9999 -9999 -9999 -9999 -9999
-115.72 -118.82 -129.96 -122.12 -115.28 -122.28 -126.7 -119.74 -103.38 -117.42 -122.7 -126.04 -118.46 -119.76 -127.16 -122.34 -140.84 -116.38 -80.4 -61.5 -96.62 -85.86 -104.98 -104.98 -113.96 -108.98 -91.06 -94.06 -85.16 -91.72 -108.26 -37.82 1.76 -17.66 17.02 33.64 46.94 53 59.86 62.86 49.78 46.62 45.8 38.04 25.2 24.5 19.72 30.9 33.26 28.4 32.66 49.9 57 55.32 41.58 46.7 50.88 50.8 48.76 47.6 48.5 49.52 47.4 46.24 43.96 42.62 42.36 42 40.68 39.26 40.78 47.6 -9999 -9999 -9999 -9999
-116.02 -112.14 -105.12 -97.2 -112.38 -86.52 -84.6 -91.84 -89.32 -108.7 -116 -108.34 -107.74 -101.14 -120.42 -103.76 -90.18 -111.52 -86.54 -116.62 -96.64 -97.74 -94.92 -104.82 -97.82 -100.86 -64.86 -40 -61.14 -76.84 -90.48 -0.94 7.52 -12.92 -26.36 40.22 60.52 72.6 76.48 77.5 66.34 68.34 65.54 59.82 42 32.22 33.48 20.66 40.96 38.16 31.42 46.62 60.84 58.14 57.44 54.6 50.7 50.76 47.68 40.6 51.54 52.4 52.38 50.22 47.78 48.38 46.04 45.54 45.12 44.74 46.48 50.24 -9999 -9999 -9999 -9999
-107.14 -101.42 -109.52 -110.58 -94.68 -101.66 -101.76 -111.8 -91.64 -88.12 -96.48 -90.86 -93.98 -98.44 -114.8 -92.16 -87.6 -75.66 -52.74 -108.78 -109.74 -100.74 -101.86 -106.78 -74.78 -52.82 -42.84 -69.92 -46.96 -56.02 -33.54 16.94 8.28 -30.2 33.3 57.9 79.14 78.18 78.2 79.14 77.98 71.92 71.16 70.46 59.68 57.9 46.18 45.48 52.64 45.88 40.08 54.34 62.6 58.94 54.08 59.36 58.54 58.56 50.5 36.56 41.44 48.38 54.24 53.94 50.58 50.14 49.88 45.42 52.94 50.38 52.24 55.86 -9999 -9999 -9999 -9999
-114.24 -103.38 -105.52 -115.64 -113.76 -109.7 -111.84 -102.04 -79.38 -93.7 -91.08 -99.16 -110.42 -94.8 -100.28 -102.54 -88.8 -82.78 -85.86 -121.88 -102.82 -112.72 -94.68 -59 -44.9 -49.94 -22.86 -46.96 -17.92 -39.94 -32.8 -3.28 -6.74 -13.32 47.16 82.68 79.8 76.9 83.84 85.7 83.64 79.54 81.8 81.1 71.44 59.66 52.84 49.08 43.48 42.64 56.82 63.14 65.4 62.68 63.06 63.18 61.42 63.5 59.5 45.44 40.44 57.36 58.22 53.84 48.28 45.8 45.58 50.34 54.84 54.3 57.16 58.68 58.36 60.1 -9999 -9999
-118.12 -115.26 -122.4 -132.52 -118.62 -111.74 -108.9 -114.48 -105.88 -93.4 -76.26 -74.2 -84.76 -87.12 -79.54 -75.86 -62.88 -11.94 -24.96 -108.9 -105.62 -79.52 -61.78 -61.78 -43 -28.16 -23.12 -52.06 -55.16 -51.1 -26.18 -25.68 16.86 35.34 74.86 83.28 79.62 80.8 86.66 90.58 88.4 83.44 85.66 84.88 54.28 40.62 47.84 48.06 22.36 25.68 50.92 64.04 64.4 65.78 66.02 67.28 65.36 65.44 65.56 56.56 60.38 63.46 54.06 44.54 40.98 38.46 37.18 48.06 58.76 61.12 60.82 54.52 57.24 65.06 -9999 -9999
-87.06 -96.08 -134.26 -125.34 -101.54 -60.58 -78 -84.92 -61.52 -64.42 -33.14 -56.38 -80.08 -98.44 -64.76 -46.82 -44.84 -40.92 13.36 -32.52 -93.18 -87.44 -71.62 -36.64 -4.84 6.94 -29.3 -67.32 -59.24 -8.28 15.64 -45.08 35.42 45.84 62.42 94.78 89 91.18 94.32 94.4 96.28 92.26 80.56 60.92 53.24 44.64 56.92 44.16 42.44 46.7 63.94 67.16 68.42 68.72 70.94 69.14 65.32 62.38 60.56 64.56 64.54 65.42 56.84 56.22 54.72 47.2 50.92 51.68 56.54 55 53.86 63.56 63.34 -9999 -9999 -9999
-107.96 -91.06 -99.1 -86.28 -59.38 -36.38 -27.44 -54.52 -58.44 -34.36 -46.3 -39.38 -71.18 -53.68 -41.86 -45.86 -20.82 -13.5 46.68 18.92 -45.04 -64.36 -51.64 -27.48 -38.74 -28.86 4.82 -37.38 -91.46 -9.48 15.46 -68.46 27.94 38.52 42.92 82.28 96.44 97.66 97.8 97.84 97 86.18 64.6 72.98 61.34 45.68 54.06 51.32 51.58 47.86 64 67.24 69.4 71.6 71.74 60.92 61.26 62.5 63.56 67.56 72.52 76.1 71.5 67.02 58.44 53.9 66.68 63.52 60.28 59.86 54.84 67.42 -9999 -9999 -9999 -9999
-130.78 -125.94 -120.1 -92.02 -74.04 -75 -63.2 -66.66 -70.9 -57.16 -72.04 -57.14 -70.42 -80.94 -51.86 -22.66 20.66 104.82 65.02 62.26 16.08 -21.26 -17.64 -53.46 -37.62 -37.76 15 -33.2 -110.4 -32.64 15.3 -0.78 -4.42 46.12 27.44 44.66 82.96 101.08 94.36 88.56 73.76 64.92 54.5 73.02 56.4 45.8 53.14 58.42 60.7 57.94 62.14 63.22 67.26 71.4 67.62 60.84 59.06 57.3 64.54 72.64 77.32 78.8 78.3 71.72 72.3 70.74 61.4 69.28 60.08 58.82 62.76 66.5 -9999 -9999 -9999 -9999
-121.64 -135.86 -105.88 -108.76 -75.64 -99.78 -83.92 -90.28 -93.58 -52.66 -56.88 -79.24 -64.72 -68.72 36.48 64.74 88.96 139.16 124.48 138.34 80.08 31.78 -14.38 -33.36 -39.5 -28.74 -15.88 -17.08 -75.3 -1.44 50.3 60.18 73.28 58.64 55.84 27.16 68.5 83.66 73.1 70.34 68.36 61.6 59.2 56.74 58.38 52.92 53.26 58.5 62.76 53.08 55.12 55.12 61.2 66.32 71.5 63.58 57.96 72.06 76.24 78.42 78.26 79.84 83.34 79.82 76.3 56.86 67.46 75.16 65.96 66.64 71.84 -9999 -9999 -9999 -9999 -9999
19.32 -67.88 -45.86 -60.78 -101.7 -65.54 -85.58 -20.88 25.66 -5.52 48.3 32.84 -5.56 45.6 93.82 131.04 143.36 164.6 178.72 181.44 167.18 42.84 105.54 99.72 65.6 6.42 29.2 -18.96 -15.2 10.6 54.52 56.22 75.24 42.32 47.48 38.9 49 52.38 47.66 49.9 53.18 61.3 54.88 49.56 51.02 39.7 64.28 69.66 58.8 51.86 51.96 59.1 65.12 67.24 74.26 71.42 69.66 79.88 83.96 79.06 80.14 79.82 75.36 67.82 78.34 82.88 57.42 64.1 81.84 86.48 -9999 -9999 -9999 -9999 -9999 -9999
114.12 76.06 88.04 73.16 46.22 63.34 22.28 7.06 84.76 87.6 123.4 90 72.6 127.84 129.06 153.38 188.64 186.56 171.66 163.46 158.16 113.96 124.52 152.66 58.62 44.5 25.3 24.1 -4.16 41.7 61.54 76.7 61.94 60.14 48.2 55.28 50.38 49.6 42.84 39.12 48.38 61.44 61.06 52.58 51.14 53.64 62.28 71.66 53.76 57.82 65.92 65.96 68.06 66.2 73.14 66.16 69.36 84.64 86.6 81.76 81.68 90.66 84.26 90.84 92.42 85.92 65.52 82.18 88.86 94.42 -9999 -9999 -9999 -9999 -9999 -9999
178.86 156.96 159 153.02 159.02 178.08 175.94 162.82 174.66 168.58 172.44 173.1 190.9 201.12 197.34 195.16 192.12 172.26 112.28 116.4 155.14 151.84 112.62 160.68 90.82 19.68 11.34 9.2 30.98 60.82 105.22 119.42 91.74 85.94 79.96 72.06 54.18 43.26 46.36 53.46 52.58 52.84 55.4 66.98 59.32 55.66 65.1 68.44 63.54 72.58 73.82 75.9 72.94 76.06 77.06 67.04 69.06 88.34 88.38 83.4 88.38 76.36 89.2 97.88 98.36 83.92 88.54 102.2 99.74 -9999 -9999 -9999 -9999 -9999 -9999 -9999
186.86 184.74 184.74 186.8 190.92 193.68 196.66 198.46 193.42 190.42 187.36 188.22 194.82 197.6 184.42 184.58 167.68 138.8 99.78 155.94 175 185.92 136.56 156.74 79.8 37.64 46.38 48.26 104.36 115.62 89.9 117.2 116.44 73.72 82.68 79.88 70.82 67.96 85.12 78.24 78.2 68.18 65.44 76.78 58.14 66.4 73 66.08 39.3 54.46 77.54 77.68 63.86 75.92 80.96 65.92 67.9 89.06 94.02 97.12 98 95.06 105 105.74 102.44 97.94 99.58 110.16 120.7 -9999 -9999 -9999 -9999 -9999 -9999 -9999
191.4 189.5 187.62 189.64 196.64 200.38 199.34 201.16 189.14 179.22 163.88 152.38 154.78 177.8 186 172.12 131.16 109.34 111.42 184.52 155.64 171.68 158.5 159.72 94.86 66.76 69.58 64.8 103.1 115.38 101.72 137.94 88.16 88.4 87.6 98.62 78.7 76.68 94.36 93.24 99.24 85.2 92.32 76.64 78.9 83.32 82.74 74.86 73.16 75.26 76.38 79.48 82.62 80.6 75.7 74.7 82.78 100.76 93.8 102.68 105.68 98.72 107.7 112.6 104.2 102.82 112.44 127.98 130.62 -9999 -9999 -9999 -9999 -9999 -9999 -9999
192.94 193.14 189.22 193.26 204.24 206.12 205.92 204.88 191.72 189.2 173.66 161 159.38 149.58 167.68 127.72 127.84 125.88 190.06 194.1 184.34 181.46 196.46 140.64 89.88 83.9 104.18 109.5 113.8 117.12 107.38 106.68 101.96 95.2 100.28 98.08 90.7 85.38 86.18 102.06 114.16 115.2 110.24 98.5 104.82 87.22 95.5 92.66 100.82 79.14 89.18 86.36 82.42 85.4 86.36 94.46 99.54 109.54 107.62 110.4 107.3 103.32 108.26 107.18 123.02 127.62 135.18 139.48 -9999 -9999 136.6 130.1 -9999 -9999 -9999 -9999
195.58 195.7 195.72 201.74 210.72 210.62 210.62 210.3 208.02 205.58 202.08 203.38 194.46 189.68 178.92 150.1 146.36 184.32 196.44 178.46 182.5 191.46 192.42 112.42 105.68 112.88 108.04 103.16 126.5 122.84 120.14 114.44 107.86 102.08 111.16 96.78 107.42 110.24 118.18 113.1 114.08 113.2 124.26 121.42 122.78 112.96 111.22 102.4 97.64 99.82 97.96 89.08 95.14 95.16 99.2 115.22 107.22 111.24 119.34 120.38 122.22 119.96 117.9 127.82 133.62 138.38 145 146.28 -9999 146.44 117.62 148.8 -9999 -9999 -9999 -9999
195.18 202.32 206.34 212.42 214.4 213.48 211.4 212.44 211 208.64 203.02 196.3 193.22 186.18 162.24 151.32 176.3 196.42 192.34 181.38 190.3 201.32 191.32 125.26 126.5 111.7 132.84 101.84 133.94 128.02 120.3 137.64 123.96 113.36 126.38 112.24 117.04 113.28 119.26 124.22 127.24 128.22 131.3 121.3 121.62 119.9 121.04 119.18 103.34 101.64 104.78 105.84 104.96 112.88 121.88 126 121.94 123 130.02 136.14 130.12 127.9 123.72 135.52 150.16 152.08 -9999 -9999 156.44 142.96 55.52 149.56 -9999 -9999 174.4 173.48
206.76 210.92 217.16 219.36 218.42 216.4 214 212.08 216.18 215.28 209.3 200.22 195.24 167.24 139.2 134.2 191.24 200.22 203.22 201.3 205.22 199.18 166.18 151.12 149.34 150.54 127.66 119.72 128.86 135.94 131.96 147.08 136.14 126.42 117.62 114.48 111.7 115.9 112 124.22 139.28 154.3 145.26 137.32 132.5 131.7 126.94 127 124.28 127.34 127.54 129.62 129.72 130.76 138.66 133.66 138.74 139.82 136.9 136.96 139.96 140.86 144.56 148.24 -9999 -9999 -9999 164.96 167.92 110.54 99.2 125.12 -9999 -9999 -9999 -9999
208.46 214.78 221.08 225.28 223.32 219.12 216.58 216.86 216.06 217.08 215.3 212.22 210.24 185.22 139.16 137.12 206.2 206.1 213.12 214.16 202.06 197.02 147.98 166.92 151.26 153.4 141.48 134.56 137.58 143.78 133.78 134.88 137.94 143.04 136.02 106.24 118.38 126.46 129.66 135.84 127.98 138.2 142.4 146.3 141.46 135.54 132.7 135.82 141.04 142.16 139.3 137.38 138.4 143.46 150.4 148.5 150.5 148.56 142.62 144.62 150.7 159.68 160.42 -9999 -9999 -9999 -9999 173.08 175.64 122.22 143.48 -9999 -9999 -9999 -9999 -9999
212.52 219.74 224.98 230.22 230.44 226.2 225.18 224.16 216.08 217.06 218.14 221.2 224.18 197.18 147.22 156.18 202.14 216.18 223.08 223.08 190.94 167.98 159.86 176.84 143.94 151.2 133.26 136.42 150.42 160.54 145.66 152.7 148.82 139.86 154.88 172.98 164.12 164.28 161.52 145.56 147.76 149.86 151.06 150.16 145.36 143.44 140.58 138.62 138.88 143.96 142.12 144.28 143.44 148.46 153.36 156.16 156.12 156.2 159.22 160.24 164.28 168.2 -9999 -9999 -9999 -9999 -9999 -9999 184.94 136.08 116.26 -9999 -9999 -9999 -9999 -9999
213.48 223.7 227.96 232.18 233.38 231.4 229.42 226.46 220.4 220.3 224.28 222.2 221.22 200.24 149.32 170.26 200.14 224.02 226.98 229.9 216.86 195.78 182.84 161.84 160.76 165.12 162.12 147.3 147.34 169.38 170.48 162.56 169.68 177.58 174.56 178.76 197.98 194.08 178.24 162.42 148.58 155.74 155.88 152 146.24 143.42 142.46 143.6 147.74 155.88 146.98 148.16 150.32 152.3 154.2 162.02 160.72 161.74 -9999 -9999 -9999 -9999 -9999 -9999 -9999 -9999 -9999 -9999 186.84 184.24 -9999 -9999 -9999 -9999 -9999 -9999
