data/default-data/raster/climate/tmp_6.txt
ncols         720
nrows         360
xllcorner     -180
yllcorner     -90
cellsize      0.5
NODATA_value  -9999
[rows 33 to 65 of 360, columns 380 to 455 of 720]
-9999 -9999 -9999 -9999 -9999 -9999 -9999 -9999 -9999 -9999 -9999 -9999 -9999 -9999 -9999 -9999 -9999 -9999 -9999 -9999 -9999 -9999 -9999 -9999 -9999 -9999 -9999 -9999 -9999 -9999 -9999 -9999 -9999 -9999 -9999 -9999 -9999 -9999 -9999 -9999 -9999 -9999 -9999 -9999 -9999 -9999 -9999 -9999 -9999 -9999 -9999 -9999 -9999 -9999 -9999 -9999 -9999 -9999 -9999 -9999 -9999 -9999 -9999 -9999 -9999 -9999 -9999 -9999 -9999 -9999 -9999 -9999 -9999 -9999 -9999 -9999
-9999 -9999 -9999 -9999 -9999 -9999 -9999 -9999 -9999 -9999 -9999 -9999 -9999 -9999 -9999 -9999 -9999 -9999 -9999 -9999 -9999 -9999 -9999 -9999 -9999 -9999 -9999 -9999 -9999 -9999 -9999 -9999 -9999 -9999 -9999 -9999 -9999 -9999 -9999 -9999 -9999 -9999 -9999 -9999 -9999 -9999 -9999 -9999 -9999 -9999 -9999 -9999 -9999 -9999 -9999 -9999 -9999 -9999 -9999 -9999 -9999 -9999 -9999 -9999 -9999 -9999 -9999 -9999 -9999 -9999 -9999 -9999 -9999 -9999 -9999 -9999
-9999 -9999 -9999 -9999 -9999 -9999 -9999 -9999 -9999 -9999 -9999 -9999 -9999 -9999 -9999 -9999 -9999 -9999 -9999 -9999 -9999 -9999 -9999 -9999 -9999 -9999 -9999 -9999 -9999 -9999 -9999 -9999 -9999 -9999 -9999 -9999 -9999 -9999 -9999 -9999 -9999 -9999 -9999 -9999 -9999 -9999 -9999 -9999 -9999 -9999 -9999 -9999 -9999 -9999 -9999 -9999 -9999 -9999 -9999 -9999 -9999 -9999 -9999 -9999 -9999 -9999 -9999 -9999 -9999 -9999 -9999 -9999 -9999 -9999 -9999 -9999
-9999 -9999 -9999 -9999 -9999 -9999 -9999 -9999 -9999 -9999 -9999 -9999 -9999 -9999 -9999 -9999 -9999 -9999 -9999 -9999 -9999 -9999 -9999 -9999 -9999 -9999 -9999 -9999 -9999 -9999 -9999 -9999 -9999 -9999 -9999 -9999 -9999 -9999 -9999 -9999 -9999 -9999 -9999 -9999 -9999 -9999 -9999 -9999 -9999 -9999 -9999 -9999 -9999 -9999 -9999 -9999 -9999 -9999 -9999 -9999 -9999 -9999 -9999 -9999 -9999 -9999 -9999 -9999 -9999 -9999 -9999 -9999 -9999 -9999 -9999 -9999
-9999 -9999 -9999 -9999 -9999 -9999 -9999 -9999 -9999 -9999 -9999 -9999 -9999 -9999 -9999 -9999 -9999 -9999 -9999 -9999 -9999 -9999 -9999 -9999 -9999 -9999 -9999 -9999 -9999 -9999 73 75.98 -9999 -9999 -9999 78.9 -9999 -9999 -9999 -9999 -9999 -9999 -9999 -9999 -9999 -9999 -9999 -9999 -9999 -9999 -9999 -9999 -9999 -9999 -9999 -9999 -9999 -9999 -9999 -9999 -9999 -9999 -9999 -9999 -9999 -9999 -9999 -9999 -9999 -9999 -9999 -9999 -9999 -9999 -9999 -9999
-9999 -9999 -9999 -9999 -9999 -9999 -9999 -9999 -9999 -9999 -9999 -9999 -9999 -9999 -9999 -9999 -9999 -9999 -9999 -9999 -9999 -9999 -9999 -9999 65.96 65 90.98 91.98 93.88 85.92 83.8 92.84 87.8 90.72 85.74 79.66 78.66 78.64 77.58 76.5 68.5 -9999 -9999 -9999 -9999 -9999 -9999 -9999 -9999 -9999 -9999 -9999 -9999 -9999 -9999 -9999 -9999 -9999 -9999 -9999 -9999 -9999 -9999 -9999 -9999 -9999 -9999 -9999 -9999 -9999 -9999 -9999 -9999 -9999 -9999 -9999
-9999 62.98 -9999 -9999 -9999 -9999 -9999 -9999 -9999 -9999 -9999 -9999 -9999 -9999 -9999 -9999 -9999 -9999 -9999 87.74 71.76 74.8 90.8 85.76 76.72 74.76 92.72 86.6 86.74 85.72 95.64 90.6 85.62 88.58 83.48 85.44 85.46 80.36 81.44 74.4 75.34 82.32 85.22 -9999 -9999 -9999 -9999 -9999 -9999 -9999 -9999 -9999 -9999 -9999 -9999 -9999 -9999 -9999 -9999 -9999 -9999 -9999 -9999 -9999 -9999 -9999 -9999 -9999 -9999 -9999 -9999 -9999 -9999 -9999 -9999 -9999
-9999 66.88 -9999 -9999 -9999 -9999 -9999 -9999 -9999 -9999 -9999 -9999 -9999 -9999 84.84 84.78 80.7 84.56 75.58 77.58 60.52 53.54 74.54 76.54 81.46 71.48 74.52 76.48 83.48 82.44 91.48 86.4 83.44 90.42 90.32 90.28 89.3 88.32 86.34 82.4 82.36 79.26 78.96 79.78 79.58 84.46 84.28 -9999 -9999 -9999 -9999 -9999 -9999 -9999 -9999 -9999 -9999 -9999 -9999 -9999 -9999 -9999 -9999 -9999 -9999 -9999 -9999 -9999 -9999 -9999 -9999 -9999 -9999 -9999 -9999 -9999
-9999 -9999 -9999 -9999 -9999 -9999 -9999 -9999 -9999 -9999 87.94 84.88 87.8 88.72 83.6 74.56 83.4 82.42 77.14 62.14 54.3 58.32 65.28 76.34 88.34 82.3 80.28 89.3 92.22 95.34 96.36 94.42 92.32 96.3 102.24 101.38 102.34 98.34 94.4 91.34 85.26 84.22 80.94 84.7 86.36 87.2 89.2 91.24 89.34 91.44 90.56 77.66 76.76 -9999 -9999 -9999 -9999 -9999 -9999 -9999 -9999 -9999 -9999 -9999 -9999 -9999 -9999 -9999 -9999 -9999 -9999 -9999 -9999 -9999 -9999 -9999
-9999 -9999 -9999 -9999 -9999 -9999 -9999 -9999 88.88 75.82 80.82 77.64 83.5 88.52 80.42 70.42 62.34 60.4 57.22 62.2 60.1 71.14 73.04 78.2 89.1 89.14 96.14 95.16 97.2 96.26 98.24 99.36 103.4 103.4 106.38 109.46 107.38 102.44 98.38 95.3 90.2 88.08 87.8 86.58 91.28 91.04 93.96 91.02 92.18 90.26 91.38 89.58 87.52 90.78 94.84 72.88 78.98 -9999 -9999 -9999 -9999 -9999 -9999 -9999 -9999 -9999 53 51.06 57.2 58.26 60.44 -9999 -9999 -9999 -9999 -9999
-9999 -9999 -9999 -9999 -9999 90.02 85.86 86.74 88.6 74.6 88.48 91.44 94.36 85.32 80.28 65.18 52.24 61.3 68.2 78.14 84.08 84.06 84.08 90.04 96.08 96.08 106.12 103.12 104.2 101.18 103.2 103.3 109.42 108.46 108.54 106.46 105.42 102.36 92.3 90.24 94.18 89.88 88.68 89.42 90.24 95.08 95.9 92.92 93.94 94.08 94.26 93.28 89.42 89.52 89.66 91.78 94.9 97.92 74.04 78.16 -9999 -9999 -9999 -9999 -9999 -9999 -9999 58.98 102.2 100.2 100.46 100.6 102.8 70.88 -9999 -9999
-9999 -9999 -9999 -9999 -9999 86.78 88.62 -9999 -9999 92.38 91.32 88.28 76.26 65.24 70.16 50.18 63.16 69.04 86.02 91.02 90.98 93.9 98.94 104.96 110.12 112.12 112.12 114.18 121.08 122.22 122.24 121.24 120.4 119.52 116.52 116.48 115.38 113.36 108.2 100.16 96.02 91.78 93.44 93.32 90.2 94.08 94.94 83.88 91.9 85.94 95 94.14 94.28 92.32 94.46 94.54 95.7 94.82 95.84 96.96 105.1 108.2 78.36 -9999 -9999 -9999 -9999 70.02 108.1 107.22 106.38 106.42 105.58 75.72 -9999 79.1
-9999 -9999 -9999 -9999 -9999 -9999 95.38 90.38 93.24 94.2 94.12 87.08 55.02 62.94 52.92 39.02 79.86 83.88 95.92 99.8 94.8 96.84 102.92 110.06 118.16 120.22 121.2 121.16 126.2 126.24 126.3 125.4 123.54 121.58 119.48 119.34 117.4 116.3 112.24 111.1 100.82 97.58 95.52 98.34 104.16 98.06 100 102.88 103.9 100.94 97.98 97 99.14 100.2 101.34 100.46 100.44 98.64 99.74 99.9 107.12 108.24 110.42 -9999 -9999 -9999 -9999 75.96 110.12 111.08 111.26 81.42 -9999 -9999 -9999 108.9
-9999 -9999 -9999 -9999 -9999 -9999 95.98 89.82 67.66 69.68 67.66 68.66 70.64 68.62 75.66 87.72 90.74 94.76 100.74 99.7 107.78 104.84 115.06 115.14 122.18 124.22 129.18 130.2 129.2 129.3 130.42 130.44 127.58 126.32 118.32 118.32 111.2 110.14 108.18 105.96 108.78 111.54 106.46 108.34 110.24 111.22 109.02 109.86 106.8 103.76 101.88 101.96 103.94 102.96 103.1 104.24 105.36 105.66 105.7 106.92 108.14 110.24 88.44 -9999 -9999 86.78 -9999 -9999 85 112.1 113.2 114.3 114.42 114.48 113.68 112.7
-9999 -9999 -9999 -9999 100.88 101.76 93.52 96.54 82.36 80.08 71.12 69.2 78.22 86.22 92.36 98.42 97.44 101.54 103.6 107.68 115.88 111.96 118.12 123.28 123.28 122.28 125.3 128.14 128.26 127.36 129.4 131.4 129.36 128.1 121.02 119.04 115.1 114.14 113.04 112.94 113.78 115.72 113.48 113.34 114.34 113.28 113.28 110.98 111.74 112.74 106.76 105.88 104.88 112.1 111.12 111.26 110.52 111.62 111.76 114.92 99.1 101.34 98.44 119.62 116.64 117.76 117.84 118.04 117 116.08 115.2 115.22 115.34 114.4 114.54 112.66
-9999 -9999 -9999 104.64 98.62 89.48 90.46 85.28 75.12 75.82 76.66 80.82 90.84 94.02 100.1 103.18 107.26 110.38 113.52 117.6 117.84 120.04 127.14 130.28 128.2 124.28 121.24 130.26 126.3 126.34 128.38 130.32 128.12 126 124.62 120.84 120.84 117.9 117.04 115.84 121.78 120.66 121.6 119.42 117.46 116.38 116.36 114.34 112.18 110.7 -9999 -9999 -9999 -9999 -9999 -9999 -9999 -9999 -9999 106.98 120.18 117.42 116.48 118.56 118.64 117.72 116.8 117.84 119.96 120.06 118.08 116.18 116.4 116.4 115.6 114.62
-9999 -9999 -9999 105.28 102.24 93.16 90.08 77.94 74.92 91.6 84.46 88.6 98.7 101.68 102.86 105.96 115.1 117.24 117.48 119.6 118.84 120 127.12 132.18 -9999 -9999 -9999 -9999 -9999 134.18 132.16 132.14 131.94 128.74 127.62 125.46 124.52 121.66 122.96 122 124.84 124.7 125.58 121.5 121.54 119.6 116.48 116.4 113.4 121.22 -9999 118.22 -9999 116.42 115.36 113.52 -9999 -9999 -9999 112.02 122.2 119.34 118.46 121.56 119.62 119.74 120.82 120.82 121.88 122.02 121.04 120.2 120.22 120.3 118.34 116.52
-9999 112.28 109.14 106.18 95.1 88.96 93.8 91.72 91.58 88.3 97.38 105.44 104.42 108.52 107.7 108.84 114.14 118.28 120.54 119.68 126.78 122.98 124.14 -9999 -9999 -9999 -9999 -9999 134.88 130.92 132.98 131.92 131.8 133.6 134.32 133.2 133.34 133.46 133.62 134.8 128.9 130.76 129.64 124.72 122.52 119.58 116.54 113.5 110.46 110.42 -9999 120.66 -9999 121.68 121.82 124.76 126.84 128.04 117.04 120.08 128.2 126.38 125.4 124.54 125.56 124.64 123.7 123.82 125.94 124.94 123.04 124.22 123.28 121.32 120.44 121.5
107.1 101.94 105.98 108.88 95.74 92.72 95.5 91.48 96.4 99.1 111.12 116.26 115.3 113.48 113.74 110.88 116.12 117.22 119.5 117.6 122.86 118.98 121.06 -9999 -9999 -9999 132.56 128.54 129.66 132.54 133.38 133.14 135.12 137.12 136.98 134.98 136.1 135.36 135.48 136.66 133.78 136.78 133.66 127.64 124.66 122.64 119.6 116.62 114.66 113.66 117.74 117.84 123.88 -9999 123.06 123.14 130.1 128.32 127.32 129.32 128.34 129.4 129.48 129.56 128.72 127.76 126.86 127.94 128.98 128.08 126.16 124.26 126.38 125.32 124.54 123.6
103.78 110.86 113.78 103.64 87.48 88.44 91.26 101.14 108.04 114.92 118.88 119.16 117.32 116.64 123.72 120.96 122.14 120.34 121.52 120.7 121.86 133 -9999 -9999 132.22 128.2 130.2 130.16 131.12 134 134.7 135.5 137.44 140.38 142.42 142 140.08 138.3 135.32 136.52 132.7 131.74 133.74 133.74 125.82 125.76 124.72 122.74 122.74 120.86 120.92 122.02 121.06 126.22 132.28 134.32 135.34 134.4 133.36 132.42 131.34 132.36 132.4 132.54 132.62 131.78 129.98 130.04 127.14 127.14 126.28 126.36 126.4 126.62 127.64 126.7
107.64 109.66 106.58 105.38 86.26 85.08 88.04 106.88 116.8 118.72 118.98 117.14 116.36 117.64 123.84 123.98 124.2 126.42 131.56 134.76 -9999 -9999 133.44 127.96 131.8 131.76 132.7 131.62 130.52 133.42 136.04 137.8 139.74 142.88 145.34 147.96 145.06 141.22 136.26 138.44 135.58 131.7 133.82 133.9 128.8 125.94 126.88 126.94 125.92 124.98 125.14 126.1 126.24 127.3 130.48 133.46 134.44 136.48 136.4 136.32 132.22 135.26 135.3 135.52 135.58 132.74 131.84 129.96 130.18 130.18 130.32 130.38 130.5 130.52 130.54 130.74
89.64 89.62 91.38 93.3 83.18 80.08 86.96 87.84 111.64 118.84 116.96 117.22 120.44 118.64 120.92 128.04 131.28 132.46 -9999 -9999 -9999 -9999 127.36 132.68 135.6 136.38 136.22 135.14 133.02 135.74 138.3 139.06 141.26 144.8 146.26 148.82 144.94 141.08 138.18 139.28 139.54 139.52 139.76 136.8 133.9 131 132.02 130.02 130.02 130.1 131.3 132.28 132.52 132.48 134.62 135.54 137.58 136.5 135.4 135.28 135.26 135.2 136.44 137.46 138.66 137.72 137.82 136.92 133.06 133.26 133.2 133.32 133.6 133.56 133.82 134.8
86.54 96.44 92.24 98.12 92.02 94.04 93.84 91.66 108.68 114.72 118 116.24 118.48 116.68 124.96 133.06 131.4 -9999 -9999 -9999 -9999 -9999 133.3 134.62 139.42 141.3 142.16 139.98 139.84 141.32 141.92 140.8 142.14 143.72 147.22 148.7 146.96 144.06 143.06 142.2 140.38 138.54 139.6 137.7 135.9 134.98 134.12 133.2 134.18 134.26 135.34 138.52 136.66 136.72 137.74 139.72 139.58 138.42 137.38 138.3 137.22 137.24 134.36 135.46 139.64 140.7 140.8 140.9 135.98 136.08 138.18 137.32 136.48 136.6 137.62 137.92
94.44 97.4 103.14 101 106.86 103.76 116.66 109.52 113.48 113.62 118.88 118.18 115.48 117.74 127.9 -9999 -9999 -9999 -9999 -9999 -9999 -9999 135.06 137.44 141.12 142.12 141.16 139.86 140.52 142.38 141.32 141.34 142.52 143.66 143.1 146.62 150.94 149 148.14 146.18 141.34 138.46 139.6 139.76 139.86 136.02 137.06 135.32 133.34 140.52 140.74 141.72 139.78 140.94 141.86 141.74 142.6 143.46 143.28 143.16 137.12 138.08 139.28 138.38 141.56 143.62 140.78 140.9 138.9 140.1 141.1 143.3 142.3 142.58 140.64 141.96
105.32 105.28 107.04 110.88 105.78 106.62 119.5 120.44 118.54 121.68 121.88 117.18 115.46 121.66 132.78 -9999 -9999 -9999 -9999 -9999 -9999 -9999 135.84 139.24 142.8 142.82 140.88 140.92 142.84 142.84 142.9 142.96 144.16 146.24 146.36 147.5 150.88 149 148.22 148.38 149.56 151.74 -9999 149.02 143.08 141.32 140.32 137.46 137.6 140.62 140.78 143.82 144.04 143.06 143.86 144.74 144.54 145.42 144.26 144.18 139.1 139.1 141.24 141.36 144.54 146.66 143.78 142.84 141.9 142.06 142.12 142.3 144.22 146.44 145.7 146.78
126.16 126.1 133.98 129.76 127.6 126.58 130.48 132.46 125.6 128.84 125.9 122.16 122.38 125.58 130.8 132.02 -9999 -9999 -9999 -9999 -9999 -9999 136.56 140.02 144.32 143.58 141.76 141.02 140.22 143.38 145.46 144.52 146.66 148.8 147.58 148.76 149.96 150.16 150.38 151.66 148.86 152.96 -9999 -9999 -9999 149.54 143.56 142.7 140.78 139.94 141.98 144.06 140.1 145.04 145.82 146.66 146.52 146.42 145.18 144.06 142.02 142.1 142.22 144.4 144.4 146.58 144.68 144.84 144.92 145 146.2 146.22 146.32 146.46 146.6 147.72
133.2 127.08 136.82 131.74 129.66 131.6 132.62 132.56 126.66 129.8 125.86 126.26 122.36 127.54 136.78 140.96 138.3 133.68 -9999 136.08 136.56 137.96 138.48 138.76 141.4 139.52 138.66 138.98 135.92 142.9 145.86 145.04 148.3 149.52 -9999 -9999 -9999 151.32 152.62 153.88 152.04 152.24 153.36 149.54 151.58 146.66 145.76 144.82 141.9 142.06 141.14 141.12 142.06 145.92 147.8 148.66 149.54 148.4 148.12 148.08 144.06 145.06 145.2 146.38 145.4 147.54 147.58 147.72 147.88 147.98 148.08 149.26 149.38 149.36 150.62 150.72
141.44 143.92 141.88 137.86 137.82 137.6 140.54 138.62 135.76 133.72 132.84 133.38 134.56 137.6 143.78 149.94 143.36 134.66 135.98 -9999 -9999 -9999 -9999 -9999 140.8 141.76 142.82 144 146 -9999 -9999 147.26 148.42 150.7 -9999 -9999 153.22 150.4 150.7 152.9 156.22 154.36 152.54 150.66 149.78 147.82 147.98 147.02 143.04 142.12 144.18 146.12 146.98 147.82 146.74 147.6 148.46 149.32 149.16 149.02 147.98 148.08 149.1 149.26 150.34 150.44 149.64 150.66 150.9 149.98 151.16 150.3 151.44 151.48 151.54 153.68
146.78 148.18 145.52 140.56 139.56 141.56 144.58 144.5 141.52 140.52 140.98 141.36 141.88 143.84 146.8 148.06 144.3 135.54 137.02 138.84 -9999 -9999 -9999 -9999 -9999 144.12 145.24 141.2 144.24 145.16 146.2 145.4 143.52 142.72 145.82 146 146.28 149.42 150.66 151.88 155.16 154.36 153.62 152.82 149.94 148.98 148.02 146.06 144.12 145.08 148.06 148.98 149.98 149.76 150.72 150.46 151.42 150.22 149.04 149.94 150.92 151.96 152.16 152.16 153.24 152.38 152.52 153.64 153.78 154.02 155.28 154.38 155.52 155.66 157.68 157.74
-9999 152.42 146.58 141.36 141.38 147.32 146.54 144 141.08 142.4 143.02 146.52 148.02 147.26 147.16 136.12 136.3 -9999 -9999 -9999 -9999 -9999 -9999 -9999 144.4 136.42 146.62 143.68 147.48 149.36 148.5 147.54 146.54 145.8 152.94 148.08 148.24 151.56 153.74 154.88 155.14 155.32 154.58 153.74 152.12 148.22 148.14 148.18 149.1 150.16 149.04 150.9 151.76 151.72 153.58 154.42 155.28 154.14 154.08 153.88 153.72 154.86 156.98 156.04 155.18 155.4 155.5 155.72 156.84 157.1 158.3 159.44 159.58 160.62 160.74 160.9
-9999 -9999 151.74 148.12 146.06 145.36 143.32 138.7 142.56 143.22 145.78 147.4 149.1 148.58 -9999 -9999 -9999 -9999 140.76 -9999 -9999 -9999 -9999 145.62 135.74 138.76 148.94 148.8 149.66 151.8 149.82 148.9 147.92 148 150.02 152.12 153.36 152.52 154.76 155.88 157.02 156.3 155.48 154.7 153 150.1 149.08 150.14 152.12 152.04 149.94 153.84 154.8 153.68 153.46 157.34 158.18 158.04 156.94 157.76 159.64 160.56 159.72 158.88 159.12 158.44 158.66 158.82 161 160.1 161.36 161.38 162.64 163.76 163.8 163.98
152.48 153 -9999 148.08 146.24 145.42 143.08 137.5 139.28 136.92 140.46 143.16 145.76 141.34 -9999 -9999 139.72 136.76 143.74 -9999 -9999 -9999 -9999 147.92 138 149.08 -9999 -9999 151.72 147.78 149.86 150 151.06 149.26 148.2 154.34 157.44 157.6 155.74 155.92 156.06 155.3 155.46 155.74 153.88 149.9 147.9 149.06 149.02 150.9 151.82 154.68 154.58 155.52 156.46 159.26 159.2 160.02 160.84 160.76 163.6 163.34 163.48 163.76 163.02 163.26 163.64 162.88 165.06 165.2 165.38 166.44 166.6 166.8 168.92 169.06
140.36 152.98 152.64 152.4 147.2 145.6 142.2 140.88 139.9 138.16 138.88 141.48 145.08 142.62 142.98 -9999 136.86 143.9 -9999 -9999 -9999 -9999 149.18 140.24 142.2 142.08 146.94 -9999 150.78 149.9 149.1 148.18 150.3 152.48 152.5 155.62 158.6 158.62 154.82 156.92 156.04 155.26 155.38 154.52 150.7 148.54 148.72 148.76 150.78 153.82 154.76 156.62 157.6 158.46 160.3 162.22 162.04 159.96 161.82 163.7 165.48 165.42 165.36 164.54 164.82 165.1 166.44 164.7 165.92 167.22 168.48 169.7 169.76 170.94 171.08 171.24
