data/default-data/raster/climate/tmp_6.txt
ncols         720
nrows         360
xllcorner     -180
yllcorner     -90
cellsize      0.5
NODATA_value  -9999
[rows 198 to 230 of 360, columns 608 to 683 of 720]
245.46 244.46 245.44 246.38 250.14 -9999 -9999 -9999 -9999 -9999 -9999 -9999 -9999 -9999 -9999 -9999 -9999 -9999 -9999 -9999 -9999 -9999 -9999 -9999 -9999 -9999 -9999 -9999 -9999 -9999 -9999 -9999 -9999 261.9 261.96 259.88 259.9 259.76 260.72 -9999 -9999 -9999 -9999 -9999 -9999 259.42 253.52 209.56 224.58 257.52 256.5 -9999 230.54 230.5 -9999 -9999 -9999 261.38 -9999 -9999 -9999 -9999 -9999 -9999 -9999 -9999 -9999 -9999 -9999 -9999 -9999 248.28 258.3 246.34 252.36 -9999
236.44 245.38 253.44 -9999 -9999 -9999 -9999 -9999 -9999 -9999 -9999 -9999 -9999 -9999 -9999 -9999 -9999 -9999 -9999 -9999 -9999 -9999 -9999 -9999 -9999 -9999 -9999 -9999 -9999 -9999 -9999 -9999 -9999 -9999 -9999 -9999 -9999 -9999 -9999 -9999 -9999 -9999 -9999 -9999 -9999 -9999 251.54 248.54 235.52 234.62 230.5 253.48 233.46 253.5 261.44 -9999 -9999 -9999 -9999 -9999 -9999 -9999 -9999 -9999 -9999 -9999 -9999 -9999 -9999 -9999 -9999 250.3 243.32 234.4 255.48 -9999
247.36 245.36 -9999 -9999 -9999 -9999 -9999 -9999 -9999 -9999 -9999 -9999 -9999 -9999 -9999 -9999 -9999 -9999 -9999 -9999 -9999 -9999 -9999 -9999 -9999 -9999 -9999 -9999 -9999 -9999 -9999 -9999 -9999 -9999 -9999 -9999 255.8 -9999 -9999 -9999 -9999 -9999 -9999 -9999 -9999 -9999 -9999 255.62 253.52 258.46 253.5 237.54 245.46 251.4 247.44 -9999 -9999 -9999 -9999 -9999 -9999 -9999 -9999 -9999 -9999 -9999 -9999 -9999 -9999 -9999 -9999 -9999 -9999 -9999 255.48 248.52
-9999 -9999 -9999 -9999 -9999 -9999 -9999 -9999 -9999 -9999 -9999 -9999 -9999 -9999 -9999 -9999 -9999 247.3 -9999 -9999 -9999 -9999 -9999 -9999 -9999 -9999 -9999 -9999 -9999 -9999 -9999 -9999 -9999 -9999 -9999 254.96 252.94 254.84 -9999 -9999 -9999 -9999 -9999 -9999 -9999 -9999 -9999 -9999 -9999 -9999 -9999 -9999 236.52 244.48 -9999 259.44 -9999 259.36 -9999 -9999 -9999 -9999 -9999 -9999 -9999 -9999 -9999 -9999 -9999 -9999 -9999 -9999 -9999 -9999 -9999 249.56
-9999 -9999 -9999 -9999 -9999 -9999 -9999 -9999 -9999 -9999 -9999 -9999 246.6 245.48 251.46 244.72 251 244.24 244.7 244.94 -9999 -9999 -9999 -9999 245.84 246.86 -9999 -9999 -9999 -9999 -9999 -9999 -9999 -9999 -9999 -9999 253.98 253.94 -9999 -9999 -9999 -9999 -9999 -9999 -9999 -9999 -9999 -9999 -9999 -9999 -9999 -9999 -9999 -9999 -9999 -9999 -9999 -9999 257.28 -9999 259.36 -9999 -9999 -9999 -9999 -9999 -9999 -9999 -9999 -9999 -9999 -9999 -9999 -9999 -9999 -9999
-9999 -9999 -9999 -9999 -9999 -9999 -9999 -9999 -9999 -9999 -9999 -9999 250.54 250.4 249.52 241.72 240.12 250.44 249.74 241.92 243.2 243.52 243.84 245.08 244.94 244.08 -9999 -9999 -9999 -9999 -9999 -9999 -9999 -9999 -9999 -9999 250.96 250 249.9 -9999 -9999 -9999 -9999 -9999 -9999 -9999 -9999 -9999 -9999 -9999 -9999 -9999 -9999 -9999 -9999 -9999 -9999 -9999 -9999 -9999 -9999 -9999 -9999 -9999 -9999 -9999 -9999 -9999 -9999 -9999 -9999 -9999 259.6 -9999 -9999 -9999
-9999 -9999 -9999 -9999 -9999 -9999 -9999 -9999 -9999 -9999 -9999 -9999 -9999 240.3 247.52 247.92 249.26 249.54 243.92 243.14 245.44 245.58 247.84 249.04 249.96 250.02 244.1 -9999 -9999 -9999 -9999 -9999 -9999 -9999 -9999 251.08 248.94 244.88 247.98 -9999 -9999 -9999 -9999 -9999 -9999 -9999 -9999 -9999 -9999 -9999 -9999 -9999 -9999 -9999 -9999 -9999 -9999 -9999 -9999 -9999 -9999 -9999 -9999 -9999 -9999 -9999 -9999 -9999 -9999 -9999 -9999 -9999 -9999 -9999 -9999 -9999
-9999 -9999 -9999 -9999 -9999 -9999 -9999 -9999 -9999 -9999 -9999 -9999 238.64 244.64 242 243.1 244.4 244.54 234.8 233.06 237.3 240.56 239.8 241.92 245.18 240.08 -9999 -9999 -9999 -9999 -9999 -9999 -9999 -9999 -9999 249.06 246.02 240.94 238.98 246.02 -9999 -9999 -9999 -9999 -9999 -9999 -9999 -9999 -9999 -9999 -9999 -9999 -9999 -9999 -9999 -9999 -9999 -9999 -9999 -9999 -9999 -9999 -9999 -9999 -9999 -9999 -9999 -9999 -9999 -9999 -9999 -9999 -9999 -9999 -9999 -9999
-9999 -9999 -9999 -9999 -9999 -9999 -9999 -9999 -9999 -9999 -9999 238.04 238.72 232.8 232.8 229.16 228.34 227.62 225.84 224.04 231.34 233.4 231.8 238.86 239.96 237.12 -9999 -9999 -9999 -9999 -9999 -9999 -9999 -9999 -9999 246.22 241.06 237 235.94 237.02 -9999 -9999 -9999 -9999 -9999 -9999 -9999 -9999 -9999 -9999 -9999 -9999 -9999 -9999 -9999 -9999 -9999 -9999 -9999 -9999 -9999 -9999 -9999 -9999 -9999 -9999 -9999 -9999 -9999 -9999 -9999 -9999 -9999 -9999 -9999 -9999
-9999 -9999 -9999 -9999 243.3 243.18 240.98 235.78 -9999 -9999 -9999 234.74 230.64 225.76 225.86 223.18 222.48 220.64 219.94 219.06 227.26 228.5 227.72 231.84 233.82 234.04 -9999 -9999 -9999 -9999 -9999 -9999 -9999 -9999 -9999 243.24 238.14 235.98 229.84 236 -9999 -9999 -9999 -9999 -9999 -9999 -9999 -9999 -9999 -9999 -9999 -9999 -9999 -9999 -9999 -9999 -9999 -9999 -9999 -9999 -9999 -9999 -9999 -9999 -9999 -9999 -9999 -9999 -9999 -9999 -9999 -9999 -9999 -9999 -9999 -9999
-9999 -9999 243.6 241.46 234.4 232.26 233 236.82 -9999 -9999 231.84 229.58 220.62 216.8 220.92 222.06 220.32 219.62 220.92 223.08 226.36 226.52 227.72 228.78 231.8 226.96 232.1 -9999 -9999 -9999 -9999 -9999 -9999 -9999 -9999 239.26 237.22 233.94 229.96 238.96 232.06 228.94 -9999 -9999 -9999 -9999 -9999 -9999 -9999 -9999 -9999 -9999 -9999 -9999 -9999 -9999 -9999 -9999 -9999 -9999 -9999 -9999 -9999 -9999 -9999 -9999 -9999 -9999 -9999 -9999 -9999 -9999 -9999 -9999 -9999 -9999
-9999 240.92 236.8 233.64 227.48 226.12 226.9 230.56 230.26 231.92 230.54 226.48 219.6 214.78 215.92 217.06 218.28 218.58 219.82 221.18 220.3 222.56 223.8 227.78 -9999 -9999 -9999 -9999 -9999 -9999 -9999 -9999 -9999 -9999 -9999 237.26 234.18 233.14 226.98 235.86 234.92 229.96 228.74 -9999 -9999 -9999 -9999 -9999 -9999 -9999 -9999 -9999 -9999 -9999 -9999 -9999 -9999 -9999 -9999 -9999 -9999 -9999 -9999 -9999 -9999 -9999 -9999 -9999 -9999 -9999 -9999 -9999 -9999 -9999 -9999 -9999
241.22 240.1 233.9 223.64 219.4 219.94 220.74 229.3 234.96 229.66 228.38 220.46 215.68 213.8 210.88 212.08 215.26 215.56 214.86 215.16 218.32 217.66 220.72 219.7 225.72 -9999 -9999 -9999 -9999 -9999 -9999 -9999 -9999 -9999 -9999 235.32 234.26 232.08 229.98 229.82 225.96 218.86 227.74 -9999 -9999 -9999 -9999 -9999 -9999 -9999 -9999 -9999 -9999 -9999 -9999 -9999 -9999 -9999 -9999 -9999 -9999 -9999 -9999 -9999 -9999 -9999 -9999 -9999 -9999 -9999 -9999 -9999 -9999 -9999 -9999 -9999
239.4 233.24 225.92 214.58 217.26 218.88 219.38 228.1 227.74 225.52 220.38 217.46 212.58 207.8 206.94 207.04 211.28 212.5 211.8 212.04 215.34 214.66 215.68 216.74 215.74 216.8 223.08 -9999 -9999 -9999 -9999 -9999 -9999 -9999 229.56 233.5 233.42 232.12 228.02 223.94 218.9 213.76 215.66 223.52 -9999 -9999 -9999 -9999 -9999 -9999 -9999 -9999 -9999 -9999 -9999 -9999 -9999 -9999 -9999 -9999 -9999 -9999 -9999 -9999 -9999 -9999 -9999 -9999 -9999 -9999 -9999 -9999 -9999 -9999 -9999 -9999
233.52 228.22 209.8 199.34 203.84 207.52 210.06 213.74 218.42 219.1 217.22 215.5 211.58 207.8 206.88 203.04 201.22 202.46 204.76 205.08 208.32 209.62 208.66 210.76 211.76 212.76 213.96 221.12 222.3 -9999 223.66 223.92 -9999 -9999 226.8 230.64 231.46 230.3 227.3 223.16 210.1 192.8 192.44 215.32 -9999 -9999 -9999 -9999 -9999 -9999 -9999 241.6 242.6 -9999 -9999 -9999 -9999 -9999 -9999 -9999 -9999 -9999 -9999 -9999 -9999 -9999 -9999 -9999 -9999 -9999 -9999 -9999 -9999 -9999 -9999 -9999
227.38 222.04 209.6 203.1 202.74 202.34 201.9 205.5 214.24 217.14 211.36 207.5 204.64 203.74 202.94 199.1 198.2 199.38 201.74 201.9 204.26 202.5 204.62 206.68 208.8 206.82 206.86 211.18 213.24 219.46 220.68 220.8 -9999 -9999 229.94 228.78 229.68 228.58 224.5 221.58 207.78 189.84 190.58 205.18 211.18 -9999 -9999 -9999 -9999 -9999 -9999 -9999 -9999 -9999 -9999 -9999 -9999 -9999 -9999 -9999 -9999 -9999 -9999 -9999 -9999 -9999 -9999 -9999 -9999 -9999 -9999 -9999 -9999 -9999 -9999 -9999
225.14 213.84 202.32 204.88 208.44 201.04 192.7 198.38 199.06 206.18 203.38 197.48 193.66 196.8 198.98 196.12 195.3 196.46 198.62 198.92 198.28 199.4 198.48 197.66 198.76 198.82 199.84 203.94 208.22 212.42 214.58 217.7 -9999 220.16 228.1 228.02 225.92 222.94 220.06 214.42 205.5 195.6 176.88 181.98 215.96 -9999 -9999 -9999 -9999 -9999 -9999 -9999 -9999 -9999 -9999 -9999 -9999 -9999 -9999 -9999 -9999 -9999 -9999 -9999 -9999 -9999 -9999 -9999 -9999 -9999 -9999 -9999 -9999 -9999 -9999 -9999
220.96 216.62 208.04 205.72 202.26 200.88 197.44 196.16 200.08 201.18 192.28 189.54 190.7 191.74 194.98 193.1 193.24 194.4 196.56 196.9 196.14 197.38 196.44 195.6 196.74 196.74 196.86 200.04 202.18 209.4 213.6 216.64 219.88 224.1 226.42 225.46 223.46 220.56 215.84 207.26 196.2 186.9 170.46 187.1 209.6 -9999 -9999 -9999 -9999 -9999 -9999 -9999 -9999 -9999 -9999 -9999 -9999 -9999 -9999 -9999 -9999 -9999 -9999 -9999 -9999 -9999 -9999 -9999 -9999 -9999 -9999 -9999 -9999 -9999 -9999 -9999
216.6 214.1 211.72 210.34 200.94 195.56 196.18 194.88 193.18 192.2 189.34 185.5 185.64 188.9 188.96 188.06 187.26 190.42 191.56 191.86 194.16 195.3 193.36 191.52 190.7 190.7 192.8 193.86 197.06 206.2 209.44 212.68 215.9 218.48 220.58 220.74 216.9 213.34 209.74 196.84 187.58 170.14 174.94 182.5 199.88 -9999 -9999 -9999 -9999 -9999 -9999 -9999 -9999 -9999 -9999 -9999 -9999 -9999 -9999 -9999 -9999 -9999 -9999 -9999 -9999 -9999 -9999 -9999 -9999 -9999 -9999 -9999 -9999 -9999 -9999 -9999
211.3 209.92 207.64 207.34 200.08 198.66 190.38 191.16 190.3 188.36 184.56 180.52 180.68 182.88 185.04 184.12 185.3 188.42 189.58 190.74 193.02 194.14 191.32 188.42 187.56 187.58 189.66 190.78 194 199.36 204.48 208.72 212.28 214.7 215.88 215.82 212.86 204.08 198.54 183.68 183.22 178.94 177.66 179.34 199.16 198.1 -9999 -9999 -9999 -9999 -9999 -9999 -9999 -9999 -9999 -9999 -9999 -9999 -9999 -9999 -9999 -9999 -9999 -9999 -9999 -9999 -9999 -9999 -9999 -9999 -9999 -9999 -9999 -9999 -9999 -9999
204.54 204.18 202.8 201.5 198.22 195.88 189.54 191.28 187.56 181.72 179.72 177.9 179.9 180.04 181.12 180.14 183.32 184.46 186.68 186.72 187 189.08 188.2 186.36 185.52 183.66 185.8 186.86 189.06 193.26 190.64 200.2 206.72 208.82 209.82 207.86 204.78 198.9 188.3 174.48 170.08 175.76 179.44 186.26 177.04 195.68 196.22 201.78 -9999 -9999 -9999 -9999 -9999 -9999 -9999 -9999 -9999 -9999 -9999 -9999 -9999 -9999 -9999 -9999 -9999 -9999 -9999 -9999 -9999 -9999 -9999 -9999 -9999 -9999 -9999 -9999
201.66 201.48 200 198.74 194.4 192.06 189.88 188.44 184.78 177.02 175.14 173.18 176.28 177.38 178.48 177.46 180.62 182.76 184.86 184.94 183.92 187 186.14 184.28 183.46 181.58 182.7 183.8 183.96 184.5 185 192.52 202.72 204.7 204.78 201.7 198.66 192.68 185.04 165.2 157.98 164.64 173.36 184.18 182.2 189.2 196.12 194.54 195.96 201.58 -9999 -9999 -9999 -9999 -9999 -9999 -9999 -9999 -9999 -9999 -9999 -9999 -9999 -9999 -9999 -9999 -9999 -9999 -9999 -9999 -9999 -9999 -9999 -9999 -9999 -9999
195.96 194.56 192.36 191.02 188.66 188.3 186.04 182.7 177.94 175.3 171.44 168.48 168.64 168.82 170.76 173.84 174.98 178.04 180.18 182.2 179.16 179.24 180.32 179.44 179.5 179.56 181.7 180.86 180.02 179.72 177.26 180.74 190.7 195.7 194.7 192.58 191.54 187.42 183.66 178.94 163.98 160.62 164.46 177.48 181.64 183.78 179.94 166.52 180.82 188.96 188.8 -9999 -9999 -9999 -9999 -9999 -9999 -9999 -9999 -9999 -9999 -9999 -9999 -9999 -9999 -9999 -9999 -9999 -9999 -9999 -9999 -9999 -9999 -9999 -9999 -9999
193.06 191.86 189.52 188.1 184.88 181.52 177.28 173.98 175.12 172.38 167.68 165.86 164.98 163.94 167.1 170.2 172.34 174.38 176.38 177.52 174.38 173.46 173.44 175.46 174.62 175.66 177.76 177.92 178.16 177.78 172.44 170.76 180.68 188.66 188.62 186.56 186.52 183.4 182.32 181.74 176.9 169.94 169.04 176.18 179.14 180.18 174.36 160.46 171.06 179.82 185.18 178.92 -9999 -9999 -9999 -9999 -9999 -9999 -9999 -9999 -9999 -9999 -9999 -9999 -9999 -9999 -9999 -9999 -9999 -9999 -9999 -9999 -9999 -9999 -9999 -9999
189 187.94 184.7 183.38 182.08 177.72 175.42 172.18 168.3 170.54 165.94 164.12 163.18 162.3 161.42 163.56 166.58 167.72 168.8 163.76 166.64 167.66 165.74 168.74 169.76 171.9 175.88 175.08 177.18 175.8 170.4 167.58 174.58 177.7 180.54 179.56 178.48 178.44 177.5 175.82 173.84 172.16 171.26 172.26 172.32 172.36 171.54 171.54 161.14 160.78 181.26 179 -9999 -9999 -9999 -9999 -9999 -9999 -9999 -9999 -9999 -9999 -9999 -9999 -9999 -9999 -9999 -9999 -9999 -9999 -9999 -9999 -9999 -9999 -9999 -9999
182.84 181.86 181.86 180.64 179.28 174.9 172.74 169.42 165.42 167.8 163.08 161.4 158.46 157.62 158.68 157.8 159 158.02 160.14 157.96 158.8 161.86 159.92 161.96 164.04 166.14 169.24 171.34 172.32 173.62 168.16 166.5 169.52 170.56 171.52 174.56 173.56 173.36 172.48 169.7 169.7 167.28 167.5 167.24 167.44 166.58 165.74 166.74 161.3 161.84 167.18 180.9 177.74 -9999 -9999 -9999 -9999 -9999 -9999 -9999 -9999 -9999 -9999 -9999 -9999 -9999 -9999 -9999 -9999 -9999 -9999 -9999 -9999 -9999 -9999 -9999
178.7 176.7 176.76 175.74 172.5 170.18 168.88 165.68 164.52 165.92 163.28 158.56 152.78 151.82 151.02 153.16 150.28 144.44 143.42 145.12 146.04 150.08 153.12 155.28 159.32 161.32 163.4 165.4 167.42 169.58 167.98 166.4 166.46 168.46 169.42 169.34 168.32 167.34 166.3 166.52 166.62 166.32 166.46 163.36 162.52 160.74 160.82 158.78 168.2 168.78 166.2 176.82 180.68 181.52 -9999 -9999 -9999 -9999 -9999 -9999 -9999 -9999 -9999 -9999 -9999 -9999 -9999 -9999 -9999 -9999 -9999 -9999 -9999 -9999 -9999 -9999
175.6 174.62 171.76 170.72 166.68 165.44 163.1 159.78 160.7 161.14 158.4 155.72 150.02 146.18 147.28 146.42 145.54 139.76 136.56 137.36 138.18 140.3 144.32 148.48 154.48 156.5 158.54 158.48 162.42 166.58 165.82 165.12 165.26 166.22 167.24 169.3 167.32 163.38 162.22 162.24 161.34 161.3 162.42 159.48 158.64 157.7 156.88 154.86 162.46 166.06 163.6 167.74 170.42 181.32 -9999 -9999 -9999 -9999 -9999 -9999 -9999 -9999 -9999 -9999 -9999 -9999 -9999 -9999 -9999 -9999 -9999 -9999 -9999 -9999 -9999 -9999
168.5 167.46 167.54 165.58 164.66 164.62 162.28 158 154.88 152.22 147.56 147.84 144.24 142.46 138.66 136.74 133.92 130 128.76 127.54 123.48 130.48 136.58 144.66 150.62 153.58 155.6 155.62 158.56 161.56 162.78 165.06 165.2 163.34 165.38 165.4 163.48 163.66 161.44 161.22 159.04 157.82 156.4 151.4 149.64 148.84 152.14 154.38 162.2 162.64 158.94 158.14 169.34 177.14 178.1 -9999 -9999 -9999 -9999 -9999 -9999 -9999 -9999 -9999 -9999 -9999 -9999 -9999 -9999 -9999 -9999 -9999 -9999 -9999 -9999 -9999
165.34 164.42 164.44 162.48 161.6 160.56 159.62 155.28 152.1 146.36 145.72 141.02 137.46 136.74 132.94 129.04 122.18 116.16 119.96 121.66 124.66 132.62 134.64 142.58 146.58 150.6 155.56 153.46 155.46 159.48 158.58 160.9 161.1 161.36 161.42 161.44 160.54 159.84 159.62 158.32 155.26 153.8 152.34 147.7 145.98 145.22 144.42 148.62 156.56 156.92 151.26 152.52 157.7 167.38 181.24 182 -9999 -9999 -9999 -9999 -9999 -9999 -9999 -9999 -9999 -9999 -9999 -9999 -9999 -9999 -9999 -9999 -9999 -9999 -9999 -9999
157.28 158.3 158.38 157.4 156.5 153.52 152.58 151.52 148.24 145.54 144.9 143.3 140.6 133.94 129.18 122.34 125.54 125.24 123 121.72 130.72 136.54 139.54 142.6 145.54 149.54 152.5 154.46 154.48 156.38 157.52 156.86 156.96 158.22 158.34 156.46 155.68 154.96 155.7 153.6 152.94 150.06 148.1 142.84 137.22 132.5 134.52 141.44 134.3 136.26 144.6 149.84 156.02 150.88 163.72 176 181.74 191.44 -9999 -9999 -9999 -9999 -9999 -9999 -9999 -9999 -9999 -9999 -9999 -9999 -9999 -9999 -9999 -9999 -9999 -9999
153.24 153.26 152.34 152.38 152.42 150.42 149.52 147.56 145.36 141.72 140.1 136.46 137.8 136.06 132.46 128.6 125.5 125.32 126.02 125.7 128.8 135.8 139.7 141.62 145.56 147.52 150.46 151.48 152.5 153.34 153.38 153.62 152.84 154 154.2 154.62 152.84 153.1 153.78 149.96 147.74 144.82 144.92 140.44 133.48 127.5 126.44 120.28 126.22 131.06 136.68 144.96 148.54 135.26 138 162.28 176.6 182.44 185.32 -9999 -9999 -9999 -9999 -9999 -9999 -9999 -9999 -9999 -9999 -9999 -9999 -9999 -9999 -9999 -9999 -9999
150.06 149.18 145.12 148.26 147.4 143.3 143.36 145.5 141.48 131.78 129.12 128.5 128.78 129.16 131.52 126.82 126.52 126.3 128.02 129.76 129.74 133.92 139.84 140.72 143.72 146.62 149.48 149.4 150.4 151.36 149.22 150.54 150.7 149.94 150.2 148.56 150.88 151.9 151.84 147.66 142.48 138.44 138.64 132.94 131.9 125.84 120.92 116 118.88 121.7 133.76 138.34 134.04 134.6 139.24 150.32 165.84 176.1 176.16 -9999 -9999 -9999 -9999 -9999 -9999 -9999 -9999 -9999 -9999 -9999 -9999 -9999 -9999 -9999 -9999 -9999
