data/default-data/raster/climate/tmp_4.txt
ncols         720
nrows         360
xllcorner     -180
yllcorner     -90
cellsize      0.5
NODATA_value  -9999
[rows 198 to 230 of 360, columns 228 to 303 of 720]
269.44 267.54 266.64 268.6 265.54 263.56 261.56 261.58 262.64 259.52 262.62 259.74 258.9 260.96 262.12 261.06 258.14 263.26 261.38 258.36 254.44 251.52 251.58 255.64 258.7 257.74 255.86 261.9 258.88 253.96 260.08 268.06 270.32 268.42 266.4 270.5 268.44 263.42 252.34 260.24 259.12 257.04 257.9 263.82 258.66 254.66 261.42 264.28 263.18 263.08 264.9 263.74 259.58 257.54 257.62 261.5 259.16 255.38 246.52 244.64 256.74 256.54 -9999 -9999 -9999 -9999 -9999 -9999 -9999 -9999 -9999 -9999 -9999 -9999 -9999 -9999
269.8 268.72 266.58 267.58 264.46 264.52 262.52 262.68 262.68 257.52 260.74 258.8 258.9 259.16 259.2 262.16 258.24 259.3 260.44 262.36 261.48 255.64 253.64 255.64 257.66 259.8 262.86 264.86 262 257.96 264.14 270.22 271.48 268.6 267.62 270.66 267.66 264.54 255.4 259.26 257.24 256.04 261 256.86 257.7 260.6 262.52 265.36 265.2 258 255.92 257.72 253.62 252.48 254.58 259.32 264.2 264.54 261.72 260.82 255.72 -9999 -9999 -9999 -9999 -9999 -9999 -9999 -9999 -9999 -9999 -9999 -9999 -9999 -9999 -9999
267.6 267.64 264.56 262.54 260.44 262.5 260.46 259.56 258.68 257.72 258.7 257.8 258.98 259.12 259.24 262.24 260.28 257.36 256.42 257.44 263.5 262.62 259.74 254.74 256.86 263.8 263.82 263.9 260.98 259.06 268.26 269.4 268.64 268.82 268.9 267.82 266.7 264.56 258.46 248.36 245.22 250.18 257.98 256.96 256.82 258.62 262.54 263.38 257.32 239.18 246.1 241.92 248.78 244.6 247.62 255.4 257.18 261.86 264.92 266.88 -9999 -9999 -9999 -9999 -9999 -9999 -9999 -9999 -9999 -9999 -9999 -9999 -9999 -9999 -9999 -9999
268.64 267.62 262.6 252.42 253.4 256.46 258.42 259.46 259.56 258.6 258.84 259.9 258.98 259.1 260.34 262.36 263.36 260.34 255.5 259.44 264.58 259.68 257.68 256.74 261.88 265.94 263.98 263.98 266.04 266.24 270.42 270.64 270.86 269.02 269.98 267.9 264.74 262.6 255.52 249.4 246.32 249.22 253.1 251.94 256.9 260.76 262.64 260.52 250.42 239.28 242.1 244.96 252.8 248.66 250.58 253.38 256.18 263.92 262.1 -9999 -9999 -9999 -9999 -9999 -9999 -9999 -9999 -9999 -9999 -9999 -9999 -9999 -9999 -9999 -9999 -9999
270.62 269.52 264.36 257.36 252.48 254.48 255.4 259.42 260.52 258.52 257.82 259.98 256.06 255.16 262.38 262.4 261.4 263.46 256.46 257.48 263.64 261.76 260.74 264.8 267.88 268 266.94 264.04 267.14 269.44 271.66 271.84 273.1 269.1 270.02 268.76 258.58 255.58 250.6 243.48 243.34 246.2 254.06 260.04 260.94 263.88 251.7 246.58 235.46 234.36 240.16 247.98 251.9 253.74 254.68 259.28 259.1 265.88 -9999 -9999 -9999 -9999 -9999 -9999 -9999 -9999 -9999 -9999 -9999 -9999 -9999 -9999 -9999 -9999 -9999 -9999
271.56 270.4 266.36 263.42 263.36 261.38 256.36 253.36 258.44 259.5 257.74 256.96 255.04 254.2 261.38 263.44 262.52 264.54 258.52 257.62 263.6 260.76 261.8 266.86 268.92 267.02 268.98 267.22 264.34 268.64 272.8 273 272.16 268.2 268.98 267.72 262.64 259.54 255.48 244.36 242.26 246.14 253.14 257.06 253 259.82 243.78 235.64 233.62 225.36 240.3 246.1 250.06 254.88 253.72 258.32 262.14 -9999 -9999 -9999 -9999 -9999 -9999 -9999 -9999 -9999 -9999 -9999 -9999 -9999 -9999 -9999 -9999 -9999 -9999 -9999
270.52 270.38 269.32 268.38 266.4 265.36 262.24 260.36 257.48 254.56 257.72 259.8 255.06 259.22 263.42 262.52 264.52 264.52 263.62 261.72 265.76 258.78 262.84 267.94 270.02 270 268.16 269.4 266.58 268.86 272.9 273.06 270.08 265.1 269 268.62 261.5 258.42 258.3 243.24 242.14 243.06 244.02 239.92 248.92 254.82 249.76 226.66 226.64 237.44 245.26 252.2 255.04 254.96 254.86 258.34 261.88 -9999 -9999 -9999 -9999 -9999 -9999 -9999 -9999 -9999 -9999 -9999 -9999 -9999 -9999 -9999 -9999 -9999 -9999 -9999
271.32 270.34 270.32 269.36 266.36 265.26 264.18 263.22 259.38 256.5 255.66 256.68 254.94 261.1 263.4 262.5 264.56 265.66 265.66 264.76 267.76 261.88 266.94 269.08 270.06 271.16 269.36 268.62 267.72 270.9 273.96 272.02 263.18 264.32 262.94 266.48 267.42 260.38 256.26 244.08 243.08 241.94 238.98 237.78 252.74 253.68 248.66 234.58 219.46 241.38 248.3 251.2 252.24 254.08 259.04 259.3 259.4 -9999 -9999 -9999 -9999 -9999 -9999 -9999 -9999 -9999 -9999 -9999 -9999 -9999 -9999 -9999 -9999 -9999 -9999 -9999
271.18 270.3 268.28 268.34 266.36 263.26 263.14 262.24 261.32 260.5 256.56 252.78 247.88 254.08 258.46 260.58 262.62 265.58 268.64 265.7 267.84 262.96 264.98 268.06 268.18 269.42 269.66 266.72 262.8 272.94 273.02 268.16 260.2 256.24 258.9 262.4 257.3 259.28 257.14 244.14 241.98 240.92 240.86 244.8 254.64 255.66 238.52 241.52 228.36 225.3 246.22 231.18 237.12 252.1 256.98 257.96 -9999 -9999 -9999 -9999 -9999 -9999 -9999 -9999 -9999 -9999 -9999 -9999 -9999 -9999 -9999 -9999 -9999 -9999 -9999 -9999
273.26 271.28 269.32 267.4 265.36 262.3 262.2 258.18 259.24 259.42 257.56 256.72 245.84 249.02 255.22 257.48 260.7 264.68 268.68 266.76 264.9 263.96 264.12 263.2 264.44 268.66 267.66 263.8 266.86 273 272.04 270.14 263.24 253.34 253.98 260.36 245.26 243.26 258.1 243 240.88 240.8 240.74 245.6 253.56 253.56 236.44 234.38 246.3 238.26 252.22 243.14 244.12 253.12 259.1 -9999 -9999 -9999 -9999 -9999 -9999 -9999 -9999 -9999 -9999 -9999 -9999 -9999 -9999 -9999 -9999 -9999 -9999 -9999 -9999 -9999
271.5 270.5 267.34 264.26 263.22 262.22 260.12 258.16 257.2 259.36 252.56 256.62 252.84 246.94 248.12 252.44 258.62 263.72 269.84 269.92 266.9 263.06 263.24 257.48 257.58 258.62 256.8 262.8 268.9 270.98 272.06 268.24 263.26 250.34 258.04 254.36 242.22 244.14 258.06 245.98 239.82 239.74 245.66 250.58 254.54 251.5 243.4 241.42 248.36 250.3 246.24 237.26 249.14 253.12 257.16 -9999 -9999 -9999 -9999 -9999 -9999 -9999 -9999 -9999 -9999 -9999 -9999 -9999 -9999 -9999 -9999 -9999 -9999 -9999 -9999 -9999
268.66 267.56 265.58 262.4 260.32 260.26 257.12 255.04 255.08 257.32 251.42 247.66 252.76 248.9 250.04 259.32 267.58 268.76 272.92 270.96 268.08 261.16 254.32 254.5 255.54 254.66 258.8 265.74 269.94 271.06 271.12 265.24 256.34 256.44 250.88 235.38 231.06 248.02 246.86 241.78 238.76 239.64 244.62 250.56 252.46 251.42 247.46 242.34 240.36 238.32 225.32 232.24 246.16 253.26 -9999 -9999 -9999 -9999 -9999 -9999 -9999 -9999 -9999 -9999 -9999 -9999 -9999 -9999 -9999 -9999 -9999 -9999 -9999 -9999 -9999 -9999
264.74 263.66 262.7 260.62 257.44 255.3 254.2 251.12 252.08 252.28 255.38 254.58 258.8 257.94 258.06 266.24 269.52 272.68 270.92 274.12 262.1 258.28 253.32 255.48 256.6 256.64 260.8 259.88 270 271.04 269.1 255.32 259.32 249.38 242.88 238.34 232.02 240.96 238.92 242.78 237.68 242.66 248.66 252.54 253.6 252.54 248.48 241.46 232.4 229.38 235.36 246.34 247.3 252.32 255.22 -9999 -9999 -9999 -9999 -9999 -9999 -9999 -9999 -9999 -9999 -9999 -9999 -9999 -9999 -9999 -9999 -9999 -9999 -9999 -9999 -9999
260.94 259.88 258.82 256.72 253.5 252.44 249.24 249.12 249.1 249.4 252.52 256.66 256.82 252.88 263.02 267.24 271.42 270.62 270.8 275.08 271.16 259.38 257.4 253.54 248.7 255.62 260.86 262.92 268.94 267.16 267.22 260.3 253.36 246.42 232.92 227.3 225.94 231.8 237.88 245.84 245.74 247.68 249.68 246.62 250.58 246.62 239.66 244.54 235.46 229.46 232.4 242.38 248.42 252.38 254.34 -9999 -9999 -9999 -9999 -9999 -9999 -9999 -9999 -9999 -9999 -9999 -9999 -9999 -9999 -9999 -9999 -9999 -9999 -9999 -9999 -9999
254.7 254.7 252.62 250.54 249.46 248.4 242.24 241.14 247.14 247.3 255.56 257.66 258.76 255.94 267.02 271.28 273.38 274.52 274.72 274.86 274.14 262.36 261.4 258.56 250.58 252.72 258.92 259 261.1 259.26 259.32 251.4 246.46 240.58 233.94 233.66 230.34 233.12 241.04 244.9 246.8 248.82 245.68 238.66 242.64 233.58 233.56 239.56 237.52 237.46 246.44 246.52 247.46 253.42 253.42 -9999 -9999 -9999 -9999 -9999 -9999 -9999 -9999 -9999 -9999 -9999 -9999 -9999 -9999 -9999 -9999 -9999 -9999 -9999 -9999 -9999
239.26 248.16 249.12 247.12 246.16 245 246.02 244.9 245.92 247.1 255.26 257.36 261.62 264.72 266.86 268.94 271.32 272.28 272.58 272.74 271.98 270.3 261.46 253.64 243.66 248.8 256.98 252.02 249.04 256.22 252.38 251.5 251.56 241.68 236.48 236.12 230.88 232.6 239.34 245.32 243.22 247.06 243.94 234.84 233.72 227.64 237.58 248.54 244.56 241.52 235.54 239.56 249.6 255.48 -9999 -9999 -9999 -9999 -9999 -9999 -9999 -9999 -9999 -9999 -9999 -9999 -9999 -9999 -9999 -9999 -9999 -9999 -9999 -9999 -9999 -9999
156.16 184.12 226.06 244.88 242.78 241.66 244.82 245.84 245.86 245.82 252.04 254.26 258.36 262.46 264.68 266.68 268.32 269.18 269.38 269.76 269.92 270.18 257.5 248.56 241.68 243.82 243.92 238.12 239.16 242.28 248.38 251.48 251.54 245.72 238.8 238.78 233.4 233.2 242.9 245.72 244.66 240.42 241.36 236.2 231.08 229.98 236.88 235.76 230.64 236.62 242.6 246.64 251.62 254.58 -9999 -9999 -9999 -9999 -9999 -9999 -9999 -9999 -9999 -9999 -9999 -9999 -9999 -9999 -9999 -9999 -9999 -9999 -9999 -9999 -9999 -9999
131.84 148.78 155.66 193.56 208.5 242.64 245.7 244.72 245.66 246.64 250.86 251 252.22 257.28 261.4 263.68 265.3 266.1 267.36 267.66 267.8 267.1 259.3 248.6 246.68 240.8 239.98 242.1 241.14 240.26 244.38 253.5 250.66 243.76 242.86 239.84 233.84 231.78 242.5 240.22 236.94 237.84 237.8 225.62 224.52 229.34 226.26 229.16 232.12 242.06 245.96 250.84 253.72 254.6 -9999 -9999 -9999 -9999 -9999 -9999 -9999 -9999 -9999 -9999 -9999 -9999 -9999 -9999 -9999 -9999 -9999 -9999 -9999 -9999 -9999 -9999
166.48 170.46 176.42 178.3 194.4 236.5 242.52 243.56 245.68 246.62 240.56 240.76 239 248.08 257.06 260.78 262.38 264.2 265.24 265.56 264.72 263.9 259.16 252.48 249.72 241.84 236.98 242.04 248.2 251.28 249.38 251.56 246.82 244.8 244.96 238.94 234.98 231 232.96 231.68 236.5 241.34 236.1 236.02 210.9 216.76 228.74 244.6 241.58 239.54 245.38 252.2 255.96 -9999 -9999 -9999 -9999 -9999 -9999 -9999 -9999 -9999 -9999 -9999 -9999 -9999 -9999 -9999 -9999 -9999 -9999 -9999 -9999 -9999 -9999 -9999
128.42 166.2 171.16 186.18 207.26 237.36 240.42 241.4 242.48 244.4 237.38 243.42 244.62 251.82 257.22 258.72 261.52 262.3 263.08 263.44 263.54 260.78 254.04 256.34 252.6 243.86 237.96 240.12 247.2 252.28 252.48 255.68 249.8 243.92 235.9 233.1 230.02 227.06 226.96 226.04 236.04 240.68 236.48 234.38 215.26 225.12 225.08 240.04 245.94 235.78 246.48 252.18 256.02 -9999 -9999 -9999 -9999 -9999 -9999 -9999 -9999 -9999 -9999 -9999 -9999 -9999 -9999 -9999 -9999 -9999 -9999 -9999 -9999 -9999 -9999 -9999
102.26 150.08 153.08 184.14 222.14 227.16 238.24 238.34 239.28 240.34 241.18 243.16 246.22 249.6 253.24 257 259.48 261.36 261.2 261.38 261.5 257.64 248.98 253.24 248.48 243.8 246.92 247.14 247.12 250.42 253.66 249.74 243.78 241.02 236.06 227.18 227.16 223.1 222.1 219.08 229.08 237.08 233.94 228.84 219.74 223.6 233.58 242.3 242.04 245.84 245.54 254.26 256.02 -9999 -9999 -9999 -9999 -9999 -9999 -9999 -9999 -9999 -9999 -9999 -9999 -9999 -9999 -9999 -9999 -9999 -9999 -9999 -9999 -9999 -9999 -9999
93.2 125.24 155.18 187.06 211.98 218.04 235.12 237.08 237.08 238.02 239 239.98 242.98 246.46 252.24 257.08 258.66 260.44 260.3 260.4 259.34 250.64 250.92 246.1 246.38 246.72 246.88 251.12 246.32 248.52 250.56 248.7 245.96 242.04 236.14 233.2 226.26 217.26 213.24 215.2 226.28 231.24 226.18 220.14 217.12 220.9 235.6 230.36 233.2 245.88 244.5 255.26 256.08 -9999 -9999 -9999 -9999 -9999 -9999 -9999 -9999 -9999 -9999 -9999 -9999 -9999 -9999 -9999 -9999 -9999 -9999 -9999 -9999 -9999 -9999 -9999
128.44 125.52 149.38 194.12 211.02 219.88 228.86 230.8 233.88 233.82 238.86 242.84 244.86 247.38 252.26 258.1 258.7 258.6 258.38 258.4 256.34 251.54 244.82 242.06 245.26 243.5 244.9 249.14 249.38 249.54 245.82 241.84 243 242 240.16 234.28 226.34 216.3 212.3 216.38 220.32 215.26 219.3 213.26 202.12 217.94 230.62 213.4 212.2 219.92 223.6 258.34 -9999 -9999 -9999 -9999 -9999 -9999 -9999 -9999 -9999 -9999 -9999 -9999 -9999 -9999 -9999 -9999 -9999 -9999 -9999 -9999 -9999 258.6 -9999 -9999
134.84 138.76 162.82 189.56 209.28 217.88 226.74 227.64 231.62 233.72 238.78 241.76 243.94 247.54 251.2 256.06 257.84 255.74 251.5 254.36 253.12 245.5 240.68 240.94 243.12 243.38 244.72 247.04 250.5 246.58 244.76 240.9 237.98 237.12 235.18 232.4 220.38 210.48 213.5 214.44 214.4 209.4 208.34 204.22 206.06 215.86 212.66 209.44 217.12 240.9 246.6 -9999 -9999 -9999 -9999 -9999 -9999 -9999 -9999 -9999 -9999 -9999 -9999 -9999 -9999 -9999 -9999 -9999 -9999 -9999 -9999 -9999 -9999 257.6 -9999 -9999
115.12 143.08 152.16 194.84 212.64 222.28 225.96 228.64 228.46 232.54 237.5 240.6 244.08 247.62 250.22 253.04 254.76 252.66 247.6 248.44 242.26 240.34 241.54 240.82 242.14 243.48 241.82 244.08 244.34 241.54 238.82 238.98 237.04 234.22 232.26 229.44 226.46 218.62 205.5 208.5 211.48 209.42 208.4 205.26 202.06 219.8 234.66 239.44 242.22 250.92 251.68 -9999 -9999 -9999 -9999 -9999 -9999 -9999 -9999 -9999 -9999 -9999 -9999 -9999 -9999 -9999 -9999 -9999 -9999 -9999 -9999 -9999 -9999 -9999 -9999 -9999
116.52 125.4 154.42 189.24 202.02 222.56 225.32 226.98 228.68 231.52 235.5 239.6 242.22 245.86 248.44 250.02 251.74 248.7 245.64 243.6 233.36 239.38 243.64 242.9 242.12 237.38 238.7 238.94 235.2 235.5 232.7 233 233.08 232.22 230.36 225.48 223.48 220.58 205.6 199.62 206.56 203.52 199.34 198.16 205.02 219.82 231.7 239.46 237.18 252.02 -9999 -9999 -9999 -9999 -9999 -9999 -9999 -9999 -9999 -9999 -9999 -9999 -9999 -9999 -9999 -9999 -9999 -9999 -9999 -9999 -9999 -9999 -9999 -9999 -9999 -9999
101.7 86.44 169.34 206.34 216.06 226.68 226.46 227.26 227.9 228.68 232.66 238.08 240.54 243.08 245.66 247.22 246.6 245.62 243.62 238.72 226.62 234.34 237.46 235.74 237.98 234.34 232.64 228.8 228.2 228.42 228.56 225.88 222.98 226.18 228.36 219.52 212.62 220.68 208.68 187.7 197.68 189.48 178.38 210.12 222.98 215.76 202.6 212.44 248.18 243.94 -9999 -9999 -9999 -9999 -9999 -9999 -9999 -9999 -9999 -9999 -9999 -9999 -9999 -9999 -9999 -9999 -9999 -9999 -9999 -9999 -9999 -9999 -9999 -9999 -9999 -9999
96.96 89.56 185.18 215.08 222.86 225.5 224.38 225.3 225.38 227.28 230.24 235.62 237.02 239.52 242 243.28 242.8 240.88 239.04 235.26 222.94 226.2 233.36 231.66 233.92 229.26 222.44 221.78 223.06 227.3 225.54 222.74 221.88 217.12 214.32 221.58 220.72 217.78 206.86 183.8 182.7 197.52 199.36 210.14 233.94 241.74 240.5 244.32 -9999 -9999 -9999 -9999 -9999 -9999 -9999 -9999 -9999 -9999 -9999 -9999 -9999 -9999 -9999 -9999 -9999 -9999 -9999 -9999 -9999 -9999 -9999 -9999 -9999 -9999 -9999 -9999
84.14 90.7 151.38 218.02 224 225.06 224.94 225 224.96 227.88 229.92 232.18 233.7 236.2 237.22 237.62 237.18 235.76 233.92 231.58 225.32 223.5 226.72 230.9 230.14 223.34 218.56 208.76 206.96 216.2 219.48 218.7 214.88 212 209.24 210.36 215.54 212.76 204.96 203.86 204.68 197.5 214.34 222.18 238.94 238.74 -9999 -9999 -9999 -9999 -9999 -9999 -9999 -9999 -9999 -9999 -9999 -9999 -9999 -9999 -9999 -9999 -9999 -9999 -9999 -9999 -9999 -9999 -9999 -9999 -9999 -9999 -9999 -9999 -9999 -9999
81.54 126.14 185.62 214.5 222.68 224.7 225.68 224.62 224.62 226.6 227.5 229.74 231.48 232.34 233.7 233.06 232.92 230.9 231.58 229.24 225.54 221.8 225.98 228.32 223.4 212.64 207.92 209.98 206.28 205.6 205.78 210.9 209.2 207.28 205.5 207.62 205.84 201.08 205.06 213.92 211.74 202.66 -9999 -9999 -9999 -9999 -9999 -9999 -9999 -9999 -9999 -9999 -9999 -9999 -9999 -9999 -9999 -9999 -9999 -9999 -9999 -9999 -9999 -9999 -9999 -9999 -9999 -9999 -9999 -9999 -9999 -9999 -9999 -9999 -9999 -9999
67.8 161.48 194.06 181.94 221.14 225.26 226.4 225.34 223.26 225.2 227.3 229.52 230.28 231.04 231.74 232.64 231.52 230.6 231.08 229.52 226.88 220.02 223.34 224.44 219.7 215.9 204.06 206.4 206.6 204.88 202.22 197.5 192.58 193.78 195.98 205.18 225.3 229.14 220.06 229.98 -9999 -9999 -9999 -9999 -9999 -9999 -9999 -9999 -9999 -9999 -9999 -9999 -9999 -9999 -9999 -9999 -9999 -9999 -9999 -9999 -9999 -9999 -9999 -9999 -9999 -9999 -9999 -9999 -9999 -9999 -9999 -9999 -9999 -9999 -9999 -9999
103.14 173.54 169.98 196.78 217.06 222.22 222.66 222.84 220.9 222.86 225.78 227.7 228.64 229.64 230.56 230.3 231.14 230.3 228.38 221.9 220.1 218.34 220.56 219.82 209.02 207.22 205.54 196.88 197.14 201.38 196.66 190.9 187.08 205.26 206.36 217.54 230.4 227.18 -9999 -9999 -9999 -9999 -9999 -9999 -9999 -9999 -9999 -9999 -9999 -9999 -9999 -9999 -9999 -9999 -9999 -9999 -9999 -9999 -9999 -9999 -9999 -9999 -9999 -9999 -9999 -9999 -9999 -9999 -9999 -9999 -9999 -9999 -9999 -9999 -9999 -9999
119.8 174.2 193.5 206.36 215.52 219.12 219.52 219.78 219.02 220.08 221.9 223.94 225.24 228.22 229.22 227.92 230.72 226.82 224.82 219.16 217.4 218.6 219.88 216.08 207.34 202.64 197.84 197.18 189.44 188.76 194 192.26 188.54 184.78 199.82 218.46 221.26 -9999 -9999 -9999 -9999 -9999 -9999 -9999 -9999 -9999 -9999 -9999 -9999 -9999 -9999 -9999 -9999 -9999 -9999 -9999 -9999 -9999 -9999 -9999 -9999 -9999 -9999 -9999 -9999 -9999 -9999 -9999 -9999 -9999 -9999 -9999 -9999 -9999 -9999 -9999
