data/default-data/raster/climate/tmp_8.txt
ncols         720
nrows         360
xllcorner     -180
yllcorner     -90
cellsize      0.5
NODATA_value  -9999
[rows 34 to 67 of 360, columns 76 to 151 of 720]
-9999 -9999 -9999 -9999 -9999 -9999 -9999 -9999 -9999 -9999 -9999 -9999 -9999 -9999 -9999 -9999 -9999 -9999 -9999 -9999 -9999 -9999 -9999 -9999 -9999 -9999 -9999 -9999 -9999 -9999 -9999 -9999 -9999 -9999 31.82 29.7 25.74 23.86 20.98 18.96 16.88 18 18 21.04 27.06 30.06 32.1 33.06 33.08 29.18 25.2 24.34 24.38 24.44 24.52 24.64 22.66 26.76 22.9 23.98 34.02 27.04 30.08 34.08 33.12 34.06 -9999 27.04 27.02 24.04 27.04 29.06 31.06 32.02 -9999 -9999
-9999 -9999 -9999 -9999 -9999 -9999 -9999 -9999 -9999 -9999 -9999 -9999 -9999 -9999 -9999 -9999 -9999 -9999 -9999 -9999 -9999 -9999 -9999 -9999 -9999 -9999 -9999 -9999 -9999 -9999 -9999 -9999 42.94 35.88 33.84 30.88 28.9 28.02 24 23.02 22.04 22.04 23.04 30.08 31.06 30.14 37.14 35.18 30.1 30.12 27.3 26.3 26.44 26.48 26.6 27.62 25.74 26.84 25.9 25.96 34.04 34.18 36.16 36.22 34.3 35.26 37.24 28.3 37.2 33.24 32.3 32.26 35.26 34.2 -9999 -9999
-9999 -9999 -9999 -9999 -9999 -9999 -9999 -9999 -9999 -9999 -9999 -9999 -9999 -9999 -9999 -9999 -9999 -9999 -9999 -9999 -9999 -9999 -9999 -9999 -9999 -9999 -9999 -9999 -9999 -9999 -9999 -9999 48 45.98 43.94 36.94 29.06 22.08 20.16 17.18 27.16 28.14 36.16 34.2 -9999 41.18 41.18 36.2 36.28 36.28 36.34 35.38 34.42 32.58 32.7 32.68 32.78 32.9 30.92 31.04 32.08 33.22 31.32 31.34 33.4 35.38 39.38 41.38 41.34 39.34 38.36 37.42 37.38 37.3 37.34 -9999
-9999 -9999 -9999 -9999 -9999 -9999 -9999 -9999 -9999 -9999 -9999 -9999 -9999 -9999 -9999 -9999 -9999 -9999 -9999 -9999 -9999 -9999 -9999 -9999 -9999 -9999 -9999 -9999 -9999 -9999 -9999 -9999 -9999 -9999 -9999 -9999 46.08 35.98 33.04 36.16 41.1 43.18 41.2 -9999 -9999 -9999 -9999 42.28 45.28 43.4 43.42 42.42 37.48 36.62 37.68 37.76 36.86 36.86 36.94 37.02 38.14 36.24 33.32 33.36 32.44 35.58 40.6 42.6 42.62 41.6 41.64 41.62 41.6 40.58 40.58 30.56
-9999 -9999 -9999 -9999 -9999 -9999 -9999 -9999 -9999 -9999 -9999 -9999 -9999 -9999 -9999 -9999 -9999 -9999 -9999 -9999 -9999 -9999 -9999 -9999 -9999 -9999 -9999 63.14 -9999 -9999 -9999 -9999 -9999 -9999 -9999 -9999 -9999 -9999 -9999 -9999 -9999 -9999 -9999 -9999 -9999 -9999 -9999 47.28 47.34 48.38 46.38 46.5 45.58 46.58 43.68 44.76 45.88 44.9 44.04 41.12 40.24 39.28 36.3 36.4 37.48 38.54 43.68 45.74 45.76 45.78 46.8 45.82 45.82 44.76 43.8 42.82
-9999 -9999 -9999 -9999 -9999 -9999 -9999 -9999 -9999 -9999 -9999 -9999 -9999 -9999 -9999 -9999 -9999 -9999 -9999 -9999 -9999 -9999 78.42 76.36 73.26 -9999 -9999 69.32 65.28 64.32 -9999 -9999 -9999 -9999 -9999 -9999 -9999 -9999 -9999 -9999 -9999 -9999 -9999 -9999 -9999 -9999 -9999 -9999 -9999 51.24 52.22 53.4 51.38 50.54 49.62 48.7 49.88 48.98 49.08 48.14 46.24 45.32 45.38 43.56 44.52 46.62 48.68 50.86 50.84 50 50 50.04 49.02 48.98 46.96 46
70.66 68.52 71.36 74.1 76.94 78.72 -9999 -9999 -9999 -9999 -9999 -9999 85.2 -9999 -9999 87.76 88.6 88.6 89.58 88.46 86.5 84.36 83.38 82.38 57.3 64.36 57.38 44.32 39.42 45.36 68.38 66.38 -9999 68.42 60.34 67.36 -9999 67.18 61.24 59.08 58.08 62.02 61 -9999 -9999 -9999 -9999 -9999 -9999 56.12 57.16 55.2 53.32 52.38 49.5 49.58 45.74 42.76 44.94 45.04 46.14 47.26 48.34 49.46 47.68 47.64 51.74 52.86 53.88 57.1 58.16 57.14 55.18 54.22 52.24 50.24
28.32 27.1 32.04 34.94 45.76 57.6 73.52 85.28 -9999 -9999 -9999 -9999 88.42 89.1 89.88 92.72 93.6 94.5 94.52 93.46 92.5 91.36 90.52 88.46 52.42 52.44 45.5 47.42 37.5 39.46 70.44 67.42 68.54 65.52 64.32 64.32 64.3 62.28 58.2 51.22 40.1 43.1 51.02 57.04 56.96 62.98 66 62.9 64.94 -9999 -9999 62.06 63.16 63.18 62.36 61.54 59.54 53.68 52.84 53.88 53.98 55.18 56.24 56.34 54.5 54.56 57.68 58.84 60.88 64.04 45.1 64.26 62.28 59.4 56.36 54.42
34.98 41.8 39.7 39.64 52.34 47.34 60.22 65.02 74.84 79.72 85.64 88.46 92.4 94.1 93 94.78 95.66 96.52 96.54 94.56 92.52 91.5 90.52 89.52 86.38 83.54 82.52 82.52 75.56 73.58 73.58 71.56 69.56 67.58 66.42 65.36 65.32 65.18 65.22 65.1 66.14 66.12 66.12 65.08 60.06 53.06 56 58.96 65 64.98 65.96 67.04 67.98 68.18 68.28 69.3 -9999 62.54 61.66 62.72 62.8 63.94 65.08 67.1 70.24 69.48 53.58 53.6 51.72 69.8 67.94 67.08 66.22 46.38 64.5 46.52
60.82 60.54 58.2 61.08 70.98 70.94 67.76 66.6 62.48 63.38 66.34 70.2 82.02 96.9 99.8 101.78 103.62 101.6 100.6 97.5 97.46 96.6 94.58 93.62 93.52 94.6 93.6 91.54 83.58 81.62 81.58 79.56 77.68 76.64 74.48 73.46 73.38 72.38 72.24 72.12 72.12 72.06 72.04 71.12 61.1 60.1 66 66.98 69 67.9 67.92 67.92 69.94 74.02 75.12 73.16 75.32 -9999 -9999 -9999 70.7 69.9 67.88 -9999 -9999 -9999 61.46 76.7 75.66 74.86 73 71.18 68.4 68.44 68.52 53.64
65.72 61.44 67.12 70.84 78.66 79.52 80.38 74.3 73.18 59.14 58.06 59.04 80.78 101.84 105.7 107.66 108.6 107.64 104.62 102.62 104.6 100.7 101.72 98.64 101.7 100.6 99.68 98.66 92.7 90.66 89.68 87.66 86.7 83.62 80.56 80.42 80.44 79.32 79.3 78.18 78.08 78.12 78.16 77.08 68.02 70.06 72.1 72.06 73 74 72.94 74.92 77.86 80.9 81.04 79.08 77.2 77.38 69.42 77.52 77.76 78.78 78.98 78.06 77.14 79.34 66.46 65.64 75.7 72.92 71.1 70.28 64.4 61.42 60.48 60.58
87.44 83.28 77.04 77.72 73.52 74.4 74.38 78.2 88.22 90.16 86.1 67.92 89.86 101.82 112.7 113.64 113.62 113.52 111.7 112.64 109.66 107.78 107.76 108.76 103.7 104.74 106.78 106.74 101.74 98.7 96.68 95.72 93.7 90.72 89.52 87.46 87.48 86.32 86.3 84.18 84.18 85.22 84.2 84.12 82.06 82.04 79.06 80.02 81 82.06 80.94 81.94 83 82.92 82.04 81.08 79.14 78.32 78.44 78.52 78.64 79.8 80 80.04 80.24 80.34 80.5 81.52 83.86 78.02 76.18 75.36 69.38 66.48 64.48 62.6
87.28 81.1 73.06 69.7 73.5 70.42 76.28 85.24 92.18 95.12 92.06 81.96 82.84 105.78 113.7 116.72 117.64 117.6 117.7 116.7 116.74 114.68 114.74 115.78 115.82 113.76 113.78 115.82 111.82 108.76 106.84 102.8 97.76 97.72 95.64 94.52 93.38 94.38 93.34 92.28 96.2 97.12 96.08 95.1 95.1 94.1 92.06 90.96 90 82.02 82.02 82.02 81.04 81.06 79.1 76.08 74.3 73.28 73.4 73.54 73.64 73.82 75.86 75.96 77.14 77.32 76.52 75.7 77.92 77.08 76.3 74.34 72.38 71.56 69.52 67.56
96.14 91.04 73 65.8 60.66 66.52 80.26 92.24 97.1 97.1 93.98 90.88 80.86 97.76 107.74 117.8 120.72 121.7 121.66 121.64 121.7 121.74 120.78 120.8 122.76 124.84 125.78 122.88 120.8 116.84 115.88 111.86 107.78 106.74 107.6 106.58 104.54 107.4 106.32 104.32 101.26 103.14 105.1 103.18 102.08 98.98 97.02 99.06 98.06 90.08 90.22 89.16 89.06 88.12 86.18 84.18 83.24 81.4 80.44 80.54 80.66 80.86 81.88 83 83.22 83.44 82.58 81.88 83.04 82.3 81.32 79.4 76.42 76.58 74.56 72.66
92 89.88 75.8 69.78 67.62 70.5 75.4 90.22 90.12 90.06 96.98 100.9 99.9 108.86 110.78 106.72 107.66 110.64 106.7 102.68 109.74 111.76 110.8 118.86 124.8 127.84 128.94 127.94 125.94 117.96 117.9 112.94 111.86 109.68 111.72 109.62 108.46 106.48 105.42 106.36 109.28 109.2 107.18 108.1 107.12 106.08 106.1 106.1 97.24 97.16 97.1 97.22 96.16 95.12 94.18 91.22 90.34 89.38 88.46 85.52 85.7 85.7 85.98 86.14 89.34 88.52 87.8 86.9 86.12 84.24 83.34 81.42 80.44 78.48 76.58 74.64
92.8 90.72 81.72 73.78 75.74 79.62 80.46 81.3 83.12 82.96 82.92 86.98 92.98 101.92 98.8 92.76 85.74 81.6 75.62 77.74 85.74 88.7 79.82 82.8 97.9 101.8 109.88 110.9 125.94 129.92 129 120.94 121.86 123.78 117.72 116.64 116.56 112.46 114.42 117.46 114.24 105.24 105.16 112.16 109.1 105.18 105.22 106.24 104.3 104.2 105.26 105.3 104.26 102.28 101.24 98.36 96.4 95.42 94.46 94.58 91.7 91.78 91.94 92.24 95.44 94.62 93.84 93.04 91.26 90.34 88.4 86.42 85.44 83.5 81.58 79.62
82.7 92.6 95.68 75.6 72.8 68.72 76.56 77.34 71.18 76.08 75 74.06 69 68.86 69.88 67.76 63.7 64.72 63.68 58.72 62.7 66.78 60.84 61.76 69.9 67.88 69.88 71.98 79 93.06 115.96 126.92 124.92 126.82 127.78 117.7 116.56 118.5 117.4 116.42 118.36 118.32 114.2 107.16 104.24 104.22 111.26 117.32 118.28 117.3 118.38 116.3 111.32 110.28 107.32 104.42 103.42 101.52 100.56 99.62 99.72 99.88 100.12 100.34 99.54 98.72 97.94 98.2 96.28 95.38 93.36 91.52 90.54 88.62 86.62 84.68
88.52 88.46 88.52 94.58 83.76 90.74 86.56 81.54 77.4 77.24 78.14 84.08 84.08 87 79.88 81.84 72.82 71.76 75.72 67.78 70.86 69.78 64.92 61.92 73.9 71.94 73.96 72.96 77.98 88.98 103.92 114.96 119.92 125.88 130.74 118.66 109.64 117.56 120.44 118.4 121.4 120.32 117.28 112.38 112.44 114.42 114.44 114.36 122.4 125.36 125.44 125.32 119.34 117.34 113.4 110.44 108.56 106.46 105.66 104.76 104.84 105 105.2 104.5 104.5 103.84 104.04 103.26 101.3 100.4 98.36 96.42 94.54 93.52 91.56 89.66
94.54 87.52 88.6 88.66 93.66 98.68 104.68 105.56 107.48 101.4 100.32 106.22 110.1 102.04 100.98 100.84 103.88 103.84 84.76 84.9 79.8 76.8 76.92 77.94 72.9 72.96 69.96 79.9 83.06 78.94 87.98 101.86 108.88 117.84 123.76 127.74 127.62 118.6 121.5 122.48 121.54 121.44 123.48 118.46 118.42 116.52 117.52 123.5 125.48 128.48 131.4 134.46 129.36 125.44 121.46 117.5 115.56 112.58 108.72 106.82 107.88 108.12 108.32 108.52 107.72 108 108.1 106.26 105.3 103.34 103.4 101.4 99.5 98.6 96.64 95.66
99.56 94.6 91.5 93.56 95.54 103.42 103.5 107.48 106.44 109.34 108.28 110.2 104.2 100.96 99.92 105.84 91.82 90.8 92.86 92.92 83.86 79.9 82.96 77.96 72.88 78.92 75.94 71.96 66.86 70.88 87.92 97.8 100.8 105.76 113.82 120.84 131.62 123.62 122.62 123.66 126.58 125.6 124.66 123.62 126.62 127.56 127.6 128.64 130.6 132.52 136.62 139.52 137.58 133.48 128.54 124.54 120.64 118.66 114.84 111.96 111.96 113.26 114.44 113.6 116.9 116.02 113.08 111.2 110.3 108.36 107.48 105.46 104.6 102.6 104.64 101.7
107.6 106.48 103.5 95.42 93.46 97.38 92.42 89.4 105.32 109.36 108.36 113.46 119.24 115.1 110 98.94 91.96 95.94 96.94 89.88 88.96 92.98 84 81.94 73.96 75.86 71.86 68.94 65.06 59.88 69.9 68.82 80.82 85.8 108.78 122.66 130.72 138.7 131.72 129.8 133.74 132.76 131.76 131.74 131.68 131.66 130.58 130.6 132.7 133.6 137.66 143.6 143.58 141.6 138.58 131.6 126.66 123.78 120.94 120.08 120.04 125.44 126.54 126.74 128.92 128.14 120.22 115.26 111.28 110.3 109.36 107.42 106.46 104.56 102.64 101.68
75.56 79.6 98.4 104.28 108.3 101.22 98.22 96.32 95.32 92.42 101.6 113.58 115.34 111.22 112.08 98.08 94.94 90.9 101.98 95.96 96.92 99.92 96.9 89.9 85.84 66.92 75.8 67.9 70.88 72.84 66.78 68.84 75.74 85.88 101.7 113.78 126.76 143.66 139.7 137.84 139.92 135.82 127.9 117.86 115.8 116.8 118.66 127.64 135.7 138.68 140.66 142.62 142.58 142.68 134.64 133.6 134.76 132.84 129.92 129.1 131.14 131.4 127.56 126.8 124.94 124.08 122.2 119.2 116.32 114.4 112.42 112.48 110.48 108.56 107.62 106.64
50.54 62.76 70.64 77.42 90.14 89.08 83.12 84.34 93.54 102.72 93.72 102.64 105.48 109.28 116.2 104.06 98.02 90.96 89.98 93.92 98.84 101.82 93.82 87.92 94.84 81.94 80.84 81.98 75.88 76.8 83.78 96.84 94.8 96.78 95.72 106.78 109.7 129.78 138.82 133.8 141.96 142.04 141 137.82 132.92 132.8 134.72 138.68 138.68 140.72 141.64 142.66 143.58 143.6 137.62 137.7 136.72 134.82 135.96 135.06 133.18 129.38 127.58 125.7 125.76 126 125.12 122.24 121.22 119.32 118.36 116.44 114.48 112.5 112.62 110.66
27.56 12.82 12 4.66 61.48 80.12 84.2 82.4 85.7 86.84 92.7 95.6 101.52 113.38 105.22 103.12 95.08 95.98 96.9 88.8 83.9 86.88 90.84 80.88 94.94 102.9 82.96 83.96 80.94 84.84 93.76 98.86 103.82 102.82 95.78 105.84 114.74 134.76 143.78 141.82 141.98 141.04 140.02 141 139.82 139.78 141.7 139.7 139.7 142.78 142.64 143.66 141.6 141.6 140.7 139.72 137.76 138.82 137.9 136.98 136.12 133.42 131.58 129.7 129.76 130.04 129.12 127.14 124.26 122.34 120.44 119.46 118.5 116.56 116.56 114.7
51.68 38.86 13.12 8.1 21.84 37.54 51.74 71.82 80.96 90.96 90.78 90.6 91.54 100.4 104.34 106.28 100.1 99.92 103.88 106.8 105.84 99.82 91.88 99.92 108.9 111.94 106.92 109.84 101.84 100.8 99.78 107.82 106.78 109.74 98.8 107.82 131.7 147.78 136.8 129.88 130.02 131.94 131.02 130 131.94 133.94 134.94 134.82 137.72 137.74 139.76 141.6 142.58 142.56 141.66 140.72 139.86 138.86 138.86 138.98 139.14 139.38 136.42 135.54 136.76 133.92 132.14 128.16 123.26 121.26 120.26 118.42 120.52 119.54 117.6 118.66
73.92 59.06 54.2 48.44 43.22 58.14 52.18 62.26 75.16 72.1 81 84.8 89.78 83.54 101.36 107.3 105.06 99.94 107.86 103.86 95.96 91.92 95.9 99.86 114.88 118.92 119.88 116.92 110.94 112.84 110.76 116.84 110.76 122.76 111.82 122.84 139.76 143.82 141.76 136.86 132.9 128.94 127.02 125 131.06 127.06 127.96 127.92 125.9 128.8 138.82 139.76 139.58 140.7 140.68 139.7 139.7 139.98 140 141.98 142.18 142.3 139.38 138.46 139.6 136.92 136.1 132.12 127.2 124.24 123.32 122.42 123.54 122.6 122.66 121.72
106.26 121.36 124.42 121.46 117.54 99.5 91.42 90.34 83.34 97.3 75.08 78.92 80.78 86.68 82.42 86.42 98.2 90.04 90.78 105.96 97.06 83.02 78.9 81 103.06 110.98 119.92 119.92 120.78 126.8 125.8 114.86 107.76 110.82 128.9 142.84 142.88 139.88 138.76 137.84 136.92 136.02 134.04 132 125.02 126.08 126.06 124 124.88 136.88 140.92 138.68 134.54 128.62 132.64 138.74 139.88 138.86 140.94 142.96 143.06 144.34 141.38 141.5 140.7 140.98 142.12 139.24 136.24 133.26 130.26 129.32 126.42 125.44 126.52 126.64
-9999 -9999 -9999 -9999 122.74 118.54 115.48 115.4 83.24 79.18 78.12 94.96 107.84 110.68 73.48 75.46 87.28 89.22 85.94 102.94 104.04 91.1 93.12 82.1 89.14 94.08 98.94 100.84 115.76 113.8 107.82 107.86 110.78 116.84 124.9 137.78 139.8 143.88 146.88 141.94 134.84 131.94 126.96 134.02 128 129.94 130.02 134.04 138.04 140.9 135.94 129.66 118.6 116.54 118.78 122.76 140.88 143.92 143.9 144.14 147.16 147.34 144.48 146.64 151.78 153.96 150.14 149.24 146.16 143.18 141.24 138.38 135.46 134.5 133.46 131.68
-9999 -9999 -9999 -9999 -9999 -9999 -9999 114.48 102.34 43.26 92.16 122.06 113.9 127.88 111.68 94.56 114.44 112.24 109.06 107.98 107.04 96.1 98.2 98.26 95.3 84.14 87.88 91.8 98.8 105.76 93.68 77.76 91.8 98.8 101.88 120.82 133.78 140.78 147.88 148.88 141.84 137.88 135.98 135.9 136 135.04 136 137 135.04 137.06 138.86 135.64 131.56 127.6 131.68 141.8 147.9 147.02 147.12 148.16 150.14 149.42 150.6 150.72 149.88 147.94 143.24 142.32 140.34 137.36 137.32 138.42 141.42 136.44 134.56 133.62
-9999 -9999 -9999 -9999 -9999 -9999 -9999 -9999 -9999 78.28 101.2 121.02 125 123.9 120.7 121.6 112.46 96.3 95.18 94 101.08 97.08 118.2 104.26 90.14 86.12 90.94 90.7 85.68 90.74 94.78 88.78 88.7 76.74 69.78 96.8 122.86 129.84 141.88 139.78 142.8 139.8 137.8 133.88 128.88 128.88 130.92 134.94 136.94 140.04 145.74 150.58 150.62 150.68 149.74 151.9 151 148 144.1 145.16 151.2 151.36 150.58 149.74 148.9 146.12 143.44 141.46 140.4 137.46 140.4 141.42 140.48 138.62 136.56 135.62
-9999 -9999 -9999 -9999 -9999 -9999 -9999 -9999 -9999 -9999 -9999 117.14 106.96 111.84 115.8 113.56 120.42 95.36 94.18 74.9 94.98 101.1 98.12 99.24 93.3 91.14 84.94 90.76 87.72 85.74 80.7 95.72 100.76 91.8 83.74 81.8 104.84 123.9 126.88 131.74 132.68 130.6 129.7 123.74 116.74 120.82 128.74 131.9 133.92 140.9 144.68 135.6 133.66 144.74 145.92 144.9 140.98 134.04 130.16 131.14 145.16 151.18 149.54 145.74 141.06 141.26 140.42 140.5 140.56 141.56 144.54 143.54 139.58 136.6 138.58 137.64
-9999 -9999 -9999 -9999 -9999 -9999 -9999 -9999 -9999 -9999 -9999 -9999 122.12 105 115.76 116.62 129.42 112.28 101.18 51.92 88.96 69.06 80.16 95.44 82.52 85.14 82.02 84.8 87.68 88.64 88.66 82.7 89.7 111.72 96.68 84.76 93.84 105.92 120.84 125.68 126.54 125.56 122.58 121.62 123.6 121.7 120.76 126.76 133.76 142.78 142.62 138.56 132.82 144.82 144.86 138.02 134.02 135.06 138.16 142.14 151.2 149.16 143.4 142.84 142.26 145.48 144.56 144.7 143.66 143.66 146.66 145.64 141.7 139.7 140.64 139.7
-9999 -9999 -9999 -9999 -9999 -9999 -9999 -9999 -9999 -9999 -9999 -9999 -9999 115.96 109.76 127.6 134.44 132.26 134.2 107 111.88 115.98 112.06 101.68 99.66 103.28 100.02 100.86 98.66 89.66 90.78 83.7 93.68 108.74 109.76 107.8 101.9 106.92 123.8 131.66 132.56 130.42 127.5 129.5 124.64 122.76 124.66 132.74 138.68 145.76 139.74 135.74 137.8 143 140.06 140.06 145.2 145.2 146.1 147.08 149.16 152.14 148.48 148.78 147.22 149.68 149.88 149.92 148.86 146.88 145.9 144.82 142.82 143.78 143.68 142.64
-9999 -9999 -9999 -9999 -9999 -9999 -9999 -9999 -9999 -9999 -9999 -9999 -9999 -9999 118.96 126.74 134.52 134.36 141.12 130.98 114.88 116 123.24 109.82 96.78 121.48 112.16 100.82 102.7 97.64 98.64 91.62 95.68 103.72 105.7 125.94 105.96 112.92 121.78 135.62 143.5 139.46 145.3 141.48 140.58 140.62 141.64 143.68 142.7 147.76 141.78 138.8 140.9 141.98 142.16 145.18 149.18 145.24 147.16 147.28 144.04 139.18 149.46 149.86 150.34 151.66 150.02 151.16 151.14 151.12 149.12 147.98 145.96 146.86 147.74 145.68
