data/default-data/raster/climate/tmp_7.txt
ncols         720
nrows         360
xllcorner     -180
yllcorner     -90
cellsize      0.5
NODATA_value  -9999
[rows 198 to 230 of 360, columns 380 to 455 of 720]
-9999 -9999 -9999 -9999 -9999 -9999 211.44 212.46 215.42 200.38 194.5 184.44 189.58 201.64 210.62 212.64 207.7 206.94 201.92 205.84 211.92 212.98 214.08 215.12 218.04 218.1 213.14 215.12 215.22 217.34 222.62 227.7 212.68 194.78 203.84 177.72 200.64 212.48 209.42 196.16 179.96 171.86 170.76 170.72 175.64 167.5 154.32 158.2 139.1 148.08 161.96 218.92 205.76 204.54 217.38 215.5 217.46 219.34 234.34 240.24 -9999 -9999 -9999 -9999 -9999 -9999 -9999 -9999 -9999 -9999 -9999 -9999 250.6 -9999 -9999 -9999
-9999 -9999 -9999 -9999 -9999 -9999 211.38 211.38 216.3 203.38 189.4 183.38 187.5 198.52 202.54 205.6 204.68 204.86 198.96 202.88 209.86 210.94 211.98 211.98 215.1 216.1 214.16 211.98 213.12 217.28 216.4 211.56 189.62 197.68 200.7 173.62 196.56 207.5 202.36 191.24 172.08 170.88 174.72 179.7 178.6 171.48 155.34 211.14 163 142.92 155.9 199.74 197.7 198.46 215.54 214.6 217.44 219.32 233.32 241.22 -9999 -9999 -9999 -9999 -9999 -9999 -9999 -9999 -9999 -9999 -9999 -9999 -9999 -9999 -9999 -9999
-9999 -9999 -9999 -9999 -9999 -9999 209.36 210.3 206.24 180.38 174.36 175.34 183.38 189.42 192.54 193.6 194.74 195.7 191.86 195.9 198.86 205.9 207.92 208 209.06 210.04 208.04 203.06 202.14 204.22 202.24 179.2 178.56 192.54 197.58 167.6 188.5 193.42 189.36 181.28 183 178.98 175.82 179.6 179.54 176.32 156.2 174.14 204.02 183.88 189.66 185.58 194.52 192.44 191.68 205.52 219.46 218.36 216.3 235.22 240.08 -9999 -9999 -9999 -9999 -9999 -9999 -9999 -9999 -9999 -9999 -9999 -9999 -9999 -9999 -9999
-9999 -9999 -9999 -9999 -9999 -9999 -9999 212.22 197.16 169.22 166.2 164.28 172.24 186.4 190.52 190.46 188.56 189.74 188.82 188.9 193.84 198.9 202.92 203.96 203.02 200.96 199.04 194.06 191.08 192.18 185.24 180.28 174.34 178.52 183.5 171.54 181.46 186.34 181.28 182.14 180.06 177.8 176.66 171.48 174.32 171.2 158.04 140 194.82 181.78 173.7 177.48 188.44 186.6 200.68 210.56 218.54 219.36 218.32 234.16 239.04 241.04 -9999 -9999 -9999 -9999 -9999 -9999 -9999 -9999 -9999 -9999 -9999 -9999 -9999 -9999
-9999 -9999 -9999 -9999 -9999 -9999 -9999 208.04 188.16 164.12 164.18 160.2 168.18 176.32 184.34 184.46 179.42 181.62 178.74 183.78 188.92 192.96 197.88 197.98 195.92 192.96 187 183.02 180.1 179.14 174.3 173.24 163.32 170.42 168.58 171.56 175.38 175.34 176.18 178.02 176.86 169.64 167.46 162.28 176.14 179.14 172.98 160.86 170.78 184.72 185.58 193.46 192.66 204.74 210.64 216.56 221.54 226.36 220.22 225.24 238.98 -9999 -9999 -9999 -9999 -9999 229.88 -9999 -9999 -9999 -9999 -9999 -9999 -9999 -9999 -9999
-9999 -9999 -9999 -9999 -9999 -9999 -9999 204 180.06 162.06 163.06 163.08 164.2 163.24 173.34 176.44 171.52 176.56 172.62 178.68 184.82 190.06 193.9 192.88 189.88 187.98 181.04 177.94 174.06 171.12 166.24 166.18 161.36 162.42 159.44 165.46 169.38 170.3 172 173.8 173.6 166.42 164.24 159.12 172.88 176.92 169.9 152.7 199.6 186.48 183.44 193.58 196.8 209.7 212.68 214.58 225.48 220.36 217.22 218.2 236 -9999 -9999 -9999 -9999 -9999 219.88 244.8 -9999 -9999 -9999 -9999 -9999 -9999 253.38 -9999
-9999 -9999 -9999 -9999 -9999 -9999 205 196.96 168.92 165 158.02 167.06 159.2 155.28 163.3 166.4 162.4 168.6 172.58 180.66 184.68 185.88 188.96 188.9 187.94 178.94 167.88 167.96 171.14 169.12 172.18 166.2 160.34 157.42 156.42 155.3 161.24 168.1 171.82 172.56 170.38 170.16 171.02 186.92 179.72 166.56 162.64 155.52 195.5 197.42 185.52 183.76 193.82 198.76 209.64 215.52 220.4 217.32 222.24 224.2 230 238.9 -9999 -9999 -9999 -9999 -9999 239.82 234.74 236.72 -9999 -9999 -9999 -9999 -9999 -9999
-9999 -9999 -9999 -9999 -9999 197.98 194.94 183.88 175.86 160.96 157 163.08 158.14 156.16 163.28 165.28 162.42 166.46 171.54 179.66 183.62 183.68 186.86 185.84 186 178 168.94 172 174.02 172.08 172.12 167.36 162.3 157.3 156.22 154.18 155.06 163.88 167.62 166.38 166.26 161.12 163.86 191.74 182.54 164.3 164.26 166.26 204.3 195.44 165.7 168.94 187.86 202.84 207.58 210.56 213.42 215.32 216.22 221.08 231 233.9 -9999 -9999 -9999 -9999 -9999 -9999 -9999 -9999 242.74 -9999 -9999 -9999 -9999 -9999
-9999 -9999 -9999 -9999 -9999 187.8 179.8 179.9 177.82 165.9 159.94 161 160.04 158.12 164.22 161.2 156.34 161.4 170.48 179.54 180.62 182.82 181.82 185.92 183.9 178.98 175.96 174.98 175.02 173.12 170.16 166.2 162.26 163.08 162.98 161.94 161.84 161.66 161.52 155.3 156.16 155.02 172.7 186.58 185.4 175.18 177.98 168.9 199.02 196.5 166.94 174.94 191.86 197.74 198.62 201.54 206.5 210.26 212.14 219.06 225.06 235.9 -9999 -9999 -9999 -9999 -9999 -9999 -9999 -9999 242.7 -9999 -9999 -9999 -9999 -9999
-9999 -9999 -9999 -9999 184.78 175.68 172.78 179.7 162.74 157.84 161.92 159.96 157.98 157.08 160.12 159.2 154.2 159.42 168.5 176.5 177.54 179.62 178.76 181.9 181.94 179.9 177 173.88 176.04 173.04 172.1 169.08 165.02 162.76 164.8 163.78 160.6 161.36 163.22 158.12 165.86 175.76 179.62 189.34 183.16 175.98 176.82 161.62 191.08 197.56 179.9 183.9 190.78 187.7 193.58 201.48 203.32 209.3 217.2 219.22 222.1 233.9 -9999 -9999 -9999 -9999 -9999 -9999 -9999 -9999 -9999 -9999 -9999 -9999 -9999 239.82
-9999 -9999 -9999 -9999 178.6 172.68 174.7 175.66 167.74 166.76 166.86 163.94 159.02 156 153.1 150.18 151.26 156.26 167.42 173.48 176.56 177.58 179.64 181.78 181.8 181.9 180.94 176.94 175.04 172 170.9 170.9 167.78 163.7 165.56 164.5 163.48 164.24 165.1 168.88 177.76 180.62 183.56 182.44 182.3 185.18 172.04 162.14 159.12 202.76 190.98 185.88 190.76 193.64 202.5 206.38 207.36 208.34 211.38 217.26 226.08 232.88 -9999 -9999 -9999 -9999 -9999 -9999 -9999 -9999 -9999 -9999 -9999 -9999 -9999 236.64
-9999 -9999 -9999 -9999 173.62 167.64 161.52 160.66 165.7 169.68 170.78 163.9 159.98 154.94 150.04 146.16 151.14 155.3 163.36 166.44 169.5 172.56 176.62 179.7 183.74 185.86 182.88 177.88 173.9 169.82 167.72 167.56 166.46 163.52 164.52 164.48 163.4 171.22 186.32 191.22 178.14 179.98 179.9 180.8 187.74 199.62 181.48 162.58 161.5 178.78 191.9 185.82 188.72 194.56 192.5 193.48 199.48 202.5 206.42 215.24 222 229.88 -9999 -9999 -9999 -9999 -9999 -9999 -9999 -9999 -9999 -9999 -9999 -9999 238.68 245.82
-9999 -9999 -9999 -9999 166.46 169.52 158.56 156.62 162.6 168.72 172.8 168.86 163.86 157.96 155.12 152.14 154.16 155.26 159.36 159.4 161.42 165.54 169.58 175.64 180.7 183.84 182.9 178.88 173.86 170.86 168.84 166.82 161.9 166.9 162.88 163.92 162.64 162.3 177.18 174.26 197.22 185.36 190.26 188.18 199.96 206.92 201.04 189.1 173.98 179.78 183.98 182.82 178.68 180.68 168.74 185.68 191.66 197.6 207.38 215.22 222 231.92 -9999 -9999 -9999 -9999 -9999 -9999 -9999 -9999 -9999 -9999 -9999 235.74 243.76 239.74
-9999 -9999 -9999 167.38 164.4 163.4 167.5 155.54 157.6 167.7 172.78 171.8 164.88 160 164.08 158.06 156.16 156.2 157.3 155.38 154.48 159.56 166.6 171.7 177.88 180.88 181.06 177.24 172.2 169.26 167.24 165.24 168.2 167.2 164.26 163.08 163.9 175.52 187.24 184.16 195.18 203.16 204.24 206.22 210.34 208.34 211.56 206.7 193.48 197.1 173.04 164.88 172.84 177.86 181.72 187.76 194.86 201.54 209.44 216.24 223 -9999 -9999 -9999 -9999 -9999 -9999 -9999 -9999 -9999 238.6 237.62 240.74 237.76 237.74 232.9
-9999 -9999 -9999 163.26 160.3 155.4 148.54 152.42 157.54 165.62 170.7 173.78 170.92 168.06 171.04 167.14 164.24 160.3 158.4 156.54 158.62 162.7 167.74 170.92 173.98 176.94 177.06 172.4 168.7 167.58 165.6 165.56 163.58 159.6 159.48 161.26 171.96 190.64 180.32 178.06 188.02 191.04 198.08 191.12 196.2 205.58 210.92 217.1 208.8 207.56 195.18 179.02 184.02 188.06 191.98 196.96 199.84 204.58 211.44 218.26 228.04 -9999 -9999 -9999 -9999 -9999 -9999 -9999 239.5 235.52 234.56 234.58 233.52 233.78 230.9 218.9
-9999 -9999 -9999 159.26 149.32 145.38 145.42 145.48 153.58 162.76 168.76 172.92 172.98 171.1 173.18 171.22 167.38 162.48 159.48 157.6 159.72 162.74 166.9 168.92 170.98 170.92 170.06 169.44 166.66 163.94 165.92 166 155.98 147.92 151.58 189.36 190.12 186.8 171.52 159.14 160.8 151.86 154.9 170.04 183.26 193.6 206.82 206.1 212.1 207.86 205.56 192.3 191.3 196.16 198.14 198.1 200.82 203.58 210.38 225.24 -9999 -9999 -9999 -9999 -9999 -9999 -9999 -9999 237.52 229.56 222.48 221.48 226.54 228.48 216.7 188.98
-9999 -9999 -9999 152.28 138.34 123.48 132.52 147.7 152.78 159.82 166.9 172.04 173.16 172.24 173.26 172.44 169.56 166.58 162.66 160.78 159.76 162.86 164.92 167 169.08 167.84 167.14 163.48 161.82 167.1 170.32 164.28 156.32 153.12 177.84 194.5 188.16 182.92 174.58 161.26 154.92 141.76 150.76 160.94 163.18 179.54 187.82 192.1 204.08 206.9 203.8 194.64 200.44 201.32 201.32 199.06 198.8 218.6 -9999 -9999 -9999 -9999 -9999 -9999 -9999 239.58 -9999 237.52 228.5 220.5 212.42 205.42 215.34 213.38 187.54 186.76
-9999 -9999 -9999 149.34 132.5 120.66 126.66 135.82 147.88 156 165.02 171.14 173.26 171.3 172.48 171.56 169.66 166.66 163.78 160.9 160.9 162.98 164.06 165.08 167.02 164.86 164.14 159.36 158.76 168.12 177.38 166.72 168.48 173.26 197.92 180.6 178.42 181.08 179.8 167.48 151.14 138.72 138.64 143.88 155.2 155.5 173.82 185.96 196.12 202.84 206.7 202.78 206.66 207.46 205.34 216.14 -9999 -9999 -9999 -9999 -9999 -9999 -9999 -9999 -9999 -9999 -9999 235.48 225.44 218.34 208.3 200.36 197.34 184.24 179.3 165.58
-9999 -9999 -9999 149.6 138.68 125.66 128.9 126.92 139.98 152.12 160.22 167.24 169.34 168.48 169.48 167.6 165.72 164.78 164.84 163.98 165 164.16 166.1 166.16 165 164.82 164.12 163.5 163.8 166.14 167.44 168.68 170.4 176.14 171.84 168.52 169.24 164.98 168.66 165.34 153.06 141.7 136.76 132.9 130.14 133.5 177.76 184.88 196.06 205.92 201.82 206.7 208.62 208.48 -9999 -9999 -9999 -9999 -9999 -9999 -9999 -9999 -9999 -9999 -9999 -9999 -9999 231.38 222.46 210.38 201.28 180.28 175.26 162.16 156.16 158.38
-9999 -9999 -9999 -9999 145.78 134.88 128.92 125.06 136.16 148.26 156.32 163.36 166.42 166.56 167.56 164.74 162.78 162.82 161.9 162.06 163.12 163.18 164.2 164.12 164.96 164 164.24 164.58 165.84 164.22 162.54 163.54 161.22 154.88 157.66 160.38 161.12 158.82 156.5 156.16 147.94 139.78 137 142.16 142.26 145.44 178.7 188.82 199.92 202 202.82 207.76 207.6 -9999 -9999 -9999 -9999 -9999 -9999 -9999 -9999 -9999 -9999 -9999 -9999 -9999 -9999 -9999 221.58 208.5 205.46 178.36 173.3 157.14 150.04 146.14
-9999 -9999 -9999 -9999 -9999 142.02 137.06 135.16 139.22 140.42 150.5 157.5 162.58 163.68 158.76 152.88 149.94 160 160.14 160.12 162.22 163.38 163.42 163.2 165.02 166.98 165.24 164.62 163.9 163.2 163.56 162.28 158.12 154.84 154.52 157.24 150.98 151.72 145.24 138.08 136.1 133.9 138.08 154.38 157.62 152.66 174.74 189.7 202.9 203.04 204.8 208.7 -9999 -9999 -9999 -9999 -9999 -9999 -9999 -9999 -9999 -9999 -9999 -9999 -9999 -9999 -9999 -9999 225.74 212.68 205.62 178.58 175.38 148.32 133.18 138.26
-9999 -9999 -9999 -9999 -9999 147.16 140.18 135.32 135.36 143.44 148.58 152.56 156.68 153.76 146.88 141.96 144.02 152.24 157.28 157.26 155.42 158.42 161.38 161.22 164.02 166.1 165.36 165.64 163.9 162.32 160.4 159.2 156.96 153.58 152.38 152.08 144.78 146.52 137.22 136.2 141.08 137.1 139.34 152.6 168.76 143.92 172.96 197.9 201.86 205.98 206.82 -9999 -9999 -9999 -9999 -9999 -9999 -9999 -9999 -9999 -9999 -9999 -9999 -9999 -9999 -9999 -9999 -9999 222.88 212.78 206.74 187.64 165.6 139.4 128.52 140.44
-9999 -9999 -9999 -9999 -9999 -9999 150.26 144.46 143.54 151.66 153.68 157.8 157.78 150.92 145.98 146.94 147.18 146.3 147.34 148.42 148.42 153.46 157.38 159.2 160.98 163.14 164.4 163.7 161.98 162.44 161.3 159 156.82 150.6 145.24 140 136.66 139.46 138.38 142.24 149.06 144.24 150.46 161.68 170.88 160.88 187.98 193.96 198.92 203.86 -9999 -9999 -9999 -9999 -9999 -9999 -9999 -9999 -9999 -9999 -9999 -9999 -9999 -9999 -9999 -9999 -9999 -9999 215.08 209.1 200.92 189.88 160.78 142.66 134.64 147.68
-9999 -9999 -9999 -9999 -9999 -9999 164.5 152.62 150.62 154.74 160.78 157.9 153.96 149.02 150.08 148.18 146.32 145.4 145.52 145.58 147.58 151.44 154.28 156.08 157.98 160.16 160.44 160.84 160.16 159.24 159.08 156.9 153.66 147.42 142.12 137.74 138.54 139.46 141.36 141.18 150.22 150.26 154.54 164.76 169.78 174.94 184.84 191.8 198.8 201.74 204.76 -9999 -9999 -9999 -9999 -9999 -9999 -9999 -9999 -9999 -9999 -9999 -9999 -9999 -9999 -9999 -9999 217.32 209.28 203.2 193.1 185.08 159.94 138.9 137.72 160.8
-9999 -9999 -9999 -9999 -9999 -9999 -9999 153.72 151.8 150.82 159.96 158.96 152.02 154.14 148.26 143.32 140.34 141.48 141.62 141.66 143.66 146.48 146.32 148.08 151 152.14 154.56 155.92 156.26 157.24 153.96 151.78 150.56 144.36 144.02 145.7 146.34 146.4 148.32 151.24 155.24 156.4 156.62 166.64 174.84 181.8 186.86 192.68 195.7 198.62 202.52 -9999 -9999 -9999 -9999 -9999 -9999 -9999 -9999 -9999 -9999 -9999 -9999 -9999 -9999 -9999 216.6 211.52 203.44 193.32 187.26 180.24 168.14 149.02 148.1 177.08
-9999 -9999 -9999 -9999 -9999 -9999 -9999 175.8 155.86 158.04 161.14 163.2 161.2 151.26 143.32 135.42 133.46 137.6 137.66 137.76 138.72 141.48 142.32 144.18 147.02 149.32 151.66 152.94 153.2 153.08 150.88 147.6 144.34 142.18 144.88 146.58 149.38 152.36 154.34 157.3 160.32 162.44 164.58 167.58 175.74 182.74 188.62 189.62 191.66 195.54 198.54 -9999 -9999 -9999 -9999 -9999 -9999 -9999 -9999 -9999 -9999 -9999 -9999 -9999 -9999 -9999 213.8 208.82 199.54 197.58 194.5 172.4 167.34 151.32 152.16 187.16
-9999 -9999 -9999 -9999 -9999 -9999 -9999 -9999 180 159.04 166.1 168.3 164.28 152.38 133.5 128.58 131.6 131.74 131.72 131.88 133.66 137.54 139.34 142.1 145.12 146.38 148.72 151.14 150.06 149.82 148.64 143.4 139.16 135.9 146.68 148.38 151.34 153.28 156.26 159.22 166.3 172.42 176.58 175.58 179.54 183.52 188.46 189.46 191.5 193.48 198.54 200.28 -9999 -9999 -9999 -9999 -9999 -9999 -9999 -9999 210.34 -9999 -9999 -9999 -9999 -9999 210 199.94 188.82 183.74 181.64 163.58 166.58 151.44 172.3 195.28
-9999 -9999 -9999 -9999 -9999 -9999 -9999 -9999 182.06 158.18 170.34 163.4 152.42 139.52 126.56 128.62 129.8 127.82 128.9 128.8 129.6 132.48 136.34 139.22 142.2 143.5 145.82 148.08 147.98 147.74 145.52 141.24 136.96 135.72 144.52 147.28 150.26 149.32 147.34 151.22 156.34 169.44 178.4 176.4 179.36 183.46 189.38 190.4 191.48 194.38 198.44 197.32 -9999 -9999 -9999 -9999 -9999 -9999 -9999 -9999 -9999 -9999 -9999 -9999 -9999 -9999 209.2 194.2 181 178.96 168.78 163.72 159.66 164.5 183.42 197.36
-9999 -9999 -9999 -9999 -9999 -9999 -9999 -9999 177.14 164.24 171.44 168.54 151.66 136.64 137.7 132.8 128.82 126.96 125.98 125.82 127.6 129.46 133.34 137.22 139.3 140.62 142.96 144.02 143.84 142.56 141.3 139 135.72 135.54 144.28 150.22 146.32 141.26 138.34 141.2 161.28 171.3 173.36 174.32 180.4 184.3 189.36 191.38 191.34 194.32 197.38 -9999 -9999 -9999 -9999 -9999 -9999 -9999 -9999 -9999 -9999 -9999 -9999 -9999 -9999 -9999 208.34 202.32 192.2 185.98 179.9 171.8 150.7 165.4 185.4 198.36
-9999 -9999 -9999 -9999 -9999 -9999 -9999 -9999 -9999 169.32 178.62 166.68 141.66 136.72 136.84 131.9 125.96 124.08 123.94 122.74 125.58 127.44 129.34 134.14 136.34 137.7 140.04 141.88 141.6 140.4 140.14 138.82 139.46 140.22 144.14 146.26 138.18 138.24 128.36 128.46 155.3 171.34 174.34 175.34 181.32 185.32 188.32 191.36 191.32 194.34 198.28 -9999 -9999 -9999 -9999 -9999 -9999 -9999 -9999 -9999 -9999 -9999 -9999 -9999 -9999 -9999 -9999 204.32 197.08 192.04 182.86 168.78 159.62 160.44 182.42 198.38
-9999 -9999 -9999 -9999 -9999 -9999 -9999 -9999 -9999 161.48 163.6 155.7 134.76 137.88 139.92 136.98 128.08 124 122.9 122.78 122.58 123.46 127.32 131.28 133.52 134.84 133.96 134.74 135.54 136.38 137 137.66 140.32 139.96 138.04 125.02 124.08 130.18 131.48 133.6 138.58 163.38 172.42 178.42 180.4 185.34 188.38 189.3 191.36 194.28 199.32 -9999 -9999 -9999 -9999 -9999 -9999 -9999 -9999 -9999 -9999 -9999 -9999 -9999 -9999 -9999 -9999 203.22 195.14 189.04 184.96 180.72 187.58 169.48 188.36 -9999
-9999 -9999 -9999 -9999 -9999 -9999 -9999 -9999 -9999 157.48 155.54 147.7 131.9 132.96 134.18 136.16 129.22 125.08 121.92 120.76 119.56 119.54 121.36 125.24 128.56 130.9 131.78 131.52 133.4 133.1 133.8 137.48 137.08 131.86 126.86 122.02 121.38 132.26 138.4 125.68 126.54 113.52 158.52 170.46 179.38 186.38 187.36 187.38 191.42 195.28 194.3 -9999 -9999 -9999 -9999 -9999 -9999 -9999 -9999 -9999 -9999 -9999 -9999 -9999 -9999 -9999 -9999 201.14 199.04 195.04 190.82 189.66 194.68 174.5 198.46 -9999
-9999 -9999 -9999 -9999 -9999 -9999 -9999 -9999 -9999 153.5 150.66 140.86 129.94 124.04 131.24 135.32 130.36 126.16 120.92 116.84 117.7 118.5 120.42 122.3 125.6 126.82 128.6 129.4 129.16 128.94 128.68 133.32 130.94 125.82 123.06 123.46 125.22 127.32 127.32 111.64 101.64 116.54 150.44 168.58 181.48 188.42 189.42 191.42 -9999 -9999 -9999 -9999 -9999 -9999 -9999 -9999 -9999 -9999 -9999 -9999 -9999 -9999 -9999 -9999 -9999 -9999 -9999 -9999 197 199.88 195.66 195.62 197.56 194.44 197.4 -9999
