data/default-data/raster/climate/tmp_7.txt
ncols         720
nrows         360
xllcorner     -180
yllcorner     -90
cellsize      0.5
NODATA_value  -9999
[rows 66 to 98 of 360, columns 380 to 455 of 720]
162.22 171.34 -9999 -9999 171.76 165.06 160.8 161.72 160.52 162.52 159.78 162.9 167.14 168.26 -9999 -9999 169.56 -9999 -9999 -9999 -9999 -9999 169.24 166.44 167.52 166.76 169.82 171.96 173.1 173.06 171.08 170.14 172.16 173.2 172.14 173.28 174.28 174.32 172.24 171.14 174.16 175.22 173.12 170.06 169.98 170.82 170.76 171.66 172.56 175.62 178.5 179.56 180.56 181.36 184.34 184.18 183.96 182.42 183.02 184.58 186.26 186.84 187.52 188.34 188.46 188.62 188.82 189.02 191.2 193.22 193.34 194.56 195.62 196.72 196.76 196.86
161.5 163.48 -9999 -9999 171.64 165.96 163.96 164.82 163.56 165.5 166.74 166 168.2 169.3 -9999 -9999 -9999 -9999 -9999 -9999 -9999 -9999 170.14 169.32 170.42 170.56 172.74 173.84 175.06 175.06 173.1 172.14 173.22 174.22 173.3 173.38 175.36 175.44 174.4 173.28 172.22 173.12 173.02 173.96 173.94 172.82 171.68 173.7 176.62 177.64 177.62 180.52 181.66 181.48 183.46 184.24 183.9 185.46 185.06 184.78 187.44 188.02 188.68 188.4 189.32 190.5 190.6 190.84 192.98 195.08 195.2 196.36 197.52 196.68 197.84 199.06
170.84 172.62 167.32 166.84 167.58 169.24 168.28 167.08 166.66 -9999 -9999 -9999 -9999 -9999 -9999 -9999 -9999 -9999 -9999 -9999 -9999 -9999 172.2 171.26 170.4 171.48 173.6 174.8 174.92 174.1 173.12 172.08 173.18 174.26 174.34 174.38 175.44 175.46 175.38 175.48 175.38 175.1 174.96 175.88 176.84 176.62 175.78 175.68 177.66 178.6 178.7 179.58 181.64 183.56 186.52 187.52 187.12 187.66 188.32 188.96 189.58 189.18 188.92 189.6 189.44 189.34 189.5 190.76 191.64 192.84 193.94 197.16 196.4 195.52 195.68 196.84
163.9 166.74 169.72 169.4 171.26 175.84 174.6 174.28 174.88 172.7 173.92 -9999 -9999 -9999 -9999 -9999 -9999 -9999 -9999 -9999 -9999 -9999 175.04 173.08 173.28 174.44 174.58 175.74 176.8 175.04 173.98 174.06 174.06 175.3 175.36 176.6 176.66 177.74 177.7 177.5 177.38 176.16 176.98 177.72 175.72 177.68 176.6 177.6 178.68 179.6 180.64 180.58 184.62 186.56 187.6 188.58 189.2 188.84 190.52 191.1 190.8 191.42 191.06 190.66 191.52 191.4 191.36 192.46 193.4 194.6 194.62 196.82 197.94 197.08 198.32 198.42
174.06 174.14 172.3 173.22 175.98 176.12 176.78 174.52 -9999 -9999 178.9 -9999 -9999 180.94 170.92 170.88 171.9 181.76 -9999 181.38 176.22 173.14 175.12 175.18 173.12 174.24 174.44 175.6 175.68 174.98 177.02 175.14 177.34 177.46 178.74 178.8 179.94 179.84 179.76 179.52 178.44 178.24 178.98 179.76 179.62 180.68 178.72 179.64 180.74 181.64 181.76 184.76 186.66 186.76 188.7 189.48 189.26 188.94 190.64 190.36 192.88 192.56 192.12 192.9 193.58 192.42 193.26 194.28 195.4 196.22 196.36 197.44 197.7 198.82 199.96 200.18
169.34 171.56 176.7 176.78 176.76 177.34 178.04 179.64 180.44 181.24 181.2 174.32 173.66 169.96 169.92 168.96 167.94 175.76 177.6 176.42 174.26 172.02 174.06 174.02 173.08 173.12 175.36 177.52 176.56 175.8 178.36 178.46 177.7 178.88 180.06 179.12 182.2 181.92 180.7 180.56 180.46 180.3 181.1 181.92 182.7 182.78 182.76 181.7 182.86 182.78 182.82 184.82 185.88 187.82 187.8 190.56 190.28 189.98 191.62 192.4 195 194.72 193.36 194.04 194.68 195.44 195.26 196.14 197.12 197.88 199 197.12 200.36 201.52 202.7 202.8
171.06 173.26 173.46 175.6 176.64 177.2 178.8 179.76 180.7 179.44 176.46 174.4 171.68 171.96 172.02 172 174.88 175.74 177.58 176.36 174.12 173.86 174 175.02 174 175.04 176.2 177.36 176.84 177.54 180.76 179.88 181.06 182.2 181.32 184.32 184.18 182.94 182.8 182.68 182.5 183.32 183.14 183.96 184.86 184.9 184.88 186.96 187.84 187.9 187.94 187.84 188.9 189.98 187.78 186.52 187.28 188.94 193.72 194.36 195.1 194.86 195.5 197.32 196.92 196.58 196.26 197.12 195.98 197.98 200.72 198.8 200.92 201.12 202.3 204.36
171.88 174 176.2 178.44 178.48 178.94 179.54 180.42 181.44 182.68 180.7 178.72 176.64 177.02 178.08 176.94 178.82 179.64 179.48 177.4 176.12 175.92 177.9 177.88 175.88 177.04 177.04 179.76 180.66 181.06 182.2 183.3 183.42 184.3 184.14 185.2 185.16 184.06 183.94 183.74 184.58 185.32 186.16 187.12 187.9 187.86 188.96 189.96 190.04 190 189 189.98 189.94 191.98 190.8 189.52 189.28 190.98 195.68 196.44 197.2 196.94 197.6 198.48 199.02 199.82 198.5 198.1 198.92 199.86 202.34 202.48 203.66 201.84 205.96 206.96
174.76 174.84 178.06 181.3 183.22 184.72 184.14 183.96 185.22 184.62 184.76 184.84 184.9 182.94 182.96 181.8 181.68 181.48 181.36 179.2 180.94 181.8 181.68 181.72 181.82 180.24 181.78 183.64 185.26 185.48 184.46 183.42 184.24 185.06 187.04 185.86 186.04 187.04 185.96 187.8 188.58 190.42 190.3 190.18 191.96 191.92 191.98 193.06 193.06 192.08 188.16 189.08 189.04 190.04 191.84 192.5 194.22 195.92 197.7 199.44 200.14 200.88 199.7 200.38 201.2 201.86 201.56 202.42 200.92 200.84 202.46 204.14 206.36 208.46 209.58 210.72
173.68 174.76 178.84 182.98 185.14 187.6 188.14 188.06 189.18 187.64 186.72 186.78 186.86 187 186.74 184.46 183.4 183.22 182.08 181.88 182.74 183.48 183.62 182.14 183.54 185.2 185.9 188.62 188.5 187.42 186.3 184.12 184.02 186.92 188.78 188.8 188.76 187.92 188.9 189.82 191.68 193.54 194.34 194.24 195.04 194.98 195.04 195.06 195.06 194.16 191.12 191.12 190.2 191.02 194.8 197.48 198.24 199 200.64 201.44 203.12 202.96 201.8 202.4 203.14 203.96 204.7 205.48 204.16 203.92 205.66 207.82 211.92 214.02 216.2 216.34
167.32 164.54 174.8 183.94 186.94 187.36 189.02 189.86 190.14 189.66 186.7 187.78 188.08 189.26 186.64 183.94 181.76 182.66 180.52 180.34 181.22 182.06 182.52 182.08 182.72 184.38 186.02 187.52 188.4 187.22 186.18 186 185.86 187.72 188.58 188.58 188.66 188.72 191.94 192.94 194.86 195.64 197.44 197.26 197.16 195.94 197.98 197.08 197.14 197.18 196.26 194.18 192.32 192.98 194.84 197.52 199.24 201.94 203.68 204.4 204.28 204.04 204.86 205.54 207.3 208.02 207.74 208.56 207.2 207 206.66 209.88 222.54 224.78 224.96 226.18
167.48 173.16 177.34 182.58 187.74 187.1 188.66 188.74 186.16 183.52 183.76 184.98 188.2 190.34 185.84 184.12 183.24 182 179.88 179.64 178.58 178.04 182.52 184.02 181.54 183.12 184.74 187.24 188.22 188.94 187.92 187.76 188.7 191.52 190.46 190.38 188.4 190.56 192.76 196.12 199.24 199.88 200.54 200.32 200.12 200 200.08 200.1 200.16 200.24 199.14 197.14 196.1 196.86 197.58 201.34 203.14 203.88 205.78 207.54 207.38 207.1 207.88 209.66 210.38 210 210.78 211.52 211.28 210.94 210.7 219.04 227.62 227.8 228.08 228.24
167.36 167.16 169.94 173.1 174.2 173.68 175.56 178.82 178.82 174.02 168.78 165.06 170.26 173.46 185.1 184.24 181.44 177.6 176.2 177.06 177.14 179 179.56 184 183.46 180.9 182.48 184.94 184.94 184.74 184.72 185.56 187.5 192.46 193.32 191.26 188.3 187.42 189.62 196 201.44 204.24 202.9 202.56 201.3 201.02 202.02 201.06 202.16 202.1 202.1 202.08 201.96 202.72 203.44 205.26 206.04 207.9 208.66 209.38 210.24 210.04 210.86 211.56 214.32 215.98 215.76 215.5 216.18 216.94 215.78 224.16 230.86 232.04 232.26 232.44
175.32 175 171.76 164.72 166.8 163.4 171.2 181 185.02 185.7 185.4 183.14 168.34 163.52 158.06 177.54 182.7 178.92 177.08 173.46 180.2 184.02 183.46 183.96 183.48 183.86 183.18 184.62 184.68 185.6 183.56 186.46 193.36 199.26 200.16 196.22 188.12 184.2 189.46 196.98 202.48 205.44 204.16 203.86 203.44 203.12 205 205.02 204 204.98 205.98 205.9 206.9 207.64 208.38 209.2 210 210.86 211.72 212.58 215.34 213.98 214.8 215.54 218.24 219.96 219.66 219.46 220.18 221 222.98 229.28 233.08 234.2 235.42 235.56
177.14 179.88 175.56 172.56 167.5 167.62 176.54 171.26 174.08 174.4 176 175.74 172.44 169.6 175.06 166.66 174.08 164.26 163.78 161.26 165.4 171.86 173.44 181.02 178.3 182.84 184.14 184.38 183.56 182.46 183.34 188.24 201.2 210.18 207.1 198.96 190.92 186.06 189.56 195.1 200.52 202.34 202.98 204.74 204.46 207.08 207.92 208 206.96 208.9 209.94 210.78 210.86 212.62 212.5 212.26 213.06 213.9 214.74 215.6 216.18 217.92 219.76 219.42 220.12 222.98 224.68 224.5 224.38 227.16 231.08 234.4 235.32 236.42 237.62 238.86
171 174.68 180.42 177.44 176.3 171.4 162.7 171.58 178.36 176.58 171.02 176.68 176.18 182.58 186.3 174.1 165.9 155.52 152.9 146.76 135.98 155.72 169.38 180.76 169.24 163.42 168.76 182.26 185.6 183.32 186.26 194.08 212.12 223.96 214.92 206.9 196.78 192 192.66 195.18 198.34 201.24 201.96 203.58 205.3 209 209.86 209.86 211.84 213.84 214.82 215.82 216.76 217.68 216.46 216.3 216.16 217.92 218.78 220.44 220.14 221.92 222.56 222.48 224.1 225.84 226.68 228.56 230.48 231.34 236.24 237.6 238.64 239.66 240.88 241.04
173.8 179.52 179.38 179.28 180.18 182.1 175.52 159.78 173.62 177.76 184.16 188.78 197.08 195.24 192.36 182.38 182.5 167.54 154.26 149 160.52 164.26 175.08 187.82 183.72 166.1 158.64 149.18 163.82 186.48 186.08 195.96 210.92 220.78 221.88 215.98 207.06 201.26 198.88 199.2 198.28 201.14 201.86 201.52 204.24 207.08 208.96 208.86 213.84 217.8 218.72 220.74 221.64 219.56 217.44 216.34 219.1 219.98 223.66 224.42 224.04 225.72 227.52 227.38 229.12 229.98 231.88 234.72 234.6 239.48 241.32 240.78 240.82 241.9 244.08 244.1
178.6 180.32 183.28 180.04 181.9 183.86 182.08 182.7 191.96 184.06 184.16 192.38 200.62 200.7 197.86 200.04 195.04 191.14 188.58 189.04 188.66 195.18 195.96 199.7 201.58 197.86 185.5 164.02 143.94 153.68 179.3 191.98 202.08 215.22 219.22 221.36 213.46 207.52 202.94 201.1 202.14 202.06 201.7 200.44 205.22 208.02 211.92 211.9 213.78 218.76 221.72 221.64 221.6 220.52 218.42 216.32 217.12 218.82 221.54 225.26 227.92 229.68 230.48 231.44 234.28 237.04 237.98 236.86 237.76 243.62 244.5 243.98 244.12 244.14 246.22 248.18
168.54 164.12 169.06 162.12 159.98 142.72 149.26 146.14 145.98 151.14 149.24 156.62 186.84 203.78 206.86 206.8 202.8 195.84 196.44 197.04 202.56 205.18 206.04 206.96 204.84 204.82 194.4 169.08 155.88 138.76 154.58 171.5 195.68 206.58 215.76 215.84 213.78 210.6 209.08 206.08 204.02 206.04 205.64 204.44 205.22 209.02 214.88 217.82 219.72 223.7 227.64 222.56 219.46 219.46 219.42 220.24 224 225.68 229.42 229.02 230.92 231.66 233.58 235.42 238.3 240.24 239.16 239.06 239.92 242.76 246.64 247.28 247.34 248.32 249.26 250.14
104.66 94.3 116.08 132.36 137 99.62 114.98 116.46 126.2 133.2 158.54 174.9 191.06 200.06 207.12 202.12 205.06 206.04 207.46 206.96 208.52 208.16 208.06 208.06 202.18 190.14 192.1 183.86 180.78 158.08 141.08 151.06 186.14 204.12 211.22 211.22 212.02 212.86 213.94 210 209.96 209.92 206.58 203.5 203.18 206.06 212.88 218.78 223.66 225.72 227.62 223.5 217.38 220.4 223.4 230.32 232.9 235.56 237.18 236.98 235.86 235.78 235.68 237.5 237.52 239.38 240.26 241.26 243.08 245.94 249.82 249.58 249.6 250.42 250.4 251.3
55.74 65.64 110.44 92.34 78.24 107.96 115.9 135.22 173.3 170.48 183.74 201.96 202.36 206.38 207.38 208.3 207.32 208.56 210.22 209.84 212.4 211.24 211.24 209.2 196.26 167.32 165.42 190.66 194.5 178.72 148.72 148.74 161.72 199.74 203.92 207.28 215.44 216.2 215.88 217.9 217.76 216.84 210.54 203.46 198.3 203.14 212.92 222.66 227.56 228.58 229.48 228.48 228.4 229.46 225.4 228.18 238.78 239.42 238.24 238 236.96 235.84 234.66 237.64 238.52 239.54 241.42 243.34 245.2 249.08 251.98 250.74 250.76 251.52 252.36 254.36
82.14 76.84 140.38 101.24 120.2 173.94 173.58 121.1 175.24 184.48 182.82 198 212.12 207.3 206.44 208.7 208.58 209.44 212.06 212.7 216.42 214.4 213.24 205.38 193.38 177.38 154.46 192.48 196.06 188.16 171.14 164.2 170.36 190.52 207.58 212.78 218.54 217.54 218.78 218.8 221.78 224.74 -9999 223.46 195.32 201.18 213.98 224.78 230.62 232.54 223.62 224.46 -9999 -9999 -9999 228 242.6 241.46 240.28 239.08 238.02 236.9 235.82 237.7 239.72 242.62 245.54 245.36 246.24 247.1 252.02 251.94 251.78 252.66 253.64 255.48
172.08 166.16 172.2 197.04 213.16 228.82 235.86 212 173.24 178.54 187.48 207.74 213.88 208.08 205.28 207.54 211.72 211.82 216.5 218.3 221 220.62 218.48 213.56 189.52 178.6 181.56 153.66 183.56 166.64 175.78 179.9 169.06 176.24 216.24 220.48 221.22 220.9 222.16 222.7 225.48 -9999 -9999 -9999 -9999 223.16 216 224.8 230.6 234.56 -9999 -9999 -9999 -9999 -9999 239.88 241.64 241.54 241.38 239.2 238.12 236.96 236.84 236.92 236.82 237.78 240.6 244.42 246.36 248.28 252.06 251.96 252.8 254.68 255.44 256.2
235.96 233.12 229 227.9 231.18 233.22 -9999 224.12 209.16 179.26 182.48 206.62 206.8 211.94 208.2 210.36 215.72 216.8 220.96 220.86 225.64 226.42 222.32 204.22 180.22 138.02 176.86 155.68 173.48 170.3 159.44 169.6 192.66 205.8 222.92 227.1 223.86 222.78 223.12 222.34 -9999 -9999 -9999 -9999 225.04 221.08 218.94 224.76 227.58 232.38 237.24 236.18 231.38 232.46 235.28 236.08 239.86 240.6 240.52 239.38 238.22 237.1 234.08 231.08 227.04 229.84 231.74 237.52 243.36 247.26 249.98 251.02 251.68 254.48 255.02 -9999
221.86 236.04 238.86 236.9 233.18 235.28 -9999 226.18 221.26 210.2 170.42 169.66 188.8 187.98 199.12 203.4 214.66 211.94 225.94 228.08 229.06 226.96 223.6 206.42 196.24 209.08 214.82 211.66 215.4 216.14 216.22 220.24 222.34 224.54 226.62 226.76 221.5 222.82 227.06 227.16 -9999 -9999 -9999 -9999 -9999 -9999 225.8 222.74 210.66 227.42 215.22 227.22 -9999 -9999 227.36 231.22 227.04 228.9 234.78 233.52 231.42 229.34 225.26 222.08 217.02 220.9 226.76 233.7 238.54 243.16 248.02 249.68 253.36 253 -9999 -9999
172.78 182.9 200.8 221.94 228.22 237.28 -9999 -9999 -9999 229.4 211.36 187.54 171.72 165.94 177.12 173.38 188.56 185.94 193.9 199.98 211.02 216.88 221.64 193.3 205.16 225 223.78 225.6 228.36 229.22 229.04 229.1 229.12 228.12 227.34 225.36 223.12 225.9 -9999 -9999 -9999 -9999 -9999 -9999 -9999 -9999 -9999 197.72 200.62 -9999 -9999 -9999 -9999 -9999 -9999 -9999 217.18 230.12 213.94 198.8 204.72 210.62 204.54 206.38 204.16 209.94 219.86 231.7 236.3 240.9 245.72 248.36 251 252.64 -9999 254.8
224.66 221.78 219.9 188.04 192.28 217.44 226.44 235.52 -9999 -9999 232.54 238.56 215.6 190.86 176.1 160.3 172.54 181.72 194.76 184.84 197.82 207.82 217.54 197.34 203.14 217.02 225.76 230.6 233.36 234.12 232 229.92 226.92 221.96 221.96 220.06 220.46 226.54 -9999 -9999 -9999 -9999 -9999 -9999 -9999 -9999 -9999 -9999 -9999 -9999 -9999 -9999 -9999 -9999 -9999 -9999 -9999 -9999 216.3 208.04 147.9 128.92 149.7 162.68 157.42 158.18 190.56 228.32 235.1 237.66 242.26 244.88 248.54 252.38 252.5 -9999
241.62 222.62 227.9 215.96 212.16 204.18 209.38 231.58 -9999 -9999 -9999 -9999 243.6 241.76 219.88 214.08 185.28 163.54 166.64 189.6 186.7 183.58 194.48 212.2 195.14 186.94 200.7 215.56 225.36 226.12 226.9 226.68 220.64 219.78 219.8 220.74 224.02 227.5 -9999 -9999 -9999 -9999 -9999 -9999 -9999 -9999 -9999 -9999 -9999 -9999 -9999 -9999 -9999 -9999 -9999 -9999 -9999 -9999 -9999 233.26 216.12 179.14 148 117.96 110.74 94.3 116.54 193.76 221.32 223.84 231.64 236.42 236.04 242.2 252.36 -9999
241.48 244.52 233.54 225.76 229.98 217.18 176.22 214.36 240.4 -9999 -9999 -9999 -9999 244.6 237.7 241.9 215.14 181.32 172.44 159.42 168.46 204.5 200.36 204.14 190.02 189.84 195.62 192.38 194.3 190.98 193.86 207.64 206.56 220.56 223.58 226.68 -9999 -9999 -9999 -9999 -9999 -9999 -9999 -9999 -9999 -9999 -9999 -9999 -9999 -9999 -9999 -9999 -9999 -9999 -9999 -9999 -9999 -9999 -9999 -9999 -9999 236.3 229.28 207.18 171.82 153.12 151.28 135.32 130.5 136.14 131.9 160.92 153.94 171.1 209.26 253.36
240.38 243.42 244.44 241.52 236.74 229.94 186.08 192.26 222.34 241.44 246.52 -9999 -9999 -9999 -9999 -9999 240.94 218.06 240.32 168.28 185.28 183.28 199.16 206.12 188.86 191.62 178.5 174.3 213.08 229.92 226.8 230.66 230.44 230.36 226.52 228.86 -9999 -9999 -9999 -9999 -9999 -9999 -9999 -9999 -9999 -9999 237.64 231.58 229.64 233.68 235.68 -9999 -9999 -9999 -9999 -9999 -9999 -9999 -9999 -9999 -9999 -9999 -9999 231.1 233.72 222.9 204 190.04 181.04 177.38 172.18 140.36 130.68 139.84 176.18 220.42
-9999 -9999 -9999 -9999 238.44 236.68 232.88 233.04 206.26 225.42 242.46 238.58 241.7 -9999 -9999 -9999 -9999 -9999 244.96 237.96 195.98 174.9 186.8 219.78 224.68 198.46 182.32 192.16 179.06 182.72 213.68 226.46 233.28 237.26 235.54 219.9 233.16 -9999 -9999 -9999 -9999 -9999 -9999 -9999 235.7 203.64 183.6 187.6 190.6 190.6 216.7 230.66 236.68 -9999 -9999 -9999 -9999 -9999 -9999 -9999 -9999 -9999 -9999 214.8 170.12 160.54 169.68 171.74 196.78 221.82 220.66 236 215.42 160.98 134.28 170.38
-9999 -9999 -9999 -9999 -9999 250.44 235.62 238.76 229.04 228.24 223.44 243.62 242.74 248.84 251.6 -9999 -9999 -9999 249.6 235.5 195.52 191.44 202.44 206.36 206.32 230.14 227.94 215.88 213.76 214.54 220.4 216.44 234.44 234.54 231.78 228.06 228.3 229.52 227.8 231.76 234.7 235.64 230.68 225.68 193.64 186.64 188.6 188.64 190.72 190.66 204.72 203.72 214.68 225.76 238.66 240.64 -9999 -9999 245.56 261.58 261.52 245.46 202.9 180.3 156.62 145.8 153.08 153.04 192.1 221.54 245.32 248.64 247.5 245.1 191.3 145.46
-9999 -9999 -9999 -9999 -9999 250.2 249.3 -9999 242.76 224.96 211.18 206.5 226.72 233.84 237.62 247.52 253.32 -9999 251.1 244.12 196.16 192.16 190.98 204.98 233.9 249.76 240.68 238.56 231.58 243.66 249.68 241.72 239.7 236.92 232.08 239.36 -9999 228.76 229.78 224.86 223.84 204.84 200.9 186.86 190.86 182.82 185.8 199.04 201.08 205.2 196.04 201.76 194.54 189.48 179.18 174.98 177.08 189.18 193.14 195.14 192.18 163.92 151.5 171.06 160.3 149.52 164 187.68 162.08 178.46 193.78 217.2 244.72 262.08 257.3 257.44
