data/default-data/raster/climate/tmp_7.txt
ncols         720
nrows         360
xllcorner     -180
yllcorner     -90
cellsize      0.5
NODATA_value  -9999
[rows 33 to 65 of 360, columns 532 to 607 of 720]
87.2 88.18 92.16 95.18 97.08 98.08 99.04 100.98 104.96 105.94 105.9 105.84 108.8 109.82 112.76 112.82 113.76 114.72 116.7 116.64 118.62 117.62 117.64 119.6 120.5 120.54 120.52 119.5 121.44 121.48 121.46 122.5 121.54 122.44 123.42 123.26 124.2 125.12 125.98 126.98 128.8 128.68 129.78 130.56 129.54 129.64 129.74 129.88 130.9 130.96 130.08 131.22 131.26 131.34 131.34 131.34 131.26 131.24 132.3 131.22 129.16 129.08 130 129.96 133.96 133.88 108.84 109.78 109.72 -9999 -9999 -9999 -9999 -9999 108.68 134.7
92.1 93.12 95.16 98.14 101.2 103.18 105.24 107.16 109.22 109.28 112.28 113.26 113.2 113.2 115.12 116.14 117.04 119.04 122.08 122.04 122.1 123 122.96 123.94 124.88 124.82 123.8 124.68 126.74 126.68 127.76 127.76 128.76 126.72 127.56 129.54 128.32 130.32 130.26 131.12 131.1 131.02 131 129.84 130.84 130.72 131.82 131.9 133.08 133.16 133.16 133.34 134.36 134.32 134.42 134.38 134.36 134.4 135.32 135.28 135.16 135.14 135.14 135.04 133.94 133.9 132.88 132.88 131.8 134.78 132.7 134.72 127.68 130.7 132.68 132.7
95.88 98.88 99.84 100.92 103.92 106.94 110.98 111.04 113.04 114 115.02 118.1 119 120.02 121.08 120.08 121.08 123.12 124.12 125.16 126.26 127.18 129.22 129.2 130.22 130.24 129.2 130.08 131.1 131 131.02 130.98 131.92 131.88 131.86 132.72 130.66 132.54 131.56 130.5 129.36 130.38 126.2 126.16 126.02 128 128.92 131.08 133.1 133.18 133.32 133.44 134.4 134.56 135.54 135.4 136.46 135.4 136.4 136.28 136.32 136.16 137.16 137.12 137.08 138.04 137.94 137.96 135.82 136.74 134.74 135.78 134.7 134.78 134.78 129.82
100.68 103.7 104.68 106.64 110.68 112.62 114.7 115.72 115.7 116.82 116.78 119.74 122.76 123.78 122.86 123.84 125.84 128.82 129.9 128.96 131.92 131.92 132.88 133.92 134.04 135.02 134.94 134.06 133.96 133.98 134.9 135 134.98 134.02 132.12 130.08 125.94 125.84 125.84 124.72 125.6 126.56 127.48 127.42 127.3 126.22 128.14 131.12 132.32 135.38 137.4 137.58 136.52 130.6 131.62 131.58 136.58 137.48 138.42 138.36 138.26 139.24 138.18 139.08 138.12 138.02 137.02 136.94 136.96 136.86 136.86 136.88 136.76 135.84 135.74 135.76
103.32 107.42 108.38 110.44 115.46 116.5 117.44 118.5 118.54 120.52 122.5 124.52 126.62 128.58 128.62 129.6 130.64 132.64 133.7 133.7 134.66 135.62 135.66 136.64 137.72 138.68 138.68 138.7 137.7 137.8 136.84 135.84 130.86 131.86 130.96 131.04 129.1 127.1 126.06 127.92 126.8 128.68 127.7 126.7 125.62 125.54 126.32 126.32 127.34 128.5 136.52 138.54 139.64 137.72 134.68 137.66 134.48 138.56 139.44 140.4 140.32 140.34 140.26 140.24 140.18 140.18 140.06 140.04 140.08 140 139.9 137.9 135.88 134.86 127.84 128.88
109.12 111.12 112.16 113.14 116.16 120.24 121.18 123.28 123.22 122.32 122.32 124.3 124.32 122.32 124.34 127.4 129.28 128.36 133.42 135.38 134.4 136.4 138.5 139.42 139.52 139.46 137.4 133.48 131.48 127.58 126.58 119.78 122.84 127.8 129.76 131.88 131.98 129.04 128.2 128.12 126.18 124.04 123.96 121.92 116.84 116.74 120.58 123.6 125.54 125.5 128.6 134.7 140.78 141.76 139.8 141.64 141.6 139.6 142.52 142.46 140.38 139.38 140.3 140.28 141.18 140.1 143.2 141.08 141.08 140.96 139.98 137.98 138.98 137.9 131.88 131.88
114.96 114.88 114.9 117.86 121.96 122.94 116.96 118.04 112.98 109 99.96 105.08 100.1 97.2 103.12 101.12 110.16 113.2 114.12 118.12 115.14 117.1 125.16 126.12 126.16 125.18 122.28 122.28 127.34 128.44 132.56 126.52 129.52 131.52 135.64 136.62 134.76 133.8 125.9 124.02 128.06 125.04 127.24 124.14 121.18 119.92 114.92 122.86 125.78 128.74 131.74 136.8 143.82 144.82 141.86 144.76 144.66 144.64 144.6 144.5 141.5 141.48 141.38 143.32 144.26 142.22 145.24 142.18 139.16 140.1 135.06 134.98 140.04 140.98 143.02 142
116.7 117.56 119.7 125.62 120.66 110.74 107.72 113.74 112.68 104.78 96.76 87.78 73.78 79.76 87.84 90.94 98.9 97.88 94.84 97.88 103.9 108.9 114.9 108.96 107.02 116.06 118.12 120.12 119.32 122.34 131.34 133.48 132.42 137.34 137.42 132.46 128.58 126.7 121.7 117.76 112.86 118.96 120.98 118.04 118.16 118.26 115.12 121.1 131.96 134.92 132.88 136.84 140.92 142.84 140.82 142.82 145.74 145.68 146.68 146.58 144.5 143.48 145.5 143.36 144.38 142.32 140.26 143.22 137.22 138.16 138.08 140.08 144.02 146.06 147.08 147.08
123.4 123.36 123.42 119.44 116.44 123.48 132.44 127.5 106.52 103.52 98.56 95.52 83.58 82.6 83.62 91.64 91.54 83.58 71.6 76.6 84.62 87.72 94.72 92.82 95.88 109.88 123.06 126.02 128.06 127.14 131.16 132.28 138.18 140.14 142.26 144.3 137.38 133.38 130.48 129.66 124.64 124.74 128.86 126.84 128.9 132.1 131.06 131.24 133.3 133.2 137.1 136.92 136.98 138.94 137.88 139.86 145.8 145.72 146.74 143.68 146.6 147.56 146.44 144.46 146.4 142.24 141.36 142.32 141.22 141.22 142.2 143.16 148.04 149.24 148.1 150.12
129.14 128.16 124.08 117.14 111.22 128.2 136.24 127.26 120.28 119.26 117.3 119.3 115.34 99.38 100.32 97.4 103.36 95.42 86.38 87.44 92.42 97.48 105.62 104.64 99.72 96.78 108.84 118.92 127.98 128 132 137.02 142.06 145.04 147.12 148.14 150.2 149.3 149.28 148.42 144.5 147.5 147.64 146.68 145.8 147.9 147.96 144.02 142.1 142.12 140.22 143.16 141 140.98 142.92 144.9 142.86 143.84 146.84 146.8 146.56 147.56 149.62 146.46 148.44 147.48 144.38 146.36 145.28 147.26 148.24 149.18 153.14 151.16 152.14 153.14
133.9 133.92 131.92 127.98 137 140.02 139.94 132.04 133.06 124.04 119.16 117 109.06 114.06 103.02 106.1 112.14 102.16 106.3 105.3 109.38 105.44 108.46 114.52 118.58 117.58 114.64 110.7 125.84 136.9 138.98 139.96 147.98 147.94 147.06 142.08 145.1 145.2 145.32 140.34 142.52 143.58 146.64 149.74 146.7 150.78 148.92 146.98 147.06 145.02 142.12 146.14 149.02 143.94 145.8 144.84 145.74 148.68 147.66 150.6 149.5 149.44 152.34 151.38 147.26 146.34 146.22 148.14 148.22 149.06 151.06 150.94 153.88 155.04 154.04 155.02
137.68 138.66 136.68 141.7 136.72 132.72 125.72 114.8 115.76 115.76 118.72 126.76 122.84 110.84 112.82 111.94 118.02 124.08 117.12 122.14 117.26 122.32 121.3 116.52 123.38 128.46 132.56 132.74 138.86 141.96 153.1 155.14 155.04 153.1 149.12 139.14 142.16 138.24 138.26 139.38 141.5 138.56 140.7 141.72 144.76 142.94 138.94 140.96 139.02 141.18 144.14 142.1 145.04 140.78 144.58 144.58 143.44 145.4 145.36 149.3 153.26 152.22 149.14 146.04 149.02 149 148.88 147.88 151.84 148.86 148.84 149.78 152.88 156.9 156.96 156.98
142.48 144.34 145.4 144.44 134.52 134.52 128.46 129.48 135.58 138.44 135.54 125.62 121.68 126.66 125.72 117.74 126.8 124.8 127.92 129.06 131.04 127.28 122.26 129.48 124.62 126.72 134.78 133.86 144.04 151.14 152.24 149.26 150.22 145.18 145.22 143.24 142.3 141.32 140.38 138.52 141.54 143.56 144.7 145.84 145.86 144.9 144.94 146.14 146.18 142.16 141.12 136.12 142.86 142.56 146.36 139.28 140.16 141.14 142.12 144.04 145.98 145.92 147.84 149.76 150.84 147.72 148.76 147.76 149.72 149.74 151.7 152.7 155.68 158.64 159.72 158.86
145.24 149.2 150.28 148.24 149.16 148.26 140.24 145.28 137.3 135.3 144.34 134.44 126.48 124.54 129.6 136.76 129.86 123.94 126.12 123.2 137.28 128.34 125.52 130.64 134.74 136.86 132.9 135.08 143.2 151.4 141.4 143.36 147.3 146.36 145.3 143.34 143.34 139.44 141.44 139.52 133.66 140.64 138.8 140.8 132.94 135.94 133.08 145.14 149.24 148.12 140.18 138.98 140.68 139.4 138.12 137.86 140.88 138.78 142.8 143.8 147.76 148.62 149.7 153.58 154.62 154.66 155.58 155.58 154.74 154.56 154.58 156.54 160.54 161.56 161.7 161.82
149.1 151.02 154.98 156.94 153.96 152.06 148.02 142.04 144.12 145.2 146.3 135.52 136.52 137.62 129.74 125.86 139.02 132 129.28 130.36 129.46 133.52 136.64 138.72 136 141.1 141.16 146.28 145.34 143.46 146.48 147.5 145.42 144.4 147.52 146.48 147.46 142.54 142.5 139.6 137.66 136.7 139.8 136.88 133.94 132.02 134.2 138.16 142.28 149.22 140.16 138.82 143.62 145.32 145.04 143.76 146.5 148.62 145.58 146.64 149.64 148.68 151.62 155.72 157.64 158.62 158.74 158.7 157.72 157.7 157.64 159.74 162.82 162.84 164.84 164.94
154.88 156.84 159.82 161.76 159.82 157.94 153.04 156.2 151.24 145.4 145.48 147.52 138.72 146.86 144.92 135.1 133.22 142.28 137.36 137.42 138.72 140.72 138.88 140.9 149.08 153.26 155.26 157.42 156.5 156.62 154.64 147.62 146.58 143.52 143.6 147.54 146.56 147.58 147.62 146.6 145.72 145.8 142.84 142 138.04 133.1 136.14 137.24 138.26 139.3 137.9 140.66 144.4 142.12 141.88 142.66 150.76 150.84 152.76 151.74 150.72 151.76 154.8 156.86 160.88 160.88 162.86 162.88 161.9 162.92 162.86 164.94 163.98 166.06 167.04 168.1
157.86 159.9 162.8 164.8 162.9 159.86 149.02 151.16 148.32 137.44 142.68 138.8 141.86 147 149.06 152.2 149.32 141.46 141.6 149.7 141.86 138.98 144.02 147.06 151.14 151.32 152.44 156.64 160.72 166.78 164.8 163.72 155.72 154.72 147.66 139.7 141.56 140.72 145.68 146.7 146.76 144.86 148.96 144.98 148.1 147.22 147.2 142.28 143.34 143.04 148.82 146.5 145.2 145 144.86 144.74 148.86 152 155.02 156.96 156.96 160.96 160.9 161.98 163.06 163.1 166.08 166.12 166.06 165.12 165.1 166.16 168.24 168.14 169.3 170.32
161.9 164.86 166.82 167.84 162.86 161.96 159.06 154.16 155.26 154.48 145.58 143.72 148.8 154.94 152.08 154.24 155.36 148.54 145.72 153.82 157.88 156.1 147.22 151.36 149.46 153.52 161.68 166.76 167.82 166.94 165.9 167.9 162.88 158.8 154.84 148.78 150.82 147.8 145.78 147.76 149.86 146.9 149.98 151.14 149.14 150.2 153.36 152.28 152.22 150.9 151.66 155.4 155.12 154 151.96 153.96 155.14 157.12 155.22 158.24 165.2 166.14 165.26 165.24 165.18 166.26 167.26 169.28 170.36 169.38 170.32 169.32 168.36 168.42 170.4 171.54
164.94 167.82 169.94 170.9 165.88 162.9 162.02 157.18 151.3 150.44 149.48 150.6 152.78 157.9 161.04 160.3 155.38 160.42 157.6 156.72 152 152.08 157.2 158.34 164.52 161.64 164.86 168.9 174.04 170.96 168.98 165.94 163.9 160.84 157.88 156.92 156.92 151.84 154.98 151.8 150 153.02 149.06 152.12 151.28 153.32 157.3 157.38 154.16 154.78 154.48 154.22 154.22 154.1 154.1 154.16 156.24 157.34 163.38 167.5 168.52 169.5 168.5 167.52 168.44 168.48 170.48 169.5 172.44 174.54 174.6 175.62 171.64 171.62 172.68 172.6
165 166.98 169.94 170.94 168.08 164.04 166.02 162.16 158.4 157.42 155.54 154.64 148.84 152.92 151.02 154.16 153.34 152.56 156.58 152.74 158.94 160.1 157.16 165.24 161.44 165.62 166.74 167.94 177.18 168.18 167.16 162.04 161 158.06 164.96 167.04 164 157.06 160.02 161.04 163 161.98 158.14 159.16 152.24 154.38 163.38 161.24 156.96 155.68 156.44 160.32 160.34 160.26 158.22 160.38 160.42 162.5 160.56 163.68 169.74 169.78 168.82 168.74 169.64 169.72 171.74 173.72 178.82 177.72 179.74 180.72 177.72 176.78 176.7 176.82
167.94 168.98 172.02 172.92 172.08 170.1 168.14 166.14 158.3 158.48 158.58 156.6 154.66 151.84 150 150.14 153.32 155.42 156.58 157.68 158.84 160 158.18 162.26 160.44 170.6 172.84 174.08 172.24 165.38 160.36 159.3 164.22 165.18 160.26 160.04 165.14 165.22 167.1 166.08 167.12 167.16 168.14 168.28 164.38 158.38 166.4 164.08 158.78 159.66 159.56 159.46 160.44 160.44 159.44 159.46 161.52 162.7 167.76 171.8 172.9 173.02 172.02 171.02 171.98 172.98 175.06 174.04 176.98 177.92 177.84 177.68 175.7 175.74 174.86 173.84
170.04 171.06 171.06 170.08 174.02 177.04 176.14 173.2 168.34 164.42 158.64 157.62 155.72 149.8 146 148.08 152.28 152.4 153.58 154.7 152.82 157.98 160.2 162.3 165.48 168.68 168.92 171.1 170.44 169.6 174.5 166.5 163.38 160.34 159.38 158.26 160.24 157.22 159.14 166.24 162.26 163.18 160.18 163.34 171.46 167.54 160.24 159.98 162.82 168.7 173.76 168.7 169.6 169.54 167.58 168.58 169.74 172.82 175.9 175 174.12 173.2 175.3 175.2 173.28 174.26 173.22 174.14 175.04 176.88 173.84 174.76 172.7 172.76 172.72 171.82
172.06 172.12 172.1 171.16 174.14 176.12 178.14 176.26 171.32 171.42 170.52 171.62 167.7 153.92 152.98 159.16 156.24 155.46 152.6 151.72 150.82 152.98 162.14 164.42 166.58 166.74 168 167.28 164.52 166.66 170.72 167.62 167.72 162.58 159.56 158.4 158.48 157.44 161.32 164.38 158.28 157.3 165.38 168.42 173.5 171.42 167.14 166.08 167.96 170.94 174.88 168.82 168.74 171.74 165.64 168.74 173.9 171 175.12 176.2 176.34 175.38 176.48 176.54 175.42 175.24 175.24 172.12 173.98 172.92 168.84 170.76 171.64 173.6 174.78 175.76
173.18 174.2 174.26 174.18 175.28 175.2 177.18 179.24 176.36 176.44 175.6 169.7 166.86 170.98 166.1 160.18 160.3 160.48 162.62 161.82 158.8 157.08 166.26 167.4 168.76 170.86 170.14 170.34 170.58 164.78 163.86 162.92 161.88 160.78 159.68 159.74 158.74 158.58 158.6 158.54 157.44 159.44 167.36 171.44 170.56 167.24 173.24 175.22 165.2 163.06 166.08 164.94 164.88 175.82 165.88 171 170.08 169.18 171.26 171.42 172.46 176.54 177.54 178.6 176.4 177.24 177.16 177.12 182.02 176.88 173.8 170.68 165.66 166.56 165.52 165.68
175.26 174.32 175.3 176.36 178.32 179.34 179.38 180.44 176.56 173.64 168.7 168.86 171.1 173.14 163.26 158.4 165.52 161.72 158.8 160.88 164 168.16 164.4 170.5 169.78 169.04 167.2 168.48 165.6 164.92 163.08 162.1 161.12 161 159.94 159.88 159.9 159.82 159.76 159.7 164.64 163.68 169.6 172.52 170.54 172.46 172.48 175.42 167.24 166.3 167.16 168.08 168.1 171.02 170.08 171.12 175.26 175.38 175.46 173.54 172.52 175.64 174.62 173.52 174.46 174.3 176.22 175.06 178.9 180.86 173.8 167.74 168.66 169.6 167.56 165.6
177.34 177.36 178.32 179.42 179.5 180.54 180.6 181.78 177.86 167.06 158.02 163.1 166.2 167.36 170.46 168.6 172.72 171.92 164 164.12 167.16 168.32 173.52 168.74 168.84 167.14 165.32 164.62 163.88 164.02 163.18 164.24 172.26 167.24 161.12 161.14 161.06 161.06 160.92 160.94 160.88 164.88 164.84 175.74 167.68 167.56 169.6 170.54 167.44 168.4 169.38 171.32 173.22 171.18 174.22 180.32 178.46 179.5 178.62 174.62 175.6 174.72 176.62 172.52 173.36 175.36 175.12 171.04 179.96 179.84 179.76 176.7 173.66 172.58 173.62 174.62
177.38 178.38 179.48 180.58 181.68 181.86 181.82 182.1 183.16 172.32 161.36 158.44 162.48 163.56 154.66 155.8 159.94 164 166.2 165.24 162.38 171.38 169.64 167.86 174.02 175.26 173.48 174.8 173.94 174.18 177.3 174.38 175.48 170.46 169.38 165.38 162.3 162.26 162.16 162.12 162.12 163 166.94 175.8 168.78 165.74 168.74 167.68 169.62 170.58 173.48 177.42 178.3 179.3 180.44 182.48 179.62 173.62 168.62 166.7 168.66 173.66 181.54 175.58 174.38 174.38 176.26 177.12 180.88 180.9 178.82 176.68 165.64 172.58 164.6 170.6
180.54 181.6 180.7 181.74 181.98 183.02 183.16 183.28 184.3 183.46 177.62 171.7 165.8 153.9 154 160.06 163.18 160.22 161.32 164.48 164.56 170.64 167.8 174.02 174.24 173.48 173.58 177.9 176.06 177.3 176.54 170.54 169.66 172.62 173.5 168.54 168.52 167.4 165.44 164.38 165.32 166.22 166.02 170.96 173.8 170.86 171.84 173.74 174.76 176.7 180.62 185.6 188.56 188.46 183.58 175.6 168.6 163.6 147.62 151.72 149.74 162.66 168.6 171.56 179.44 178.32 178.16 177.12 176.9 175.78 176.72 174.7 167.66 167.62 166.52 166.58
182.74 182.86 181.98 183.06 184.18 185.4 184.4 184.52 181.68 182.7 183.9 180.14 169.1 160.14 168.26 171.28 169.32 170.52 172.5 171.58 166.68 172.82 176.86 178.12 178.44 178.58 180.8 179.96 176.2 176.4 177.68 175.7 171.84 171.76 171.64 172.56 171.66 166.7 162.64 160.58 164.42 167.28 168.1 168.96 171.86 171.94 174.9 174.92 177.9 182.8 185.82 187.78 187.7 187.62 166.62 159.7 152.58 140.7 148.72 152.84 141.66 154.7 155.6 157.64 161.4 175.32 179.24 178.04 177.86 174.8 177.7 177.62 171.62 170.58 164.6 166.58
186.1 187.14 187.3 187.38 186.5 186.58 187.76 186.8 183.92 183.08 184.2 185.3 179.44 177.52 173.58 168.62 167.74 177.76 175.78 178.92 177.86 179.9 181.98 181.26 181.5 183.68 181.94 179.14 176.28 180.52 178.8 178.92 178.92 179.82 174.72 173.82 165.84 161.82 163.7 164.68 168.5 169.38 169.18 169.06 171.04 172.02 179.02 180.06 182 182.96 182.88 180.92 175.82 172.78 160.82 156.7 147.7 146.74 140.8 147.8 157.66 152.62 161.66 165.54 175.48 171.2 169.2 179.12 181.92 180.82 177.7 179.58 175.5 164.44 156.42 164.4
188.32 188.38 189.54 189.68 188.68 188.86 187.94 188.04 185.16 184.28 183.34 185.52 183.5 183.54 182.64 182.78 175.86 176.86 180.92 174.94 177.98 181.12 185.16 181.44 180.6 181.88 180.08 181.34 179.42 178.78 173.9 178 177.1 178.96 170.86 166.94 165.86 166.84 165.68 168.64 170.54 168.4 170.24 171.22 173.08 178.08 181.1 182.16 181.16 179.12 180.08 171.02 166.98 167.92 163.76 157.74 153.76 149.78 150.86 156.8 145.68 148.6 135.5 153.62 168.52 162.34 146.2 162.98 168.9 164.82 164.64 167.56 172.56 171.44 161.32 166.36
187.38 187.5 188.62 187.72 187.84 186.96 188.08 187.2 184.3 185.32 183.44 183.42 184.48 183.56 186.54 185.64 185.76 185.8 185.78 180.86 182.92 182.2 184.46 184.42 178.7 177.96 184.18 184.42 179.64 179.88 176.02 175.18 179.16 175.04 169.04 168.94 170.88 170.74 170.72 167.58 168.46 171.4 172.3 177.16 181.18 176.2 176.22 170.2 165.28 161.32 162.22 160.16 162.12 164.06 154.96 162.92 164.84 155.84 157.9 151.82 148.68 140.7 129.58 145.56 145.52 147.24 140.24 147.04 148.84 149.78 140.76 159.58 148.54 148.42 159.26 166.24
189.44 189.6 189.68 189.82 189.88 190 189.02 188.16 186.24 187.22 185.36 184.34 183.38 182.42 188.44 184.56 182.64 188.74 188.62 185.78 184.08 184.48 184.56 184.38 181.64 182.02 185.24 183.6 179.8 175.98 176.2 177.36 179.36 173.24 177.18 174.96 172.88 171.74 167.6 166.54 170.4 175.38 179.24 178.3 176.42 169.32 160.28 147.26 155.38 150.42 152.44 159.38 161.24 157.24 148.1 153.04 146.9 136.9 146.86 145.84 143.7 145.58 124.56 108.56 121.46 138.36 140.26 135.1 139.9 146.76 149.66 152.56 147.38 146.3 152.22 160.18
