data/default-data/raster/climate/tmp_2.txt
ncols         720
nrows         360
xllcorner     -180
yllcorner     -90
cellsize      0.5
NODATA_value  -9999
[rows 68 to 101 of 360, columns 152 to 227 of 720]
-182.24 -187.4 -189.48 -192.82 -191.8 -192.56 -193.92 -196.44 -198.86 -201.42 -203.88 -206.36 -205.64 -207.36 -210.28 -210.94 -210.82 -211.56 -213.5 -214.68 -216.5 -217.2 -217.96 -218.88 -218.86 -220.88 -223.88 -224.92 -226.96 -228.06 -228.22 -228.38 -230.42 -231.34 -231.24 -229.26 -237.3 -9999 -9999 -9999 -9999 -9999 -9999 -9999 -9999 -9999 -9999 -9999 -229.2 -229.36 -9999 -9999 -9999 -230.02 -236.14 -236.22 -235.42 -235.46 -232.68 -234.9 -234.02 -233.08 -233.22 -232.46 -233.58 -232.6 -232.76 -232 -236.16 -235.4 -229.54 -228.78 -229.92 -228.12 -224.96 -223.86
-176.32 -180.36 -181.6 -181.54 -180.52 -184.38 -186.74 -189.12 -191.56 -193.98 -194.42 -197.16 -196.22 -198.06 -201.8 -203.6 -202.4 -204.18 -205.36 -207.54 -208.48 -210.3 -210.98 -212.76 -212.7 -213.8 -217.74 -218.78 -220.96 -221.98 -222.04 -222.08 -224.96 -224.96 -224.94 -226.02 -221.94 -222.06 -222.1 -223.14 -223.12 -223.2 -228.34 -228.3 -9999 -9999 -9999 -9999 -9999 -9999 -9999 -226.66 -229.9 -232.02 -233.12 -232.4 -232.54 -232.64 -233.78 -232.94 -233.1 -233.34 -232.44 -232.5 -231.62 -231.84 -232.02 -232.18 -233.4 -231.54 -229.72 -225.9 -228.06 -225.24 -224.34 -224.28
-167.52 -170.44 -170.06 -167.74 -166.86 -175.76 -180.2 -182.58 -184.04 -185.7 -185.32 -185.8 -187.72 -190.6 -194.42 -196.26 -198.04 -198.86 -199.16 -200.5 -203.44 -205.36 -206.16 -207.86 -208.62 -210.62 -212.54 -213.58 -215.76 -216.74 -216.88 -217.8 -216.74 -217.58 -217.58 -217.58 -218.66 -218.76 -220.74 -220.9 -219.94 -220.12 -220.14 -219.3 -9999 -9999 -9999 -9999 -222.04 -222.2 -223.4 -224.68 -226.86 -226.96 -227.16 -227.28 -229.4 -227.5 -228.7 -229.86 -231.04 -231.14 -230.32 -230.48 -231.76 -226.76 -231.96 -229.2 -226.42 -224.66 -222.76 -221.96 -221.28 -224.42 -222.62 -222.46
-162.5 -165.14 -164.36 -165.1 -167.04 -174.18 -173.66 -176.3 -177.94 -180.54 -179.16 -179.36 -181.26 -184.2 -187.06 -188.94 -189.78 -191.5 -191.04 -193.32 -196.48 -198.36 -200.24 -200.86 -201.6 -203.54 -205.5 -208.52 -209.54 -210.64 -210.68 -211.52 -210.44 -211.36 -212.38 -213.42 -213.32 -213.48 -214.54 -215.7 -213.94 -214.96 -214.1 -217.24 -9999 -9999 -9999 -9999 -9999 -217.14 -217.42 -219.58 -220.84 -220.98 -222.08 -222.24 -225.34 -223.5 -224.62 -225.66 -226.88 -226.98 -226.18 -226.32 -228.48 -222.64 -227.84 -226.1 -222.36 -220.42 -217.7 -218.94 -218 -218.26 -219.4 -217.36
-157.24 -158.54 -157.9 -160.58 -166.68 -168.94 -168.6 -171.2 -171.86 -174.38 -178.94 -179.86 -177.8 -179.82 -181.66 -182.44 -183.44 -185.26 -185.88 -188.18 -190.38 -191.38 -193.22 -196 -197.68 -199.46 -202.4 -204.38 -203.38 -203.36 -204.38 -204.36 -205.24 -205.14 -207.14 -208.14 -208.2 -209.36 -209.46 -209.6 -210.76 -211.94 -209.98 -209.22 -9999 -9999 -9999 -9999 -9999 -212.16 -212.32 -213.58 -214.84 -215.92 -216.06 -216.14 -216.4 -216.4 -217.64 -219.62 -219.84 -220.94 -222.1 -224.18 -227.42 -226.5 -224.72 -221.88 -216.06 -213.38 -211.56 -221.72 -212.92 -214.1 -214.12 -213.12
-151.9 -156.28 -160.7 -164.44 -161.76 -163.46 -163.28 -170.08 -166.74 -170.28 -172.46 -173.5 -174.42 -175.44 -177.24 -177.02 -177.96 -178.04 -179.72 -181.14 -183.26 -185.34 -186.24 -189.06 -190.84 -192.54 -195.44 -197.36 -196.4 -197.38 -198.24 -198.02 -198.98 -198.94 -200.98 -202.1 -203.18 -204.32 -205.32 -204.56 -205.66 -205.82 -204.94 -203.12 -206.2 -204.3 -9999 -9999 -207.8 -208.08 -207.34 -208.56 -209.82 -209.92 -211.06 -210.18 -211.26 -211.34 -213.5 -214.62 -214.76 -214.92 -217.06 -220.14 -222.4 -223.56 -220.7 -215.86 -212.16 -211.2 -207.4 -215.6 -208.76 -209.96 -208.88 -207.88
-154.02 -156.34 -157.98 -157.64 -162.46 -162 -155.4 -157.76 -164.44 -166.04 -166.96 -166.98 -168.02 -169 -171.94 -171.68 -170.44 -171.8 -173.56 -175.04 -177.2 -181.26 -179.28 -181.12 -186.82 -188.6 -188.38 -191.26 -193.32 -195.28 -195.02 -194.96 -197.94 -198.84 -195.04 -197.08 -198.2 -199.3 -199.38 -199.44 -199.58 -200.74 -199.9 -199 -200.18 -201.4 -202.4 -9999 -9999 -9999 -200.24 -201.5 -202.76 -203.84 -204.94 -208.14 -208.28 -208.4 -213.44 -214.6 -216.76 -216.88 -218.02 -219.2 -225.34 -220.54 -215.74 -209.94 -207.04 -202.12 -200.32 -198.6 -200.7 -200.82 -200.78 -199.74
-151.32 -154.94 -156.52 -157.38 -157.36 -155.6 -152.78 -151.56 -155.18 -160.46 -163.68 -166.64 -160.56 -161.48 -166.4 -166.32 -165 -164.48 -166.28 -167.84 -170.06 -175.14 -172.28 -174.18 -181.94 -184.64 -181.32 -184.1 -187.28 -189.26 -190 -189.9 -191.86 -194.04 -190.02 -191.1 -192.24 -192.3 -193.34 -193.5 -193.66 -194.74 -193.84 -192.92 -193.04 -193.16 -9999 -9999 -9999 -9999 -199.26 -195.5 -197.68 -198.84 -201.96 -202.06 -202.14 -202.36 -209.48 -210.66 -210.72 -211.82 -212 -218.16 -220.34 -215.42 -215.64 -200.92 -200.02 -194.22 -192.46 -189.52 -189.7 -192.66 -191.82 -196.58
-147.92 -148.48 -149.02 -153.06 -154.74 -159.4 -157.06 -153.28 -148.88 -153.88 -160.94 -164.12 -164.16 -163.12 -163.06 -161.94 -161.58 -162.18 -163.06 -163.62 -162.94 -163.06 -170.16 -172.18 -169 -171.62 -173.32 -176.1 -184.18 -186.26 -187.12 -185.9 -186.88 -187.04 -186.08 -186.16 -186.3 -187.36 -187.46 -187.54 -188.58 -187.72 -188.8 -187.86 -188.98 -190.18 -190.26 -9999 -190.64 -191.96 -189.28 -191.52 -191.68 -192.86 -195.92 -196.06 -194.2 -195.3 -197.44 -198.46 -202.68 -202.78 -201.02 -203.14 -204.36 -202.5 -201.66 -196.86 -193.06 -187.2 -181.42 -179.5 -183.62 -186.4 -183.76 -184.72
-139.7 -140.52 -142.3 -148.12 -151.48 -155.9 -151.74 -151.4 -140.38 -146.38 -155.38 -158.46 -158.6 -159.64 -159.58 -156.52 -155.32 -155.04 -155.74 -156.34 -155.68 -154.96 -162.16 -165.14 -161.88 -164.58 -166.24 -170.12 -178.22 -181.3 -183.2 -182.02 -181.92 -182.08 -181.2 -180.32 -180.44 -180.52 -181.64 -182.78 -182.78 -182.9 -182.9 -183 -184.1 -185.1 -185.2 -184.46 -182.74 -182.88 -182.26 -184.56 -185.64 -186.78 -187.92 -186.02 -188.16 -189.28 -190.32 -190.5 -192.62 -192.88 -193.92 -197.14 -198.3 -196.5 -196.7 -194.88 -189.08 -181.32 -174.44 -173.46 -174.4 -180.32 -174.74 -175.88
-130.34 -131.1 -135 -137.48 -143.48 -146.68 -148.58 -152.6 -147.46 -138.3 -144.12 -151.08 -152 -152.1 -142 -151.14 -147.22 -148.82 -148.56 -147.14 -151.5 -148.8 -152.9 -155.98 -159.68 -162.4 -168.38 -172.34 -172.44 -177.58 -179.58 -178.36 -177.36 -178.36 -177.54 -177.68 -176.74 -174.96 -174.04 -175.18 -177.22 -177.4 -175.38 -176.6 -177.62 -179.72 -180.62 -180.58 -178.74 -178.94 -178.16 -178.5 -179.66 -182.8 -181.88 -179.98 -181.12 -181.28 -183.36 -184.38 -185.6 -187.74 -188.88 -191.16 -193.36 -189.48 -186.68 -184.9 -189.08 -178.26 -169.3 -167.24 -164.22 -163.24 -162.68 -160.02
-129.86 -130.04 -130.84 -132.2 -131.2 -137.34 -142.36 -150.08 -146.02 -135.88 -134.78 -140.54 -144.34 -148.22 -151.26 -147.9 -145.96 -146.48 -144.16 -139.7 -143.98 -142.42 -145.6 -148.64 -152.52 -155.56 -160.5 -164.48 -165.52 -170.82 -174.02 -170.78 -169.82 -170.82 -171.94 -170.14 -170.28 -167.56 -167.56 -168.7 -170.88 -171.9 -169.94 -170.16 -172.24 -174.2 -174.04 -174.98 -175.84 -175 -175.26 -175.48 -176.7 -176.74 -175.88 -174 -174.1 -173.22 -175.34 -177.46 -180.64 -182.8 -183.86 -186.04 -187.32 -183.5 -180.74 -179.92 -176.12 -169.26 -163.12 -159.06 -156.98 -156.18 -142.58 -134.12
-120.36 -127.2 -127.96 -131.96 -129.06 -130.24 -132.86 -136.68 -133.6 -130.38 -129.22 -133.02 -139.84 -145.5 -149.08 -149.02 -148.72 -148.16 -142.6 -137.06 -134.48 -136.86 -141.12 -143.22 -146.5 -149.58 -151.64 -155.68 -156.72 -158 -148.26 -150.24 -159.3 -162.38 -162.4 -160.54 -161.66 -163.78 -164 -166.22 -167.38 -167.46 -167.64 -167.76 -171.76 -172.54 -173.44 -175.32 -170.26 -170.28 -172.38 -171.56 -170.68 -169.76 -170.92 -169 -168.06 -169.18 -169.28 -173.48 -169.62 -170.78 -172 -172.14 -177.36 -173.56 -170.76 -169.98 -167.12 -161.06 -153.04 -145.8 -146.82 -134.08 -132.56 -9999
-109.02 -112.54 -116.84 -123.8 -124.84 -127.8 -128.16 -127.88 -128.1 -129.96 -133.76 -129.3 -134.06 -138.74 -141.46 -142.16 -142.5 -141.74 -123.78 -131.24 -129.12 -130.32 -136.84 -137.86 -140.18 -141.62 -143.82 -146.7 -146.76 -147.96 -145.28 -144.5 -145.44 -147.54 -149.62 -146.64 -151.8 -157.96 -159.18 -159.32 -161.5 -161.7 -159.86 -160.3 -161.04 -161.88 -164.86 -167.66 -163.6 -164.58 -166.5 -168.68 -164.82 -163.94 -164.9 -163.06 -163.08 -162.18 -164.44 -166.4 -161.64 -164.88 -165.98 -166.22 -171.36 -172.58 -167.82 -163.94 -158.9 -150.84 -134.62 -127.68 -126.72 -133.12 -129.46 -133.36
-98.64 -102.9 -110.68 -115.86 -117.16 -121.02 -120.08 -120.66 -124.56 -126.52 -131.36 -135.1 -126.38 -126.18 -132.48 -132.96 -136.64 -133.82 -128.9 -123.42 -124.32 -127.14 -130.96 -132.54 -134.92 -134.24 -133.6 -136.82 -135.8 -135.96 -133.04 -128.16 -130.06 -127.14 -127.36 -129.4 -141.52 -154.64 -152.92 -151.04 -152.48 -151.58 -151.68 -152.12 -152.14 -152.04 -154.86 -157.72 -158.78 -159.74 -162.7 -161.64 -159.66 -159.86 -160.96 -161.04 -162.14 -162.36 -162.5 -163.54 -165.62 -166.76 -159.02 -153.3 -158.44 -160.58 -153.86 -155.82 -145.68 -126.56 -133.52 -131.46 -117.74 -125.1 -124.98 -124.88
-86.24 -91.08 -99.26 -104.94 -106.76 -112.04 -111.3 -113.38 -117.44 -120.3 -124.22 -127.24 -121.64 -118.46 -121.82 -123.06 -126.52 -124.44 -120.78 -117.44 -116.5 -118.16 -122.1 -122.84 -124.26 -124.66 -125.26 -128.46 -125.8 -121.72 -114.34 -115.82 -115.44 -118.58 -121.96 -127.06 -132.36 -140.62 -139.02 -139.12 -143.02 -142.78 -144.56 -144.92 -143.94 -144.16 -147.06 -149.86 -150.76 -148.78 -146.76 -148.98 -151.96 -155.84 -156.88 -157.94 -158.06 -157.3 -157.28 -158.34 -160.52 -155.54 -151.82 -149.06 -153.34 -146.58 -144.62 -143.58 -123.52 -126.42 -118.3 -124.3 -126.84 -124.7 -118.56 -113.52
-76.5 -83.22 -88.06 -92.96 -98.62 -103.96 -107.72 -112.96 -112.8 -115.22 -118.18 -120.1 -117.96 -115.9 -115.42 -115.8 -117.3 -116.68 -112.46 -111.84 -110.54 -111.14 -110.14 -111.6 -112.56 -115.04 -116.44 -116.08 -102.68 -102.26 -102.84 -104.52 -107.36 -108.04 -109.32 -114.76 -120.12 -121.36 -118.46 -123.32 -129.16 -131.68 -132.36 -133.7 -139.76 -139.92 -139.16 -139.06 -136.92 -135.96 -141.06 -142.08 -143.98 -147.02 -148.04 -146.3 -144.44 -145.56 -145.34 -149.24 -151.34 -143.32 -138.5 -137.72 -140.96 -137 -145.3 -124.4 -115.52 -121.4 -124.34 -126.36 -125.76 -121.56 -115.48 -111.18
-70.24 -74.32 -79.14 -81.94 -88.14 -93.28 -98.96 -104.24 -108.5 -110.32 -111.14 -112.22 -114.3 -111.38 -109.1 -109.74 -112.2 -111.48 -105.4 -101.26 -102.4 -102.7 -101.3 -102.56 -100.82 -97.26 -93.2 -94.1 -93.56 -93.62 -97.04 -106.24 -104.18 -100.48 -101.44 -105.82 -108.2 -110.02 -105.98 -112.42 -120.62 -123.44 -125.14 -125.58 -131.6 -132.68 -130.86 -131 -133.84 -128.84 -132.78 -134.66 -134.54 -135.6 -135.62 -136.74 -136.94 -137.96 -136.94 -137.94 -137.86 -136 -133.1 -128.24 -134.24 -132.46 -123.78 -104.08 -116.22 -119.3 -121.46 -118.34 -116.8 -117.64 -114.22 -109.86
-66.18 -69.6 -74.22 -77.52 -81.24 -84.84 -88.96 -96.58 -102.26 -106.14 -104.28 -104.26 -107.38 -106.5 -105.14 -107.18 -108.8 -104.32 -99.34 -94.82 -94.74 -96.2 -93.4 -91.9 -90.44 -93.24 -92.24 -90.1 -103.92 -104.3 -104.16 -103.6 -103.28 -96.84 -93.84 -97.24 -89.2 -91.94 -104.24 -104.66 -111.54 -111.3 -115.08 -118.38 -117.4 -116.52 -116.48 -117.64 -121.78 -115.76 -121.62 -124.36 -124.36 -124.14 -122.1 -125.18 -123.32 -127.26 -127.34 -125.52 -126.8 -126.94 -123.64 -118.46 -116.5 -112.06 -110.48 -112.66 -109.82 -113.98 -115.12 -112.28 -107.7 -108.4 -109.98 -101.54
-55.98 -60.06 -65.02 -69.34 -71.9 -75.48 -82.04 -87.98 -94.08 -97.1 -96.68 -95.12 -100.62 -99.22 -100.12 -101.94 -104.64 -102.4 -96.18 -94.48 -91.1 -91.5 -86.82 -87.96 -87.56 -90.18 -95.7 -104.58 -107.96 -109.9 -109.66 -103.4 -98.48 -90.26 -83.3 -81.08 -81.98 -84.8 -90.26 -94.64 -94.34 -96.14 -99.92 -102.16 -103.16 -100.22 -102.18 -103.16 -104.32 -106.46 -111.38 -113.1 -110.14 -108 -112.84 -115.76 -110.88 -115.02 -119.24 -115.42 -114.6 -111.2 -109.02 -107.56 -106 -106.7 -109.16 -109.24 -108.48 -107.58 -107.76 -104.84 -98.22 -98.74 -96.78 -92.5
-51.08 -55.22 -57.7 -61.88 -64.38 -68.9 -71.52 -78.26 -81.02 -86.46 -87.02 -90.16 -94.78 -97.78 -93.24 -95.44 -97.38 -96.36 -92.24 -91.12 -86.64 -82.84 -80.52 -84.08 -87.04 -90.22 -95.38 -101.88 -105.8 -108.3 -106.56 -95.5 -86.96 -80.12 -76.9 -83.6 -84.04 -84.76 -86.84 -86.5 -87.28 -89 -90.6 -87.88 -85.76 -94.76 -95.76 -91.68 -96.7 -102.08 -108.1 -110.94 -104.92 -99.94 -102.6 -105.54 -105.7 -103.92 -102.08 -101.32 -96.8 -96.58 -95.2 -94.98 -101.7 -105.5 -101.78 -105.92 -101.04 -102.12 -95.66 -90.94 -90.06 -87.94 -85.42 -80.28
-43.2 -47.12 -49.58 -51.68 -55.78 -60.26 -62.94 -68.74 -73.82 -78.14 -82.8 -86.22 -90.02 -89.32 -87.58 -86.56 -88.04 -88.36 -88.2 -84.12 -79.92 -79.42 -76.6 -80.5 -81.88 -85.82 -91.7 -98.68 -99.74 -103.1 -97.4 -86.42 -77.54 -75.98 -74.08 -73.98 -75.8 -72.64 -77.3 -77.4 -75.46 -79.86 -79.36 -81.48 -84.52 -84.28 -84.28 -86.3 -86.28 -93.48 -97.78 -101.7 -99.68 -99.58 -96.38 -96.38 -92.48 -92.72 -89.68 -90.9 -88.2 -84.92 -89.42 -88.92 -94.86 -98.22 -100.46 -100.68 -97.7 -92.2 -82.24 -80.5 -77.64 -74.18 -72.28 -69.34
-36.86 -36.64 -41.46 -43.62 -45.82 -49.74 -54.36 -60.16 -64.74 -71.02 -74.22 -75.52 -80.94 -82.64 -81.66 -81.08 -81.24 -80.08 -79.08 -74.62 -71.32 -70.62 -71.86 -75.28 -74.94 -78.98 -83.8 -89 -90.1 -91.52 -85.78 -76.98 -69.58 -68.3 -64.26 -67.02 -66.04 -69.82 -75.56 -75.66 -72.08 -72.54 -72.96 -73.08 -74.16 -67.16 -70.14 -77.22 -75.4 -82.12 -86.4 -85.24 -87.22 -88.12 -87.14 -82.26 -78.6 -79.24 -84.82 -87.42 -84.88 -73.4 -93.92 -89.36 -96.36 -96.48 -98.02 -95.22 -78.58 -72.42 -66.94 -62.86 -58.82 -50.58 -57.38 -56.72
-52.26 -30.3 -30.36 -34.68 -38.94 -41.66 -44.82 -50.7 -52.82 -62.54 -66.62 -62.38 -65.42 -72.72 -74.46 -78.88 -78.24 -73.46 -72.64 -71.58 -71.06 -73.06 -73.32 -72.86 -71.54 -71.78 -73.56 -76.04 -79.12 -78.54 -73.4 -66.96 -60.28 -59.64 -57.76 -55.5 -60.44 -66.2 -67 -66.2 -62.66 -63.32 -64.6 -64.7 -66.82 -68.18 -75.64 -77.14 -71.3 -70.88 -72.98 -69.26 -68.98 -66.68 -66 -68.34 -71.4 -80.5 -86.54 -85.4 -90.44 -67.52 -91.2 -86.64 -97.3 -97.7 -81.96 -69.08 -61.16 -57.6 -50.02 -46.26 -46.02 -9999 -9999 -48
-44.66 -27.42 -23.4 -28.74 -31.82 -35.76 -39.82 -43.24 -47.08 -51.7 -55.66 -52.12 -50.3 -61.22 -67.18 -74.34 -77.04 -76.58 -74.48 -73.04 -74.74 -75.82 -75.56 -71.4 -67.1 -63.86 -67.34 -68.3 -69.54 -67.98 -66.42 -61.12 -52.86 -53.2 -53.5 -48.62 -53.68 -57.5 -57.64 -56.02 -53.96 -54.22 -54.5 -57.52 -55.54 -69.02 -72.76 -73.92 -61.74 -49.22 -56.58 -57.48 -58.62 -59.42 -59.4 -51.88 -72.5 -82.02 -90.96 -95.9 -72.7 -62.68 -78.44 -70.54 -72.44 -66.24 -50.78 -45.46 -38.88 -37.7 -38.02 -9999 -9999 -9999 -9999 -37.74
-14.36 -15.24 -19.4 -28.98 -31.94 -34.9 -38.24 -41.06 -45.96 -47.66 -47.52 -47.38 -45.84 -50.78 -53.66 -63.9 -70.8 -72.32 -70.06 -66.08 -67.4 -66.82 -65.72 -63.58 -61.72 -56.26 -59.92 -63.16 -64.3 -62.74 -60.14 -55.54 -47.98 -46.48 -46.2 -39.88 -42.62 -47.88 -50.44 -47.62 -47.54 -47.36 -47.32 -50.34 -50.46 -61.56 -61.52 -55.64 -41.02 -34.52 -36.36 -37.92 -36.76 -40.8 -38.42 -42.32 -56.76 -67.32 -79 -79.64 -56.92 -61.02 -65.72 -61 -55.14 -48.4 -37.16 -32.38 -9999 -9999 -9999 -9999 -9999 -9999 -9999 -9999
-18.08 -17.72 -22.44 -26.82 -30.2 -33.06 -35.54 -38.9 -40.3 -42.12 -42.08 -42.22 -43.9 -41.42 -45.86 -56.84 -61.66 -64.38 -60.42 -57.04 -57.42 -57.04 -55.76 -56.58 -56.66 -51.7 -54.42 -58.58 -60.4 -59.5 -56.66 -48.76 -41.78 -40.08 -40.48 -32.84 -34.4 -38.16 -45.22 -44.08 -41.88 -40.3 -37.96 -42.08 -43.24 -51.42 -49 -43.62 -41.2 -39.06 -43.8 -50.6 -49.8 -48.42 -45.96 -48.58 -54.08 -58.68 -59.74 -58.96 -42.46 -51.88 -50.94 -39.96 -42.96 -32.48 -25.2 -9999 -9999 -9999 -9999 -9999 -9999 -9999 -9999 -9999
-18.14 -21.78 -22.46 -25.12 -27.82 -30.64 -34.48 -37.74 -39.74 -40.36 -40.28 -40.6 -41.06 -41.92 -46.5 -45.62 -51.9 -54.12 -49.04 -47.74 -47.98 -48.56 -52.8 -50.58 -46.88 -45.46 -46.64 -46.86 -51.94 -50.04 -50.5 -46.04 -36.14 -35 -34.64 -27.44 -25.32 -30.54 -40.64 -39.46 -31.32 -32.42 -37.02 -37.98 -37.22 -36.36 -36.42 -35.8 -38.76 -45.04 -53.92 -59.8 -59.8 -51.58 -51.64 -43.04 -44.02 -49.64 -57.92 -57.78 -33.32 -43.68 -33.18 -31.98 -29.9 -20.86 -16.16 -14.32 -9999 -9999 -9999 -9999 -9999 -9999 -9999 -9999
-11 -10.38 -14.42 -14.94 -20.6 -24.28 -30.7 -33.22 -35.54 -33.66 -32.8 -37.62 -36.54 -38.22 -40.86 -40.84 -41.12 -45.76 -45.32 -41.8 -39.62 -40.18 -43.06 -39.92 -35.02 -35.36 -35.24 -33.36 -43.04 -42.58 -40.76 -38.54 -32.26 -32.7 -28.66 -25.98 -25.68 -28.92 -37.28 -33.84 -29.6 -30.04 -29.84 -30.38 -30.1 -30.3 -31.42 -34.94 -39.62 -41.58 -49.04 -51.84 -54.6 -50.98 -49.28 -44.58 -39.02 -40.46 -41.72 -28.54 -24.34 -28.04 -20.24 -19.04 -14.94 -8.64 -7.56 -6.22 -5.66 -9999 -9999 -9999 -9999 -9999 -9999 -9999
-15.1 -10.54 -3.94 -2.74 -8.34 -15.02 -22.8 -23.78 -28.24 -26.36 -24.74 -28.14 -23.94 -29.08 -33.34 -33.86 -33.3 -37.94 -40.4 -38.64 -35.18 -31.28 -27.88 -27.38 -25.54 -27.1 -25.68 -33.5 -35.92 -32.1 -32.6 -32 -30.08 -31.44 -26.82 -25.54 -26.22 -28.12 -30.26 -31.8 -28.1 -27.4 -29.46 -29.5 -27.62 -25.66 -25.46 -31.84 -32.48 -33.08 -37.54 -37.98 -39.16 -34.28 -29.36 -35.24 -33.38 -34.68 -27.34 -20.8 -8.82 -10.3 -5.56 -7.04 -1.18 0.36 1.38 1.78 3.46 -9999 -9999 -9999 -9999 -9999 -9999 -9999
-9.52 -2.76 -0.44 1.52 -0.72 -8.28 -17.66 -13.72 -12.48 -13.52 -15.62 -18.48 -16.64 -16.94 -22.86 -28.9 -26.6 -31.12 -34.36 -33.52 -30.66 -26.38 -19.24 -19.28 -20.8 -25.02 -23.42 -24.52 -25.5 -26.42 -29.56 -26.52 -23.22 -26.16 -19.86 -20.68 -25 -27.88 -30.38 -32.62 -30.34 -25.28 -30.22 -25.48 -20.94 -18.76 -19.48 -21.12 -20.64 -21.2 -24.48 -24.8 -25.68 -20.82 -18.54 -21.72 -21.5 -18.82 -16.54 0.2 8.54 6.98 0.28 4.1 -9999 -9999 -9999 -9999 -9999 -9999 -9999 -9999 -9999 -9999 -9999 -9999
-6.62 -4.62 -0.28 3.94 4.6 -0.72 -6.7 -4.3 -0.22 -5.5 -6.32 -9.9 -13.42 -17.68 -15 -13.44 -11.08 -14.78 -19.7 -22.4 -24.02 -20.72 -16.38 -12.94 -10.6 -16.28 -20.22 -19.46 -16.94 -16.18 -16.64 -16.1 -12.18 -12.38 -12.22 -13.4 -18.18 -25.36 -28.52 -29.36 -27.44 -21.72 -18.34 -14.12 -12.68 -12.08 -8.44 -7.38 -10.02 -13.68 -18.84 -17.7 -15.8 -11.3 -8.72 -8.7 -12.46 -2.1 0.76 6.94 5.78 -9999 -9999 -9999 -9999 -9999 -9999 -9999 -9999 -9999 -9999 -9999 -9999 -9999 -9999 -9999
-4.9 -6.4 0.66 4.82 4.12 -0.12 -0.98 -2 -2.5 -3.88 -0.7 -0.54 -3.64 -6.28 -3.3 1.04 0.24 0.24 -4.26 -9.74 -10.94 -10.24 -9.1 -6.56 -5.36 -8.38 -12.34 -14.62 -8.28 -4.32 -4.44 -5.72 -3.62 -0.8 -6.62 -6.26 -15.32 -17.92 -16.3 -9.54 -12.9 -9.56 -6.14 -4.78 -6.76 -5.4 -2.44 -1.28 -7.12 -16.24 -4.62 -1.42 0.06 4.36 2.7 3.86 9 12.5 10.7 9.86 -9999 -9999 -9999 -9999 -9999 -9999 -9999 -9999 -9999 -9999 -9999 -9999 -9999 -9999 -9999 -9999
-8.76 -6.16 0.22 4.02 3.74 1.72 0.84 2.1 3.1 -0.4 5.36 8.36 8 7.3 9.44 6.32 6.54 11.82 8 4.34 1.12 -0.42 0.28 -1.18 -3.82 -5.6 -2.58 1.4 5.68 4.48 2.02 0.86 -0.36 -1.56 -3.1 -3.76 -5.28 -5.42 -0.96 -0.02 -3.2 -1.34 1.9 1.78 -0.34 0.86 1.34 4.32 -9.68 -9.9 5.42 10.36 17.66 13.7 16 16.84 19.3 19.88 14.94 22.26 -9999 -9999 -9999 -9999 -9999 -9999 -9999 -9999 -9999 -9999 -9999 -9999 -9999 -9999 -9999 -9999
