data/default-data/raster/climate/tmp_8.txt
ncols         720
nrows         360
xllcorner     -180
yllcorner     -90
cellsize      0.5
NODATA_value  -9999
[rows 204 to 237 of 360, columns 228 to 303 of 720]
262.4 263.52 265.92 266.18 265.54 264.94 262.46 258.96 256.2 253.62 255.08 256.28 251.46 254.66 256.96 256.24 257.62 256.84 254.1 253.24 258.4 253.52 257.82 263.94 266.12 266.26 265.38 266.54 264.78 266.04 271.16 270.24 267.36 262.48 265.96 264.34 258.16 256.92 258.7 244.44 240.34 237.04 234.88 229.64 236.48 241.28 234.1 207.92 203.74 211.46 215.24 220.02 222.7 222.4 221.16 226.18 231.36 -9999 -9999 -9999 -9999 -9999 -9999 -9999 -9999 -9999 -9999 -9999 -9999 -9999 -9999 -9999 -9999 -9999 -9999 -9999
260.34 262.38 266.7 269 267.38 265.84 263.2 261.7 258.16 254.5 253 252.22 249.48 254.7 255.86 255.16 256.46 257.78 257.02 256.26 260.46 255.5 260.76 263.86 265.06 267.22 266.38 265.62 264.76 267.9 271.06 269.16 261.34 262.4 259.72 261.1 260.84 256.66 256.52 245.2 241.02 236.78 231.58 229.44 241.2 240 231.9 213.66 195.48 213.26 218.02 219.9 221.68 224.36 230.12 232.16 230.24 -9999 -9999 -9999 -9999 -9999 -9999 -9999 -9999 -9999 -9999 -9999 -9999 -9999 -9999 -9999 -9999 -9999 -9999 -9999
257.22 259.1 263.4 268.82 268.14 263.66 262.16 260.56 259 256.4 252.76 248.22 242.6 247.78 250.88 252.14 254.46 257.84 262.06 259.28 261.36 257.54 259.72 262.88 263.08 265.18 266.38 263.5 260.74 269.82 270 266.14 258.32 254.34 254.62 257.8 252.62 255.34 255.16 242.96 238.76 235.64 233.36 236.18 244 241.78 221.54 218.38 202.26 194.94 214.76 200.6 207.42 225.16 229.1 229.98 -9999 -9999 -9999 -9999 -9999 -9999 -9999 -9999 -9999 -9999 -9999 -9999 -9999 -9999 -9999 -9999 -9999 -9999 -9999 -9999
253.28 255.86 260.2 264.54 264.04 260.48 259.98 255.42 255.84 254.3 251.7 251.12 239.5 241.8 247.1 248.18 251.32 256.6 262.94 262.24 259.36 258.6 258.64 258.82 259.1 263.24 263.34 260.5 263.64 269.72 269.94 266.96 261.2 251.32 250.52 255.52 240.32 240.1 253.94 240.76 237.5 235.36 234.18 237.88 243.74 239.5 218.34 211.16 216.92 204.7 220.62 213.56 217.42 228.48 232.32 -9999 -9999 -9999 -9999 -9999 -9999 -9999 -9999 -9999 -9999 -9999 -9999 -9999 -9999 -9999 -9999 -9999 -9999 -9999 -9999 -9999
252.14 253.76 255.92 256.36 256.86 257.36 255.84 253.26 252.68 253.18 245.54 248.9 244.36 237.82 238.02 242.12 249.36 255.58 264.02 266.1 262.36 257.5 256.68 251.86 253.02 253.1 253.26 258.38 265.56 267.66 269.88 265.9 261.04 248.18 253.42 249.34 237.08 238.86 251.62 241.44 235.3 233.08 236.9 241.7 243.5 237.22 224.06 217.96 219.98 218.92 215.84 209.86 224.78 231.6 233.58 -9999 -9999 -9999 -9999 -9999 -9999 -9999 -9999 -9999 -9999 -9999 -9999 -9999 -9999 -9999 -9999 -9999 -9999 -9999 -9999 -9999
249.08 249.78 250.78 250.14 250.72 251.2 249.62 248.14 248.48 249.92 243.4 239.76 243.24 237.64 237.96 246.24 254.4 257.64 264.86 264.12 261.34 254.46 247.68 247.8 249.92 249.08 253.16 260.36 266.46 267.62 268.72 262.88 255 253.16 247.26 230.18 224.84 240.64 238.4 234.14 230.02 230.8 234.64 239.5 239.42 236.3 228.32 219.24 214.28 211.16 198.14 206.04 222.98 233.82 -9999 -9999 -9999 -9999 -9999 -9999 -9999 -9999 -9999 -9999 -9999 -9999 -9999 -9999 -9999 -9999 -9999 -9999 -9999 -9999 -9999 -9999
243.86 243.62 243.88 244.04 242.54 243 242.54 241.96 243.36 242.86 245.16 243.68 246 243.5 242.9 249.28 251.5 256.62 257.92 263.16 253.34 250.5 245.56 247.8 248.84 250.04 255.08 254.26 265.44 268.54 267.68 255.78 257.94 247.04 238.14 231.14 222.48 230.32 227.2 231.86 226.8 230.76 235.68 237.66 237.72 234.62 229.5 219.54 208.48 203.4 209.36 221.38 222.16 228 232.88 -9999 -9999 -9999 -9999 -9999 -9999 -9999 -9999 -9999 -9999 -9999 -9999 -9999 -9999 -9999 -9999 -9999 -9999 -9999 -9999 -9999
237.94 237.82 237.08 236.28 235.62 235.86 235.32 236.8 238.22 237.64 240.08 243.52 242.92 237.38 245.76 247.2 249.52 250.76 254.98 261.12 259.28 248.44 247.58 244.68 239.8 247.98 253.06 256.2 263.36 264.48 266.6 260.68 251.9 243.96 228.02 219.98 216.34 219.22 225.16 232.16 232.02 233.02 234.98 230.96 232.86 227.88 219.78 222.74 211.64 205.68 206.62 216.48 221.26 224.1 230.08 -9999 -9999 -9999 -9999 -9999 -9999 -9999 -9999 -9999 -9999 -9999 -9999 -9999 -9999 -9999 -9999 -9999 -9999 -9999 -9999 -9999
229.92 230.02 228.24 227.64 227.86 229.2 225.34 227.66 235.06 234.48 241.9 244.36 243.88 239.36 247.76 249.24 249.66 251.86 255.02 258.14 259.26 249.46 249.6 247.76 240.82 244.02 250.16 252.24 256.48 255.56 257.7 250.78 243.98 235.06 225.96 224.34 218.64 219.26 226.26 229.42 230.36 232.3 228.26 220.2 223.12 213.06 212.02 217.04 213.94 212.9 220.8 219.56 219.5 224.28 227.2 -9999 -9999 -9999 -9999 -9999 -9999 -9999 -9999 -9999 -9999 -9999 -9999 -9999 -9999 -9999 -9999 -9999 -9999 -9999 -9999 -9999
214.06 222.34 223.46 221.88 221.16 223.46 226.66 228 232.04 233.46 242.06 243.5 246.96 247.32 247.76 248.04 248.74 249.9 252.12 254.16 255.2 255.4 247.56 241.68 233.82 239.02 248.14 245.3 244.46 252.6 249.76 248.86 246.02 233.2 225.54 224.92 218.28 217.46 223.26 228.24 225.22 228.28 225.3 215.34 212.48 206.32 215.28 224.28 220.24 216.16 208.94 211.78 220.68 226.54 -9999 -9999 -9999 -9999 -9999 -9999 -9999 -9999 -9999 -9999 -9999 -9999 -9999 -9999 -9999 -9999 -9999 -9999 -9999 -9999 -9999 -9999
135.36 160.54 199.86 217.1 216.54 219.78 224.14 228.16 230.22 232.54 239.04 241.46 243.78 247.22 246.62 247.12 246.96 248.04 248.98 250.16 252.12 253.38 242.54 235.64 230.84 234.04 235.16 231.32 233.44 238.56 244.72 247.82 245.94 236.94 227.86 225.48 219.88 218.14 224.46 226.08 224.14 220.2 221.22 214.36 207.3 206.36 212.44 210.38 204.36 210.28 215.1 218.98 222.86 225.76 -9999 -9999 -9999 -9999 -9999 -9999 -9999 -9999 -9999 -9999 -9999 -9999 -9999 -9999 -9999 -9999 -9999 -9999 -9999 -9999 -9999 -9999
113.54 129.8 137.04 172.48 187.76 223.18 226.3 227.28 229.26 232.52 238.86 239.22 238.62 243.14 244.7 245.34 245.14 244.98 245.98 247.22 248.12 249.34 243.5 233.72 233.84 229.96 231.14 234.3 235.38 235.6 240.72 247.72 243.56 235.76 232.82 226.58 222.4 219.84 226.08 220.46 216.18 217.14 216.16 203.24 200.16 203.24 199.34 201.32 204.24 214.08 218 222 223.94 225.88 -9999 -9999 -9999 -9999 -9999 -9999 -9999 -9999 -9999 -9999 -9999 -9999 -9999 -9999 -9999 -9999 -9999 -9999 -9999 -9999 -9999 -9999
144.6 148.72 155.06 158.44 175.82 217.02 224.38 227.38 230.26 233.48 228.8 230.18 227.6 234.2 240.68 243.58 242.26 243.04 243.02 244.22 245.16 245.3 241.52 236.68 235.82 230 227.24 232.3 239.44 243.58 242.52 244.48 239.28 237.5 236.76 231.58 228.34 221.08 218.66 214.98 216.36 221.1 215.06 213.14 186.16 189.18 199.22 215.16 211.98 209.92 215.82 222.84 224.84 -9999 -9999 -9999 -9999 -9999 -9999 -9999 -9999 -9999 -9999 -9999 -9999 -9999 -9999 -9999 -9999 -9999 -9999 -9999 -9999 -9999 -9999 -9999
105.76 147.84 152.14 166.26 186.52 216.78 222.22 225.3 228.32 231.44 226.88 232.26 233.78 238.24 240.88 239.66 240.26 240.04 240.9 242.14 243.1 242.26 236.4 238.7 237.76 230.96 226.06 229.3 237.4 243.36 244.26 247.1 242.08 236.32 229.54 226.6 223.4 218.08 214.68 210.28 216.86 221.28 217.04 214.04 190.16 194.02 195.04 210.98 216.8 205.88 215.78 221.82 223.84 -9999 -9999 -9999 -9999 -9999 -9999 -9999 -9999 -9999 -9999 -9999 -9999 -9999 -9999 -9999 -9999 -9999 -9999 -9999 -9999 -9999 -9999 -9999
79.12 131.8 134.9 165.02 201.18 207.46 219.84 223.28 225.28 226.58 229.04 230.44 232.8 234.32 237.06 238.78 238.28 238 240.02 241.16 241.04 239.3 231.42 236.68 233.8 228.94 233.08 234.26 234.18 238.12 241.96 239.8 234.82 232.14 229.32 220.66 220.3 215.16 210.72 203.42 210.04 217.62 216.24 212.86 196 192.92 202.92 212.86 212.74 216.78 215.82 222.8 223.94 -9999 -9999 -9999 -9999 -9999 -9999 -9999 -9999 -9999 -9999 -9999 -9999 -9999 -9999 -9999 -9999 -9999 -9999 -9999 -9999 -9999 -9999 -9999
67.48 101.84 135.76 166.74 190.84 198.12 216.56 221.1 222.3 223.6 226.06 227.44 228.92 231.48 235.24 237.74 238.3 238.14 238.04 239.18 240.1 233.22 234.38 230.58 230.82 230.82 231.12 236 230.92 232.72 236.6 236.46 235.6 232.88 228.18 224.4 218.38 209.12 201.76 197.44 204.12 209.7 208.42 202.08 193.88 191.88 204.8 199.74 202.74 215.76 214.86 223.88 224.8 -9999 -9999 -9999 -9999 -9999 -9999 -9999 -9999 -9999 -9999 -9999 -9999 -9999 -9999 -9999 -9999 -9999 -9999 -9999 -9999 -9999 -9999 -9999
101 99.4 126.48 172.18 190 199.06 210.44 214.92 218.34 219.56 224 228.48 229.96 231.72 235.28 239.9 238.34 237.18 237.1 237.2 235.98 233.2 230.38 227.54 228.72 227.88 227.88 231.64 231.58 232.38 230.26 228.2 231.46 231.7 229.94 225.22 217.36 207.14 198.78 196.38 198.16 193.82 198.42 189.04 176.84 188.76 198.72 181.72 180.68 188.78 192.74 226.72 -9999 -9999 -9999 -9999 -9999 -9999 -9999 -9999 -9999 -9999 -9999 -9999 -9999 -9999 -9999 -9999 -9999 -9999 -9999 -9999 -9999 222.12 -9999 -9999
105.58 111.18 138.2 166.86 186.5 197.5 207.58 210.9 214.38 215.7 221.92 225.4 228.06 230.72 233.34 235.94 236.4 234.18 230.18 232.18 232.02 226.1 224.34 224.5 225.64 225.52 226.4 227.32 230.18 227.14 226.98 225.04 224.22 225.48 224.8 221 209.4 199.06 197.8 193.52 192.14 187.78 185.52 180.18 178.94 184.74 179.76 176.64 184.8 208.82 215.82 -9999 -9999 -9999 -9999 -9999 -9999 -9999 -9999 -9999 -9999 -9999 -9999 -9999 -9999 -9999 -9999 -9999 -9999 -9999 -9999 -9999 -9999 220.1 -9999 -9999
81.24 112.84 125.22 169.36 187.92 199.96 205.02 208.24 208.4 212.72 219.06 223.5 226.04 228.7 230.32 231.92 232.46 229.34 225.32 226.32 220.08 219.18 221.32 220.36 221.32 222.2 220.12 221.94 221.9 220.72 218.6 220.72 220.98 220.3 218.6 214.88 211.08 201.16 186.74 186.46 188.18 185.86 183.5 179.24 174.84 188.68 202.62 207.66 209.72 218.66 218.84 -9999 -9999 -9999 -9999 -9999 -9999 -9999 -9999 -9999 -9999 -9999 -9999 -9999 -9999 -9999 -9999 -9999 -9999 -9999 -9999 -9999 -9999 -9999 -9999 -9999
77.8 89.58 123.78 162.1 176.24 197.44 200.5 202.64 204.84 208.96 215.24 220.66 224.28 225.8 226.34 226.94 226.38 223.36 221.4 219.44 210.3 214.1 217.2 219.14 219.04 213.8 214.74 213.66 210.52 211.44 210.32 211.5 212.74 214.1 212.36 206.72 202 198.1 182.84 174.52 178.22 174.88 169.58 168.32 176 186.8 198.78 207.7 204.72 219.7 -9999 -9999 -9999 -9999 -9999 -9999 -9999 -9999 -9999 -9999 -9999 -9999 -9999 -9999 -9999 -9999 -9999 -9999 -9999 -9999 -9999 -9999 -9999 -9999 -9999 -9999
58.28 45.16 138.24 174.84 186.04 197.96 199.1 200.3 201.34 204.48 210.56 217.96 220.5 219.92 220.52 219.88 219.4 218.38 217.34 213.4 203.46 206.06 208.84 209.76 212.7 208.5 204.42 200.26 200.2 201.02 202.04 201.28 199.6 203.88 205.22 196.36 187.74 195.92 182.88 159.44 166.18 154.94 143.6 177.34 192.08 182.9 167.92 176.88 214.68 209.7 -9999 -9999 -9999 -9999 -9999 -9999 -9999 -9999 -9999 -9999 -9999 -9999 -9999 -9999 -9999 -9999 -9999 -9999 -9999 -9999 -9999 -9999 -9999 -9999 -9999 -9999
54.6 49.44 152.86 179.68 189.2 195.1 194.74 196.7 196.9 200.1 206.32 212.68 214.18 213.7 213.1 213.38 213.42 212.42 212.48 210.4 198.86 198.72 203.62 202.44 205.28 200.2 192 190.02 191.86 196.68 196.8 195.12 194.36 191.64 187.82 195.22 193.48 190.82 178.82 152.56 147.26 160.94 162.68 174.44 202.34 212.28 209.08 212 -9999 -9999 -9999 -9999 -9999 -9999 -9999 -9999 -9999 -9999 -9999 -9999 -9999 -9999 -9999 -9999 -9999 -9999 -9999 -9999 -9999 -9999 -9999 -9999 -9999 -9999 -9999 -9999
43.82 50.68 117.06 181.28 189.18 192.98 194.54 196.3 197.58 200.86 204.02 206.32 207.9 207.36 205.6 207.5 208.3 208.44 209.34 206.28 197.9 194.9 195.7 199.6 198.48 192.32 184.98 173.74 171.58 184.42 188.64 188.88 185.2 182.46 180.76 181.9 186.16 184.5 176.84 172.5 170.32 160.08 178.7 187.62 205.52 205.38 -9999 -9999 -9999 -9999 -9999 -9999 -9999 -9999 -9999 -9999 -9999 -9999 -9999 -9999 -9999 -9999 -9999 -9999 -9999 -9999 -9999 -9999 -9999 -9999 -9999 -9999 -9999 -9999 -9999 -9999
42.06 89.8 151.14 177.24 187.24 191.66 194.74 196.5 199.4 200.62 201.86 203.16 204.54 203.72 203.6 204.5 204.28 203.3 204.24 200.82 194.86 189.88 192.78 194.68 190.56 179.42 174.26 175.06 169.84 171.82 173.06 177.26 176.5 174.7 174.02 176.26 175.5 170.72 174.64 181.46 176.34 165.04 -9999 -9999 -9999 -9999 -9999 -9999 -9999 -9999 -9999 -9999 -9999 -9999 -9999 -9999 -9999 -9999 -9999 -9999 -9999 -9999 -9999 -9999 -9999 -9999 -9999 -9999 -9999 -9999 -9999 -9999 -9999 -9999 -9999 -9999
30.16 126.02 158.1 146.46 184.64 190.84 194.08 197.36 198.66 198.54 199.64 200.86 201.84 202.66 203.52 203.34 202.14 200.12 199.92 197.92 193.9 185.96 187.86 188.74 183.68 180.56 170.42 171.46 170.44 170.42 166.62 162.8 158 160.14 163.44 172.72 190.9 194.66 182.34 191.22 -9999 -9999 -9999 -9999 -9999 -9999 -9999 -9999 -9999 -9999 -9999 -9999 -9999 -9999 -9999 -9999 -9999 -9999 -9999 -9999 -9999 -9999 -9999 -9999 -9999 -9999 -9999 -9999 -9999 -9999 -9999 -9999 -9999 -9999 -9999 -9999
68.7 135.92 134.36 160.66 181.74 187.96 191.08 195.3 195.72 196.1 196.28 198.04 198.68 200.48 203.3 201.14 199.86 198.78 195.86 187.88 185 182.96 183.02 181.86 173.84 171.72 170.7 161.8 160.92 164.92 160.12 154.32 151.52 170.7 170.94 182.06 193.62 189.22 -9999 -9999 -9999 -9999 -9999 -9999 -9999 -9999 -9999 -9999 -9999 -9999 -9999 -9999 -9999 -9999 -9999 -9999 -9999 -9999 -9999 -9999 -9999 -9999 -9999 -9999 -9999 -9999 -9999 -9999 -9999 -9999 -9999 -9999 -9999 -9999 -9999 -9999
86.74 138.04 155.46 168.68 179.88 184.96 188.24 191.32 192.64 192.8 191.96 193.08 193.9 197.58 198.28 195.08 196.76 192.78 187.88 182.04 179 179.96 181.06 178.94 170.96 167.04 163.08 161.12 153.18 152.18 156.36 155.7 153.98 152.12 165 180.64 182.1 -9999 -9999 -9999 -9999 -9999 -9999 -9999 -9999 -9999 -9999 -9999 -9999 -9999 -9999 -9999 -9999 -9999 -9999 -9999 -9999 -9999 -9999 -9999 -9999 -9999 -9999 -9999 -9999 -9999 -9999 -9999 -9999 -9999 -9999 -9999 -9999 -9999 -9999 -9999
114.68 130.1 153.48 164.8 177.02 182.08 186.3 189.32 189.3 188.26 185.36 186.48 187.64 189.66 189.6 187.26 187.98 183.5 180.86 177.04 172.98 173.9 177.92 176.04 173.02 167.14 166.26 158.26 146.32 146.32 151.48 151.76 151.94 148.96 167.5 180.14 -9999 -9999 -9999 -9999 -9999 -9999 -9999 -9999 -9999 -9999 -9999 -9999 -9999 -9999 -9999 -9999 -9999 -9999 -9999 -9999 -9999 -9999 -9999 -9999 -9999 -9999 -9999 -9999 -9999 -9999 -9999 -9999 -9999 -9999 -9999 -9999 -9999 -9999 -9999 -9999
103.5 138.12 141.7 161.92 173.02 180 184.12 187.1 188 184.02 181.8 180.86 182.12 183.24 183.54 182.8 184.12 182.24 180.6 176.68 171.48 168.54 172.62 168.86 163.04 158.02 159.14 151.2 151.24 148.3 149.46 148.66 147.9 157.52 179.08 -9999 -9999 -9999 -9999 -9999 -9999 -9999 -9999 -9999 -9999 -9999 -9999 -9999 -9999 -9999 -9999 -9999 -9999 -9999 -9999 -9999 -9999 -9999 -9999 -9999 -9999 -9999 -9999 -9999 -9999 -9999 -9999 -9999 -9999 -9999 -9999 -9999 -9999 -9999 -9999 -9999
75.3 136.92 149.78 161.82 168.86 174.84 179.82 180.72 180.66 178.52 177.36 175.42 175.58 175.88 177.08 175.54 179.14 181.02 180.62 178.18 174.16 173.3 171.4 167.72 165.88 164 166.1 165.08 143.14 143.14 140.34 141.58 153.66 170.08 174.66 -9999 -9999 -9999 -9999 -9999 -9999 -9999 -9999 -9999 -9999 -9999 -9999 -9999 -9999 -9999 -9999 -9999 -9999 -9999 -9999 -9999 -9999 -9999 -9999 -9999 -9999 -9999 -9999 -9999 -9999 -9999 -9999 -9999 -9999 -9999 -9999 -9999 -9999 -9999 -9999 -9999
123.08 147.94 152.48 159.6 165.52 169.46 172.42 174.32 174.28 173.24 173.14 172.2 171.18 169.22 170.92 174.1 177.08 179.54 180.96 178.36 174.72 172.9 170.22 172.44 172.56 172.88 172.84 168.94 162.02 149.96 147.24 148.46 159.18 157.68 169.1 -9999 -9999 -9999 -9999 -9999 -9999 -9999 -9999 -9999 -9999 -9999 -9999 -9999 -9999 -9999 -9999 -9999 -9999 -9999 -9999 -9999 -9999 -9999 -9999 -9999 -9999 -9999 -9999 -9999 -9999 -9999 -9999 -9999 -9999 -9999 -9999 -9999 -9999 -9999 -9999 -9999
130.86 151.04 149.58 156.16 161.16 164.14 166.12 167.16 168.16 169.08 168.12 168.26 166.24 166.44 169.94 171.92 174.52 175.9 177.3 176.7 175.9 174.74 174.04 170.18 166.32 164.62 164.74 159.86 157.94 151.84 144.08 136.32 135.84 137.26 156.74 -9999 -9999 -9999 -9999 -9999 -9999 -9999 -9999 -9999 -9999 -9999 -9999 -9999 -9999 -9999 -9999 -9999 -9999 -9999 -9999 -9999 -9999 -9999 -9999 -9999 -9999 -9999 -9999 -9999 -9999 -9999 -9999 -9999 -9999 -9999 -9999 -9999 -9999 -9999 -9999 -9999
128.5 140.2 147.46 154.72 158.04 159.04 161.06 163.08 164.02 163.16 164.18 163.3 163.66 165.74 167.82 168.26 168.88 171.28 171.64 169.82 172.38 174.86 172.9 166.96 164.14 160.56 157.68 153.76 148.78 138.84 137.08 130.92 118.34 150.98 162.74 -9999 -9999 -9999 -9999 -9999 -9999 -9999 -9999 -9999 -9999 -9999 -9999 -9999 -9999 -9999 -9999 -9999 -9999 -9999 -9999 -9999 -9999 -9999 -9999 -9999 -9999 -9999 -9999 -9999 -9999 -9999 -9999 -9999 -9999 -9999 -9999 -9999 -9999 -9999 -9999 -9999
141.66 146.9 154.18 155.46 154.4 154.94 157 157.98 158.06 159.18 160.28 159.96 159.64 161.08 162.82 163.62 164.58 165.56 166.9 166.02 166.46 167.92 165.98 160.04 157.08 159.18 157.5 147.64 146.74 141.78 132.02 126.58 139.1 161.02 161.98 -9999 -9999 -9999 -9999 -9999 -9999 -9999 -9999 -9999 -9999 -9999 -9999 -9999 -9999 -9999 -9999 -9999 -9999 -9999 -9999 -9999 -9999 -9999 -9999 -9999 -9999 -9999 -9999 -9999 -9999 -9999 -9999 -9999 -9999 -9999 -9999 -9999 -9999 -9999 -9999 -9999
