data/default-data/raster/climate/tmp_2.txt
ncols         720
nrows         360
xllcorner     -180
yllcorner     -90
cellsize      0.5
NODATA_value  -9999
[rows 34 to 67 of 360, columns 456 to 531 of 720]
-9999 -9999 -9999 -9999 -9999 -9999 -9999 -9999 -159.7 -225.84 -239.92 -245.06 -251.1 -248.28 -246.38 -237.5 -196.56 -9999 -9999 -9999 -9999 -9999 -9999 -9999 -9999 -9999 -9999 -9999 -9999 -9999 -9999 -9999 -9999 -9999 -9999 -9999 -9999 -9999 -9999 -9999 -9999 -9999 -262.42 -262.22 -262.22 -263.14 -263.06 -263.08 -263.08 -261.08 -9999 -9999 -259.98 -260.14 -262.1 -261.08 -9999 -9999 -9999 -261.08 -9999 -261.16 -259.18 -9999 -9999 -261.2 -266.22 -273.44 -276.48 -279.64 -279.74 -281 -281.04 -281.2 -284.34 -287.48
-9999 -9999 -9999 -9999 -9999 -9999 -9999 -157.88 -159.02 -224.02 -236.14 -242.18 -247.42 -240.5 -231.48 -190.6 -9999 -9999 -9999 -9999 -9999 -9999 -9999 -9999 -9999 -9999 -9999 -9999 -9999 -9999 -9999 -9999 -9999 -9999 -9999 -9999 -9999 -9999 -9999 -9999 -9999 -256.14 -259.14 -260.12 -260.02 -259.96 -260.84 -260.9 -260.92 -258.84 -9999 -9999 -9999 -258.98 -259 -260.92 -9999 -258.92 -260.86 -257.94 -257.94 -257.9 -257.86 -257.96 -260.96 -260.92 -263.94 -267.9 -265.06 -269.32 -272.34 -273.48 -274.74 -275.76 -279.04 -282.06
-9999 -9999 -9999 -9999 -9999 -9999 -156.02 -214.1 -217.14 -224.34 -228.32 -234.46 -230.56 -228.56 -224.58 -188.64 -9999 -9999 -9999 -9999 -9999 -9999 -9999 -9999 -9999 -9999 -9999 -9999 -9999 -9999 -9999 -9999 -9999 -9999 -9999 -9999 -9999 -9999 -9999 -9999 -252.86 -254.96 -255.9 -255.9 -256.84 -256.74 -256.72 -256.74 -255.66 -259.7 -258.7 -255.7 -256.72 -256.74 -254.8 -9999 -254.74 -255.72 -254.68 -254.68 -255.68 -255.68 -256.64 -256.7 -253.66 -254.6 -256.64 -263.64 -259.66 -261.88 -265.94 -268.12 -270.22 -272.44 -275.46 -279.68
-9999 -9999 -9999 -9999 -9999 -9999 -9999 -159.32 -160.38 -211.44 -214.54 -216.74 -218.68 -223.76 -223.7 -222.72 -218.8 -9999 -9999 -9999 -9999 -9999 -9999 -9999 -9999 -9999 -9999 -9999 -9999 -9999 -9999 -9999 -9999 -9999 -9999 -9999 -9999 -243.46 -247.56 -249.56 -250.56 -251.54 -252.62 -252.54 -252.56 -253.58 -253.62 -253.6 -251.54 -256.52 -257.58 -252.6 -254.62 -254.64 -251.64 -251.56 -258.42 -251.5 -251.38 -252.42 -252.3 -252.4 -253.34 -253.42 -252.3 -253.4 -255.34 -256.4 -256.4 -264.4 -260.54 -264.74 -267.84 -269.94 -272.18 -275.2
-9999 -9999 -9999 -9999 -9999 -9999 -9999 -9999 -9999 -9999 -9999 -170.86 -209.92 -211.92 -213.8 -214.84 -215.92 -216.02 -194.94 -9999 -9999 -9999 -9999 -9999 -9999 -9999 -9999 -9999 -9999 -9999 -9999 -9999 -9999 -9999 -9999 -9999 -9999 -242.24 -244.22 -246.32 -247.26 -248.36 -248.26 -249.34 -249.3 -250.38 -250.42 -250.34 -250.4 -247.32 -9999 -256.42 -250.48 -250.4 -250.44 -250.36 -250.3 -250.22 -250.16 -249.16 -249.08 -250.1 -251.12 -251.08 -250.08 -251.12 -252 -252.04 -255.14 -256.08 -257.04 -261.34 -266.46 -268.5 -269.66 -270.88
-9999 -9999 -9999 -9999 -9999 -9999 -9999 -9999 -9999 -9999 -9999 -9999 -9999 -9999 -9999 -9999 -9999 -9999 -9999 -9999 -201.16 -219.2 -223.1 -221.9 -9999 -9999 -9999 -9999 -9999 -9999 -9999 -9999 -9999 -9999 -9999 -9999 -9999 -9999 -241 -242.9 -244.08 -245.04 -244.92 -246.04 -246.14 -246.2 -247.22 -247.22 -247.24 -255.28 -9999 -256.24 -247.3 -248.18 -248.18 -247.04 -247.04 -246.94 -247.92 -247.88 -247.84 -247.76 -247.8 -248.76 -248.82 -248.86 -249.84 -250.86 -251.84 -252.8 -254.86 -257.92 -261 -263.16 -266.28 -267.46
-9999 -9999 -9999 -9999 -9999 -9999 -9999 -9999 -9999 -9999 -9999 -9999 -9999 -9999 -9999 -9999 -9999 -9999 -9999 -9999 -9999 -203.14 -207.18 -217.9 -222.68 -224.56 -226.22 -227.08 -229.88 -230.68 -229.44 -230.1 -9999 -9999 -9999 -9999 -9999 -239.56 -237.66 -238.74 -240.68 -240.72 -239.68 -240.8 -242.8 -242.9 -244 -244.1 -242.04 -254.04 -9999 -241.96 -242.94 -242.92 -244.86 -244.84 -244.72 -244.74 -244.6 -244.52 -244.5 -244.54 -245.58 -246.54 -248.6 -248.54 -249.6 -250.54 -252.54 -253.56 -254.52 -255.62 -257.6 -260.84 -260.92 -263.04
-137.18 -183.32 -187.44 -185.52 -150.74 -9999 -9999 -9999 -9999 -9999 -9999 -9999 -9999 -9999 -9999 -9999 -9999 -9999 -9999 -9999 -9999 -9999 -9999 -9999 -211.74 -220.54 -224.26 -228.98 -233.8 -234.6 -233.3 -234.1 -232.66 -232.32 -232.48 -237.3 -9999 -9999 -9999 -241.34 -235.38 -237.46 -236.42 -237.48 -239.6 -239.64 -240.76 -240.84 -238.84 -251.82 -9999 -253.88 -238.8 -238.7 -239.6 -239.58 -239.48 -240.4 -241.3 -241.22 -242.32 -242.28 -242.28 -243.24 -244.26 -245.26 -246.26 -248.34 -249.3 -249.24 -251.3 -253.28 -254.26 -256.38 -259.46 -260.62
-137.36 -178.44 -179.64 -148.78 -9999 -9999 -9999 -9999 -9999 -170.54 -188.6 -189.64 -176.58 -9999 -9999 -183.48 -186.4 -189.28 -190.28 -202.06 -204.06 -205.22 -206.22 -202.96 -208.74 -214.5 -218.4 -222.1 -222.8 -225.52 -229.2 -231.92 -231.6 -234.3 -234.04 -236.04 -238.08 -233.98 -232.08 -241.02 -9999 -242.12 -235.22 -236.26 -236.36 -236.42 -237.36 -237.5 -235.52 -235.54 -235.58 -251.56 -9999 -236.48 -236.34 -236.36 -237.22 -236.14 -252.1 -237.04 -236.98 -238.04 -239.96 -241 -239 -239.98 -243.02 -245 -247.08 -249.1 -250.04 -249.98 -252.02 -254.08 -256.08 -258.26
-9999 -9999 -9999 -9999 -152.04 -179.2 -181.36 -183.5 -182.64 -184.78 -184.9 -185.8 -186.78 -187.7 -190.62 -194.54 -198.44 -199.4 -199.28 -202.12 -208.04 -209.12 -206.2 -205.96 -210.7 -213.62 -216.22 -219.02 -217.6 -219.38 -227.1 -228.82 -229.44 -231.24 -231.9 -256.68 -261.78 -251.78 -239.8 -234.74 -230.82 -231.92 -231.96 -233 -233.1 -233.98 -234.06 -234.02 -233.2 -233.22 -232.32 -250.3 -250.24 -233.16 -234.08 -233.98 -233.9 -233.84 -232.84 -232.72 -234.76 -234.7 -237.66 -237.68 -236.72 -237.74 -239.74 -242.7 -244.7 -245.72 -244.74 -246.64 -249.74 -251.78 -254.78 -254.82
-139.28 -170.48 -171.68 -175.82 -176.12 -177.2 -177.32 -178.68 -179.76 -180.94 -181.94 -183.94 -185.86 -187.66 -190.7 -191.64 -193.46 -196.44 -197.38 -198.28 -200.2 -202.16 -204.16 -205.94 -210.72 -213.52 -216.16 -217.96 -219.62 -219.3 -222.88 -224.74 -226.28 -228.06 -229.84 -252.44 -262.44 -255.44 -234.38 -229.4 -229.56 -229.62 -228.64 -229.74 -227.7 -228.74 -228.82 -229.88 -229.96 -230.1 -246.08 -9999 -9999 -229.86 -232.76 -232.72 -230.64 -231.6 -230.6 -231.42 -231.44 -232.46 -234.44 -235.52 -237.44 -237.44 -239.46 -239.44 -240.52 -241.48 -241.56 -243.54 -244.48 -246.46 -247.44 -250.5
-168.96 -175.12 -174.28 -170.44 -171.72 -171.92 -173.08 -173.32 -174.38 -175.74 -177.68 -179.3 -180.42 -184.4 -186.4 -188.3 -189.38 -191.4 -193.44 -195.36 -196.34 -198.24 -200.18 -202 -207.64 -210.36 -212.08 -214.7 -216.44 -218.18 -219.88 -221.58 -225.26 -232.94 -252.62 -251.36 -263.16 -253.18 -234.14 -227.2 -224.26 -225.3 -225.3 -226.46 -225.48 -225.58 -225.6 -226.64 -225.78 -242.02 -9999 -9999 -227.6 -227.62 -229.48 -229.5 -228.42 -228.32 -228.26 -229.18 -229.2 -229.14 -232.12 -232.18 -231.22 -232.2 -233.2 -234.3 -235.22 -236.2 -239.18 -241.22 -241.14 -243.16 -244.2 -246.24
-163.56 -170.74 -169.92 -171.2 -170.2 -169.46 -170.68 -170.04 -170.4 -171.66 -172.34 -175.04 -178.7 -179.48 -181.6 -182.58 -184.56 -186.5 -187.54 -188.56 -191.6 -193.58 -194.74 -197.84 -201.42 -203.14 -207.9 -209.62 -211.3 -214.98 -219.76 -233.4 -246.12 -244.82 -243.5 -229.22 -224.86 -222.88 -220.86 -220.92 -220.02 -221 -222.18 -221.28 -221.36 -222.4 -222.58 -236.56 -9999 -238.68 -223.6 -224.46 -224.4 -226.24 -227.26 -227.22 -227.08 -227.02 -227.98 -227.86 -227.92 -228.84 -228.9 -229.94 -227.9 -228.88 -229.92 -230.9 -231.94 -233.94 -235.96 -237.94 -238.92 -240.92 -243.98 -244.92
-161.2 -163.36 -163.6 -165.68 -166.9 -165.2 -165.62 -166.94 -165.22 -167.32 -168.08 -170.88 -173.38 -175.08 -175.7 -177.64 -179.72 -180.78 -182.8 -185.78 -187.82 -189.98 -192.32 -194.4 -196.28 -200.02 -204.8 -206.42 -209.1 -220.84 -239.54 -228.24 -218.94 -217.66 -213.32 -214.02 -213.86 -214.68 -215.72 -216.8 -217.82 -217.02 -220.02 -219.14 -218.2 -219.26 -219.36 -219.54 -220.54 -221.46 -221.34 -221.22 -223.18 -224.08 -224 -223.88 -224.78 -224.82 -224.6 -224.68 -225.62 -225.64 -226.6 -226.58 -225.56 -226.58 -226.58 -227.66 -228.64 -229.62 -230.68 -232.64 -235.62 -237.6 -239.66 -240.64
-158.8 -160.96 -160.24 -162.48 -160.8 -164.12 -161.56 -161.88 -161.24 -164 -165.78 -167.44 -169.14 -169.74 -172.4 -174.06 -175.94 -176.92 -178.94 -182 -185.22 -188.52 -191.76 -197.84 -201.76 -206.6 -211.46 -223.28 -228.98 -229.64 -218.42 -213.12 -211.78 -213.44 -214.28 -214.06 -214.88 -215.66 -215.62 -216.84 -216.76 -217.92 -217.98 -219 -219.12 -220.16 -220.28 -221.38 -220.42 -220.22 -220.08 -220.92 -220.92 -220.84 -221.7 -221.62 -221.52 -221.44 -222.46 -222.36 -222.32 -223.38 -223.3 -223.4 -222.36 -224.36 -224.32 -224.38 -225.42 -226.42 -228.34 -231.4 -232.48 -233.42 -236.44 -236.38
-158.5 -159.74 -156.18 -165.38 -161.76 -159.16 -159.48 -157.88 -158.06 -159.92 -160.52 -162.18 -164.88 -168.5 -170.14 -170.84 -173.52 -173.2 -175.26 -179.46 -182.64 -188.96 -201.22 -230.44 -231.42 -224.26 -237.06 -220.84 -206.68 -206.48 -207.16 -207.94 -209.6 -210.26 -211.24 -212.22 -212.1 -212.78 -212.58 -213.68 -213.76 -214.84 -214.88 -215.98 -216.04 -217.14 -218.14 -218.32 -217.14 -216.96 -217.9 -217.74 -217.66 -218.56 -218.46 -218.4 -219.32 -219.26 -219.12 -219.14 -220.08 -220.08 -220.16 -221.06 -220.12 -221.18 -221.1 -222 -222.14 -223.1 -225.1 -228.04 -228.04 -229.06 -233.02 -232.94
-154.06 -155.48 -156.88 -163.16 -163.6 -159.92 -161.16 -159.62 -158.6 -158.58 -158.46 -160.2 -162.86 -166.6 -166.24 -167.88 -169.5 -173.24 -174.98 -175 -180.12 -195.46 -217.7 -236.94 -223.06 -210.78 -205.7 -203.52 -199.32 -202.14 -202.9 -204.78 -207.48 -209.54 -209.44 -208.34 -210.08 -209.84 -209.6 -209.66 -210.72 -211.76 -211.86 -212.9 -212.98 -214.14 -215.14 -215.16 -216.02 -215.8 -216.68 -216.56 -217.44 -217.3 -217.3 -217.22 -218.06 -217.98 -217.96 -218.76 -218.74 -218.7 -219.74 -219.68 -218.7 -218.68 -219.6 -219.64 -221.56 -221.64 -222.66 -224.62 -225.64 -227.54 -228.54 -230.44
-150.94 -152.2 -152.5 -153.88 -156.26 -160.62 -155.98 -156.34 -161.32 -157.22 -156.22 -158.16 -159.96 -163.56 -165.3 -165.94 -169.66 -170.38 -171.12 -172.9 -179.66 -185.88 -210.22 -208.46 -195.52 -188.48 -190.28 -193.12 -195.96 -198.74 -200.52 -202.58 -205.64 -207.68 -206.64 -206.5 -206.28 -206.94 -208.72 -206.56 -207.68 -207.76 -208.8 -209.88 -209.98 -211.08 -212.04 -211.88 -212.72 -213.62 -213.44 -214.3 -214.3 -214.14 -215.08 -215 -214.92 -214.78 -215.68 -215.38 -215.28 -216.2 -216.26 -216.16 -215.18 -215.2 -216.16 -217.14 -218.12 -218.12 -219.16 -221.14 -222.12 -223.14 -224.06 -226.1
-148 -148.06 -149.34 -149.76 -149.04 -151.42 -150.78 -151 -154.82 -154.92 -154.88 -154.84 -156.7 -159.68 -163.36 -163.06 -165.8 -165.48 -167.3 -174 -183.86 -192.56 -209.72 -194.92 -192.08 -188.06 -189.88 -191.66 -192.5 -194.4 -196.54 -198.62 -199.7 -201.74 -202.72 -202.5 -202.22 -202.98 -202.82 -203.54 -203.52 -204.7 -205.7 -205.8 -205.86 -206.08 -208.84 -209.68 -209.56 -210.54 -211.3 -211.22 -211.06 -212.02 -211.9 -211.76 -212.62 -212.48 -212.48 -212.2 -212.98 -212.8 -212.76 -213.8 -213.78 -214.7 -215.72 -215.72 -215.74 -216.64 -216.66 -217.64 -218.62 -219.66 -220.58 -221.52
-144.08 -145.14 -146.14 -146.5 -145.9 -147.12 -146.52 -146.58 -150.54 -151.46 -152.48 -153.42 -152.5 -155.34 -158.4 -159.22 -161.98 -163.68 -166.42 -176.2 -179.98 -191.8 -202.56 -189.4 -181.66 -183.66 -184.54 -187.38 -188.26 -189.38 -191.48 -193.4 -194.44 -196.52 -197.44 -198.48 -198.34 -198.1 -198.9 -199.64 -200.52 -201.6 -200.68 -201.82 -201.86 -202.82 -205.66 -206.56 -207.4 -207.16 -208.06 -207.92 -208.92 -208.74 -209.64 -209.52 -209.36 -209.34 -210.18 -209.88 -209.6 -209.4 -210.3 -210.26 -213.22 -214.26 -215.26 -215.2 -216.24 -214.22 -215.18 -217.2 -216.22 -217.06 -217.1 -217.1
-141.26 -142.24 -142.26 -143.26 -141.64 -141.96 -143.24 -144.1 -145.18 -146.14 -149.16 -151.18 -149.16 -152.2 -159.14 -160.18 -158 -159.82 -161.58 -166.42 -174.18 -180.92 -191.78 -196.52 -180.22 -183.22 -184.04 -184.12 -185.18 -186.16 -188.08 -189.12 -191.02 -192.18 -193.26 -194.24 -195.3 -196.24 -195.96 -196.78 -196.5 -197.56 -198.68 -199.64 -200.78 -201.66 -202.5 -203.4 -204.24 -205.02 -204.9 -205.7 -205.58 -206.56 -206.42 -206.28 -206.22 -207 -206.82 -206.6 -206.38 -207.14 -206.88 -208.8 -209.76 -210.76 -210.82 -210.76 -211.8 -212.8 -212.64 -212.72 -212.72 -213.74 -214.7 -215.76
-138.46 -137.36 -138.44 -138.38 -137.36 -138.82 -140.92 -141.78 -141.88 -142.86 -145.84 -147.8 -147.84 -147.74 -153.74 -153.66 -154.74 -156.5 -158.22 -166.02 -169.88 -178.64 -190.54 -188.34 -176.18 -178.84 -179.9 -179.8 -180.8 -183.76 -182.74 -183.8 -184.9 -186.88 -187.94 -188.94 -190.04 -191.06 -190.96 -191.8 -192.68 -193.46 -194.56 -196.66 -197.6 -198.46 -199.42 -200.08 -200.98 -201.78 -202.68 -202.46 -203.26 -203.2 -203.14 -204.06 -204 -203.78 -203.56 -204.24 -204.02 -203.88 -203.7 -203.38 -205.32 -205.34 -206.28 -206.34 -206.26 -207.28 -207.34 -208.18 -209.3 -210.2 -210.3 -212.22
-131.84 -135.72 -136.7 -137.7 -135.6 -134.6 -136.52 -137.52 -137.5 -138.48 -140.5 -142.6 -145.46 -144.44 -147.38 -148.34 -152.38 -152.4 -154.16 -160.94 -165.56 -176.5 -198.26 -183.1 -172.86 -174.58 -172.52 -173.54 -174.6 -178.52 -178.54 -179.44 -180.6 -179.58 -179.7 -181.78 -182.76 -183.78 -185.78 -186.88 -189.64 -190.48 -191.52 -192.56 -194.36 -195.24 -196.08 -196.86 -197.72 -198.54 -199.42 -200.24 -200.08 -199.98 -200.9 -200.82 -200.74 -200.46 -201.16 -201 -200.72 -200.46 -200.24 -200.04 -200.88 -200.86 -200.9 -200.84 -200.8 -201.82 -201.82 -201.74 -202.78 -203.8 -204.72 -205.78
-130.92 -132.9 -132.78 -133.64 -132.56 -133.46 -134.34 -135.28 -135.26 -136.3 -139.34 -140.28 -139.28 -141.2 -143.24 -146.1 -146.16 -150.36 -155.22 -161.92 -163.62 -176.28 -191.02 -181.8 -169.52 -169.26 -167.18 -168.26 -169.34 -170.32 -170.26 -171.34 -173.36 -173.46 -174.58 -175.58 -176.58 -178.6 -180.68 -182.56 -184.5 -186.56 -188.5 -189.28 -191.18 -191.98 -192.76 -193.54 -194.42 -195.24 -197.16 -196.92 -196.86 -197.78 -197.72 -197.58 -197.46 -198.14 -197.84 -197.62 -197.44 -197.24 -197.94 -197.74 -197.6 -197.4 -197.48 -197.4 -197.4 -197.34 -198.3 -198.34 -198.26 -199.36 -199.24 -201.24
-128.88 -128.7 -129.58 -130.56 -129.44 -130.22 -130.24 -131.16 -132.14 -132.06 -133.1 -135.12 -135.1 -136 -136.96 -139.98 -142.02 -145.32 -151.18 -155.04 -163.7 -171.38 -182.04 -171.6 -168.16 -164.9 -161.96 -161.92 -162.88 -163.98 -165.06 -165.2 -166.3 -167.32 -168.38 -169.42 -171.46 -174.42 -176.5 -178.38 -181.36 -183.36 -184.3 -186.08 -185.94 -187.88 -189.62 -190.46 -191.24 -192.04 -192.94 -193.78 -193.72 -194.62 -194.52 -194.4 -195.08 -194.82 -194.48 -194.3 -195.06 -194.84 -194.68 -194.54 -194.22 -194.04 -193.94 -193.92 -193.8 -193.86 -193.84 -193.88 -193.88 -194.76 -195.84 -198.82
-124.66 -125.56 -125.54 -126.46 -124.26 -125.12 -127.08 -128.04 -127.98 -129.88 -130.9 -132.92 -131.86 -132.78 -132.78 -134.7 -136.76 -138.1 -141.14 -150.98 -161.8 -171.46 -181.98 -162.54 -158.16 -157.84 -154.74 -155.64 -156.56 -157.6 -158.74 -159.84 -161.06 -162.16 -162.32 -164.3 -166.24 -169.26 -172.26 -175.26 -177.26 -180.24 -181.04 -182.96 -183.86 -185.64 -186.52 -187.36 -188.14 -189.08 -189.9 -190.78 -190.64 -191.5 -191.38 -191.26 -191.92 -191.66 -191.4 -192.04 -191.8 -191.54 -191.34 -191.14 -190.9 -190.7 -190.54 -190.42 -189.46 -189.4 -189.4 -189.4 -189.38 -189.4 -191.4 -193.38
-121.46 -122.46 -123.36 -124.18 -126.1 -127.04 -126.96 -127.8 -128.68 -128.74 -130.68 -132.64 -131.62 -130.6 -131.54 -132.46 -132.5 -134.02 -137.08 -144.02 -153.86 -160.44 -164.96 -151.56 -149.14 -148.8 -150.66 -149.54 -150.54 -152.6 -153.7 -154.78 -154.84 -154.94 -156.06 -156.16 -160.12 -164.1 -167.1 -170.1 -173.12 -175 -176.92 -178.8 -180.68 -182.62 -183.42 -183.26 -184.02 -186 -185.82 -186.62 -186.54 -187.38 -187.24 -189.04 -188.76 -188.52 -189.24 -188.76 -187.48 -187.2 -186.04 -185.84 -187.6 -187.38 -187.2 -185.98 -185.96 -185.96 -185.9 -186.9 -186.96 -186.88 -186.96 -187.98
-119.2 -119.26 -119.18 -119.12 -122.94 -123.92 -123.78 -124.7 -125.62 -127.62 -130.48 -131.42 -128.38 -127.32 -128.26 -128.18 -128.36 -129.74 -133.98 -140.9 -147.7 -153.4 -153.96 -143.48 -141.14 -141.82 -143.68 -143.68 -145.62 -148.6 -148.62 -150.72 -150.86 -151.92 -153.02 -154.04 -156.98 -160.96 -164.02 -167.98 -169.9 -171.84 -174.78 -177.56 -178.38 -179.38 -180.36 -181.24 -182.06 -182.86 -183.66 -183.64 -184.46 -184.34 -185.22 -185.98 -185.62 -185.28 -185.88 -185.58 -184.2 -185.04 -184.76 -184.46 -184.24 -184.04 -182.84 -182.7 -182.5 -181.44 -182.58 -182.48 -182.46 -182.44 -182.38 -182.2
-114.86 -115.88 -114.96 -114.94 -118.9 -119.76 -121.62 -124.5 -123.5 -126.32 -129.26 -130.32 -127.18 -125.18 -125 -124.98 -125.1 -127.52 -132.86 -137.7 -140.58 -146.32 -142.92 -139.48 -136.08 -136.8 -137.7 -139.66 -141.58 -143.62 -145.7 -147.74 -147.88 -150.94 -152.86 -154.86 -155.86 -158.78 -161.84 -165.76 -167.74 -169.66 -172.52 -174.36 -175.24 -176.06 -177.06 -178.06 -178.96 -179.84 -179.58 -180.5 -181.38 -181.24 -182.04 -182.78 -182.42 -182.06 -182.66 -182.2 -182.96 -182.74 -180.5 -181.32 -180.06 -179.84 -178.56 -177.34 -177.1 -177.04 -176.98 -177.02 -174.84 -173.68 -174.52 -175.34
-112.42 -113.46 -113.62 -114.66 -117.62 -118.52 -120.44 -121.28 -122.24 -123.18 -126.08 -127.06 -123.92 -123.96 -123.86 -123.74 -121.82 -125.24 -128.56 -132.44 -136.38 -138.18 -137.88 -134.5 -132 -132.74 -133.74 -136.72 -137.76 -139.68 -141.76 -144.74 -146.76 -148.7 -150.74 -152.74 -154.76 -157.7 -160.68 -163.6 -165.58 -169.48 -170.32 -171.24 -172.14 -173.96 -174.9 -175.76 -175.82 -176.78 -176.6 -177.44 -177.32 -178.14 -178.84 -179.56 -180.2 -179.82 -180.44 -180 -179.74 -179.48 -179.2 -177.96 -177.72 -177.58 -176.36 -175.1 -173.8 -172.62 -172.44 -171.3 -169.24 -168 -167.86 -169.66
-110.18 -110.3 -112.48 -112.46 -115.28 -116.24 -119.08 -119.98 -121.92 -122.78 -123.8 -124.7 -124.6 -122.64 -122.56 -123.48 -123.66 -125.04 -130.34 -132.46 -134.34 -134.06 -137.72 -134.44 -130.08 -129.76 -131.62 -132.68 -133.82 -135.68 -139.6 -142.66 -143.7 -145.66 -148.66 -150.62 -151.56 -154.48 -157.42 -160.52 -162.44 -163.22 -165.14 -166.04 -169.92 -169.76 -170.62 -171.58 -170.64 -171.54 -173.46 -173.3 -174.18 -175.02 -173.74 -174.42 -176.98 -177.6 -177.22 -177.8 -177.38 -176.2 -176.02 -175.72 -174.54 -173.24 -172 -171.94 -170.78 -169.8 -167.74 -167.62 -166.6 -165.3 -165.22 -165.06
-109.86 -110.04 -112.28 -112.28 -112.06 -114.04 -114.8 -118.66 -119.46 -121.44 -122.32 -122.24 -122.26 -121.22 -121.26 -124.42 -128.54 -126.8 -132.18 -136.36 -136.26 -134.92 -134.62 -133.34 -126.12 -124.82 -127.82 -130.76 -131.64 -135.66 -139.56 -142.54 -142.48 -144.46 -147.44 -149.44 -150.28 -153.22 -156.28 -159.2 -161.38 -162.24 -163.1 -164.7 -167.6 -166.56 -167.46 -168.38 -168.32 -168.3 -169.28 -170.22 -171.16 -171.92 -171.54 -172.06 -173.76 -174.34 -174.92 -175.56 -175.14 -173.86 -172.66 -172.44 -171.32 -170.26 -169.18 -168.06 -167.1 -166.1 -164.96 -162.86 -161.78 -160.66 -161.5 -162.3
-110.64 -112.94 -114.08 -115.02 -115.84 -113.68 -114.5 -117.4 -119.28 -120.16 -119.92 -119.02 -119.12 -121.14 -123.24 -125.4 -128.54 -130.7 -139.96 -141.22 -139.94 -138.62 -137.38 -135.16 -129.8 -124.7 -126.68 -129.64 -131.58 -135.44 -137.42 -141.4 -144.34 -147.3 -149.22 -150.12 -151.1 -155.04 -157.1 -159.06 -159.14 -162.12 -163.9 -164.66 -163.46 -164.32 -165.24 -165.14 -165.04 -166.04 -166.02 -166.02 -166.88 -167.58 -168.3 -169.84 -170.52 -171.08 -170.62 -170.34 -171.9 -171.7 -171.66 -169.54 -170.44 -168.3 -167.3 -166.3 -165.34 -163.36 -162.18 -161.1 -156.92 -156.94 -159.8 -160.68
-107.56 -111.68 -113.96 -114.72 -116.56 -116.54 -114.24 -117.04 -120.82 -118.58 -118.64 -120.84 -118.94 -122.08 -123.14 -124.24 -126.4 -132.68 -137.86 -141.84 -140.64 -139.42 -139.12 -137.98 -135.68 -127.54 -128.6 -129.56 -131.38 -134.36 -137.24 -141.14 -144.08 -146.02 -149.02 -149.9 -150.92 -155.86 -155.8 -157.94 -156.94 -160 -160.76 -161.64 -160.4 -162.24 -162.02 -161.94 -162.8 -163.72 -163.7 -163.64 -164.5 -166.2 -166.94 -167.58 -168.18 -168.8 -168.42 -168.26 -169.88 -168.74 -167.76 -166.62 -167.56 -165.6 -165.6 -164.54 -161.56 -159.52 -158.48 -156.32 -154.14 -152 -156.94 -158.9
