data/default-data/raster/climate/tmp_6.txt
ncols         720
nrows         360
xllcorner     -180
yllcorner     -90
cellsize      0.5
NODATA_value  -9999
[rows 33 to 65 of 360, columns 608 to 683 of 720]
87.8 88.82 88.82 89.86 90.84 91.86 91.82 92.84 94.82 94.8 66.8 -9999 -9999 -9999 -9999 -9999 -9999 -9999 -9999 -9999 -9999 -9999 -9999 -9999 -9999 -9999 -9999 -9999 -9999 -9999 -9999 24.86 22.76 18.78 14.74 81.68 78.56 77.6 76.48 9.52 -9999 -9999 -9999 -9999 -9999 -9999 -9999 -9999 -9999 -9999 -9999 -9999 -9999 -9999 -9999 -9999 -9999 -9999 -9999 -9999 -9999 -9999 -9999 -9999 -9999 -9999 -9999 -9999 -9999 -9999 -9999 -9999 -9999 -9999 -9999 -9999
88.88 90.9 91.92 92.88 92.94 93.88 94.92 96.92 97.92 97.9 72.84 -9999 -9999 -9999 -9999 -9999 -9999 -9999 -9999 -9999 -9999 -9999 -9999 -9999 -9999 -9999 -9999 -9999 -9999 -9999 -9999 -9999 -9999 24.76 85.76 83.8 15.7 13.56 12.58 14.58 18.6 22.66 -9999 -9999 -9999 -9999 -9999 -9999 -9999 -9999 -9999 -9999 -9999 -9999 -9999 -9999 -9999 -9999 -9999 -9999 -9999 -9999 -9999 -9999 -9999 -9999 -9999 -9999 -9999 -9999 -9999 -9999 -9999 -9999 -9999 -9999
83.86 86.84 85.98 89.92 94.96 95.94 93.84 95.94 100 101 77.86 -9999 -9999 -9999 -9999 -9999 -9999 -9999 -9999 -9999 -9999 -9999 -9999 -9999 -9999 -9999 -9999 -9999 -9999 -9999 39.02 95.02 91.92 86.84 87.84 85.8 84.72 82.66 81.72 79.62 79.68 77.66 75.64 73.76 71.7 70.68 68.78 67.72 67.78 67.8 51.78 52.78 -9999 -9999 -9999 -9999 -9999 -9999 -9999 -9999 -9999 -9999 -9999 -9999 -9999 -9999 -9999 -9999 -9999 -9999 -9999 -9999 -9999 -9999 -9999 -9999
90.08 91.02 90.06 84.04 86 89.98 96.06 95.98 90.98 100.98 81 -9999 -9999 -9999 -9999 -9999 77.14 107.02 75.12 -9999 -9999 -9999 -9999 63.26 61.26 -9999 57.22 55.12 52.14 49.08 -9999 99.1 93.96 91.98 90.88 89.8 87.76 85.78 84.7 82.76 80.76 79.7 77.8 75.74 73.78 70.78 68.84 67.82 66.8 67.88 69.9 69.92 59.88 -9999 -9999 -9999 -9999 -9999 -9999 -9999 -9999 -9999 -9999 -9999 -9999 -9999 -9999 -9999 -9999 -9999 -9999 -9999 -9999 -9999 -9999 -9999
84.04 86.1 92.1 89.1 86.04 92.04 96.04 93.02 91.02 99.98 103.06 86 -9999 -9999 -9999 86.22 110.18 109.1 110.22 110.24 110.32 109.3 109.46 107.4 107.3 106.26 107.2 106.3 105.18 103.18 101.18 101.14 97 96.06 94.06 92.84 90.82 89.78 87.7 85.78 83.74 81.76 79.88 76.82 74.86 72.86 70.86 68.86 68.84 69.88 70.92 71.98 73.02 76.02 76.04 78.04 -9999 -9999 -9999 -9999 -9999 -9999 -9999 64.98 62.02 59.96 58 -9999 -9999 -9999 -9999 -9999 -9999 -9999 -9999 -9999
91.12 97.18 98.18 99.12 98.02 98.1 100.06 97.12 86.12 87.16 93.22 99.16 97.26 106.16 111.22 113.32 112.32 112.34 111.34 110.4 106.4 105.5 107.44 108.46 108.38 108.3 107.3 107.26 106.26 105.28 103.22 101.22 100.1 99.04 98.06 95.96 94.9 92.82 90.84 88.8 86.82 84.9 82.86 80.92 77.94 75.9 72.88 69.96 71.08 70 69.98 73.02 76.08 77.18 78.16 79.18 81.18 81.18 82.24 82.18 82.18 82.2 81.16 81.08 80.1 80.06 80.02 79.02 79.08 78.98 79.02 46.04 -9999 -9999 -9999 -9999
100.12 101.2 102.18 104.16 103.12 101.06 97.14 91.16 84.22 75.2 83.24 84.24 82.38 96.4 105.34 113.46 113.38 113.44 110.44 110.46 94.46 97.58 107.54 105.54 106.44 109.38 106.36 105.46 106.32 102.3 102.28 99.2 97.16 98.1 99.14 99.04 97 94.9 93.88 92.86 90.92 88.82 86 83.94 81.96 79 77.06 73.98 70.98 65.98 69.06 71.02 74.04 79.18 81.08 82.2 81.2 79.2 84.22 84.18 84.24 84.22 84.08 84.12 83.06 83.12 82.04 82.08 81.02 81.02 80.04 81.04 49.06 -9999 -9999 -9999
105.24 106.18 107.28 107.24 103.26 96.26 86.3 78.26 77.38 67.34 64.36 69.34 81.44 95.46 102.42 115.48 116.52 111.56 103.54 100.6 92.6 105.62 108.56 105.58 100.5 89.5 92.44 85.5 84.44 81.36 85.32 73.3 83.24 84.16 83.12 85.12 84.06 89.02 83.88 86.92 88.98 87.94 88.06 86.04 84.12 81.12 79.12 76.08 72.02 71.94 72.02 74 77.22 72.16 79.18 84.16 84.22 81.2 84.2 85.26 86.18 85.18 85.1 85.14 85.06 84.06 84.12 83.04 81.98 81.94 81.02 82 56.1 51.34 46.5 42.62
108.3 109.24 108.24 104.26 101.32 85.4 74.42 65.42 57.46 41.4 58.5 72.56 82.54 86.62 105.62 113.52 110.6 103.66 108.68 111.66 114.74 111.62 106.64 99.66 96.66 92.56 93.54 88.5 87.38 84.42 85.32 77.34 88.22 96.24 93.24 86.16 85.06 83.1 92.06 92.94 92.08 88.08 87.16 89.12 86.22 86.12 84.24 83.12 79.98 78 76.92 84.02 85.04 86.14 87.14 88.14 88.16 89.2 89.14 89.22 89.16 89.02 89.1 88.12 88.02 87.06 86.04 86 85.02 84.06 83.1 83.14 84.2 83.34 83.58 80.7
111.34 109.28 107.44 106.44 105.38 93.56 81.52 69.5 60.52 36.62 53.58 67.56 81.64 98.62 102.74 94.7 100.78 109.8 111.7 110.86 118.82 113.74 105.72 103.72 105.66 103.62 87.54 77.52 72.52 87.42 83.44 70.42 80.38 92.36 92.34 93.2 99.16 102.18 103.14 101.16 100.16 98.18 96.16 94.34 92.3 90.34 89.3 87.22 88.08 87.08 87.94 88.92 90.02 90.14 91.1 92.12 92.1 93.1 93.08 93.1 93.12 92.06 92.1 91.04 91.12 90.08 89 88.06 86.96 86.98 86.04 85.08 84.26 83.4 83.6 81.74
113.64 111.62 104.58 102.62 98.56 77.64 69.66 61.68 43.66 36.64 57.68 59.64 74.7 95.76 95.86 103.8 113.8 112.82 110.82 109.88 108.9 112.84 108.78 97.78 89.7 86.64 87.6 91.68 71.54 42.58 93.52 69.48 65.44 76.42 84.4 83.38 107.24 109.26 107.22 105.28 104.28 102.32 100.42 98.34 96.48 95.36 93.28 86.22 86.14 90.12 91.92 93.04 93.94 94.08 95.1 96.1 96.14 96.08 96.1 96.02 96.12 96.08 95.06 93.98 93.08 93 91.98 91.12 90.06 87.04 87.1 87.12 86.28 86.46 85.68 84.76
116.86 113.94 108.86 108.88 93.82 76.92 70.88 69.82 46.96 47.96 66.86 79.9 88.9 99.9 103.88 102.84 110.02 115.94 116.98 119.02 118.96 116.9 108.92 111.76 113.78 106.78 96.72 68.7 61.7 48.6 68.68 102.56 89.52 99.54 103.54 88.5 98.38 104.38 106.36 108.34 107.38 106.46 104.42 102.46 100.56 98.36 95.34 77.26 80.18 85.1 86.96 92.92 95.94 97.02 99.06 100.1 100.04 99.04 100.06 100.06 99 99.12 98 97.04 95.96 93.02 91.02 87.12 87.08 88.1 76.08 72.16 76.38 82.56 85.82 88.78
118.16 116.2 111.08 110.12 99.14 81.14 73.2 63.16 56.18 49.16 66.16 88.16 97.24 99.16 104.2 112.18 118.26 117.12 117.1 109.06 107.1 102.02 117.94 120.92 111.96 107.86 107.8 99.76 73.76 58.76 58.66 59.64 79.64 102.62 101.64 89.52 87.46 100.48 74.46 78.44 85.56 98.54 102.58 103.56 104.5 103.48 98.42 89.36 83.18 89.12 91.98 96.96 100 101.92 103.06 103.02 103.96 103.96 103.92 102.08 97 99.98 100 94.02 92.06 90.04 88.08 82.08 80.16 84.14 85.06 82.22 72.28 72.56 76.76 80.9
123.44 119.44 116.44 104.46 89.44 78.42 73.44 67.48 63.44 67.5 82.38 90.38 94.44 96.5 106.42 120.54 116.48 118.44 113.38 109.16 112.18 100.1 86.08 92 92.02 99 95.92 93.92 76.92 66.82 57.82 48.76 44.76 76.7 91.78 97.64 96.62 102.6 87.52 62.56 45.58 35.6 62.68 81.64 92.62 101.48 103.4 104.32 103.22 103.2 103.1 105.06 104.92 105.92 106.02 107 107.98 103.92 103.98 99.98 96.98 94.96 100.04 93.06 89.08 81.12 86.08 87.1 81.18 78.18 82.1 82.28 75.4 79.56 76.72 77.92
126.68 125.68 120.72 110.74 100.68 90.72 82.66 75.74 63.66 68.72 64.76 73.76 82.72 93.76 113.68 110.78 112.7 118.58 109.46 98.28 101.16 90.14 89.14 97.04 87.06 96.06 84.1 68.96 54 54.96 42.92 39.9 45.84 50.9 51.84 60.7 76.68 92.7 105.64 92.66 78.74 64.76 48.8 46.76 49.68 58.58 76.48 84.32 97.3 100.24 104.04 106.04 108.92 109.9 109.92 110.04 103.98 98.96 105.98 87.98 83 84.04 87.08 85.12 84.14 81.16 84.14 82.16 79.14 78.18 85.12 76.2 74.32 69.46 68.72 68.8
130.04 130.96 129.06 125.02 112.08 101.94 91.94 89.02 73.88 73.06 55.98 58.92 80.96 92.04 99.96 106.06 101.98 107.76 100.6 96.52 100.26 93.34 88.28 83.12 88.1 87.16 85.18 81.06 67.12 52.02 44 49.98 42.98 39.94 46.96 57.94 58.78 74.82 79.78 76.8 76.8 83.82 79.76 75.7 67.7 52.62 47.48 54.52 64.36 73.3 91.16 103.18 110.98 112.86 113.9 106.88 97.98 98.94 96.9 94.12 83.04 88.02 79.02 94.06 92.12 86.12 74.18 78.06 84.12 88.14 82.1 76.12 61.16 57.42 56.4 60.74
134.34 134.36 134.26 128.2 119.28 113.24 106.2 94.18 82.26 72.28 63.22 72.22 74.2 91.24 95.16 92.16 94 105.9 92.76 89.62 88.44 90.32 91.3 95.34 87.2 80.26 74.2 72.2 69.22 67.16 67.06 69.1 54.08 43.98 46.08 47 50.98 67.86 85.86 49.9 53.88 64.94 42.82 29.8 34.68 87.66 59.64 31.5 38.46 49.3 64.2 103.14 113 115.92 116.94 111.94 104.04 104 97.96 96.04 94.08 93.06 103.1 98.04 89.1 88.12 80.08 76.18 66.16 75.06 75.06 69.16 81.18 79.2 70.32 61.68
137.64 137.62 137.64 136.54 120.5 119.5 107.46 90.48 74.38 70.48 87.5 78.48 75.44 85.4 77.48 71.38 81.26 76.08 76.98 73.78 72.66 79.44 76.44 91.28 84.4 75.24 73.28 68.22 68.28 69.16 70.2 73.14 67.16 66.14 66.08 62.12 65.98 64.02 67 63.02 63.06 68.96 50.88 44.82 28.76 41.58 57.64 68.5 59.36 59.34 69.26 78.08 100.14 115.04 118.04 116.94 112 113.14 104.1 105 107.12 101.06 98.08 97.16 94.04 90.04 85.08 77.06 63.04 62.14 59.08 61.04 80.06 81.14 71.18 63.52
138.98 140.94 140.94 140.82 139.8 134.78 128.78 116.68 107.72 100.76 94.72 94.74 107.74 102.64 90.68 94.6 88.5 67.24 71.18 70.02 74.78 72.56 85.4 87.46 87.34 85.4 81.34 67.34 66.3 64.32 59.28 60.3 63.24 73.22 75.2 78.12 79.16 82.04 68.06 53.1 60.02 70.96 69.9 56.86 51.8 47.74 32.6 42.46 55.38 72.28 83.28 82.24 82.12 93.18 111.16 113.06 109.06 103.2 106.14 103.18 113.2 106.18 98.14 87.18 86.08 71.08 79.16 61.98 46.02 57.06 56.98 44 53.14 66.1 65.16 61.32
142.24 141.22 141.16 142.1 144.08 144.14 144 143.96 142.96 138.98 140.98 141 141.9 140 134.86 130.7 124.54 123.36 114.26 111.18 99.98 94.74 103.54 102.54 98.4 90.46 90.36 77.44 59.42 50.4 43.3 43.36 54.4 59.28 68.3 74.22 84.2 73.14 73.2 65.18 44.14 55.02 69.96 70.94 56.8 46.72 36.6 38.54 49.46 55.3 63.32 75.3 83.28 94.28 93.26 105.12 113.16 106.12 114.2 104.24 109.24 87.14 80.22 92.12 78.1 62.16 65.12 68.1 53.02 47 46.08 53.04 53.04 56.1 59.16 56.16
139.5 139.58 139.46 140.44 142.38 143.24 144.26 147.26 145.32 148.2 147.12 150.2 149.22 148.12 147.96 147.78 140.6 139.54 139.44 138.26 136.06 133.88 131.68 126.66 121.6 115.52 92.48 83.48 73.4 63.44 40.42 39.36 40.44 59.42 63.3 78.36 77.24 84.34 94.24 84.18 69.2 51.06 55.96 56.86 50.76 58.7 54.64 58.58 37.48 56.48 67.38 76.38 84.36 81.4 75.28 94.28 108.28 114.16 97.28 101.24 100.26 83.2 72.16 84.18 74.2 67.16 55.2 56.12 55.16 50.12 54.04 52.04 55.98 53.06 67.08 61.2
139.46 139.64 139.66 139.6 141.66 141.68 143.6 144.58 143.58 144.48 145.42 151.5 152.46 151.32 144.14 142.98 140.86 139.68 138.64 137.38 137.28 136.1 133.74 131.74 128.72 120.54 107.54 81.6 63.46 63.48 44.44 34.54 34.44 24.44 35.52 57.44 61.4 66.3 77.2 66.1 69.04 58.98 40.82 49.76 61.68 65.56 58.48 61.48 64.46 53.44 57.4 72.42 87.42 99.34 94.38 102.26 122.26 112.3 109.26 102.18 91.24 82.24 73.16 68.18 73.18 61.14 48.22 41.04 56.12 57.04 53.04 65.98 72 76.92 86.08 91.12
142.42 140.5 140.54 140.7 141.6 142.66 141.64 142.72 145.72 146.84 146.62 150.7 152.64 150.54 145.28 144.24 142.02 141.84 140.84 139.58 138.44 137.24 134 130.82 125.72 114.8 94.76 83.72 80.68 67.64 47.64 49.56 34.6 32.56 13.46 29.32 46.32 39.16 37.02 42.92 50.88 39.82 41.74 50.64 48.5 53.44 62.38 63.46 60.42 52.38 40.36 65.38 84.36 90.34 78.32 89.28 93.28 84.34 96.26 97.24 83.22 76.22 66.3 68.16 65.16 65.16 53.14 50.2 61.16 77.08 70 80.06 96.02 96.06 92.02 89.06
134.26 137.4 140.56 142.62 144.66 144.64 144.64 144.68 144.74 145.7 148.76 154.6 151.7 149.56 145.52 144.4 144.26 143.12 142 140.9 139.7 136.56 133.18 126.06 114.94 99.84 79.84 60.88 52.82 61.78 52.72 43.7 41.52 44.52 26.4 45.46 37.3 30.1 24.84 36.92 31.74 30.66 40.6 46.58 37.44 48.44 57.4 48.3 54.28 62.32 62.32 60.34 46.4 62.44 64.32 76.34 76.32 80.28 75.38 89.22 80.24 68.24 64.2 62.22 57.16 77.14 92.18 96.18 99.06 87.98 93.94 104 96.9 82.02 65.06 76.04
132.36 134.42 137.5 139.62 143.64 146.7 148.58 149.64 151.58 151.54 150.44 148.34 147.5 145.58 145.58 144.52 144.44 143.36 142.16 139.98 139.9 137.66 134.48 122.22 114.12 92.04 70.02 66.94 65.82 60.82 54.72 43.62 45.48 58.56 35.5 43.34 58.22 52.98 51.76 48.64 38.64 34.56 40.4 57.42 46.34 41.38 39.34 44.32 40.28 55.28 53.36 57.38 52.34 61.4 60.48 59.34 65.38 71.36 69.36 67.32 63.28 65.22 55.22 68.2 78.2 78.18 -9999 -9999 -9999 -9999 -9999 95.96 91.94 86.98 85.04 98.04
139.32 137.42 137.54 137.48 134.5 133.44 137.52 138.54 138.4 139.26 138.18 141.22 144.22 144.28 145.36 146.4 144.36 143.38 143.3 144.28 144.1 143.94 141.68 128.46 113.18 95.06 78.02 80.92 56.88 52.68 45.7 51.64 58.58 65.46 63.36 45.2 61.06 67.86 60.64 61.56 49.52 63.34 63.28 67.3 58.26 51.26 55.34 50.22 54.3 53.3 52.3 39.32 41.38 47.36 47.38 48.5 43.4 50.44 58.4 51.36 60.3 68.24 71.34 96.3 -9999 -9999 -9999 -9999 -9999 -9999 -9999 89.04 81.92 94.98 76.92 -9999
138.2 134.24 132.42 131.38 131.36 131.44 133.3 134.26 139.14 139.04 141.92 145.94 146.94 146.08 144.12 145.18 145.32 144.32 142.26 148.24 148.12 143.94 133.82 125.5 112.18 99.08 82.98 85.02 62.86 70.8 67.76 72.64 73.6 68.54 63.34 66.14 67.9 70.8 64.58 58.42 54.32 65.32 74.28 66.26 70.32 75.32 77.26 81.38 69.32 72.38 62.38 51.44 58.36 57.4 52.42 62.44 53.48 63.4 69.42 69.38 85.32 95.38 89.28 -9999 -9999 -9999 -9999 -9999 -9999 -9999 -9999 -9999 -9999 -9999 -9999 76.04
141.08 138.12 135.26 137.24 139.26 139.24 140.12 143 141.86 140.74 143.7 141.62 142.56 144.82 146.86 144.96 146.96 148.06 147.14 141.2 138.08 134.88 128.46 123.26 108.06 81.82 70.82 85.74 75.74 75.74 61.66 67.64 67.64 68.54 70.28 71.02 76.82 82.6 80.44 70.26 71.34 70.32 67.3 80.34 84.32 81.34 82.34 86.36 80.36 83.46 88.38 83.46 84.44 76.42 81.5 82.36 72.42 77.42 82.5 91.42 99.4 -9999 -9999 -9999 -9999 -9999 -9999 -9999 -9999 -9999 -9999 -9999 -9999 76.94 93.02 72.98
139.02 143 143.14 145.1 142.1 141.92 135.82 134.62 139.58 140.56 141.34 145.4 145.48 147.58 149.58 148.64 147.74 144.8 131.94 128.06 123 124.6 127.28 113.98 104.78 89.5 81.44 72.32 75.32 75.32 67.4 61.2 70.16 72.08 71 75.7 75.56 85.4 81.26 82.32 84.28 84.34 77.4 80.28 85.4 78.46 89.42 82.48 81.46 84.48 87.46 -9999 -9999 82.46 71.36 80.5 82.46 75.38 71.42 88.4 89.32 89.26 77.4 -9999 -9999 -9999 -9999 -9999 -9999 -9999 -9999 79.02 97.02 85.94 69.06 44.16
136.98 140 137.02 135.94 127.76 129.68 139.52 139.42 141.34 144.26 143.12 147.2 147.16 146.28 145.36 142.5 137.46 135.58 124.62 125.72 128.66 120.48 113.1 105.72 100.44 82.2 80.98 78 72.98 68.92 60.92 68.9 61.82 79.54 70.44 87.34 -9999 -9999 -9999 -9999 -9999 -9999 -9999 -9999 -9999 -9999 -9999 -9999 -9999 -9999 -9999 -9999 -9999 -9999 65.38 60.38 71.38 71.36 -9999 -9999 -9999 -9999 -9999 -9999 -9999 -9999 -9999 -9999 -9999 -9999 69.98 97.04 85.98 67.96 53.02 76
137.08 131.92 123.88 113.7 127.5 128.46 129.3 126.18 127.08 122.88 112.92 120.86 107.98 102.1 132.1 119.2 130.26 133.32 124.38 121.48 116.34 117.1 111.82 99.58 90.28 85.92 77.76 69.62 61.62 52.54 51.62 62.46 69.18 83.18 82.98 -9999 -9999 -9999 -9999 -9999 -9999 -9999 -9999 -9999 -9999 -9999 -9999 -9999 -9999 -9999 -9999 -9999 -9999 -9999 -9999 -9999 -9999 -9999 -9999 -9999 -9999 -9999 -9999 -9999 -9999 -9999 -9999 -9999 73.98 97.96 95.8 91.94 83.88 42.92 77.98 91.94
126 120 107.7 108.52 129.24 117.08 113 109.9 110.84 105.78 104.6 120.6 109.78 120.76 120.84 108.94 114.02 117.04 113.1 109.16 110.02 104.78 111.48 102.3 102.02 89.68 78.46 64.26 61.3 46.2 49.14 63.9 85.82 -9999 -9999 -9999 -9999 -9999 -9999 -9999 -9999 -9999 -9999 -9999 -9999 -9999 -9999 -9999 -9999 -9999 -9999 -9999 -9999 -9999 -9999 -9999 -9999 -9999 -9999 -9999 -9999 -9999 -9999 -9999 -9999 72 90.98 88.88 89.84 91.86 93.84 87.86 61.88 43.92 90.9 99
128.9 134.7 122.56 120.3 118.08 115.86 104.76 98.64 116.56 111.4 112.42 118.4 115.5 120.5 123.6 112.7 110.72 118.76 117.88 119.94 107.76 107.46 105.2 97.94 87.72 65.44 59.12 47.82 57.88 56.88 83.66 80.6 -9999 -9999 -9999 -9999 -9999 -9999 -9999 -9999 -9999 -9999 -9999 -9999 -9999 -9999 -9999 -9999 -9999 -9999 -9999 -9999 -9999 -9999 -9999 -9999 -9999 -9999 -9999 -9999 -9999 -9999 -9999 -9999 -9999 74.92 78.84 78.9 79.82 86.96 89.84 75.82 51.88 77.86 96.02 99.94
