data/default-data/raster/climate/tmp_4.txt
ncols         720
nrows         360
xllcorner     -180
yllcorner     -90
cellsize      0.5
NODATA_value  -9999
[rows 99 to 131 of 360, columns 152 to 227 of 720]
91.06 89.9 93.8 98.54 102.08 100.82 100.24 105.7 112.12 109.14 111.06 111.82 111.42 108.84 111.64 113.66 119.84 116.76 111.08 108.32 108.62 109.5 113.86 117.38 122.3 118.44 114.84 115.26 115.1 112.82 111.98 110.2 113.6 114.14 112.6 109.82 103.46 98 96.08 96.26 94.14 97.94 99.66 102.54 104 101.6 102.12 103.72 101.54 99.42 95.14 93.64 97.08 101.84 102.6 102.06 96.94 104.82 106.6 105.66 101.62 -9999 -9999 -9999 -9999 -9999 -9999 -9999 -9999 -9999 -9999 -9999 -9999 -9999 -9999 -9999
88.26 87.1 93.94 99.74 100.3 100.08 103.26 105.02 109.24 112.52 117.72 118.2 116 114.8 120.98 125.08 127.88 128.72 123.6 118.66 117.98 117.38 117.76 121.38 125.24 123.44 120.56 117.62 120.66 123.34 122.62 120.36 121.08 124.16 118 117.48 109.04 104.72 105.82 110.46 104 105.96 108.48 110 107.8 105.7 106.96 105.28 100.24 91.64 105.42 109.54 110.2 112.16 111.6 110.5 113.02 116.56 110.78 104.2 -9999 -9999 -9999 -9999 -9999 -9999 -9999 -9999 -9999 -9999 -9999 -9999 -9999 -9999 -9999 -9999
81.38 86.66 93.22 96.92 99.42 100.92 104.2 108.32 113.66 116.62 121.74 125.24 124.94 125.16 129.08 126.74 129.4 134.56 131.02 127.18 125.38 123.78 124.08 123.42 123.88 123.22 126.42 128.46 130.7 129.26 127.1 126.56 127.04 125.24 119.8 117.5 114.88 113.38 118.4 117.04 111.66 110.98 111.44 112.9 111.62 108.74 108.6 107.34 93.86 93.86 111.16 117.24 123.16 119.3 119.62 120.74 120.86 119.22 110.42 109.1 -9999 -9999 -9999 -9999 -9999 -9999 -9999 -9999 -9999 -9999 -9999 -9999 -9999 -9999 -9999 -9999
92.38 97.64 100.56 101.78 104 107.78 108.32 113.1 117.72 120.72 123.84 128.38 132.8 132.88 129.12 124.82 130.3 140.48 135.38 135.1 132.18 131.22 129.78 130 131.04 132.44 136.12 140.5 138.72 134.16 129.86 128.86 129.62 134.82 125.82 124.78 123.42 123.06 124.14 123.8 120.96 120.46 121.9 121.3 117.96 114.6 111.62 100.44 82.14 99.6 114.4 124.96 133.66 134.6 130.58 130 127.32 122.28 -9999 -9999 -9999 -9999 -9999 -9999 -9999 -9999 -9999 -9999 -9999 -9999 -9999 -9999 -9999 -9999 -9999 -9999
111.34 110.76 109.48 110.08 108.54 111.42 113.42 116.92 121.46 122.98 127.86 132.48 135.92 134.94 135.22 133.78 134.88 137.08 137.38 137.3 137.96 136.98 137.34 137.42 136.5 136 136.92 139.72 141.46 135.42 131.82 133.52 132.82 136.46 133.96 132.98 136.64 120.24 121.24 126.86 128.62 126.36 132.2 128.4 126.92 123.32 105.1 92.18 99.54 107.12 123.98 134.26 132.4 130.7 133.64 133.28 126.36 121.7 -9999 -9999 -9999 -9999 -9999 -9999 -9999 -9999 -9999 -9999 -9999 -9999 -9999 -9999 -9999 -9999 -9999 -9999
112.5 113.36 110.14 115.08 118.64 119.72 122.6 125.5 128.54 130.84 133.38 137.96 139.04 140.08 140.8 138.66 139.46 138.28 136.98 136.24 136.72 138.54 140.86 142.12 138.58 134.22 131.04 135.1 141.42 141.5 141.16 141.74 139.16 143.5 141.08 136.78 134.74 127.22 127.56 131.02 129.56 130.5 132.46 129.78 124.42 114.32 110.44 111.14 124.72 125.66 138.2 142.88 138.68 137.82 139.1 133.62 129.96 128.92 -9999 -9999 -9999 -9999 -9999 -9999 -9999 -9999 -9999 -9999 -9999 -9999 -9999 -9999 -9999 -9999 -9999 -9999
102.72 101.18 111.08 119.42 123.72 127.84 130.18 134.46 141.24 143.2 144.8 147.04 148.14 148.58 144.18 141.84 146.12 143.66 138.8 136.84 137.2 137.04 139.94 140.84 140.94 139.48 138.3 140.26 146.56 152.1 149.7 144.74 143 142.84 142.76 139.32 134.46 130.96 130.22 131.46 130.28 130.1 126.12 124.58 116.94 107.56 108.9 110.02 136.7 139.6 140.9 142.58 142.52 145.42 143.46 137.44 135.18 -9999 -9999 -9999 -9999 -9999 -9999 -9999 -9999 -9999 -9999 -9999 -9999 -9999 -9999 -9999 -9999 -9999 -9999 -9999
88.5 108.12 119.12 124.72 129.82 134.84 137.66 141.92 154.7 156.74 155.74 156.98 160.24 159.48 155.96 153.8 153.54 150.54 146.84 143.72 146.54 147.54 149.52 150.74 148.12 149.02 150.8 153.24 154.08 157.32 152.74 146.98 143.26 144.06 143.64 142.82 138.14 135.74 131.78 131.56 129.06 125.94 119.94 121.32 110.88 100.68 111.56 124.8 139.2 140.16 143.4 141.14 144.02 145.12 145.38 144.92 140.56 -9999 -9999 -9999 -9999 -9999 -9999 -9999 -9999 -9999 -9999 -9999 -9999 -9999 -9999 -9999 -9999 -9999 -9999 -9999
105.94 116.38 125.84 129.04 133.72 138.52 139.52 145.04 152.1 154.54 158.02 161.46 162.84 163.6 163.62 160.86 161.56 158.72 153.82 150.84 153.9 151.92 155.78 156.86 156.16 159.32 161 160.12 158.92 156.92 154.12 149.54 147.72 149.3 150.02 147.18 143.4 137.82 131.66 131.78 135.14 136.16 130.4 113.26 107.8 125.78 141.16 142.58 146.18 144.1 144.26 142.48 144.6 146.32 146.82 147.58 144.9 -9999 -9999 -9999 -9999 -9999 -9999 -9999 -9999 -9999 -9999 -9999 -9999 -9999 -9999 -9999 -9999 -9999 -9999 -9999
131 131.32 138.26 137.42 139.76 141.56 144.46 149.38 155.38 162.32 159.12 163.04 162.8 164.08 166.06 165.96 164.4 164.4 155.24 151.38 152.26 153.48 155.32 158.42 161.34 164.08 164.48 163.56 160.58 158.46 154.82 151.46 148.5 147.68 146.64 147.32 149.14 138.36 141.02 143.04 137.12 123.06 98.32 107.56 142.06 149.02 151.18 151.14 148.82 148.74 152.84 150.84 149.62 148.88 151.44 150.94 149.16 -9999 -9999 -9999 -9999 -9999 -9999 -9999 -9999 -9999 -9999 -9999 -9999 -9999 -9999 -9999 -9999 -9999 -9999 -9999
138.08 147.06 143.04 140.84 141.96 141.62 149.46 155.78 163.74 164.7 164.82 164.56 162.32 164.42 166.56 164.26 163.44 159.98 162.8 163.64 167.8 171.44 171.82 167.66 166.46 165.04 164.96 168.06 165.4 160.64 156.9 152.62 143.36 145.56 145.66 148.16 146.08 146.6 148.28 136.26 121.06 113.26 111.68 142.64 157.7 158.4 156 156.7 153.36 154.22 158.08 161.64 158.84 154.98 156.5 154.8 155.12 -9999 -9999 -9999 -9999 -9999 -9999 -9999 -9999 -9999 -9999 -9999 -9999 -9999 -9999 -9999 -9999 -9999 -9999 -9999
135 140.68 142.16 143.74 146.84 153.58 160.68 163.72 169.54 173.34 167.12 166.76 167.32 170.76 167.04 168.1 164.44 161.56 159.96 157.94 163.9 169.32 171.86 174.02 169.24 165.72 167.16 170.72 167.84 161.66 160.84 158.14 156.18 157.16 157.1 150.42 149.56 149.12 148.68 135.6 134.3 144.44 156.22 158.66 166.02 166.36 160.04 158.12 160.06 163.44 164.62 165.48 164.32 162.98 162.16 159.42 -9999 -9999 -9999 -9999 -9999 -9999 -9999 -9999 -9999 -9999 -9999 -9999 -9999 -9999 -9999 -9999 -9999 -9999 -9999 -9999
141.96 145.64 148.2 150.6 151.84 154.78 164.78 166.86 168.98 173.28 173.08 174.12 174.12 174.74 171.96 171.52 169.72 167.38 164.08 163.6 168.96 174.4 176.46 174.78 172.52 170.74 169.58 167.52 164.52 163.48 166.18 166.02 160.82 162.34 160.62 158.34 154.18 154.06 154.72 151.96 155.7 161.58 162.52 158.64 169.02 169.26 157.4 165.14 174.72 171.46 168.2 167.34 169.14 164.6 -9999 -9999 -9999 -9999 -9999 -9999 -9999 -9999 -9999 -9999 -9999 -9999 -9999 -9999 -9999 -9999 -9999 -9999 -9999 -9999 -9999 -9999
148.1 149.58 154.94 156.84 159.58 161.3 169.2 169.26 175.44 175.82 176.12 177.02 175.02 174.96 175.76 173.22 173.78 171.82 173.24 175.38 178.84 179.98 179.72 176.3 175.34 174.52 173.16 171.56 168.2 168.32 171.72 172.46 169.76 168.44 167.24 166.96 160.88 157.92 163.12 166.16 165.16 167.04 165.14 165.5 172.3 175 170.04 171.16 175.1 174.7 173.18 172.22 170.48 -9999 -9999 -9999 -9999 -9999 -9999 -9999 -9999 -9999 -9999 -9999 -9999 -9999 -9999 -9999 -9999 -9999 -9999 -9999 -9999 -9999 -9999 -9999
154.06 157.52 162.92 163.78 167.7 174.22 175.22 174.44 180.56 178.5 179.06 176.08 178.06 180.14 180.5 174.26 174.86 176.48 176.3 178.38 180.76 181.8 180.5 179.06 178.98 178.72 177.96 176.72 173.18 171.32 173.72 176.16 175.04 171 170.72 169.52 163.18 166.28 171.46 170.6 171.26 165.8 167.26 168.52 175.76 180.66 176.84 173.46 179.6 179.3 -9999 -9999 -9999 -9999 -9999 -9999 -9999 -9999 -9999 -9999 -9999 -9999 -9999 -9999 -9999 -9999 -9999 -9999 -9999 -9999 -9999 -9999 -9999 -9999 -9999 -9999
163.58 172.3 177 179.02 179.84 180.3 179.12 181.02 184.14 184.26 182.26 182.26 179.32 185.64 185.46 179.92 177.86 177.94 179.9 181.88 184.88 183.52 181.16 180.98 181.8 183.94 184.24 181.28 178 174.98 176.36 179.34 181.38 179.18 173.06 172.24 169.54 167.96 174.84 176.86 177.62 173.04 173.24 175.58 179 182.78 182.46 182.62 183.14 -9999 -9999 -9999 -9999 -9999 -9999 -9999 -9999 -9999 -9999 -9999 -9999 -9999 -9999 -9999 -9999 -9999 -9999 -9999 -9999 -9999 -9999 -9999 -9999 -9999 -9999 -9999
175.2 178.1 182.1 185.34 185.94 186.38 183.06 179.1 184.92 182.34 183.36 181.14 184.5 185.94 186.56 185.2 181.36 180.58 182.66 184.94 188.1 186.72 184.4 183.08 186.38 189.32 188.16 183.48 179.54 179.06 179.62 181.34 182.34 184.18 183.24 181.86 176 179.74 181.58 179.5 181.24 182.36 180.58 179.76 183.06 187.66 188.54 186.62 -9999 -9999 -9999 -9999 -9999 -9999 -9999 -9999 -9999 -9999 -9999 -9999 -9999 -9999 -9999 -9999 -9999 -9999 -9999 -9999 -9999 -9999 -9999 -9999 -9999 -9999 -9999 -9999
189.14 191.04 187.36 187.52 187.22 185.72 188.16 194.4 190.18 188.68 182.4 181.44 189.76 192.06 189.96 188.06 188.18 186.3 186.54 187.72 190.04 189.76 188.38 189.02 191.34 191.06 186.94 185.02 181.54 183.5 184.22 186.24 185.6 186.76 185.96 184.16 181.04 182.2 181.46 179.8 179.48 182.54 183.36 183.24 186 189.88 -9999 -9999 -9999 -9999 -9999 -9999 -9999 -9999 -9999 -9999 -9999 -9999 -9999 -9999 -9999 -9999 -9999 -9999 -9999 -9999 -9999 -9999 -9999 -9999 -9999 -9999 -9999 -9999 -9999 -9999
193.72 198.16 191.36 185.36 189.08 188.68 191.4 191.96 190.76 188.64 185.14 179.84 194.04 194.02 195.26 193.58 194.92 193.18 192.38 192.76 191.96 192.72 192.32 193.02 196.1 195.78 189.68 186.2 187.66 187.42 188.8 189.94 192.34 190.52 189.74 187.96 187.06 187.1 185.64 184.06 183.64 185.78 186.56 186.26 188.78 192.74 -9999 -9999 -9999 -9999 -9999 -9999 -9999 -9999 -9999 -9999 -9999 -9999 -9999 -9999 -9999 -9999 -9999 -9999 -9999 -9999 -9999 -9999 -9999 -9999 -9999 -9999 -9999 -9999 -9999 -9999
175.78 191.12 191.76 193.8 195.66 194.38 193.1 191.58 192.12 191.52 189.98 186.58 192.98 200.9 201.78 201.2 198.68 197 196.3 196.76 196.86 196.58 197.36 197 200.86 200.86 196.94 192.98 192.32 191.5 193.86 196.48 196.22 194.48 193.66 190.8 191.3 190.76 190.08 189.3 193.96 195.98 193.86 192.24 193.42 196.46 -9999 -9999 -9999 -9999 -9999 -9999 -9999 -9999 -9999 -9999 -9999 -9999 -9999 -9999 -9999 -9999 -9999 -9999 -9999 -9999 -9999 -9999 -9999 -9999 -9999 -9999 -9999 -9999 -9999 -9999
175.86 182.58 187.04 201.56 206.36 205.12 201.7 197.18 195.76 191.34 185.66 192.22 204.3 205.56 207.86 207.76 202.22 199.72 200.42 201.66 201.82 201.54 203.64 203.34 203.66 204.66 202.72 201.42 200.6 198.82 200.14 198.8 198.02 197.52 198.2 198.52 195.78 194.32 194.52 195.24 199.82 201.68 199.24 198.38 200.14 200.56 -9999 -9999 -9999 -9999 -9999 -9999 -9999 -9999 -9999 -9999 -9999 -9999 -9999 -9999 -9999 -9999 -9999 -9999 -9999 -9999 -9999 -9999 -9999 -9999 -9999 -9999 -9999 -9999 -9999 -9999
199.08 206.9 209.54 214.48 219.3 218.66 211.32 208.84 207.36 204.98 197.48 200.44 204.88 208.22 210.78 210.8 207.48 204.56 205.22 205.7 206.64 205.68 206.68 206.74 204.7 204.52 203.58 206.94 206.72 205.3 -9999 -9999 -9999 -9999 -9999 -9999 -9999 199.04 199.12 204.96 204.72 205.3 204.8 203.82 206.52 207.88 -9999 -9999 -9999 -9999 -9999 -9999 -9999 -9999 -9999 -9999 -9999 -9999 -9999 -9999 -9999 -9999 -9999 -9999 -9999 -9999 -9999 -9999 -9999 -9999 -9999 -9999 -9999 -9999 -9999 -9999
217.34 217.2 208.94 193.68 209.44 224.18 227.7 228.14 230.58 226.98 219.12 214.04 210.66 212.42 214.64 213.88 212.1 210.54 211.82 -9999 -9999 -9999 -9999 -9999 -9999 207.08 207.86 208.98 208.7 208.26 -9999 -9999 -9999 -9999 -9999 -9999 -9999 -9999 -9999 -9999 -9999 209.1 209.4 209 210.46 212.1 208.44 -9999 -9999 -9999 -9999 -9999 -9999 -9999 -9999 -9999 -9999 -9999 -9999 -9999 -9999 -9999 -9999 -9999 -9999 -9999 -9999 -9999 -9999 -9999 -9999 -9999 -9999 -9999 -9999 -9999
196.54 213.3 200.2 191.92 197.66 220.14 234.52 238.06 238.54 233.98 225.28 220.52 213.6 215.08 216.1 216.62 215.06 215.4 -9999 -9999 -9999 -9999 -9999 -9999 -9999 -9999 -9999 -9999 -9999 -9999 -9999 -9999 -9999 -9999 -9999 -9999 -9999 -9999 -9999 -9999 -9999 -9999 214.9 212.76 214.12 214.44 216.56 -9999 -9999 -9999 -9999 -9999 -9999 -9999 -9999 -9999 -9999 -9999 -9999 -9999 -9999 -9999 -9999 -9999 -9999 -9999 -9999 -9999 -9999 -9999 -9999 -9999 -9999 -9999 -9999 -9999
203.7 209.44 204.28 192.08 220.76 226.06 230.66 239.92 239.04 235.84 230.98 224.1 219.1 219.48 219 220.48 -9999 -9999 -9999 -9999 -9999 -9999 -9999 -9999 -9999 -9999 -9999 -9999 -9999 -9999 -9999 -9999 -9999 -9999 -9999 -9999 -9999 -9999 -9999 -9999 -9999 -9999 219.48 220.32 218.2 217.34 219.28 -9999 -9999 -9999 -9999 -9999 -9999 -9999 -9999 -9999 -9999 -9999 -9999 -9999 -9999 -9999 -9999 -9999 -9999 -9999 -9999 -9999 -9999 -9999 -9999 -9999 -9999 -9999 -9999 -9999
204.82 215.62 205.48 199.34 217.74 230.94 236.5 241.72 241.92 237.72 230.9 228.44 227.88 224.46 -9999 -9999 -9999 -9999 -9999 -9999 -9999 -9999 -9999 -9999 -9999 -9999 -9999 -9999 -9999 -9999 -9999 -9999 -9999 -9999 -9999 -9999 -9999 -9999 -9999 -9999 -9999 -9999 223.44 221.02 219.28 220.5 221.84 220.72 -9999 -9999 -9999 -9999 -9999 -9999 -9999 -9999 -9999 -9999 -9999 -9999 -9999 -9999 -9999 -9999 -9999 -9999 -9999 -9999 -9999 -9999 -9999 -9999 -9999 -9999 -9999 -9999
212.82 221.64 209.58 217.36 223.72 237.16 243.16 246.6 246.1 241.48 234.04 234.7 231.7 231.32 -9999 -9999 -9999 -9999 -9999 -9999 -9999 -9999 -9999 -9999 -9999 -9999 -9999 -9999 -9999 -9999 -9999 -9999 -9999 -9999 -9999 -9999 -9999 -9999 -9999 -9999 -9999 -9999 226.92 222.74 220.98 224.56 225.8 226.62 -9999 -9999 -9999 -9999 -9999 -9999 -9999 -9999 -9999 -9999 -9999 -9999 -9999 -9999 -9999 -9999 -9999 -9999 -9999 -9999 -9999 -9999 -9999 -9999 -9999 -9999 -9999 -9999
222.72 221.54 221.42 222.98 222.62 223.98 233.02 243.36 249.32 246.26 240.72 239.32 236.84 235.32 -9999 -9999 -9999 -9999 -9999 -9999 -9999 -9999 -9999 -9999 -9999 -9999 -9999 -9999 -9999 -9999 -9999 -9999 -9999 -9999 -9999 -9999 -9999 -9999 -9999 -9999 -9999 -9999 -9999 230.52 228.64 229.94 231.78 231.04 -9999 -9999 228.34 228.92 228.16 228.36 -9999 -9999 -9999 -9999 -9999 -9999 -9999 -9999 -9999 -9999 -9999 -9999 -9999 -9999 -9999 -9999 -9999 -9999 -9999 -9999 -9999 -9999
226.62 224.48 230.22 219.54 212.32 216.78 226.54 235.34 243.26 250.32 248.02 242.98 240.16 238.28 -9999 -9999 -9999 -9999 -9999 -9999 -9999 -9999 -9999 -9999 -9999 -9999 -9999 -9999 -9999 -9999 -9999 -9999 -9999 -9999 -9999 -9999 -9999 -9999 -9999 -9999 -9999 -9999 -9999 235.18 234.16 235.42 235.62 236.3 -9999 -9999 -9999 -9999 -9999 231.52 -9999 -9999 -9999 -9999 -9999 -9999 -9999 -9999 -9999 -9999 -9999 -9999 -9999 -9999 -9999 -9999 -9999 -9999 -9999 -9999 -9999 -9999
223.54 233.24 231.34 227.12 218.78 214.14 208.14 235.6 245.84 249.72 249.68 247.74 244.4 240.08 -9999 -9999 -9999 -9999 -9999 -9999 -9999 -9999 -9999 -9999 -9999 -9999 -9999 -9999 -9999 -9999 -9999 -9999 -9999 -9999 -9999 -9999 -9999 -9999 -9999 -9999 -9999 -9999 -9999 -9999 237.94 239.14 240.42 240.82 -9999 -9999 -9999 -9999 -9999 234.58 234.44 -9999 -9999 -9999 -9999 -9999 -9999 -9999 -9999 -9999 -9999 -9999 -9999 -9999 -9999 -9999 -9999 -9999 -9999 -9999 -9999 -9999
226.14 221.78 223.28 224.86 208.3 198.34 181.76 192.98 240.04 248.98 256.92 251.9 248.6 244.3 -9999 -9999 -9999 -9999 -9999 -9999 -9999 -9999 -9999 -9999 -9999 -9999 -9999 -9999 -9999 -9999 -9999 -9999 -9999 -9999 -9999 -9999 -9999 -9999 -9999 -9999 -9999 -9999 -9999 -9999 -9999 241.98 243.32 239.66 -9999 -9999 -9999 238.22 -9999 237.58 237.58 237.46 -9999 -9999 -9999 -9999 -9999 -9999 -9999 -9999 -9999 -9999 -9999 -9999 -9999 -9999 -9999 -9999 -9999 -9999 -9999 -9999
208.66 217.62 216.42 211.02 202.44 198.88 190.28 180.6 214.98 241.2 242.12 255 250.82 -9999 -9999 -9999 -9999 -9999 -9999 -9999 -9999 -9999 -9999 -9999 -9999 -9999 -9999 -9999 -9999 -9999 -9999 -9999 -9999 -9999 -9999 -9999 -9999 -9999 -9999 -9999 -9999 -9999 -9999 -9999 245.5 244.78 -9999 -9999 -9999 -9999 -9999 240.92 240.38 -9999 -9999 239.48 -9999 -9999 -9999 -9999 -9999 -9999 -9999 -9999 -9999 -9999 -9999 -9999 -9999 -9999 -9999 -9999 -9999 -9999 -9999 -9999
183.16 195.22 200.74 204.34 195.6 194.54 193.12 193.2 198.6 250.06 256.26 254.08 252.94 -9999 -9999 -9999 -9999 -9999 -9999 -9999 -9999 -9999 -9999 -9999 -9999 -9999 -9999 -9999 -9999 -9999 -9999 -9999 -9999 -9999 -9999 -9999 -9999 -9999 -9999 -9999 -9999 -9999 -9999 -9999 -9999 -9999 -9999 -9999 -9999 -9999 -9999 241.82 242.4 -9999 -9999 -9999 -9999 241.3 -9999 -9999 -9999 -9999 -9999 -9999 -9999 -9999 -9999 -9999 -9999 -9999 -9999 -9999 -9999 -9999 -9999 -9999
