data/default-data/raster/climate/tmp_2.txt
ncols         720
nrows         360
xllcorner     -180
yllcorner     -90
cellsize      0.5
NODATA_value  -9999
[rows 68 to 101 of 360, columns 456 to 531 of 720]
-110.56 -110.68 -111.68 -111.32 -116.16 -115.9 -116.76 -116.5 -118.26 -119.3 -119.44 -118.64 -119.78 -121.9 -124.08 -126.22 -129.32 -133.58 -140.5 -145.32 -140.1 -141.06 -141.92 -142.78 -139.54 -131.48 -130.5 -133.48 -134.42 -135.38 -138.24 -141.14 -143.92 -146.94 -148.72 -150.66 -153.68 -154.62 -156.72 -157.76 -158.82 -159.86 -160.7 -161.5 -160.32 -161.18 -162.88 -162.68 -163.46 -163.48 -164.34 -165.26 -166.1 -166.86 -166.5 -167.28 -168 -168.8 -168.54 -168.3 -168.04 -166.9 -165.9 -164.88 -164.86 -162.84 -160.72 -159.84 -158.78 -156.74 -154.66 -151.56 -153.42 -153.3 -154.1 -157.08
-110.7 -111.84 -110.32 -109.86 -112.58 -114.42 -115.12 -116.96 -120.94 -121.98 -121.16 -122.36 -123.64 -123.72 -123.96 -125.1 -129.26 -132.24 -141.12 -144.92 -142.68 -144.64 -148.62 -152.54 -140.5 -135.36 -134.36 -135.44 -135.42 -137.28 -140.22 -143.1 -144.96 -147.78 -149.64 -151.52 -153.56 -154.48 -155.52 -156.72 -157.68 -158.72 -158.62 -159.44 -158.16 -157.94 -160.8 -160.58 -161.36 -161.22 -162.1 -163 -163.74 -165.6 -165.5 -166.22 -167.02 -166.82 -166.56 -166.36 -166.22 -164.08 -164.08 -162.06 -162.04 -160.1 -158.08 -158.04 -156.06 -152.98 -152.9 -151.78 -151.6 -151.56 -152.44 -152.32
-111.84 -109.6 -107.98 -113.46 -113.22 -113.92 -115.72 -118.5 -122.68 -126.84 -124.92 -125.16 -126.38 -126.56 -126.8 -125.92 -127.04 -129.9 -141.8 -154.66 -160.36 -164.28 -157.22 -152.18 -142.12 -138.28 -136.28 -137.32 -138.42 -141.34 -143.26 -145.1 -146.96 -148.72 -150.68 -152.48 -153.38 -155.44 -155.46 -156.58 -156.58 -156.56 -156.54 -157.36 -158.08 -157.94 -158.74 -159.56 -159.34 -161.14 -157.86 -159.76 -160.64 -162.56 -163.44 -164.22 -164.98 -164.74 -164.52 -163.42 -163.34 -162.32 -160.28 -159.34 -159.3 -158.26 -157.28 -155.28 -152.28 -150.26 -149.18 -151.08 -151.82 -151.7 -149.6 -149.54
-110.82 -107.28 -108.68 -109.1 -110.72 -112.4 -115.12 -118.22 -121.48 -126.68 -126.78 -127.88 -131.1 -129.32 -126.5 -127.68 -127.66 -134.56 -147.44 -157.2 -170.02 -164.9 -155.88 -149.8 -142.76 -139.92 -138.96 -140.28 -140.28 -142.4 -145.24 -146.08 -148.06 -148.8 -150.72 -152.6 -154.42 -155.44 -156.44 -156.58 -156.6 -156.64 -155.52 -156.16 -156 -155.78 -155.62 -157.4 -157.22 -157.96 -155.8 -156.72 -158.62 -160.5 -162.4 -163.18 -163 -162.88 -161.72 -161.68 -160.64 -159.64 -158.56 -157.54 -158.56 -157.54 -155.52 -151.56 -151.5 -150.34 -147.38 -147.34 -148.04 -148.9 -152.8 -152.74
-111.44 -109.92 -106.36 -110.78 -110.26 -111.1 -114.08 -118.14 -119.26 -122.38 -124.52 -127.7 -130.86 -130.08 -130.22 -129.3 -131.14 -146.22 -155.1 -157.96 -162.78 -157.52 -149.5 -147.5 -146.38 -142.58 -140.74 -140.92 -143.02 -144.22 -146.2 -147.14 -150 -150.82 -152.66 -154.66 -155.56 -156.46 -157.58 -158.62 -159.68 -159.74 -158.46 -158.08 -155.88 -154.6 -153.5 -153.26 -153.04 -153.78 -154.7 -155.6 -158.46 -160.46 -162.36 -163.16 -163.04 -161.94 -160.94 -159 -157.96 -156.88 -157.76 -155.72 -157.82 -155.72 -150.76 -149.66 -145.74 -144.6 -140.62 -141.6 -142.38 -144.16 -145.06 -149
-109.16 -106.62 -107.1 -108.48 -108.96 -109.72 -110.84 -115.98 -118.98 -122.16 -124.22 -125.42 -128.56 -133.66 -134.9 -130.94 -135.82 -144.78 -154.82 -157.58 -162.44 -154.26 -149 -148.14 -148.06 -144.22 -143.4 -143.58 -144.66 -145.84 -148.06 -149.18 -151.06 -152 -152.88 -154.9 -155.76 -156.66 -158.62 -160.68 -163.74 -164.82 -162.5 -161.12 -161.74 -156.48 -154.3 -151.14 -149.88 -151.74 -150.68 -152.54 -154.46 -157.34 -160.3 -161.26 -160.22 -159.14 -158.12 -156.04 -155.06 -154.02 -153.9 -151.92 -153.9 -150.78 -147.84 -148.74 -146.72 -142.7 -140.64 -138.64 -140.6 -143.4 -144.26 -144.16
-106.88 -103.34 -104.72 -108.3 -108.92 -110.84 -115.76 -119.78 -119.78 -122.9 -125 -125.14 -132.28 -132.32 -133.56 -134.54 -139.5 -142.46 -151.48 -159.26 -156.08 -147.96 -147.8 -148.72 -149.76 -147.9 -146.04 -146.16 -147.42 -149.5 -150.72 -151.9 -150.96 -151.06 -154.16 -157.06 -157.94 -159.88 -162.8 -164.74 -167.94 -168.8 -165.4 -163.02 -162.7 -159.36 -157.22 -155.98 -151.76 -150.7 -147.5 -148.5 -151.44 -154.54 -156.5 -156.22 -156.02 -154.92 -154.9 -153.8 -152.78 -152.72 -150.74 -149.66 -149.5 -149.5 -147.52 -145.42 -144.44 -141.34 -135.5 -134.56 -137.48 -140.66 -141.5 -143.4
-101.56 -104.16 -105.64 -108.12 -109.96 -113.92 -119.92 -121.9 -121.96 -123.86 -125.96 -125.86 -132 -134.1 -130.26 -130.2 -137.14 -141.04 -148.1 -152.94 -150.74 -145.58 -148.44 -150.3 -150.38 -150.68 -147.64 -147.9 -149.02 -150.12 -151.36 -152.54 -151.64 -152.8 -156.8 -155.9 -158.02 -160.08 -163.08 -164.96 -164.98 -164.78 -163.38 -161.02 -158.62 -155.22 -154.14 -150.86 -148.74 -146.68 -144.54 -144.54 -147.6 -149.74 -150.64 -150.38 -151.18 -150.84 -150.64 -149.62 -149.52 -149.48 -147.42 -146.44 -150.26 -148.24 -145.26 -143.16 -139.18 -138.14 -135.28 -133.38 -136.28 -136.36 -137.62 -140.58
-100.52 -103.98 -106.46 -108.12 -111.04 -114.06 -117.06 -118.02 -121.02 -120.98 -121.94 -124 -124.98 -126.02 -128.94 -128.84 -130.78 -134.78 -140.7 -144.54 -142.48 -142.22 -144.12 -148.96 -151.08 -152.18 -151.28 -150.44 -149.7 -150.84 -152.06 -152.26 -149.36 -151.42 -154.56 -155.66 -154.72 -157.72 -160.88 -160.92 -160.02 -158.76 -156.36 -152.96 -154.56 -151.28 -150.94 -148.76 -146.68 -146.64 -148.76 -146.86 -148.96 -150.96 -149.7 -147.52 -147.26 -148.06 -147.76 -147.5 -147.26 -146.3 -145.24 -145.2 -143.06 -141.02 -142.9 -139.9 -139 -140.06 -155.1 -165.12 -156.24 -171.14 -175.32 -177.52
-100.44 -103.86 -106.44 -109.34 -111.26 -114.24 -117.16 -118.1 -118.06 -118.9 -119.84 -119.7 -123.7 -125.54 -128.54 -127.46 -128.48 -132.38 -135.32 -140.18 -140.02 -139.92 -142.76 -147.72 -150.66 -152.86 -152.94 -151.18 -150.28 -150.54 -151.76 -151.04 -148.12 -149.22 -152.24 -155.26 -154.38 -154.42 -155.6 -155.5 -156.76 -158.6 -157.28 -153.86 -151.58 -148.2 -146.82 -144.74 -141.86 -143 -148.02 -144.22 -145.24 -150.12 -149.92 -148.62 -148.38 -145.12 -144.88 -143.58 -143.32 -143.02 -143.06 -142.96 -139.82 -137.84 -139.72 -143.68 -147.86 -155.9 -172.94 -181 -194.12 -187 -192 -207.22
-100.18 -102.64 -104.42 -105.42 -106.32 -109.14 -110.74 -114.54 -116.56 -116.46 -118.5 -121.36 -124.26 -124.2 -126.16 -129.06 -129.12 -131.08 -137.1 -139.88 -144.7 -141.64 -144.58 -148.5 -150.44 -150.52 -150.62 -150.76 -151.9 -152.2 -153.48 -152.7 -149.7 -147.86 -149.92 -152.98 -152.1 -155.14 -154.14 -153.3 -154.6 -156.48 -154.1 -151.78 -148.36 -147 -144.64 -142.98 -145.16 -144.2 -145.34 -147.46 -149.46 -151.18 -153 -160.78 -154.44 -148.24 -146.96 -145.76 -142.5 -141.2 -141.98 -142.68 -143.58 -138.62 -143.6 -145.54 -146.76 -155.74 -172.78 -189.92 -203.98 -201.96 -202.84 -201.76
-98 -101.64 -100.44 -102.26 -104 -105.84 -108.18 -110.76 -111.88 -113.04 -115.04 -117.92 -120.88 -123.76 -124.72 -124.68 -127.76 -130.68 -131.74 -138.64 -142.6 -140.48 -143.48 -147.34 -146.32 -147.3 -149.44 -149.5 -149.6 -148.88 -150.22 -147.36 -146.42 -146.56 -146.62 -147.72 -148.8 -152.64 -153.9 -153.1 -151.42 -153.28 -150.92 -149.42 -145.12 -143.82 -140.68 -140.08 -139.32 -139.52 -137.66 -140.58 -146.46 -146.26 -154.14 -157.84 -164.64 -152.34 -146.08 -142.78 -141.54 -139.28 -140.02 -142.8 -138.44 -137.48 -136.46 -137.54 -139.58 -143.58 -167.66 -190.72 -209.86 -194.74 -195.74 -198.66
-93.6 -96.34 -96.2 -98 -99.76 -102.28 -103.68 -105.04 -108.1 -109.3 -111.4 -114.46 -118.44 -120.32 -122.34 -124.24 -124.34 -130.5 -131.44 -135.32 -139.38 -141.34 -143.24 -143.26 -143.16 -146.14 -148.28 -146.32 -143.46 -143.66 -143.86 -144.06 -143.2 -143.26 -145.38 -146.36 -152.1 -155.42 -156.66 -159 -161.22 -158.02 -152.68 -151.38 -151.9 -149.56 -145.78 -140.06 -137.42 -130.68 -134.88 -143.76 -146.64 -151.44 -152.26 -154.08 -165.76 -163.56 -164.18 -163.96 -154.68 -149.38 -141.22 -141.82 -144.52 -141.52 -141.44 -140.36 -144.38 -144.5 -152.44 -164.54 -155.64 -159.62 -199.58 -216.58
-87.32 -90.18 -90 -92.76 -95.32 -96.68 -99.06 -101.32 -102.36 -103.56 -106.66 -107.78 -112.96 -115.94 -117.02 -119.06 -120.12 -124.18 -127.14 -130.14 -134.96 -141.06 -140 -139.06 -141.04 -144 -144.96 -143.08 -140.26 -140.44 -140.6 -139.78 -139.86 -141.04 -140.84 -143.66 -146.02 -152.2 -158.62 -160.84 -158.1 -154.88 -152.52 -150.06 -148.74 -147.6 -144.86 -135.14 -132.54 -132.82 -141.92 -149.9 -153.74 -159.52 -151.42 -156.1 -159.88 -158.56 -160.34 -158.1 -157.78 -155.5 -145.12 -142.82 -143.48 -141.32 -140.32 -139.46 -145.36 -152.38 -148.32 -138.42 -132.42 -151.5 -175.46 -191.42
-79.1 -80.86 -84.66 -86.46 -89.92 -92.2 -94.54 -97.28 -96.2 -97.32 -100.56 -102.66 -106.8 -109.62 -111.78 -114.8 -116.86 -119.96 -121.98 -123.86 -129.7 -137.72 -132.58 -133.64 -135.72 -137.78 -137.7 -136.82 -134.96 -137.1 -135.3 -133.4 -133.52 -134.3 -135.1 -136.42 -142.74 -147.96 -154.28 -151.6 -149.9 -148.62 -148.32 -146.9 -142.54 -137.6 -135.04 -132.36 -134.72 -136.78 -146.94 -146.98 -154.86 -160.64 -158.5 -154.22 -153.98 -147.7 -149.46 -144.22 -151.88 -155.52 -151.28 -145.84 -142.52 -139.34 -143.36 -140.36 -131.4 -127.36 -128.36 -129.32 -150.36 -170.38 -191.3 -212.28
-72.86 -73.66 -76.46 -78.96 -82.28 -84.72 -87.74 -88.58 -89.58 -91.52 -92.68 -96.78 -99.62 -103.52 -106.54 -107.6 -110.62 -112.68 -116.62 -118.56 -123.5 -125.42 -126.26 -128.3 -131.26 -133.36 -131.34 -131.54 -128.56 -128.74 -125.88 -127 -125.74 -125.6 -126.98 -131.2 -137.48 -142.82 -144.06 -142.3 -140.72 -141.42 -140.16 -137.74 -134.54 -131.9 -129.22 -129.54 -137.7 -140.8 -143.88 -143.9 -150.04 -153.8 -145.64 -142.36 -141.1 -139.8 -136.54 -135.26 -136.84 -139.56 -145.26 -148.96 -136.58 -132.2 -140.3 -139.28 -124.26 -118.3 -115.38 -116.38 -127.36 -134.28 -136.3 -133.2
-63.68 -66.4 -67 -70.44 -73.08 -74.06 -76.02 -78.02 -80.96 -82.86 -87.76 -87.6 -91.5 -95.38 -101.34 -101.36 -102.46 -105.38 -110.4 -114.24 -118.2 -117.22 -117.04 -122.04 -124.9 -123.96 -124.08 -124.08 -123.26 -122.4 -119.34 -119.3 -117.08 -115.38 -119.66 -122.96 -131.18 -134.52 -125.84 -127.16 -126.48 -126.26 -126.86 -126.56 -126.56 -123.86 -121.32 -121.66 -127.72 -135.8 -137.9 -136.98 -131.96 -132.92 -131.72 -130.5 -128.18 -126.92 -132.64 -132.2 -128.9 -127.6 -124.28 -122.94 -127.56 -135.1 -146.16 -146.2 -136.36 -125.28 -114.26 -117.36 -126.32 -126.3 -122.28 -118.1
-55.4 -57.08 -58.4 -62.38 -65.28 -66.36 -68.38 -70.26 -72.38 -75.06 -76.7 -78.48 -81.34 -87.2 -93.18 -95.08 -96.12 -98.18 -100.04 -103.02 -104.96 -104.82 -109.74 -113.74 -113.66 -115.6 -116.64 -115.68 -113.9 -113.72 -111.52 -109.5 -108.96 -107.16 -108.4 -111.68 -115.98 -117.22 -112.64 -113.88 -113.1 -112.98 -114.6 -114.34 -114.56 -113.82 -110.24 -110.34 -115.52 -128.64 -129.74 -129.92 -123.06 -129.1 -127.88 -124.48 -121.32 -118.92 -120.58 -120.32 -119.94 -120.66 -114.32 -114.98 -112.48 -120.18 -131.14 -138.12 -158.2 -161.2 -158.2 -152.28 -150.18 -142.32 -163.22 -162.18
-45.16 -46.68 -49.62 -52.74 -55.7 -9999 -9999 -9999 -9999 -9999 -68.78 -70.5 -72.28 -76.02 -79.94 -83.96 -83.96 -86.92 -88.8 -92.84 -97.68 -97.68 -100.66 -102.54 -104.5 -103.4 -104.36 -104.28 -106.06 -103.9 -102.8 -102.34 -100.62 -97.82 -97.1 -95.38 -99.68 -103.02 -101.36 -101.68 -98.94 -98.8 -102.52 -101.3 -102.62 -102.88 -100.98 -106.14 -105.32 -106.48 -104.58 -105.66 -106.82 -109.9 -110.88 -105.62 -104.28 -100.9 -100.64 -98.3 -96.98 -96.62 -97.32 -103.98 -105.6 -107 -106.08 -103.12 -101.08 -105.06 -105.08 -127.22 -170.22 -165.3 -151.18 -121.22
-35.96 -39.02 -9999 -9999 -9999 -9999 -9999 -9999 -9999 -9999 -60.92 -62.56 -64.28 -66.02 -70.82 -74.7 -76.76 -80.68 -83.56 -86.52 -88.48 -89.48 -89.4 -88.36 -90.42 -92.4 -92.52 -94.72 -96.26 -94.26 -92.72 -92 -91.34 -88.64 -88.84 -84.1 -83.54 -86.82 -87.12 -86.46 -85.84 -84.56 -86.36 -89.32 -90.66 -89.72 -87.8 -89.92 -92.88 -94.16 -91.22 -90.42 -98.6 -100.74 -95.52 -93.3 -90.3 -88.02 -85.66 -84.34 -84 -83.66 -88.38 -95.04 -96.58 -104.12 -99.98 -115.98 -97.1 -105.24 -109.18 -102.26 -151.28 -125.2 -109.26 -103.08
-29.7 -9999 -9999 -9999 -9999 -9999 -9999 -9999 -52.84 -54.56 -52.16 -54.78 -56.46 -59.06 -61.86 -68.56 -69.6 -70.38 -74.4 -76.28 -80.4 -80.38 -78.36 -80.4 -81.42 -82.52 -81.3 -84.28 -82.68 -82 -80.4 -79.78 -78.08 -76.32 -75.6 -73.86 -70.18 -71.5 -71.98 -74.26 -74.52 -73.34 -71.1 -73.46 -76.58 -76.6 -75.62 -74.62 -77.8 -79.92 -76.16 -85.34 -76.38 -77.44 -78.26 -75.92 -75.9 -74.76 -72.7 -73.36 -77.02 -79.7 -82.32 -89.06 -101.7 -127.1 -165.98 -144.04 -106.1 -177.14 -94.2 -94.18 -96.12 -102.08 -95.88 -87.68
-9999 -9999 -9999 -9999 -9999 -9999 -9999 -38.48 -40.16 -42.76 -44.5 -46.08 -47.72 -50.32 -56.12 -60.64 -63.48 -64.4 -67.4 -69.44 -73.54 -70.48 -70.56 -71.54 -72.54 -73.54 -71.92 -69.06 -72.24 -71.28 -69.26 -67.54 -66.82 -65.02 -63.36 -61.62 -60 -58.28 -56.62 -57.04 -58.38 -59.2 -58.2 -57.46 -57.38 -59.46 -61.48 -62.46 -63.56 -67.84 -68.14 -62.1 -61.12 -61.14 -61.82 -60.6 -60.46 -61.34 -61.3 -62.16 -78.1 -76.74 -128.44 -157.06 -158.74 -185.16 -187 -174 -127.1 -119.12 -193.2 -164.06 -146 -132.72 -112.58 -105.3
-9999 -9999 -9999 -9999 -22.82 -27.56 -28.14 -29.74 -32.46 -34.08 -35.74 -44.42 -46.04 -47.76 -50.36 -53.06 -55.72 -58.58 -61.52 -63.6 -63.54 -60.6 -61.56 -61.64 -62.6 -62.46 -60.56 -60.54 -61.74 -61.02 -60.94 -58.92 -56.84 -54.8 -52.14 -50.36 -48.64 -47.02 -50.44 -44.82 -41.12 -40.9 -43.1 -43.28 -43.24 -42.24 -42.28 -43.5 -42.66 -49.86 -52.8 -49.74 -47.86 -44.9 -43.58 -45.28 -47.98 -48.94 -52.82 -60.76 -84.62 -120.52 -187.3 -204.12 -250.74 -205.34 -159.02 -147.06 -109.02 -96.12 -96.86 -89.74 -83.52 -82.32 -77.22 -70.98
-9999 -9999 -9999 -9999 -16.16 -21.82 -24.42 -28.14 -32.8 -30.5 -29.1 -39.78 -41.46 -40.1 -42.76 -44.38 -47.06 -49.92 -50.8 -52.68 -54.68 -51.7 -51.7 -51.72 -52.7 -51.1 -50.98 -52.16 -51.34 -50.44 -50.56 -48.54 -48.58 -46.44 -43.34 -40.24 -37.42 -35.72 -44.12 -50.56 -42.92 -33.86 -37.08 -37.04 -33.18 -33.22 -31.36 -32.54 -31.6 -32.6 -31.5 -39.58 -49.54 -44.48 -40.22 -39.98 -39.74 -37.56 -46.46 -63.26 -85.18 -102.1 -103.98 -78.88 -107.72 -95.3 -136.02 -175.02 -171.92 -165.68 -177.6 -141.3 -119.22 -119.04 -87.86 -75.64
-9999 -9999 -9999 -9999 -9999 -9999 -11.9 -17.58 -24.18 -26.88 -27.5 -27.22 -31.78 -36.5 -38.08 -38.72 -40.32 -39.28 -40.12 -42.96 -43.82 -40.72 -41.8 -41.72 -41.7 -41.4 -43.56 -42.66 -43.92 -42.02 -42.24 -40.24 -37.16 -35.14 -33.06 -29.92 -27.88 -25.74 -23.96 -30.28 -49.74 -54.78 -31.88 -27 -28.2 -27.22 -28.5 -28.58 -27.48 -28.48 -27.3 -25.24 -35.3 -45.24 -43.9 -37.6 -31.44 -28.1 -28 -30.92 -32.76 -46.72 -31.1 -30.98 -38.62 -60.36 -75.16 -89.18 -100.98 -119.76 -135.62 -153.34 -210.14 -179 -165.8 -142.6
-9999 -9999 -9999 -9999 -9999 -9999 -4.28 -5.92 -12.56 -15.2 -19.84 -18.52 -17.24 -20.78 -31.46 -30.88 -31.64 -33.54 -32.4 -32.32 -35.12 -34.02 -34.9 -34.86 -34.76 -35.84 -36.1 -35.2 -34.38 -32.68 -34.78 -32.9 -30.9 -27.82 -25.76 -21.62 -15.5 -14.44 -11.48 -8.46 -6.48 -13.76 -18.88 -32 -34.22 -17.34 -17.56 -17.38 -24.32 -27.28 -23.1 -20.06 -14.06 -27.9 -53.68 -54.34 -40.08 -47.72 -84.76 -114.1 -87.5 -71.8 -72.48 -96.06 -118.72 -128.52 -123.4 -97.58 -97.74 -90.52 -126.44 -145.16 -179.06 -186.78 -153.6 -152.38
16.06 -9999 -9999 -9999 -9999 -9999 -9999 0.74 -3.98 -0.6 -7.24 -10.86 -8.62 -17.18 -17.74 -18.38 -19.96 -21.84 -24.76 -28.58 -27.5 -27.3 -28.18 -28 -27.3 -27.32 -26.7 -25.9 -23.98 -23.14 -27.36 -26.5 -22.6 -19.46 -16.46 -12.34 -7.26 -4.22 -1.12 2.02 6.02 6.84 3.52 -10.48 -46.56 -42.72 -44.6 -70.54 -98.32 -87.28 -119.1 -92.1 -99.8 -91.76 -97.74 -105.68 -144.66 -153.68 -124.96 -115.32 -107.32 -123.9 -123.56 -121.26 -104.98 -110.76 -114.62 -136.88 -155 -164.16 -181.28 -148 -138.88 -140.64 -130.38 -129.24
15.76 -9999 -9999 -9999 -9999 -9999 -9999 -9999 5.72 3.08 1.38 2.76 -4 -8.52 -11.06 -9.66 -9.38 -13.18 -10.1 -13.96 -15.74 -17.52 -18.28 -18.1 -19.62 -20.78 -18.08 -15.32 -14.5 -10.62 -9.9 -15.14 -12.26 -10.18 -6.1 -2.02 3.02 6.36 9.46 12.56 15.54 15.34 11.18 -10 -67.1 -112.96 -123.86 -122.8 -119.64 -131.42 -143.22 -149 -140.28 -163.62 -148.74 -134.78 -120.68 -94.9 -85.06 -89.66 -138.46 -145 -152.76 -191.46 -247.14 -193.1 -165.96 -155.14 -115.3 -64.48 -120.68 -113.88 -107.66 -98.38 -86.24 -61.1
-5.56 23.8 -9999 -9999 -9999 -9999 -9999 -9999 -9999 15.66 17.06 14.42 -1.2 -4.8 -5.42 -4.96 -5.62 -6.56 -2.38 -4.08 -7.76 -7.6 -8.42 -8.28 -7.96 -7.2 -7.4 -5.54 -4.78 -2.04 2.76 2.42 1.26 4.08 8.36 9.54 12.76 14.98 18.12 21.16 24.04 20.84 15.7 -31.52 -109.3 -118.26 -111.14 -97.88 -72.78 -56.6 -75.3 -91.58 -110.9 -131.38 -147.58 -145.78 -150.88 -163.7 -178.32 -183.84 -192.66 -178.28 -148.92 -144.68 -138.32 -99.16 -60.32 -32.56 -29.62 -13.82 -20.98 -22.16 -11.38 -11.24 -9 -13.78
-83.88 -6.38 26.02 -9999 -9999 -9999 -9999 -9999 -9999 20.28 -9999 -9999 19.48 8.92 0.28 3.64 4.12 0.4 3.62 2.9 1.1 0.3 0.42 0.54 1.86 2.38 2.24 3.02 4.84 5.62 4.38 3.14 7.96 13.84 15.86 19.14 21.26 24.48 25.68 29.56 33.58 35.3 35.2 -16.6 -100.66 -108.44 -31.28 -14.1 -25.86 -55.6 -71 -106.22 -97.66 -91.04 -114.52 -121.36 -145.32 -161.94 -184.5 -184.14 -163.82 -95.48 -50.14 -31.84 -22.62 -23.36 -22.52 -19.8 -12.98 0.94 5.66 1.48 0.46 -0.8 -0.8 0.34
-21 -28.56 11.92 36.4 36.62 -9999 -9999 -9999 -9999 27.9 31.28 28.7 26.14 19.6 11.14 9.6 11.04 10.32 9.64 9.82 7.08 7.18 8.38 9.42 9.74 10.02 10.8 12.7 14.48 16.22 16.92 14.8 21.6 25.56 22.64 19.6 16.84 27 33.18 39.14 39.88 41.72 34.62 -7.94 -27.82 18.36 26.64 25.88 11.96 -4.32 -54.6 -93.64 -159.8 -175.92 -160.08 -151.08 -162.14 -155.18 -149.8 -138.36 -109.96 -83.7 -53.36 -49.04 -12.74 -14.62 -14.9 -9 -3.12 5.66 6.52 5.24 4.04 1.96 0.76 -0.44
40.96 30.36 27.78 39.32 43.46 -9999 -9999 -9999 -9999 41.58 33.84 28.42 27.1 22.56 19.04 15.5 16.06 17.3 17.56 17.76 16.92 17.06 17.2 19.24 17.56 17.86 19.4 21.22 23.08 24.88 27.64 30.42 31.32 31.44 25.3 18.32 12.36 9.54 9.56 36.44 44.26 42.3 34.08 17.74 10.98 18.2 -5.44 19.74 -26.02 -36.02 -76.12 -103.28 -124.32 -182.42 -154.7 -149.94 -134 -92.98 -79.1 -74.64 -57.14 -58.84 -19.5 -19.24 -7.98 -10.96 -12.18 -7.32 -2.52 5.38 6.14 4.92 2.78 1.54 0.4 -1.78
47.08 49.28 49.78 51.3 -9999 -9999 -9999 -9999 -9999 -9999 39.64 43.46 31.98 10.62 33.04 32.56 29.02 27.28 28.56 28.66 27.8 27.94 27.02 27.14 27.34 28.68 28.98 30.88 33.7 35.5 37.3 40.08 39.12 40.08 38 30.06 30.96 31.04 23.04 -21.08 -12.1 -31.16 -40.36 -65.48 -89.38 -85.08 -111.9 -133.74 -109.16 -138.08 -126 -146.96 -99.92 -98.06 -88.38 -46.66 -17.74 -12.82 -14.96 -15.84 -10.5 -7.02 -6.78 -8.44 -10.12 -12.2 -13.42 -6.56 -0.82 0.04 -1.1 -2.26 -3.46 -5.7 -6.84 -8.02
35.22 54.36 57.9 -9999 -9999 -9999 -9999 -9999 -9999 -9999 50.08 50.78 47.58 42.3 36 31.5 35.04 36.24 37.42 37.58 36.74 37.86 37.94 38.9 39.2 37.48 37.76 39.38 40.24 41.02 43.92 46.92 46.84 46.72 46.56 45.58 37.58 29.64 -6.42 -64.44 -81.52 -85.6 -105.78 -113.08 -79.84 -84.6 -113.34 -164.12 -160.34 -185.28 -175.16 -184.26 -150.34 -132.48 -64.62 -16.72 3.38 -0.62 -1.66 -2.78 -2.7 -1.22 -1.9 -3.66 -5.4 -7.5 -8.72 -2.88 -2.08 -5.28 -1.44 -3.56 -4.8 -6.9 -8.18 -9.3
