data/default-data/raster/climate/tmp_8.txt
ncols         720
nrows         360
xllcorner     -180
yllcorner     -90
cellsize      0.5
NODATA_value  -9999
[rows 102 to 135 of 360, columns 456 to 531 of 720]
227.62 271.5 -9999 -9999 -9999 -9999 -9999 -9999 -9999 -9999 -9999 -9999 286.78 287.98 281.1 280.08 280.14 280.48 299.84 299.2 295.48 291.78 289.76 287.66 285.04 282.32 279.62 276.9 275.12 273.34 270.7 269.9 271.5 273.74 273.94 271.22 260.48 240.7 173.92 170.06 182.18 197.2 185.12 187.34 184.86 155.5 122.22 96.02 58.08 76.96 95.7 81.44 103.14 112.92 94.7 158.36 219.4 237.74 237.74 242.98 242.24 244.72 245.88 247.02 248.02 250.8 249.72 257.74 254.6 249.52 250.36 252.22 252.16 246.14 248.98 248.92
226.9 253.56 301.44 -9999 -9999 -9999 -9999 -9999 -9999 -9999 -9999 -9999 285.68 287.92 289.02 290.1 269.42 251.72 246.04 278.42 297.7 295.82 292.82 290.78 288.28 285.76 283.24 280.76 279.08 277.42 275.7 274.98 275.34 276.72 276.48 269.74 249.98 223.28 205.5 240.58 249.76 249.68 243.5 239.76 192.56 145.28 127.04 119.76 103.84 127.04 89.8 97.44 107.18 99.9 71.62 128.38 174.54 214.74 240.9 242.12 244.3 246.54 247.9 250.06 251 252.9 252.74 253.68 251.56 250.48 249.42 248.3 247.2 245.12 242.96 241.88
222.24 215.94 290.54 -9999 -9999 -9999 -9999 -9999 -9999 -9999 -9999 -9999 284.68 291.84 292 284.14 261.56 256.88 246.36 226.66 228.34 265.3 289.56 290.66 289.26 286.8 286.24 284.66 283.12 278.36 277.72 278.04 279.36 281.64 281.96 278.64 257.56 254.74 273.06 261.12 252.02 260 259.84 260.94 215.82 152.96 155.78 115.64 68.74 80.82 77.72 89.38 84.18 77.94 111.58 118.42 145.5 188.72 229 236.14 241.3 240.6 241.76 245.08 256.04 255.88 254.8 254.66 253.52 252.58 251.46 250.28 248.2 246.06 239 228.8
228.52 210.5 290.32 310.78 314.84 -9999 -9999 -9999 -9999 -9999 -9999 298.68 291.54 297.64 291.8 246.12 233.7 241.26 237 229.78 232.46 224.24 242.94 269.22 287.76 288.28 286.9 283.34 283.94 278.36 276.6 277.96 281.28 285.6 287.84 289.28 288.84 288.74 280.58 279.54 274.46 278.54 273.38 256.34 231.24 196.7 148.54 94.46 83.5 80.56 76.6 75.44 83.14 83.84 93.54 99.52 128.64 145.8 187.04 197.22 212.46 229.64 237.76 243.04 258.02 257.9 257.8 256.68 255.5 254.44 250.38 231.22 223.14 194 172.88 106.78
213.84 211.76 213.74 214.78 228.56 259.16 311.16 306.24 -9999 319.64 312.66 289.62 267.44 249.62 241.16 250.76 264.48 258.28 259 256.68 229.5 229.48 224.22 210.48 264.14 286.86 288.34 280.92 280.6 274.32 270.64 264.9 271.96 281.26 285.52 292.7 293.92 291.4 293.14 286.86 284.12 286.22 273.1 249.84 215.64 166.4 135.32 106.36 100.32 116.4 116.44 95.46 116.16 85.86 74.54 95.52 96.7 101.9 90.12 94.24 155.6 158.6 167.94 210.98 197.92 236.86 245.8 239.66 217.58 204.44 181.32 159.16 114.1 65.94 57.84 64.82
227.04 209.12 219.4 244.8 252.4 214.8 211.24 209.46 271.58 293.56 285.42 245.38 253.32 264.68 257.42 254.24 274 276.8 260.6 265.48 261.36 249.26 224.24 246.56 255.96 278.46 288.86 281.24 278.86 274.44 264.74 265 272.18 278.36 275.62 270.82 274.18 279.5 242.04 240.52 251.42 281.88 246.82 177.54 105 88.94 124.24 130.22 155.26 121.22 114.2 137.34 141.04 121.74 74.42 98.58 79.7 87.9 74.16 79.42 80.44 90.7 79.72 140.94 136.94 177.78 190.78 150.66 85.44 85.36 62.26 70.18 72.96 68.94 58.88 55.84
224.64 224.88 220.42 242.86 266.98 275.6 255.24 241.46 216.64 223.66 239.68 265.56 287.66 288.2 288.88 293.56 304.34 301 285.86 276.32 277.14 262.98 244.78 244.06 249.34 254.86 274.32 258.28 263.7 270.36 268.88 256.18 235.38 233.5 219.82 190.18 188.48 202.92 193.28 185.44 180.94 212.08 170.44 128.12 92.54 78.48 105.04 174 141.1 123.06 137.06 143.08 144.92 129.6 110.48 91.72 86.86 42 53.22 72.34 67.44 66.6 75.76 52.92 61.92 80.78 64.66 57.52 51.48 54.36 70.24 82.1 80.04 82.96 66.96 37.84
233.38 239.6 237.66 230.12 262.26 285.54 307.52 312.6 295.72 296.72 312.66 313.66 297.8 297.18 312 310.7 312.3 305 297.56 298.06 287.74 276.6 255.26 240.38 255.66 263.92 269.74 258.38 252.68 259.18 262.76 239.34 210.52 206.92 184.16 166.54 159.92 162.3 152.68 175.84 149.88 161.42 154.54 124.66 158.2 143.96 185.88 198.86 174.9 161.94 162.86 139.92 139.02 109.66 127.54 138.7 123.82 71.18 69.2 68.24 71.42 57.58 74.66 83.88 69.86 65.78 59.74 55.6 56.42 68.3 75.2 69.2 74.12 76.96 72.94 69.96
231.22 239.26 254.24 244.54 267.7 307.72 317.66 318.54 316.56 320.48 327.68 324.62 315.56 324.04 322.84 317.64 314.32 302.84 290.24 292.78 291.28 292.12 287.66 272.64 262 285.16 282.62 264.78 251.94 236.1 228.76 223.44 201.96 184.18 187.56 183.96 167.36 157.72 146.06 135.16 136.4 151.46 209.86 204.82 250.42 227.58 254.52 250.74 237.78 230.78 175.72 144.74 159.7 140.56 115.64 95.74 133.94 115.96 115.1 90.16 88.38 79.5 67.68 67.8 63.78 59.72 61.68 69.54 68.5 62.26 64.24 65.14 52.06 57.04 46.98 50
240.28 242.26 227.2 265.06 254.9 267.62 303.5 321.32 316.6 324.68 335.74 329.7 318.52 315.96 308.68 307.58 303.38 296.74 295.14 292.5 261.1 270.76 275.04 270.82 286.36 283.6 289.06 280.58 274.08 240.38 213.84 207.5 201.22 191.66 188.96 182.4 190.74 173.2 165.54 150.62 149.78 181.94 173.88 185.88 236.5 270.84 288.08 303.6 293.56 264.64 242.6 189.58 185.56 188.64 135.64 113.76 108.72 124.86 126.98 117.02 96.26 96.5 67.68 52.74 61.82 72.72 65.66 68.58 61.44 62.36 62.3 66.26 55.14 56.1 47.1 40.96
240.98 246.9 238.72 237.32 247.66 258.56 249.3 291.42 308.62 313.7 312.76 316.64 308.62 302.86 317.74 327.36 300.06 309.56 280.96 293.36 280.9 252.2 249.4 258.08 282.72 290.96 286.18 287.08 271.84 233.76 223.28 211.5 204.28 195.02 197.48 206.78 202.16 182.52 153.9 142.02 178.18 202.22 183.46 197.08 229.66 218.28 268.7 293.58 297.5 290.52 267.54 240.56 197.5 184.62 195.5 135.56 104.62 109.64 107.96 99.1 97.26 108.4 108.6 103.76 94.68 94.68 78.62 78.5 70.44 63.38 71.38 67.28 77.24 77.16 67.1 50.06
262.16 254.18 233.72 226.3 228 238.22 260.28 256.46 272.74 288.84 316.86 307.74 300.64 292.98 312.6 321.24 299.76 312.32 290.82 278.32 287.84 267.7 237.8 233.44 270.06 294.56 295.04 290.66 287.52 260.52 248.46 220.08 210.48 206.3 216.84 230.26 222.56 176.06 172.3 175.42 220.7 222.7 190.8 230.72 273.42 283.58 284.08 296.48 303.48 296.58 286.56 283.74 254.62 217.54 214.3 182.44 144.56 90.7 92.88 86.04 80.24 99.4 102.54 120.68 126.8 111.66 99.6 84.5 72.54 73.54 65.38 67.34 69.3 70.24 62.16 60.12
326.72 310.8 271.86 229.66 214.98 229.32 251.64 268.58 266.72 258.84 292.8 299.76 299.7 293.02 294.5 296.98 308.4 294.94 305.44 311.98 305.3 278.24 244.26 235.04 263.86 303.14 303.78 298.34 296.1 304.08 268.12 268.28 260.94 268.4 252.24 264.56 241 214.46 227.78 243.86 232.86 228.9 215.32 231.86 288.54 314.04 311.34 306.44 292.44 291.5 297.62 299.7 293.8 288.32 261.28 205.34 162.56 102.7 94.92 78.06 80.2 92.38 103.52 106.64 100.7 80.68 74.62 75.64 95.6 92.52 87.5 82.44 85.36 86.2 74.24 71.12
357.3 351.28 320.38 275.32 214.3 234.12 249.46 257.88 272.9 283.92 262.8 277.82 288.74 268.08 297.32 288.66 305.14 303.68 294.14 314.84 311.82 286.8 251.82 246.68 254.52 294.92 309.5 314.16 308.78 303.74 306.88 298.9 294.08 304.84 277.28 255.02 250.38 262.9 249.04 240.12 237.1 235.34 255.3 274.94 314.72 313.36 313.34 314.28 311.46 310.64 307.6 305.84 299.96 296.28 294 284.28 213.46 150.74 124.88 93.1 83.2 99.34 86.56 108.62 100.74 83.74 85.7 80.68 88.58 88.56 76.5 78.52 81.42 78.3 81.3 79.22
357 357.72 347.78 317.94 254.22 239.24 226.08 232.66 255.72 291.54 276.26 242.98 272.88 288.96 301.28 276.58 266.06 282.56 292.08 311.46 313.4 301.36 268.38 255.5 268.28 287.74 315.3 317.9 318.64 320.5 317.52 317.58 319.72 308.8 281.76 286.3 289.8 271.18 251.22 250.3 260.34 269.3 271.48 268.18 318.82 322.44 319.2 317.36 316.58 313.72 311.66 309.82 305.9 299.12 296.88 290.3 269.44 238.66 178.98 112.08 150.24 136.32 130.44 91.56 75.7 59.9 75.92 88.84 89.76 70.64 68.64 65.54 75.48 78.42 84.36 68.3
356.44 358.04 356.48 336.66 246.9 250.3 221 221.46 236.36 256.28 286.96 279.62 256.22 270.08 280.24 278.54 255.86 255.3 293.86 310.14 312 310.98 299.08 288.1 278.04 304.58 317 321.78 324.52 324.2 324.2 318.24 323.28 312.44 311.5 305.5 295.1 264.5 243.5 234.62 259.5 268.56 279.48 279.74 303.86 327.02 323.68 320.84 319.92 318.08 315.28 312.44 309.9 304.24 300.3 298.16 287.44 247.62 197.96 166 167.18 147.24 130.44 88.54 87.66 78.84 48.08 59.04 59.98 65.82 64.9 69.76 96.66 88.52 82.38 85.36
355.88 358.26 357.32 351.26 325.82 287.08 245.08 229.62 237.02 230.08 245.72 275.22 269.8 244.64 266.64 273.64 261.8 250.2 245.68 302.66 311.64 311.7 311.64 303.76 273.82 302.42 322.88 325.54 325.28 328.02 329.8 328.8 326.88 316.02 306.94 304.06 293.18 262.74 247.78 230.72 267.42 271.64 274.8 275.06 303.4 330.74 330.12 327.16 325.44 323.64 322.08 319.48 316.64 312.38 307.52 305.66 300.66 286.56 243.7 211.96 179.16 137.22 113.44 90.56 62.54 71.78 82.12 75.24 61.22 48.18 54.98 62.9 62.8 66.74 63.64 76.62
360.52 358.5 357.62 353.62 342.52 313.66 293.04 255.88 246.94 240.7 245.34 233.84 265.42 267.3 245.2 257.18 253.26 235.22 227.3 274.22 310.2 311.22 312.34 304.32 262.38 292.28 325.76 329.4 329.12 331.72 334.58 329.22 317.34 319.42 308.48 306.54 292.62 268.82 238.22 250.38 257.7 267.82 275.08 273.3 303.78 331.26 330.82 328.74 328.3 326.66 325.12 321.6 318.38 314.48 309.58 306.92 302.04 293.98 289.88 277.94 243 199.2 186.3 119.48 108.62 70.8 45.04 70.16 58.36 72.42 76.26 60.16 43.02 43.98 38.92 47.7
366.04 359.76 -9999 -9999 359.28 334.22 316.14 274.42 254.68 274.3 269.98 262.34 266.9 255.52 267.2 248.94 221.6 222.38 217.38 234.4 297.5 317.64 321.8 299.9 259.96 266.96 308.62 332.34 335.96 333.62 315.26 302.92 298.94 313.88 326.9 323.04 282.94 256.76 285.32 331.6 304.78 279.98 264.3 268.68 326.16 331.6 329.72 327.9 326.28 324.78 322.22 319.62 314.4 309.56 305.74 302.12 298.42 295.48 294.36 294.44 285.32 251.3 223.3 208.34 214.58 173.7 98.94 120.1 92.32 41.52 63.58 69.52 73.34 55.12 58.98 59.96
359.48 -9999 -9999 -9999 -9999 338.36 326.36 309.58 276.76 273.76 267.06 264.36 262.94 261.58 257.1 254.82 235.6 212.38 207.32 226.4 282.6 311.7 318.9 309.02 262.08 253.3 277.32 316.98 321.72 310.28 302.96 291.58 293.3 319.36 317.24 305.1 266.78 247.56 289.18 341.8 328.94 288.18 284.52 307.12 329 329.02 328.16 326.28 325.34 324.86 322.28 318.54 313.56 309.68 304.96 302.38 298.58 296.9 295.86 293.76 293.72 290.66 276.54 245.4 241.5 211.76 187.92 166.1 115.32 56.48 51.68 45.8 60.66 53.52 60.38 74.14
367.46 -9999 -9999 -9999 -9999 362.36 325.3 311.48 304.1 271.72 287.96 306.52 285.02 269.56 263.3 261.8 252.58 235.36 250.38 263.46 259.46 300.5 313.7 310.86 281.02 255.3 271.46 321.58 338.32 345.88 341.54 331.14 307.82 302.56 289.26 292.02 260.68 241.4 301.06 341.72 338.26 325.46 316.04 324.2 327.26 325.46 323.56 323.62 323.74 322.9 317.36 315.5 310.68 305.86 303.22 298.52 297.8 297.12 298.28 297.26 295 293.8 292.6 291.36 291.5 280.68 265.78 222 199.12 150.36 61.6 67.76 44.96 16.8 19.68 50.52
365.28 364.18 -9999 -9999 -9999 -9999 338.2 320.92 323.34 315.7 307.24 294.76 305.22 295.7 275.22 278.9 279.58 264.38 276.38 299.44 292.4 284.48 292.54 290.92 289.1 287.36 285.6 292.64 332.74 345.48 346.22 340.84 327.54 329.12 327.86 291.44 269 264.56 289.14 338.84 335.34 331.32 328.38 325.54 324.66 321.78 320.9 320.98 321.06 320.2 316.36 313.68 307.86 301.12 297.44 294.74 294.98 294.1 297.34 297.14 296.04 293.78 292.64 291.56 291.5 292.6 291.84 271.86 236.08 208.36 195.42 197.64 202.86 151.04 106.92 52.76
363.2 363.14 -9999 -9999 -9999 -9999 -9999 358.02 331.36 316.98 308.66 303.14 303.74 302.04 310.38 299.96 299.54 304.54 312.4 303.38 318.42 318.44 317.54 316.82 326.04 316.26 284.68 292.68 290.8 329.92 337.84 337.58 332 317.74 290.3 279.98 278.44 276.14 293.92 335.7 333.5 329.24 325.42 322.6 318.7 316.88 316.96 316.08 314.18 314.3 311.46 308.6 300.92 294.18 289.44 285.72 286.86 292.96 295.1 297.96 295.88 294.8 292.66 292.5 293.44 291.44 292.56 292.8 287.98 281.22 270.34 269.58 276.72 272.88 239.26 201.04
362.1 361.04 359.8 366.74 -9999 -9999 -9999 -9999 -9999 341.34 323.82 299.46 294.02 304.5 306.9 317.28 325.62 336.48 322.46 300.5 312.52 319.56 325.6 334.62 348 348.3 300.7 294.9 297.96 298.08 306.1 312 302.6 290.22 280.02 283.74 274.56 275.36 299.12 330.94 330.52 326.34 321.42 318.56 313.6 308.78 310.82 307.02 305.14 305.2 304.44 303.64 296.9 289.14 286.18 282.38 282.72 290.72 291.82 295.88 295.62 293.6 292.6 293.54 292.5 290.42 289.64 290.76 290.92 290.16 291.2 291.44 287.64 289.78 275.74 257.54
358.92 360.84 357.74 355.68 -9999 -9999 -9999 -9999 -9999 -9999 345.2 335.88 325.48 326.06 332.58 341 349.58 350.28 325.1 279.98 285 298.08 302.14 310.2 304.26 303.54 293.94 300.14 310.2 302.22 302.18 306.14 296.4 290.28 296.14 299.96 293.74 287.6 309.46 325.26 324.54 322.28 317.44 313.54 307.68 300.74 297.82 299.02 300 298.12 298.36 295.62 290.74 284.92 284.06 284.26 286.46 288.66 288.78 291.76 294.56 294.58 293.6 294.58 294.6 289.52 288.64 291.74 291.94 291.12 290.3 291.44 293.5 294.28 293.3 291.26
356.64 359.56 356.46 356.54 366.02 364 364.86 -9999 -9999 -9999 -9999 -9999 -9999 -9999 -9999 -9999 330.68 -9999 332.12 308.86 294.78 306.64 318.76 309.7 310.84 305.84 302.12 303.32 305.48 307.44 298.48 294.78 299.02 288.3 303.42 300.26 308 294.86 300.62 312.3 321.58 319.32 313.38 308.52 302.7 295.76 292.82 293 296.06 294.08 294.28 290.48 283.68 280.9 281.02 286.28 287.48 285.6 286.7 287.7 287.6 290.48 293.58 293.58 295.68 292.68 290.7 291.76 291.98 292.16 291.16 292.12 293.02 293.98 292.92 290.76
352.4 353.18 352.2 355.22 354.04 367.36 347.78 363.52 -9999 -9999 -9999 -9999 -9999 -9999 -9999 352.16 324.64 -9999 338.02 330.82 324.72 320.62 322.48 313.4 306.34 307.3 308.4 303.7 300.72 298.9 294.16 288.42 286.66 286.88 291.18 285.42 302.3 300.14 292.84 297.36 314.48 315.3 309.46 303.56 296.64 290.82 285.86 291.98 292.16 291.26 284.34 279.46 270.7 275.94 279.18 285.32 286.5 285.66 278.78 275.7 281.7 282.56 287.62 290.64 294.7 294.66 293.74 293.84 292.9 292.86 292.8 293.8 294.72 293.8 292.72 290.7
349.98 349.88 349.94 351.94 352.72 352.16 349.08 363.2 -9999 -9999 -9999 -9999 -9999 -9999 349.4 345.18 333.82 -9999 -9999 -9999 -9999 -9999 332.36 329.24 329.18 294.98 293.92 291.02 288.14 288.46 287.74 313 295.34 296.6 303.76 308.06 311.36 295.54 292.2 296.46 307.62 308.44 304.58 298.74 292.84 289.92 288 290.12 287.32 283.46 274.56 259.46 264.68 269.9 274.2 282.36 284.58 280.64 272.62 270.74 275.68 279.66 281.64 283.66 288.76 291.7 291.72 293.7 292.7 292.64 293.68 294.64 294.62 294.66 293.72 290.66
346.78 347.8 348.76 348.58 347.4 350.06 347.58 359.94 -9999 -9999 -9999 -9999 -9999 350.62 345.36 330.16 320.84 -9999 -9999 -9999 -9999 -9999 -9999 -9999 -9999 -9999 -9999 -9999 -9999 -9999 -9999 -9999 -9999 -9999 -9999 -9999 -9999 307.22 290.54 294.8 300.14 300.74 298.78 293.74 290.96 289.14 291.16 288.38 275.54 267.7 247.78 248.64 264.68 265.98 267.16 269.34 277.56 274.74 266.7 265.64 267.7 268.64 272.58 272.68 273.72 276.64 279.4 281.5 282.5 284.54 283.5 288.54 292.58 292.66 289.58 281.66
346.6 346.5 347.54 347.36 346.12 344.76 347.4 359.64 -9999 355.46 353.28 353 347.86 346.48 342.3 327.14 305.82 335.46 -9999 -9999 -9999 -9999 -9999 -9999 -9999 -9999 -9999 -9999 -9999 -9999 -9999 -9999 -9999 -9999 -9999 -9999 -9999 -9999 303.2 290.34 293.64 296.04 296.08 296.1 292.12 290.24 292.42 287.54 280.82 258.96 240.88 242.9 261.78 261.92 265.12 266.42 269.5 266.64 263.64 262.66 263.64 264.6 265.66 267.52 270.4 273.38 274.36 276.32 277.36 279.4 281.36 287.36 284.48 284.42 272.52 272.54
349.44 348.36 349.18 347.02 346.64 345.48 344.26 344.28 343.44 341.32 341.02 340.92 341.64 339.4 335.14 330.04 304.7 305.46 319.06 322.66 315.44 307.38 -9999 -9999 -9999 -9999 -9999 -9999 -9999 -9999 -9999 -9999 -9999 -9999 -9999 -9999 -9999 -9999 -9999 298.34 290.16 289.44 292.38 292.44 293.5 290.52 290.58 288.8 284.96 278.1 270.02 269.02 274.06 264.12 261.08 262.36 263.44 263.48 260.56 259.64 259.68 257.66 264.42 265.34 266.24 269.14 268.14 265.32 259.22 265.28 268.3 269.34 269.38 265.28 265.44 272.34
347.14 347.12 346.86 345.58 344.42 342.32 342.16 339.88 338.26 336.14 335.02 332.78 333.58 332.42 328.16 325.94 312.64 297.38 258.06 266.64 278.4 273.26 -9999 -9999 -9999 -9999 -9999 -9999 -9999 -9999 -9999 -9999 -9999 -9999 -9999 -9999 -9999 -9999 -9999 -9999 293.3 285.88 284.76 286.7 290.82 288.86 289.06 288.06 285.2 282.2 278.24 274.2 269.2 262.22 259.14 256.36 258.4 259.48 256.48 255.52 257.38 257.3 261.24 265.16 261.04 255.96 259.14 262.08 262.06 262.1 260.14 247.16 251.08 257.16 260.18 273.3
344.94 344.72 342.54 341.22 340.14 337.14 335.92 334.86 334.08 331.88 328.72 327.64 325.44 324.2 321.98 317.72 306.5 289.28 281.12 281.74 273.34 267.12 264.04 301.76 -9999 -9999 -9999 -9999 -9999 -9999 -9999 -9999 -9999 -9999 -9999 -9999 -9999 -9999 -9999 -9999 -9999 -9999 285.12 283.08 288.14 285.36 282.34 285.36 286.46 284.32 281.32 275.3 267.28 260.36 257.42 255.34 256.34 261.36 262.32 260.32 260.22 256.04 256.94 259.84 262.8 254.94 247.94 253.94 260.94 264.06 257.02 261.04 262.02 264.12 263.1 273.04
343.66 340.38 339.16 335.96 336.96 333.9 330.74 329.72 329.64 326.76 323.68 320.4 319.16 316.06 313.76 310.56 299.44 293.28 286 282.74 275.34 272.1 269.96 278.84 -9999 -9999 -9999 -9999 -9999 -9999 -9999 -9999 -9999 -9999 -9999 -9999 -9999 -9999 -9999 -9999 -9999 -9999 279.32 283.32 278.42 278.46 276.58 283.56 286.34 284.16 282.24 276.24 267.2 267.22 268.22 268.18 269.06 268.18 262.12 254.02 246.98 238.74 247.72 260.68 264.7 253.74 258.8 268.92 270.92 272.98 269.84 267.88 270.92 273.94 264.96 269.86
