shamba/rasters/climate/pet_9.txt
ncols         720
nrows         360
xllcorner     -180
yllcorner     -90
cellsize      0.5
NODATA_value  -9999
[rows 102 to 135 of 360, columns 385 to 461 of 720]
-9999 -9999 -9999 -9999 -9999 -9999 -9999 37.4 -9999 -9999 -9999 -9999 -9999 -9999 -9999 -9999 -9999 33.08 31.56 32.52 34.3 34.56 35.24 -9999 -9999 -9999 -9999 -9999 -9999 44.8 44.04 40.2 37.86 37.44 37 37.4 37.68 36.24 35.78 36.88 38.7 39.98 40.18 39.78 37.88 36.46 35.76 33.6 34 35.74 39.08 43.5 43.56 43.46 39.24 39.32 39.76 38.82 37.52 35.98 36.32 38 35.9 34.28 37.34 40.3 42.82 44.36 44 42.7 42.06 41.28 44.4 -9999 -9999 -9999 -9999
-9999 -9999 -9999 -9999 -9999 37.8 36.66 38.2 -9999 -9999 -9999 -9999 -9999 -9999 -9999 -9999 -9999 -9999 34.46 34.46 35.3 36.54 37.94 39.1 -9999 -9999 -9999 -9999 43.02 43.72 42.6 41.2 41.06 40.98 39.38 39.46 37.74 35.98 34.3 35.94 38.82 40.26 40.8 40.7 40.06 38.32 36.76 34.76 34.84 36.34 39.36 42.28 45.16 45.44 46.42 47.14 47.5 47.38 45.24 40.56 38.5 39.34 36.66 35 37.66 40.18 44.02 46.32 45.22 42.6 41.08 41.44 42.56 -9999 -9999 -9999 -9999
39.14 37.06 36.46 35.22 35.16 36.32 -9999 -9999 -9999 -9999 -9999 -9999 -9999 -9999 -9999 -9999 -9999 35.78 34.5 33.4 34.92 38.84 -9999 -9999 -9999 -9999 -9999 -9999 -9999 42.14 42.84 42.56 41.92 40.6 40.08 40.44 37.98 35.88 34.58 36.9 39.22 40.4 41.1 40.68 40.46 38.62 40.44 39.96 40.46 41.02 44.44 49.42 52.62 54.92 50.96 52.34 53.98 53.6 54.3 49.98 44.44 39.86 38.42 36.66 36.58 39.22 43.86 42.56 43.96 43.22 41.42 40.2 40.02 -9999 -9999 -9999 -9999
-9999 -9999 38.36 37.94 37.42 37.84 -9999 -9999 -9999 -9999 -9999 -9999 -9999 -9999 -9999 -9999 -9999 -9999 36.14 35.36 36.34 -9999 -9999 -9999 -9999 -9999 -9999 -9999 -9999 -9999 45.76 45.66 43.46 41.72 39.78 39.92 41.12 37.88 37.42 38.08 39.38 40.64 40 38.6 41.04 44.02 44.66 46.42 48.58 48.48 49.84 53.12 54.78 55.52 54.4 54.98 56.86 57.64 56.96 53.58 50.2 46.74 44.22 40.4 38.32 40.06 43.48 44.9 44.08 43.14 42.72 39.8 39.1 46.7 49.32 50.36 -9999
-9999 -9999 -9999 -9999 38.96 -9999 -9999 -9999 -9999 -9999 -9999 -9999 -9999 -9999 -9999 -9999 -9999 -9999 -9999 38.44 39.78 -9999 -9999 -9999 -9999 -9999 -9999 -9999 -9999 -9999 -9999 46.34 44.26 42.8 41.04 41.16 47.1 -9999 41.84 38.3 38.92 42.26 39.86 41.96 42.58 43.78 42.94 46.04 53.22 55.4 55.72 56.52 57.44 57.9 56.3 55.68 59.5 60.2 58.22 55.14 52.88 50.8 48.2 44.94 42.58 40.92 43.78 44.64 42.7 41.14 40.9 38.26 38.12 40.28 41.52 43.4 46.82
-9999 -9999 -9999 -9999 -9999 -9999 -9999 -9999 -9999 -9999 -9999 -9999 -9999 -9999 -9999 -9999 -9999 -9999 -9999 -9999 -9999 -9999 -9999 -9999 -9999 -9999 -9999 -9999 -9999 -9999 -9999 -9999 -9999 -9999 43.86 45.36 -9999 -9999 -9999 43.5 41.6 46.06 48.78 -9999 -9999 -9999 -9999 48.74 55.38 60.86 61.44 61.54 61.86 61.56 59.8 58.76 60.54 60.98 59.5 57.42 55.44 52.9 51.86 48.94 47.4 45.76 44.66 44.3 43.62 42.98 42.24 39.84 39.9 41.3 43.7 45.32 43.22
-9999 -9999 -9999 -9999 -9999 -9999 -9999 -9999 -9999 -9999 -9999 -9999 -9999 -9999 -9999 -9999 -9999 -9999 -9999 -9999 -9999 -9999 -9999 -9999 -9999 -9999 -9999 -9999 -9999 -9999 -9999 -9999 -9999 -9999 -9999 -9999 -9999 -9999 -9999 -9999 -9999 -9999 -9999 -9999 -9999 -9999 43.24 49.22 56.6 63.14 64.92 65.46 65.8 64.88 64.8 64.32 63.62 62.02 61.2 59.74 57.94 55.8 54.46 53.6 51.44 49.56 47.54 45.54 44.04 44.9 44.48 42.5 43.26 42.3 43.66 46.26 48.26
-9999 -9999 -9999 -9999 -9999 -9999 -9999 -9999 -9999 -9999 -9999 -9999 -9999 -9999 -9999 -9999 -9999 -9999 -9999 -9999 -9999 -9999 46.26 46 45.02 44.18 44.58 -9999 -9999 -9999 -9999 -9999 -9999 -9999 -9999 -9999 -9999 -9999 -9999 -9999 48.06 52.3 50.04 -9999 -9999 -9999 -9999 49.44 59.9 63.76 66.32 67.6 68.2 66.96 66.68 67.44 65.52 64.16 62.72 61.42 59.68 59.32 58.38 56.86 55.88 53.8 54.14 46.8 45.98 47.4 47.18 45.9 46.56 45.04 42.9 46.02 48.82
-9999 -9999 -9999 -9999 -9999 -9999 -9999 -9999 -9999 -9999 -9999 -9999 -9999 -9999 -9999 -9999 -9999 -9999 -9999 -9999 -9999 -9999 -9999 -9999 -9999 -9999 -9999 -9999 -9999 -9999 -9999 -9999 -9999 -9999 -9999 -9999 -9999 -9999 -9999 -9999 45.98 48.94 -9999 -9999 -9999 -9999 -9999 49.14 58.38 61.64 65.64 69.04 70 70.3 69.2 68.14 66.2 64.62 63.12 63.12 62.98 62.46 62.94 61.38 62.12 61 58.42 49.74 49.44 48.36 46.22 46.1 46.3 44.86 43.3 44.68 49.74
-9999 -9999 -9999 -9999 -9999 -9999 -9999 -9999 -9999 -9999 -9999 -9999 -9999 -9999 -9999 -9999 -9999 -9999 -9999 -9999 -9999 -9999 -9999 -9999 -9999 -9999 -9999 -9999 -9999 -9999 -9999 -9999 -9999 -9999 -9999 -9999 -9999 -9999 -9999 -9999 -9999 -9999 -9999 -9999 -9999 -9999 43.8 45.38 54.62 61.4 66.76 70.8 71.16 69.36 67.56 67.16 66.34 65.02 65.26 65.24 65.82 66.86 65.82 67.16 66.54 66.48 61.66 54.04 52.44 49.86 48.08 46.76 44.2 42.08 42.76 42.4 44.38
-9999 -9999 -9999 -9999 -9999 -9999 -9999 -9999 -9999 -9999 -9999 -9999 -9999 -9999 -9999 -9999 -9999 -9999 -9999 -9999 -9999 -9999 -9999 -9999 -9999 -9999 -9999 -9999 -9999 -9999 -9999 -9999 -9999 -9999 -9999 -9999 -9999 -9999 -9999 -9999 -9999 -9999 -9999 -9999 -9999 -9999 46.64 49.16 59.08 63.9 65.98 67.56 67.74 68.26 67.58 66.16 66.16 66.24 66.52 67.7 69.04 69.36 69.78 70.82 70.86 71.46 67.92 57.54 55.04 54.5 49.34 45.58 44.16 42.12 41.7 42.34 42.92
-9999 -9999 -9999 -9999 -9999 -9999 -9999 -9999 -9999 -9999 -9999 -9999 -9999 -9999 -9999 -9999 -9999 -9999 -9999 -9999 -9999 -9999 -9999 -9999 -9999 -9999 -9999 -9999 -9999 -9999 -9999 -9999 -9999 -9999 -9999 -9999 -9999 -9999 -9999 -9999 -9999 -9999 -9999 -9999 -9999 44.82 48.66 55.9 62.06 64.5 65.38 65.16 66.18 66.16 65.82 65.68 65.74 66.9 68.04 69.44 70.78 72.26 72.34 73.54 74.7 75.68 74.82 69.76 59.72 57.32 51.84 47.52 45.38 42.46 41.42 41.22 42
48.68 50.58 48.42 -9999 -9999 -9999 -9999 -9999 -9999 -9999 -9999 -9999 -9999 -9999 -9999 -9999 -9999 41.4 39.7 41.14 44.66 -9999 -9999 -9999 -9999 -9999 -9999 -9999 -9999 -9999 -9999 -9999 -9999 -9999 -9999 -9999 -9999 -9999 -9999 -9999 -9999 -9999 -9999 -9999 -9999 46.66 51.64 57.04 57.48 62.46 64.26 63.7 64.12 64.8 65.52 65.4 66.56 67.7 69.02 70.88 71.96 73.72 75.18 76.4 77.62 78.64 79.9 79.42 74.6 66.24 61.94 55.72 50.98 45.18 42.08 40.28 41.42
52.48 51.94 50.4 47.52 44.96 41.98 -9999 -9999 -9999 -9999 -9999 -9999 -9999 -9999 -9999 43.34 41.56 41.7 42.14 43.34 45.06 47.04 -9999 -9999 -9999 -9999 -9999 -9999 -9999 -9999 -9999 -9999 -9999 -9999 -9999 -9999 -9999 -9999 -9999 -9999 -9999 -9999 -9999 -9999 43.88 47.24 51.4 56.88 58.66 62.32 62.68 63.64 64.08 64.86 65.64 66.2 68.62 69.76 70.72 72.82 73.56 75.22 77.06 78.34 79.28 81.58 85.4 85.4 80.32 73.4 67.2 63.04 58.9 52.82 46.6 41.7 43.48
54.3 53.56 52.18 49.84 46.74 44.06 -9999 -9999 -9999 -9999 -9999 -9999 -9999 -9999 -9999 44.94 44.6 45.02 45.82 46.66 47.32 47.8 48.42 48.74 49.52 -9999 -9999 -9999 -9999 -9999 -9999 -9999 -9999 -9999 -9999 -9999 -9999 -9999 -9999 -9999 -9999 -9999 -9999 -9999 45.9 49.68 54.06 55.44 61.1 63.92 64.02 64.36 65.58 66.04 67.8 68.64 69.4 70.66 72.84 73.58 75.16 76.6 78.46 80.26 81.4 83.68 86.4 86.2 82.1 76.58 72.16 65.92 62.04 58.9 53.04 46.42 45.32
58.08 56.8 54.46 52.14 49.56 47.62 45.02 43.46 41.96 -9999 -9999 -9999 -9999 -9999 -9999 46.48 47.04 47.46 47.98 48.7 49 49.68 50.24 50.36 50.62 49.78 50.26 49.16 48.3 47.52 -9999 -9999 -9999 -9999 -9999 46.34 45.88 45.18 43.9 -9999 -9999 -9999 -9999 48.24 51.12 54.8 53.98 56.68 60.86 65.34 66.34 66.28 66.9 67.96 68.9 69.52 70.22 72.94 73.8 75.76 75.9 77.22 78.86 80.52 83.26 84.64 86 85.78 82.34 78.02 73.2 69.5 65.88 61.54 56.38 47.52 47.16
60.5 58.64 56.26 54.3 51.96 49.8 47.84 46.4 45.74 44.84 44.68 44.98 -9999 -9999 -9999 47.18 48.46 49.1 50.26 51.12 51.8 52.1 52.5 52.14 52.12 51.66 51.26 50.88 50.28 50.02 49.48 49.7 49.96 49.46 49.08 48.98 49.06 49.18 48.72 49.14 49.06 49.2 50.56 53.34 55.7 63.32 56.14 60.3 63.1 66.2 68.48 70.08 69.1 68.46 70.62 71.78 72.88 73.96 75.94 76.36 77.94 79.36 79.56 80.96 83.78 85.26 85.66 85.42 83.02 79.26 75.08 70.8 67.48 63.4 60.24 55.14 50.74
62.62 60.82 58.58 56.62 55.38 53.5 51.68 49.58 48.68 48.36 47.92 48 48.26 48.74 49.08 49.64 50.52 51.76 52.86 53.28 53.5 54.28 54.4 54.56 54.58 54.16 53.2 53.18 52.78 52.52 52.94 53.14 52.46 51.96 51.5 51.98 52.52 54.4 53.46 53.72 52.88 52.72 55.94 60.9 64.28 68.16 61.72 65.36 66.86 67.7 70.14 72.2 73.16 72.8 71.58 72.88 73.56 75.82 76.66 77.98 78.72 79.96 80.18 81.42 83.14 84.48 85.88 85.62 83.66 81.28 77.28 73.36 69.02 64.48 61.42 57.5 53.24
63.8 61.92 60.38 58.86 57.92 56 55 52.74 51.7 50.88 50.6 50.3 50.34 51.5 51.36 52.04 52.6 53.74 54.34 55.18 55.56 56.28 56.62 57.06 56.96 56.4 56.46 55.8 56.78 56.76 56.34 55.28 54.86 53.98 53.46 53.82 55.26 56.44 55.12 56.6 58.38 58.16 62.52 66.32 72.82 70.98 68.84 70.48 69.9 70.36 72.52 73.82 73.88 74.66 74.16 75.2 75.5 76.36 76.82 77.02 78.8 80.44 80.6 82.22 83.52 84.78 85.04 84.4 83.88 82.94 82.24 75.78 -9999 -9999 -9999 -9999 55.52
65.2 63.86 62.5 61.08 60.28 58.94 57.92 56.3 55.1 54.56 53.34 53.14 53.1 53.76 54 54.72 55.3 56 56.96 57.36 58.06 58.22 58.84 58.92 58.82 59.2 58.96 58.82 59.5 59.58 58.32 57.88 57.06 56.38 56.04 57.26 58.26 59.18 57.02 59.2 62.38 62.4 63.42 66.78 80.6 73.52 73.72 74.94 73.98 73.18 74.68 75.58 75.6 75.4 76.08 75.36 75.88 76.26 76.98 77.66 79.68 79.54 81.32 82.8 82.86 83.94 84.98 84.56 83.7 84.32 83.28 -9999 -9999 -9999 -9999 -9999 54.38
67.08 65.94 64.54 62.94 61.68 60.78 60.42 59.56 58.18 56.94 56.62 55.6 56.02 55.52 55.88 56.64 57.38 58.44 59.04 59.8 59.54 60.18 60.72 61.12 60.8 61.24 61.16 61.66 61.08 61.48 60.06 59.92 59.06 59.3 59.76 59.12 59.4 59.84 60.64 58.56 64.8 67.68 65.44 69.68 79.4 71.32 75.12 77.36 76.62 76.6 76.22 76.56 76.72 77.46 77.02 76.06 76.34 77.3 77.58 78.12 79.84 80.14 80.24 81.72 83.02 82.98 83.98 83.32 83.76 82.06 80.98 76.58 -9999 -9999 -9999 -9999 -9999
67.7 66.56 65.86 65.12 64.62 63.82 62.18 61 59.66 58.84 58.24 58.16 57.56 57.96 58.14 58.82 59.4 59.86 60.62 60.94 61.8 62.54 62.54 63.02 62.9 62.84 63.34 63.12 63.44 63 62.94 62.76 61.7 61.4 61.94 61.28 61.86 61.94 62.82 62.12 64.56 69.94 70.48 71.04 81.34 80.2 76.04 78.12 78.76 78.12 77.98 77.28 77.6 78.2 77.8 76.64 77.22 77.84 78.3 78.84 79.02 80.46 80.5 80.46 82.32 83.34 82.9 83.36 82.06 81.68 78.98 77.4 -9999 -9999 -9999 -9999 -9999
67.98 67.72 67.34 66.76 66.7 65.08 63.64 62.96 61 60.88 60.06 60.38 59.94 60.22 60.64 60.8 61.28 61.9 62.46 63.06 63.4 63.54 63.74 64.5 64.72 64.82 65.02 65.02 65.6 65.16 65.08 64.88 64.38 64.48 64.6 64.06 64.24 64.14 65.54 64.94 65.32 69.22 -9999 -9999 -9999 -9999 80.3 79.26 76.76 77.72 79.72 79.2 78.4 78.34 78.06 77.14 77.54 78.28 78.64 79.22 79.36 79.4 79.7 81.3 80.84 82.14 81.64 81.88 80.98 80.54 79.42 77.1 75.68 -9999 -9999 -9999 -9999
68.16 68.36 68.7 68.38 67.88 67.1 65.9 64.08 62.76 61.5 61.8 62.5 61.84 61.98 62.34 62.58 63.48 63.44 64.3 64.74 65.28 65.72 65.58 66.08 66.44 67.4 67.88 67.32 68.02 67.64 67.68 68.08 68.04 68.42 68.44 68.12 68.12 67.72 67.6 67.54 67.46 68.36 72.98 -9999 -9999 -9999 83.38 81.24 79.36 76.64 77.66 79.54 78.9 79.06 78.56 74.84 75.36 76.68 77.12 77.46 78.24 80.4 80.28 80.46 79.76 79.48 80.08 79.64 80.02 79.58 78.94 78.14 76.62 75.04 -9999 -9999 -9999
68.64 68.6 68.2 69.22 68.34 68.08 66.9 65.46 64.8 63.98 63.18 64.22 63.88 64.18 64.22 64.92 64.7 65.92 65.58 66.44 66.12 66.48 66.72 67.78 68.36 68.34 68.94 68.8 69.52 70.26 70.86 70.6 70.74 71.18 71.5 72.2 71.86 70.84 69.5 69.54 70.12 69.88 71.96 -9999 -9999 -9999 -9999 84.16 82.64 79.34 80.04 79.46 79.52 78.4 77.94 74.4 73.56 78.36 78.44 78.54 78.52 79.5 79.1 79.3 78.7 77.86 79.1 78.56 79.06 78.72 78.38 78.9 79.02 77.32 76.68 -9999 -9999
67.98 68.26 69.24 69.36 69.08 69.36 68.3 66.66 66.26 66 65.78 66.24 66.1 66.18 65.92 66.68 66.28 67.12 66.92 67.88 67.7 68.1 68.52 68.78 69.56 69.86 70.32 70.88 70.88 71.68 72.48 72.9 73.44 74.18 74.4 75.64 75.6 73.86 71.8 70.74 70.24 71.64 72.26 77.52 -9999 -9999 -9999 -9999 82.92 78.7 80.6 81.02 79.18 78.98 78.7 73.66 73.7 78.64 78.64 78.64 77.5 79.34 79.38 77.88 77.52 76.52 76.2 75.96 76.46 76.72 77.82 78.28 79.02 78.76 79.54 -9999 -9999
67.48 67.66 69 69.24 69.14 68.92 68.72 68.62 67.28 67.36 67.26 67.2 67.18 67.9 67.24 67.82 68.54 68.46 68.62 68.42 68.96 69.62 68.62 68.74 70.14 71.12 71.48 72.5 73.08 74.28 75.32 75.72 76.06 76.74 78.42 80.16 79.38 77.38 74.26 71.36 69.18 71.6 74.5 75.02 -9999 -9999 -9999 -9999 82.7 80.6 80.68 82.28 81.32 78.96 77.2 76.08 76.04 76.8 77.54 76.54 76.56 76.84 77.24 75.92 75.48 74.42 73.14 74.72 73.94 75.54 76.66 77.56 78.08 77.84 77.32 74.18 -9999
66.52 68.02 69.1 69.56 70.02 69.84 69.34 69.26 68.34 68.22 68.76 68.58 68.68 68.18 68.3 68.26 69.22 69.56 70.14 70.08 69.52 70.08 69.42 70 70.78 71.64 72.64 73.34 73.94 74.92 76.38 77.48 78.4 80.04 81.36 83.94 83.34 80.88 78.06 74.66 73.14 74.28 75.36 74 76.64 -9999 -9999 -9999 -9999 80.24 78.46 80.26 80.7 78.38 76.6 76.9 76.76 76.98 77.54 76.5 75.12 74.86 75.26 75.8 74.04 73.02 71.2 71.88 71.16 73.16 74.48 76.4 76.66 76.68 75.94 72.84 69.3
66.22 67.34 68.46 69.88 69.74 70.78 70.66 70.18 70 68.94 69.7 69.64 69.56 69.38 69.74 69.76 69.98 70.44 70.58 70.24 70.94 70.82 71.54 71.4 71.92 72.26 73.48 74.28 75.04 76.14 77.46 78.42 79.8 80.88 83.26 85.5 84.92 83.5 81.86 80.2 79.52 78 77.32 75.6 74.82 -9999 -9999 -9999 -9999 78.7 74.98 75.82 76.88 78.76 76.36 76.26 77.54 76.82 77.16 76.72 74.98 74.8 74.8 73.44 73.78 72.36 72.14 70.38 68.46 71.78 73.12 75.18 75.62 75.38 73.9 71.72 69.84
66.84 67.94 69.22 70.02 70.68 70.7 71.38 71.08 70.82 70.9 70.84 70.32 69.98 70.16 70.06 69.86 70.14 70.84 70.84 70.44 71.32 71.64 72.6 72.2 72.64 72.72 73.72 73.66 75.18 77.8 78.88 80.42 81.62 82.94 84.7 85.72 86.08 85.12 84.42 84.76 86.12 82.3 78.9 75.94 72.66 73.2 -9999 -9999 -9999 -9999 77.18 76.54 76.64 78.44 77.7 77.62 77.38 76.68 76.82 76.36 76.34 74.84 74.46 72.92 72.96 72.28 71.94 69.96 68.92 71.78 72.84 73.78 74.22 74.52 73.16 71.54 69.56
66.26 67.48 69.64 70.1 70.94 71 71.76 71.72 71.74 71.7 71.3 70.68 71.16 70.42 69.86 70.38 70.68 71.3 71.38 71.28 72.3 72.54 73.14 72.64 72.92 73.1 73 73.82 76.12 77.56 79.58 81.52 82.8 83.94 85.74 86.32 87.08 85.98 85.9 87.14 87.9 83.34 79.44 75 71.86 70.5 -9999 -9999 -9999 -9999 -9999 -9999 77.76 76.94 77.54 77.62 77.92 77.72 76.1 75.84 75.94 74.62 74.7 72.88 72.58 71.16 71.42 70.04 70.14 71.06 72.64 73.86 74.18 73.48 72.04 70.92 70.04
66.58 67.76 69.88 69.94 71.6 71.6 72.22 72.04 71.98 72.08 71.66 71.38 71.06 70.32 70.2 71.2 71.36 72.06 72.1 72.24 73.04 73.24 73.7 73.52 73.78 73.44 73.66 74.28 77.14 78.88 80.64 82.9 83.42 84.9 85.18 87.04 86.48 86.34 86.54 86.28 85.56 82.04 77.6 73.22 70.2 69.22 -9999 -9999 -9999 -9999 -9999 -9999 77.16 77.34 77.62 76.58 77.52 76.06 76.12 76.36 75.4 75.44 74.02 73.64 72.02 72.14 72 71 70.48 71.38 71.8 73 72.4 72.96 71.76 70.1 69.32
67 68.14 69.44 70.92 71.8 72.4 71.86 72 72.56 72.64 72.06 71.86 71.04 70.64 70.46 71.88 71.76 71.9 72.9 72.58 72.44 73.5 73.42 73.96 73.3 73.7 74.9 76.54 77.72 79.18 80.96 83.12 84.88 85.2 85.46 85.68 85.88 85.18 85.4 84.28 83.4 80.08 75.92 72.22 68.6 66.16 65.6 -9999 -9999 -9999 -9999 -9999 -9999 76.26 75.3 75.58 77.14 76.72 77.2 76.04 75.94 74.72 74.46 73 72.88 72.94 72.14 69.38 70.96 71.66 72 72.38 71.88 70.98 70.1 69.38 68.16
68.18 68.84 70.52 71.48 72.68 73.26 72.82 72.98 73.06 72.68 72.72 72.1 71.52 69.76 70.98 72.44 72.54 72.44 73.02 73.46 72.78 73.64 73.96 74.56 73.3 74.4 74.92 76.92 78.2 80.14 80.64 83.1 84.66 85.18 85.44 84.64 84.92 84.14 83.56 82.04 80.02 78.44 75.26 71.2 67.46 62.96 62.26 60.1 -9999 -9999 -9999 -9999 -9999 72.58 73.84 73.86 76.4 76.32 75.8 75.7 74.98 75.3 73.64 72.96 73 72.74 70.92 70.3 71.66 71.82 72.32 72.14 70.62 70.28 69.2 68.6 66.84
