shamba/rasters/climate/pet_6.txt
ncols         720
nrows         360
xllcorner     -180
yllcorner     -90
cellsize      0.5
NODATA_value  -9999
[rows 35 to 69 of 360, columns 462 to 538 of 720]
-9999 -9999 -9999 23.66 22.92 22.22 22.08 21.88 22.26 -9999 -9999 -9999 -9999 -9999 -9999 -9999 -9999 -9999 -9999 -9999 -9999 -9999 -9999 -9999 -9999 -9999 -9999 -9999 -9999 -9999 -9999 -9999 -9999 -9999 -9999 19.46 19.28 19.02 18.84 18.8 18.8 18.38 18.52 18.28 -9999 -9999 -9999 -9999 16.62 -9999 -9999 -9999 -9999 14.2 13.3 12.88 12.58 12.44 -9999 -9999 -9999 -9999 12.88 13.4 13.7 14 14.82 15.1 15.32 15.7 16.46 16.72 17.12 17.32 18.26 18.2 18.8
-9999 24.6 24.24 23.9 23.3 22.58 22.88 22.88 22.74 -9999 -9999 -9999 -9999 -9999 -9999 -9999 -9999 -9999 -9999 -9999 -9999 -9999 -9999 -9999 -9999 -9999 -9999 -9999 -9999 -9999 -9999 -9999 -9999 -9999 20.36 20.04 20.2 19.98 19.44 19.96 19.42 19.48 19.4 -9999 -9999 18.36 18.38 17.72 17.64 -9999 16.28 16.22 15.7 14.98 14.54 14.1 13.76 13.26 13.08 13.06 13.42 -9999 13.66 13.98 14.42 15.04 15.4 16.08 16.36 16.86 16.92 17.48 17.7 18.22 18.62 19.12 19.2
-9999 -9999 -9999 24.3 24.08 23.82 23.42 22.86 22.7 22.52 23.04 -9999 -9999 -9999 -9999 -9999 -9999 -9999 -9999 -9999 -9999 -9999 -9999 -9999 -9999 -9999 -9999 -9999 -9999 -9999 -9999 -9999 21.14 21.24 20.86 20.84 21.02 20.54 20.52 20.72 20.26 20.26 20.24 -9999 -9999 19.44 18.84 18.66 18.54 17.9 -9999 17 16.6 15.98 15.42 15.4 14.54 14.6 14.3 14.48 14.32 14.66 14.78 -9999 15.54 15.76 16.06 16.74 16.96 17.22 17.52 18.32 18.58 18.74 19.54 19.66 20.02
-9999 -9999 -9999 -9999 -9999 -9999 24.16 23.64 23.78 23.42 23.54 23.46 -9999 -9999 -9999 -9999 -9999 -9999 -9999 -9999 -9999 -9999 -9999 -9999 -9999 -9999 -9999 -9999 -9999 -9999 -9999 -9999 22 21.64 21.76 21.68 21.36 21.6 21.42 21.3 21.24 21.22 21.28 21.08 -9999 -9999 20.22 19.76 19.28 18.96 18.18 17.96 17.48 17 16.5 16.26 15.92 15.66 15.72 15.56 15.78 15.86 15.88 16.48 16.26 16.92 17.32 17.4 17.76 18.2 18.54 19.22 19.12 19.68 20.44 20.38 20.72
-9999 -9999 -9999 -9999 -9999 -9999 -9999 -9999 -9999 -9999 -9999 -9999 -9999 -9999 -9999 23.14 22.62 23.08 -9999 -9999 -9999 -9999 -9999 -9999 -9999 -9999 -9999 -9999 -9999 -9999 -9999 -9999 22.74 22.46 22.58 22.38 22.38 22.54 22.36 22.42 22.06 22.42 22.14 -9999 -9999 -9999 21 21.18 20.32 20.12 19.26 18.94 18.58 18.1 17.84 17.38 17.02 16.58 16.84 16.6 16.8 16.72 17.08 17.16 17.4 17.96 17.96 18.32 18.68 19.22 19.38 19.66 20.14 20.5 20.92 21.02 20.9
-9999 -9999 -9999 -9999 -9999 -9999 -9999 -9999 -9999 -9999 -9999 -9999 -9999 -9999 -9999 -9999 -9999 23.54 23.08 23.1 23.14 23.14 23.14 23.14 -9999 -9999 -9999 -9999 -9999 -9999 -9999 -9999 23.58 23.26 23.32 23.2 23.5 23.08 23.18 22.9 23.1 22.92 23 -9999 -9999 22.92 22.52 22.44 21.52 21.08 20.4 20.34 19.7 19.22 18.78 18.48 18.04 17.96 18.04 17.52 17.72 17.72 18.02 18.16 18.4 18.88 19.06 19.14 19.96 19.82 20.3 20.38 21.02 21.48 21.42 20.94 20.88
-9999 -9999 -9999 -9999 -9999 -9999 -9999 -9999 -9999 -9999 -9999 -9999 -9999 -9999 -9999 -9999 -9999 -9999 -9999 24.06 23.42 23.16 23.1 22.92 23.14 23.74 23.8 24.02 23.98 -9999 -9999 -9999 -9999 -9999 24.22 24 24.18 24.14 23.9 23.88 23.84 23.78 24 -9999 -9999 -9999 23.88 23.06 22.74 22.44 21.66 20.98 20.68 20.3 20.02 19.56 19.42 18.94 19.02 19.06 18.9 19.14 19.1 19.44 19.7 19.96 19.94 20.18 20.82 20.92 21.12 21.52 21.62 21.62 21.74 22.26 22.76
-9999 -9999 -9999 -9999 25.94 25.98 -9999 -9999 -9999 -9999 -9999 -9999 -9999 24.92 25 25.1 24.74 -9999 -9999 24.64 24.4 24.36 24.44 24.42 24.2 24.16 24.02 24.22 24.48 24.14 24.28 24.88 25.02 -9999 -9999 -9999 24.62 24.7 24.88 24.66 24.56 24.82 24.82 25.04 25.54 -9999 -9999 24.28 23.84 23.32 22.78 22.42 -9999 21.54 21.26 21.28 20.7 20.56 20.28 20.3 19.92 19.92 20.16 20.14 20.38 20.72 21.02 21.2 21.52 22.2 22.22 22.78 22.6 22.34 21.6 22.8 23.82
27.72 27.1 26.6 26.46 26.34 26.46 26.28 26.72 26.42 26.66 26.02 25.74 26.3 25.78 25.24 25.06 25.16 24.92 24.98 24.76 24.98 24.86 25.36 25.16 25.02 25.02 24.96 24.94 25.28 23.58 23.22 23.94 24.78 25.14 25.76 25.54 25.56 25.32 25.5 25.32 25.38 25.64 25.82 25.92 26.08 -9999 -9999 25.02 24.8 24.06 23.9 23.42 23.18 22.82 22.12 22.12 21.8 21.44 21.48 21.42 21.02 21.12 21.4 21.26 21.58 21.66 21.76 22.14 22.46 22.88 23.24 23.18 23.28 23.32 24.2 24.62 24.52
27.8 27.46 26.96 26.7 26.5 26.56 26.86 26.92 26.74 26.9 27.1 26.72 26.74 26.54 26.04 25.64 25.28 25.44 25.36 25.4 25.3 25.7 25.28 25.76 25.7 25.66 25.68 25.88 25.7 24.14 23.5 23.98 25.84 26.4 26.22 26.46 26.22 26.2 26.44 26.16 26.28 26.3 26.66 26.48 -9999 -9999 -9999 26.28 25.52 24.94 24.92 24.48 24.26 24.12 23.32 23.32 22.88 22.52 22.48 22.22 22.02 22.32 22.52 22.32 22.42 22.62 22.82 23.1 23.62 23.56 23.86 24.62 24.24 24.86 24.58 24.08 23.78
28.6 28 27.76 27.56 27.34 27.4 27.54 27.68 27.76 27.76 27.7 27.84 27.66 27.24 26.76 26.34 25.96 25.64 25.74 25.92 26.1 26.08 26.36 26.2 26.24 26.56 26.44 25.98 24.44 24.7 23.96 24.58 26.08 26.96 27.34 26.82 26.92 26.7 27.3 26.92 27.24 27.06 27.18 -9999 -9999 -9999 27.1 26.7 26.52 25.96 26.14 25.5 25.52 25.12 24.86 24.16 23.98 23.66 23.76 23.46 23.82 23.6 23.84 23.66 23.74 23.68 24.02 24.26 24.48 24.62 24.8 25.08 25.36 25.28 24.62 24.74 24.22
28.6 28.46 28.64 28.4 28.38 28.28 27.84 28.26 28.56 28.68 28.7 28.46 28.68 28.44 28.1 27.6 27.08 26.96 27.12 26.96 26.96 27.12 27.34 27.46 26.78 25.64 24.9 25.16 25.68 27.06 27.8 27.96 27.98 27.96 28.04 27.72 27.46 27.62 27.7 27.62 27.48 -9999 -9999 -9999 27.6 27.78 27.84 27.4 27.18 26.96 26.58 26.62 26.24 25.86 25.92 25.36 25.24 24.72 24.94 24.74 24.66 24.54 24.84 24.36 24.62 24.78 24.98 24.84 25.3 25.52 25.72 26.34 26.12 25.9 25.9 26.08 25.52
29.44 29.38 29.28 29.04 28.88 29 28.64 28.92 28.94 29.38 29.82 29.9 30.04 29.26 29.04 28.78 28.04 28 28 27.98 27.72 27.76 27.88 27.16 25.16 26.62 27.72 28.02 29 29.2 29.22 29.22 29.08 29.06 28.56 28.8 28.14 28.26 28.46 28.48 28.42 28.3 28.32 28.12 28.48 28.34 28.2 27.98 28.12 27.76 27.52 27.6 27.32 27.3 26.88 26.46 26.3 25.82 26.18 26.06 25.6 25.82 25.78 25.88 26.12 26.16 25.94 26.02 26.2 26.48 26.66 26.88 27.06 27.4 26.72 26.9 26.56
29.86 30.14 30.26 30.06 29.54 29.52 29.66 29.62 29.96 29.98 30.44 30.86 31.26 30.46 30.2 29.54 28.76 28.3 27.9 27.82 27.6 26.7 26.28 26.44 27.72 28.3 28.46 28.98 29.26 29.08 29.36 29.34 29.34 29.18 28.8 28.82 28.8 28.48 28.8 28.44 28.58 28.18 28.66 28.78 28.78 28.6 28.68 28.74 28.5 28.86 28.88 28.28 28.46 28.48 28.3 27.88 27.52 27.12 27.26 26.82 27.06 26.92 27.04 26.92 26.7 26.76 26.78 26.94 27.26 27.42 27.8 27.84 27.9 27.9 27.7 27.48 27.48
30.48 30.72 30.82 30.78 30.68 30.54 30.7 30.32 30.34 31.14 31.2 31.64 31.94 31.44 31.02 30.28 28.82 26.16 26.04 26.86 25.78 27.3 29.1 29.32 29.5 29.62 29.38 29.58 29.58 29.72 29.6 29.72 29.6 29.52 29.44 29.36 29.08 29.18 29.18 28.94 29.26 28.74 29.38 29.16 29.22 29.1 29.2 29.42 29.34 29.34 29.46 29.64 29.42 29.66 29.08 28.96 28.42 28.22 28.16 27.84 28 27.88 27.66 27.9 27.6 27.52 27.6 27.78 27.58 28.1 28.68 28.72 28.9 28.5 28.28 28.24 27.28
30.64 30.8 31.06 31.1 31.2 31.28 31.18 30.8 31.4 31.94 31.66 32.1 32.12 32.1 31.94 29.66 27.58 26.16 27.62 28.9 29.5 29.76 30.76 30.16 30.36 30.14 30.06 30 30.02 30.36 30.48 30.06 30.32 30.44 29.84 30.18 29.74 29.68 29.74 29.76 29.68 29.52 29.52 29.44 29.48 29.56 29.92 30.04 30.08 29.58 29.96 29.96 30.1 30.22 30.12 29.18 29.18 28.92 28.9 28.88 28.3 28.48 28.36 28.24 28.34 28.52 28.6 28.4 28.5 28.9 29.42 29.56 29.68 29.38 29.12 28.8 28.68
31.62 31.26 30.82 31.66 31.66 31.7 31.78 31.26 31.42 32.14 31.9 32.14 32.46 32.4 31.8 31.42 28.64 28.82 31.06 31.84 31.76 31.74 31.5 31.3 31.14 30.92 31.06 30.6 30.9 31.1 30.7 30.92 30.62 30.72 30.62 30.38 30.46 30.52 30.22 30.1 30.22 30.28 30.18 29.96 30.32 30.66 30.42 30.54 30.66 30.64 30.64 30.66 30.5 30.62 30.44 30.34 29.96 29.62 29.9 29.16 29.28 29.3 29.3 29.1 29.14 29.1 29.12 29.28 29.3 29.42 30.04 30.4 30.2 30.44 29.86 29 29.2
32.2 32.5 32.12 31.9 32.04 32.08 32.02 31.96 31.76 32.42 32.38 32.36 32.6 32.32 31.3 30.46 28.8 31 31.74 32.66 32.36 32.26 32.46 32.26 32.2 31.6 31.94 31.78 31.62 31.7 31.58 31.46 31.1 31.3 31.34 30.96 31.06 31.14 31.1 31 30.8 30.88 30.42 30.82 31.18 30.94 31.14 31.1 31.16 31.1 31.16 31.02 30.84 30.82 30.96 30.8 30.42 30.34 30.02 30.12 29.52 29.68 29.58 29.74 29.5 30.14 30.06 30.06 30.34 30 30.32 30.12 30.76 30.74 30.32 29.58 30.16
32.8 32.82 32.78 32.72 32.62 32.7 32.72 32.62 32.64 32.58 32.68 32.68 32.98 32.1 32 30.96 30.06 31.84 33.36 33.72 33.5 33.3 33.48 33.04 33.18 32.82 32.96 32.72 32.28 32.24 31.98 31.84 31.78 32.14 31.76 31.68 31.58 31.58 31.92 31.56 31.5 31.52 31.54 31.7 31.78 31.56 31.68 31.64 31.78 31.48 31.48 31.36 30.94 31.04 31.18 31.04 31.12 30.86 30.42 30 29.86 30.1 29.78 30.3 30.18 30.06 30.24 30.52 30.58 30.64 30.96 30.8 31.08 31.3 31.04 30.94 30.42
33.58 33.52 33.66 33.4 33.4 33.14 33.46 33.28 32.2 32.2 32.68 33.32 33.54 33.28 32.78 32.34 31.56 31.32 34.12 34.42 34.3 34.28 34.06 34.16 33.82 33.54 33.48 33.4 32.84 32.64 32.54 32.58 32.5 32.28 32.48 32.2 31.98 32.26 31.94 32 32.3 32.08 32.36 32.36 32.12 32.24 32.12 32.08 31.8 31.94 31.84 31.88 31.56 31.48 31.56 31.56 31.54 31.02 30.96 30.94 30.92 30.7 30.38 30.9 30.76 30.96 30.86 30.98 31.06 30.8 31.46 31.38 31.3 31.34 31.64 31.76 31.8
34.26 34.04 34.06 34.3 33.78 33.84 33.78 34.04 33.26 33.42 33.48 33.8 34.28 33.28 33.36 32.58 31.66 32.46 34.8 34.8 34.88 34.86 34.98 34.44 34.62 34.04 34.04 34.08 33.86 33.48 33.54 33.38 33.34 33.34 33.28 32.78 32.88 32.6 32.64 32.92 32.76 32.76 32.58 32.88 32.92 33 33.02 32.62 32.5 32.4 32.4 32.24 32.26 32.04 32.04 32.14 32.12 31.84 31.96 31.78 31.78 31.56 31.5 31.52 31.76 31.58 31.44 31.4 31.38 31.72 32.06 31.98 31.96 31.56 31.88 31.98 32.36
34.76 34.9 34.86 34.82 34.52 34.72 34.22 34.56 34.56 34.58 34.34 34.6 34.74 34.32 33.72 32.96 30.48 32.82 34.74 35.28 35.84 35.68 35.4 34.92 34.94 34.94 34.9 35.04 34.76 34.56 34.4 34.24 34.02 33.72 33.32 33.52 33.18 33.12 33.34 33.36 33.06 33.34 33.54 33.5 33.22 33.32 33.12 33.22 33.1 33.18 32.88 32.84 32.82 32.56 32.68 32.56 32.38 32.54 32.6 32.8 32.72 32.56 32.66 32.54 32.46 32.52 32.68 32.14 32.74 32.28 32.42 32.7 32.52 32.04 32.36 32.08 32.28
35.54 35.22 35.36 35.22 35.16 35.04 35.4 35.4 35.3 35.26 35.48 35.38 34.92 33.68 33.7 32.32 30.78 32.38 34.8 35.5 36.02 35.94 36.26 35.94 36.38 35.98 35.54 35.86 35.86 35.64 35.22 35 34.92 34.58 34.16 33.7 34.28 33.98 33.86 33.84 34 33.7 34 34 34.02 34.16 33.9 33.82 33.42 33.38 33.32 33.04 33.22 32.84 33.08 33 33.06 33.48 33.14 33.36 33.1 33.36 33.14 33.3 33.32 33.2 33.14 33.12 33.4 32.86 33.06 32.9 33.2 33.02 33.02 32.88 32.92
35.66 35.74 36.14 35.82 35.72 35.62 36.22 35.92 36.22 36.4 36.9 36.72 35.06 34.48 33.38 32.38 31.66 33.5 34.6 35.68 36.52 36.42 36.88 37.04 36.9 37.02 37.16 36.7 36.62 36.44 36.3 35.66 35.22 35.2 34.6 34.38 34.44 34.32 34.84 34.7 34.5 34.12 34.12 34.46 34.66 34.6 34.28 34.06 34.02 33.96 34.08 33.92 33.4 33.48 33.42 33.6 33.7 33.5 34.16 33.82 34.28 34.06 33.96 33.76 33.96 34.12 33.88 33.9 33.84 33.6 33.74 33.78 33.7 33.56 33.52 33.66 33.52
36.64 36.48 36.74 36.38 36.34 36.02 36.28 36.28 36.76 36.94 37.62 37.4 36.3 34.38 33.16 31.88 30.98 33.76 35.22 36 36.7 37.04 37.48 37.66 37.72 37.98 37.72 37.68 37.5 37.46 37.16 36.38 36.1 35.38 35.06 35.3 34.7 35.02 34.9 34.54 35 34.94 34.94 35.08 35.44 35.02 34.74 34.78 34.74 34.54 34.66 34.42 34.16 34.08 34 34.32 34.14 34.36 34.2 34.9 34.64 34.98 34.64 34.36 34.54 34.74 34.76 34.58 34.64 34.16 34.24 34.18 34 34.36 34.38 34.08 34.24
36.7 36.68 36.6 36.56 36.32 35.68 36.02 36.3 36.22 36.58 36.84 36.4 36.2 34.82 33.2 32.48 32.06 34.74 35.7 36.78 36.84 37.78 37.84 38.22 38.3 38.82 38.8 38.92 38.82 38.36 38.1 37.42 36.92 36.36 35.78 35.74 35.76 35.7 35.36 35.52 35.46 35.48 35.86 35.76 35.74 35.74 35.62 35.74 35.84 35.44 34.88 35.32 35.12 35.04 35.06 35.08 35.14 35.38 35 35.42 35.32 35.58 35.4 35.18 35.22 34.7 35.32 35.22 35.18 35.26 35.14 35.3 34.82 34.9 34.52 34.76 34.52
37.26 37.34 37.2 36.6 36.24 35.96 36.5 36.32 36.16 35.96 35.94 35.98 35.32 34.2 33.44 32.4 32.6 35.02 36.28 36.92 37.68 38.48 38.72 39.04 39.62 39.28 39.4 39.58 39.42 39.24 38.66 38 37.6 36.82 36.6 36.48 36 36.12 36.36 36.2 36.26 36.3 36.22 36.48 36.46 36.48 36.38 36.56 36.34 36.24 36.26 36.12 36 35.82 36.18 35.68 35.94 35.6 35.92 35.76 35.78 36.02 36.14 35.88 35.78 35.7 35.96 35.8 36.18 35.8 36.06 35.62 35.42 35.36 35.4 35.52 35.04
37.8 37.6 37.52 37.12 36.34 36.22 36.54 36.32 35.96 35.6 35.14 35.14 34.78 34.28 33.58 32.58 33.62 35.36 36.56 37.46 38.14 38.8 39.56 39.68 40.16 39.86 40.12 40.02 40.02 39.9 39.56 38.74 38 37.38 36.92 36.6 36.56 36.86 36.7 37.14 36.74 37.28 37.22 37.18 36.94 37.02 37.32 37.14 37.1 36.94 37 36.76 36.6 36.94 36.54 36.66 36.7 36.62 36.8 36.6 36.84 36.82 36.8 36.98 36.9 36.96 37.24 37.3 37.2 37.22 37.12 37 36.62 36.42 36.22 35.82 35.7
38.28 38.02 38.06 37.76 37.16 36.6 37 36.5 35.9 35.04 34.86 34.94 34.88 34.74 34.42 34 34.58 36.06 37.18 38.04 39.02 39.38 40.3 41.02 40.94 41.32 41.02 41.18 40.84 40.12 40 39.18 38.48 38.02 37.3 37.28 37.3 37.4 37.82 37.86 38.08 37.64 37.82 37.8 37.94 38.06 37.96 37.82 37.92 38 38 37.46 37.42 37.44 37.48 37.22 37.4 37.44 37 37.24 37.3 37.24 37.56 37.64 37.48 37.52 38.02 38.24 38.22 37.72 37.68 37.54 37.58 37.08 36.82 36.34 36.12
38.5 38.46 38.72 38.5 37.72 37.62 37.08 36.86 36.64 35.5 34.78 35.28 35.26 35.6 35.5 35.46 35.16 36.3 37.46 38.68 39.48 40.64 41.42 42.1 42.14 42.12 42.12 41.96 41.68 41.2 41.08 40.48 39.84 39.02 38.82 38.76 38.86 38.84 38.6 38.96 38.92 38.92 39.4 39.14 38.9 39.06 38.94 38.86 39.16 39.14 39.1 38.9 38.32 38.46 38.32 38.3 38.14 38.18 38.18 37.88 38.18 38.12 38.04 38.36 38.72 38.32 39.02 38.98 39 38.88 38.32 37.94 38.04 37.32 36.92 36.44 36.22
39.58 39.1 39.22 39.16 39 38.44 38.24 38.02 37.12 35.94 35.48 36.12 36.5 36.2 36.44 36.7 36.82 37.04 38.68 39.26 40.4 41.24 42.58 42.76 43.06 43.06 43.38 43.16 42.56 42.22 41.6 41.36 40.64 39.84 39.66 39.96 39.62 39.32 39.42 39.94 39.92 40.2 40.1 40.36 40.08 39.84 39.76 39.76 40.1 40.2 39.82 39.6 39.2 39.22 39.04 39.08 38.82 38.84 39.12 38.8 39.04 39 39.18 39.42 39.16 39.56 39.44 40.14 39.82 39.48 38.88 38.64 38.26 38.12 37.76 37.38 37.02
40.3 39.8 39.32 39.94 39.86 39.72 39.34 38.48 37.56 37.2 36.86 36.84 36.3 37.34 37.12 37.16 37.4 37.84 38.84 40 41 42.42 43.3 44.26 44.62 44.7 44.22 43.32 42.8 43 42.42 41.44 41.12 40.96 41.16 40.7 40.72 40.82 41.1 41.18 41.06 41.22 41.3 41.1 40.9 41.24 40.96 41.1 41.26 41.02 41.26 40.94 41.06 40.86 40.2 40 40 40 39.4 39.4 39.58 39.56 39.46 39.7 39.66 39.96 40.6 40.76 40.12 39.94 39.9 39.46 39.4 38.76 38.36 37.92 37.2
40.98 40.18 40 40.66 40.64 39.88 39.96 39.08 38.46 38.22 38.26 38.02 37.9 38.14 38.18 38.4 38.32 38.78 39.24 41.12 42.22 43.72 44.64 45.44 46.26 45.92 45.16 44.46 43.82 43.6 43.24 42.58 42.48 42.3 42.52 42.4 42.24 42.48 42.64 42.5 42.38 42.38 41.86 42.2 42.18 42.08 42.06 42.02 42.08 42.42 42.08 42 41.68 41.52 40.96 40.92 40.66 40.66 40.06 40.14 39.9 40 39.78 40.26 40.38 41.04 41.14 41.52 40.62 40.48 40.36 40.04 39.88 39.8 38.96 38.26 37.78
40.56 40.72 40.64 40.54 40.4 40.82 40.6 40.06 39.58 39.3 38.98 38.88 38.66 38.24 39.32 39.4 39.5 39.66 40.46 42.7 43.26 44.14 45.56 46.26 47 46.94 46.12 45.34 44.44 43.96 43.96 43.7 43.74 43.72 43.44 43.24 43.14 43.3 43.56 43.92 43.16 43.1 42.84 42.12 42.18 42.2 42.52 42.58 43.36 43.16 43.24 42.88 42.94 42.3 41.98 41.88 41.78 41.78 41.4 41.38 41.02 40.84 40.4 40.76 41.2 41.52 41.28 41.54 41.14 40.76 40.64 39.68 39.4 39.12 39.3 38.8 37.88
41.02 40.9 40.82 40.66 40.64 41 40.84 40.7 40.6 40.4 40.22 40.68 39.54 39.36 39.9 39.78 39.92 39.2 41.82 43.4 44.34 45.74 46.22 47.12 47.74 47.22 46.74 46.08 45.38 45.16 45.02 45.42 45 45.14 45.24 45.02 45.12 45.06 44.94 44.98 44.24 44.1 43.74 43.46 43.22 43.18 43.88 43.58 44.1 44.2 44.4 44.26 44.12 43.64 42.72 43.1 42.76 42.8 42.12 42.06 41.62 41.38 41.12 41.5 41.3 41.46 41.48 41.38 41.42 41.76 41.8 40.74 39.72 37.74 38.24 36.28 36.94
