shamba/rasters/climate/pet_11.txt
ncols         720
nrows         360
xllcorner     -180
yllcorner     -90
cellsize      0.5
NODATA_value  -9999
[rows 68 to 101 of 360, columns 462 to 538 of 720]
2.16 2.02 1.7 1.6 1.98 1.8 1.74 1.92 1.84 1.98 1.78 1.76 1.8 1.96 2.04 2.12 2.44 2.58 2.66 2.7 2.48 2.68 2.4 2.28 2.18 2.1 2.28 2 1.9 1.86 1.6 1.5 1.52 1.64 1.46 1.44 1.62 1.48 1.5 1.4 1.5 1.62 1.72 1.52 1.96 1.7 1.66 1.82 1.86 1.7 1.64 1.64 1.52 1.58 1.62 1.6 1.64 1.72 1.48 1.58 1.5 1.42 1.64 1.42 1.7 1.7 1.88 1.88 2.16 1.9 1.8 2.04 2.16 2.24 1.88 2.1 2.24
2.06 2.2 2.04 2 2.12 2.12 2.06 2.18 2.2 2.3 2.22 2.2 2.06 2.32 2.4 2.34 2.6 2.72 2.58 2.86 2.62 2.58 2.54 2.46 2.46 2.26 2.08 2.04 1.9 2.02 1.78 1.66 1.74 1.62 1.52 1.52 1.48 1.82 1.52 1.3 1.54 1.58 1.64 1.84 1.84 1.82 1.76 2.26 1.94 1.8 2.02 1.62 1.7 1.68 1.58 1.68 1.66 1.62 1.52 1.6 1.94 1.68 1.72 2 1.84 1.84 1.74 1.98 2 1.84 1.9 2.1 2.26 2.6 2.48 2.86 2.7
2.24 2.22 2.28 2.28 2.16 2.16 2.08 2.04 2.22 2.42 2.46 2.38 2.2 2.3 2.84 2.76 2.76 2.88 2.7 2.64 2.56 2.54 2.36 2.54 2.4 2.34 2.14 2.16 2.14 2.22 1.78 1.94 2 1.8 1.8 1.88 1.88 1.76 1.62 1.6 1.66 1.78 1.88 2.24 2.08 1.94 1.98 2.46 2.38 2.28 2.24 2.12 2.14 1.7 1.7 1.74 1.82 1.72 1.96 1.92 1.74 1.8 1.88 1.94 1.88 2.02 2.28 2.16 2.32 2.08 1.98 2.14 2.24 2.56 2.98 3.46 3.06
2.46 2.22 2.3 2.2 2.26 2.22 2.24 2.6 2.16 2.58 2.6 2.56 2.74 2.68 2.96 3.12 2.6 2.72 2.76 2.64 2.72 2.72 2.6 2.58 2.36 2.26 2.26 2.7 2.32 2.26 2.18 1.82 1.72 1.6 1.68 1.76 1.74 1.6 1.58 2.02 1.98 1.72 2.22 2.08 2 1.96 2.38 2.4 2.52 2.48 2.36 2.34 2.22 2.18 2.14 2.18 2.18 2.16 2.36 2.18 2.16 2.36 2.24 2.54 2.08 2.46 2.28 2.2 2.52 2.24 2.32 2.28 2.26 2.22 2.96 3.28 3.54
2.64 2.66 2.56 2.4 2.48 2.48 2.62 2.5 2.58 2.74 2.6 2.8 2.94 2.88 2.72 2.88 2.88 2.66 2.74 2.84 2.7 2.76 2.6 2.82 2.76 2.62 2.42 2.38 2.46 2.32 2.08 2.06 2.02 2 1.9 1.92 1.92 1.88 1.72 1.86 1.94 1.94 1.94 2.22 2.32 2.28 2.78 2.78 3.08 3 2.86 2.72 2.58 2.2 2.16 2.28 2.58 2.56 2.44 2.46 2.42 2.3 2.66 2.54 2.6 2.38 2.62 2.46 2.38 2.46 2.42 2.4 2.5 2.52 2.5 3.3 3.9
2.66 2.52 2.7 2.8 2.56 2.6 2.6 2.82 2.72 2.9 2.82 2.76 2.76 2.94 3.06 2.98 3.02 2.88 2.66 2.7 2.84 2.96 2.94 2.84 2.64 2.54 2.82 2.52 2.38 2.22 2.46 2.42 2.1 2.12 1.98 2.06 2.14 2.06 1.96 2.16 2.36 2.3 2.28 2.22 2.5 2.38 2.9 2.86 3.6 3.52 2.88 2.68 2.7 2.74 2.64 2.82 2.74 2.86 2.8 2.82 2.68 2.6 2.78 2.94 2.88 2.88 2.74 2.78 2.6 2.72 2.56 2.5 2.44 2.56 3.3 3.22 3.3
2.9 2.88 3.08 2.82 3.08 3.02 3 2.96 3.18 3.12 2.96 2.86 3.24 3.08 2.92 3.14 2.92 2.94 2.88 2.68 3.12 3.1 2.96 2.92 2.82 2.98 2.72 2.7 2.64 2.76 2.62 2.44 2.42 2.52 2.38 2.16 1.98 2.16 2.4 2.4 2.64 2.8 2.82 2.58 2.6 3.06 3.08 3.2 3.16 3.32 3.44 3.22 3.24 3.14 3.22 3.34 3.3 3.3 3.12 3.18 3.2 3.24 3.2 2.72 2.88 2.92 2.8 2.86 2.8 2.7 2.74 2.66 2.58 2.8 3 3.02 2.8
2.7 2.76 3 3.26 3.42 3.4 3.38 3.22 3.2 3.16 3.1 3.06 3.36 3.12 3.1 2.9 3.04 3 2.86 3.02 2.92 2.92 3.24 3.16 3.12 2.98 3 2.86 2.74 2.62 2.78 2.68 2.64 2.42 2.5 2.52 2.5 2.66 2.38 2.68 2.86 2.98 2.86 3.24 3.2 3.24 3.5 3.34 3.3 3.44 3.42 3.5 3.36 3.56 3.46 3.46 3.5 3.58 3.66 3.6 3.4 3.42 3.14 3 3.06 2.74 2.9 2.82 2.68 2.72 2.66 2.82 3.08 3.08 3.12 3.32 3.18
2.96 3.16 3.48 3.3 3.74 3.76 3.62 3.32 3.3 3.26 3.38 3.32 3.38 3.26 3.06 3.34 3.22 3.2 3.56 3.2 3.16 3.38 3.04 3.42 3.44 3.36 3.26 2.84 2.82 3.02 2.42 2.62 2.6 2.64 2.46 2.9 2.6 2.86 2.96 3.04 3 3.32 3.54 3.8 3.54 3.48 3.66 3.6 3.58 3.44 3.34 3.44 3.48 3.88 3.98 4.04 4.04 4 3.9 4 4 3.64 3.74 3.48 3.42 3.46 3.24 3.38 3.8 3.84 3.62 3.36 3.34 3.54 4.24 4.78 4.38
2.98 3.06 3.58 3.58 3.74 3.78 3.8 3.78 3.84 3.84 3.68 3.48 3.56 3.14 3.32 3.4 3.34 3.54 3.4 3.36 3.48 3.34 3.56 3.56 3.48 3.46 3.32 3.6 2.98 2.9 2.86 2.92 2.6 2.68 3.12 3.18 3.32 3.26 3.56 3.66 3.58 3.68 3.66 3.84 3.94 3.96 3.56 3.66 4.1 3.84 3.9 3.88 3.9 4.16 4.14 4.22 4.16 4.46 4.24 4.28 4.2 4.1 3.98 3.7 4.16 4.5 4.62 4.3 4.46 4.96 4.16 4.92 4.74 4.28 4.82 4.52 4.38
3.36 3.5 3.68 3.8 4.08 3.98 4.02 4 3.9 3.88 3.86 3.86 3.68 3.5 3.56 3.54 3.88 3.66 3.9 3.9 3.92 3.92 3.88 3.78 3.66 3.68 3.42 3.54 3.58 3.42 3.32 2.94 3.14 3.04 3.08 3.4 3.62 3.78 3.6 4.16 3.98 4.22 4.06 4.24 4.18 4.12 4.4 4.02 4.42 4.42 4.42 4.36 4.22 4.36 4.44 4.52 4.8 4.82 5 4.94 4.76 4.42 4.38 4.06 4.32 4.84 5.34 5.16 4.92 4.96 4.78 4.88 5.04 4.8 4.4 4.6 4.04
3.86 3.94 4.2 4.3 4.54 4.54 4.4 4.38 4.34 4.52 4.22 4.2 4.08 4.1 4 4.12 3.98 4.1 4.04 4.3 4.06 4.12 4.22 4.3 4.2 4.3 4.28 3.94 3.84 3.44 3.52 3.32 3.66 3.46 3.3 3.64 3.9 3.88 4.12 4.22 4.12 4.28 4.46 4.48 4.42 4.32 4.34 4.68 4.8 4.52 4.54 4.38 4.82 4.88 4.64 5.02 4.9 4.94 5.44 5.18 4.98 4.84 4.68 4.68 4.54 5.12 5.8 4.92 4.74 4.9 4.88 4.84 5.2 4.78 4.82 4.56 3.8
4.54 4.48 4.56 4.58 4.66 4.68 4.62 4.7 4.62 4.66 4.52 4.5 4.16 4.38 4.3 4.34 4.28 4.44 4.32 4.48 4.34 4.58 4.62 4.58 4.54 4.82 4.56 4.24 4.06 4.1 3.94 3.88 3.82 3.74 3.9 3.98 4.28 4.44 4.44 4.46 4.52 4.8 4.66 4.78 4.74 4.88 4.92 4.66 4.78 4.66 5.06 5.02 5.24 5.34 5.08 5.36 5.32 5.46 5.82 5.56 5.72 5.8 5.48 5.08 4.78 4.6 4.14 3.94 5.28 5.68 4.9 4.26 5 3.72 4.1 4.46 4.2
4.98 4.78 5.16 5.26 4.96 5 5.02 5.16 5.26 4.66 4.86 4.52 4.46 4.44 4.62 4.6 4.52 4.96 5.04 4.84 4.8 5.12 5 5.34 5.24 5.02 4.6 4.5 4.26 4.58 4.02 3.94 4.1 4.26 4.2 4.46 4.56 4.62 4.68 4.74 4.68 4.74 4.78 4.84 5.08 4.82 5 5.12 5 5.04 5.32 5.12 5.52 5.2 5.68 5.44 5.48 5.74 5.9 5.98 6.32 6.2 5.84 5.82 5.42 4.8 4.38 4.44 4.9 5.04 5.56 5.24 4.3 3.68 3.64 3.72 4.36
5.1 5.42 5.58 5.58 5.56 5.48 5.7 5.76 5.36 5.32 4.96 4.84 5.12 4.9 5.16 4.96 5.3 5.54 5.44 5.52 5.22 5.44 5.52 5.32 5.42 5.4 4.94 4.96 4.96 4.56 4.4 4.4 4.48 4.66 4.64 4.68 4.78 5.04 4.74 4.94 4.8 4.82 5.12 5.1 4.96 5.1 5.1 5.54 5.24 5.42 5.42 5.46 5.56 5.76 5.5 5.74 5.9 6.16 6.32 6.28 6.6 6.46 6.64 6.06 5.74 5.1 4.88 5 5.7 5.86 5.24 5.34 5.16 4.66 4.38 4.66 3.74
5.6 5.8 6.12 5.98 5.96 5.88 5.98 5.86 5.64 5.82 5.62 5.66 5.56 5.32 5.44 5.6 5.64 5.72 5.64 5.7 5.78 5.78 6.02 5.88 5.76 5.66 5.74 5.8 5.28 5.08 4.86 4.96 4.94 4.98 4.86 5.08 5.16 5.1 5.08 5.36 5.28 5.44 5.26 5.1 5.26 5.3 5.52 5.36 5.36 5.48 5.64 5.72 6.02 6.02 5.8 5.82 6.08 6 6.34 6.6 6.7 6.48 6.74 6.34 5.96 5.66 4.8 4.48 4.66 4.46 4.54 4.48 5.12 5.08 4.86 4.36 3.8
6.38 6.16 6.3 6.36 6.3 6.46 6.52 6.46 6.32 6.08 5.88 5.9 5.8 5.86 5.98 5.88 6.22 6.1 6.02 6.08 6.22 6.58 6.12 6.32 6.46 6.42 6.08 6.08 6.06 5.66 5.48 5 5.46 5.56 5.6 5.72 5.74 5.66 5.72 5.68 5.74 5.68 5.44 5.48 5.62 5.62 5.7 5.56 5.76 5.98 6 6.02 5.96 5.94 6.28 6.2 6.52 6.38 6.4 6.66 6.74 6.64 6.64 6.4 6.22 5.66 5.2 4.42 4.64 4.58 4.72 4.56 4.76 4.72 4.42 4.42 4.24
6.58 6.44 6.8 6.72 6.72 7 7.02 6.62 6.5 6.78 6.54 6.48 6.42 6.52 6.68 6.42 6.7 6.92 6.72 6.88 7.06 6.8 6.76 7.08 6.9 6.94 6.84 6.68 6.48 6.32 5.84 5.94 6 5.94 6.22 6.2 6.2 6.22 6.08 6.32 6.22 6.12 5.96 5.68 6.06 6.04 6 5.92 5.86 6.02 6.28 6.3 6.26 6.52 6.56 6.36 6.58 6.72 7 6.84 6.54 6.58 6.38 6.26 6.32 5.9 5.54 5.32 5.76 5.96 5.56 5.14 5 5 4.44 4.3 3.96
-9999 -9999 -9999 -9999 7.2 7.26 7.6 7.52 7.24 7.5 7.04 7.02 7.14 6.92 7.24 7.18 7.26 7.5 7.38 7.32 7.58 7.58 7.66 7.62 7.6 7.64 7.44 7.42 7.26 7.24 6.82 6.56 6.82 6.62 6.92 6.84 6.66 6.64 6.8 6.62 6.82 6.3 6.48 6.42 6.52 6.68 6.86 6.66 6.48 6.52 6.8 7.04 6.94 7.06 7.22 7.22 7.26 7.06 7.1 7.26 7.12 7.1 7 6.94 6.5 5.82 5.88 5.78 5.76 6.3 5.88 5.66 5.18 5.14 4.68 4.32 4.08
-9999 -9999 -9999 -9999 7.72 8.06 7.86 7.86 7.64 7.82 7.5 7.58 7.54 7.58 7.5 7.98 7.72 8.22 -9999 -9999 8.48 7.98 7.98 8.18 8.32 8 7.88 7.84 7.64 7.8 7.84 7.54 7.72 7.58 7.66 7.5 7.8 7.26 7.12 7.06 7.24 7.26 7.28 7.04 7.36 7.24 -9999 -9999 7.06 7.14 7.22 7.32 7.44 7.64 7.7 7.66 7.58 7.4 7.38 7.14 7.14 -9999 6.62 6.4 6.26 5.98 5.66 5.34 5.8 6 6.18 5.84 5.54 5.12 4.84 4.54 4.44
-9999 -9999 -9999 -9999 8.3 8.22 8.5 8.32 8.5 8.02 8.28 8.12 8.06 8.38 7.98 8.34 -9999 -9999 -9999 -9999 9.02 8.44 8.6 8.82 8.7 8.8 8.82 8.64 8.86 8.6 8.9 8.76 8.48 8.36 8.24 8.1 8.04 8.08 7.9 7.6 7.74 7.94 7.54 7.46 7.96 -9999 7.86 8.06 7.68 7.84 7.94 7.82 7.98 7.86 7.98 7.94 7.78 7.8 7.3 6.28 6.22 6.2 6.14 5.52 6.04 5.76 5.68 5.5 5.8 6.2 6.22 6.2 6.08 5.58 5.3 5.12 4.8
-9999 8.34 8.5 8.46 8.68 8.94 8.78 8.96 8.6 8.9 8.7 8.66 8.66 8.58 8.74 -9999 -9999 -9999 -9999 -9999 -9999 9.26 9.02 9.04 9.36 9.36 9.3 9.5 9.7 9.76 9.82 9.5 9.52 9.34 8.94 8.68 8.9 8.66 8.84 8.6 8.3 8.24 8.1 8.02 8.2 8.56 8.74 8.8 8.6 8.72 8.4 8.26 8.2 8.2 7.62 7.76 6.64 6.38 6.16 5.98 5.94 5.6 5.38 5.24 5.38 5.1 5.04 5.08 5.68 6.12 6.58 6.58 6.32 6.16 5.82 5.4 5
8.62 8.78 8.88 9.04 9.12 8.92 9 9.2 8.92 9.08 9.12 8.98 9.32 9.24 9.48 -9999 -9999 -9999 -9999 -9999 -9999 9.6 9.66 9.8 9.78 9.82 10.06 10.14 10.44 10.4 10.14 10.34 9.78 9.9 10.02 9.66 9.38 9.3 9.44 8.92 9.12 9.12 9.22 8.88 8.64 8.84 9.04 9.32 9.08 9.06 8.58 8.6 8.56 7.96 7.36 7.34 6.52 6 3.76 6.06 6.52 6.2 5.84 5.1 5.12 5.48 6.08 6.06 6.6 6.66 6.92 6.8 6.28 6.24 5.78 5.5 5.24
8.9 8.82 8.68 9 9.48 9.14 9.14 9.42 9.44 9.52 9.54 9.72 9.62 9.7 9.9 -9999 -9999 -9999 -9999 -9999 10.18 10.1 10.2 10.06 10.3 10.22 10.38 10.42 10.78 10.82 10.88 11.26 10.24 10.02 9.92 10.2 9.84 9.56 9.58 9.5 9.6 9.42 9.48 9.3 9.24 9.26 9.02 9.04 9.06 8.96 8.8 8.64 8.34 8.14 7.76 7.7 7.92 8 7.52 7.58 7.22 6.48 6.36 6.16 6.02 6.12 6.24 6.66 6.9 6.98 7.1 7.06 6.52 6.3 5.82 5.66 5.44
9.5 9.34 9.24 9.48 9.76 9.92 9.8 9.82 10.02 10.04 10.12 10.24 10.02 10.08 10.24 10.68 10.62 -9999 -9999 10.96 10.82 10.6 10.86 10.88 10.64 10.48 10.92 11.18 11.24 11.46 11.6 11.26 11.54 11.18 10.28 10.28 10.3 10.26 9.76 9.6 9.36 9.24 9.36 9.02 9.28 9.56 9.44 9.26 8.82 8.84 8.84 8.7 8.54 8.64 8.76 8.56 9.12 9.04 8.84 8.3 8.16 7.52 7.32 7.2 7.36 6.82 5.28 6.3 6.56 7.42 7.54 8.08 8.02 7.46 6.8 6.96 7.14
-9999 10.1 9.94 10.14 10.02 10.44 10.48 10.56 10.32 10.36 10.56 10.74 10.92 10.74 10.9 10.84 10.96 11.34 11.06 11.14 11.24 11.36 11.22 11.3 11.54 11.14 11.12 11.42 11.8 12.04 11.96 12 11.8 11.76 11.72 11.4 10.88 10.4 10.12 9.78 9.76 9.58 9.3 9.16 9.4 9.58 9.74 9.62 8.92 8.46 8.2 7.92 8.38 8.6 8.84 8.64 8.78 9.4 8.42 8.04 8.34 8.84 8.48 7.96 8.1 7.32 6.82 6.12 7.42 7.26 6.48 6.64 7.18 8.32 8.16 7.6 7.98
-9999 -9999 -9999 10.8 10.92 10.72 11 10.86 10.78 11.04 11.26 11.28 11.3 11.14 11.38 11.46 11.36 11.54 11.76 11.54 11.52 11.58 11.82 12.08 12.06 12.04 11.94 12.34 12.66 12.48 12.52 12.44 12.4 12.14 12.36 12.18 11.74 11.2 10.62 10.02 9.56 9.82 10.42 9.56 9.34 9.6 9.82 9.4 8.84 8.72 8.24 8.04 8.52 8.76 9.34 8.72 8.66 8.64 9.46 9.32 9.16 8.22 7.42 7.16 6.54 7.84 8.02 8.24 8.14 8.24 9.68 8.38 7.52 9.62 8.14 7.82 7.92
-9999 -9999 -9999 11.3 11.72 11.74 11.82 11.5 11.7 11.6 11.56 11.54 11.8 11.84 11.86 11.96 11.98 12 12.34 12.24 12.32 12.54 12.66 12.82 13.1 13.28 13.32 13.56 13.26 13.28 12.94 13.16 12.94 12.86 12.68 12.84 12.18 11.8 12.22 10.52 9.72 9.92 9.72 9.44 8.66 8.36 8.9 7.94 8.58 8.96 8.94 8.28 -9999 9.24 8.64 8.02 7.72 6.2 4.08 5.96 7.1 7.54 9.02 10.72 8.88 9.44 9.64 10 10.54 11.46 11.4 11.34 11.4 10.54 9.74 9 8.72
-9999 -9999 -9999 12.04 12.14 12.5 12.12 12.1 12.12 12.16 11.96 12.12 12.26 12.3 12.28 12.06 12.4 12.64 12.7 12.82 13.1 13.32 13.4 13.42 13.82 14.34 14.3 14.68 14.3 13.84 13.46 13.5 13.18 13.34 13.02 13.04 12.54 12.74 11.62 10.8 10.8 11.5 10.66 9.72 10.08 10.5 10.22 9.24 8.8 9.16 8.8 7.86 7.14 6.88 6.38 6.82 8.36 8.42 8.54 10.34 11.18 10.66 10.88 10.98 11.12 10.8 10.26 10.44 10.48 11.06 11.18 11.18 11.32 10.72 10.86 10.2 9.66
-9999 -9999 -9999 -9999 -9999 -9999 13.02 12.76 12.7 12.7 12.82 12.88 12.8 12.96 12.84 12.88 12.8 12.86 13.24 13.42 13.86 13.86 14.2 14.48 14.62 15.1 15.16 14.96 14.72 14.32 13.78 13.66 13.5 13.58 13.16 13.22 13.12 13 12.42 11.74 11.14 9.74 9.36 10.12 10.14 10.76 10.58 9.34 9.6 8.96 9.08 8.34 7.16 7.1 7.82 10.62 10.84 10.46 10.08 10.2 10.3 10.9 11.08 10.86 10.76 10.64 10.58 10.62 10.58 10.68 10.76 10.84 11.38 12.4 12.74 11.48 11.46
-9999 -9999 -9999 -9999 13.86 13.66 13.94 13.7 13.46 13.58 13.36 13.36 13.32 13.3 13.2 13.36 13.32 13.72 13.94 13.94 14.44 14.68 14.76 15.26 15.34 15.18 15.34 15.12 15.08 14.48 14.12 13.8 13.46 13.52 13.48 13.08 12.98 13.4 13.4 11.48 10.36 9.48 8.46 8.34 10.08 11.58 8.62 7.94 8.88 8.98 8.44 8.64 8.74 9.22 10.3 11.52 11.76 12.06 10.36 10.32 10.38 10.4 10.54 10.78 10.92 10.88 11 10.94 10.98 10.92 10.94 10.9 10.9 11.02 11.06 11.06 11.12
-9999 -9999 -9999 14.6 14.76 14.6 14.84 14.52 14.4 14.52 14.48 14.22 14.16 13.74 13.78 13.64 14 14.14 14.4 14.98 15.36 15.52 15.92 15.66 15.8 15.86 15.44 15.26 15.16 15 14.56 14.48 14.14 13.82 13.62 13.44 13.56 13.24 12.96 11.88 11.84 10.38 10.74 10.32 12.2 11.56 10.48 7.8 9 9.26 9.66 11.02 11.12 12.02 11.92 12.44 10.82 10.9 10.26 10.54 10.58 10.78 10.76 10.54 10.56 10.54 10.84 11.14 11 11.04 10.96 11.28 11.22 11.46 11.32 11.12 11
-9999 -9999 -9999 -9999 -9999 15.56 15.24 15.64 15.3 15.32 15.3 15.1 14.7 14.34 14.16 14.04 14.44 14.76 15.68 15.94 16.04 16.34 16.52 16.5 16.32 16.26 15.66 15.82 15.38 14.96 14.42 13.8 13.86 15.84 15.24 15.82 16.02 15.26 13.8 13.94 12.14 10.64 11.54 9.94 10.76 9.62 11.3 11.48 11.4 9.9 9.42 9.3 9.34 9.88 10.08 10.24 10.74 10.94 10.98 11.08 11.44 11.12 11.06 10.9 10.96 10.92 10.96 10.96 11.48 11.44 11.48 11.62 11.8 12.02 12.02 11.82 11.22
-9999 -9999 -9999 -9999 -9999 16.58 16.3 16.36 16.3 16.22 16.36 15.9 15.3 14.8 14.44 14.68 14.9 15.52 16.16 16.44 16.84 17.12 17.1 17.16 17.08 16.36 16.38 16.08 15.66 15.04 14.66 14.24 15.2 16.08 14.56 14.4 13.02 12.32 14.46 13.6 11.96 9.02 9.06 7.7 8.32 7.96 9.24 9.7 10.94 9.84 9.6 9.64 9.48 9.68 10.18 10.48 10.68 11.3 11.38 11.44 11.3 11.36 11.32 11.4 10.96 10.96 10.94 10.84 10.86 10.9 11.42 11.66 11.88 12.08 12.38 12 11.62
