shamba/rasters/climate/pet_1.txt
ncols         720
nrows         360
xllcorner     -180
yllcorner     -90
cellsize      0.5
NODATA_value  -9999
[rows 204 to 237 of 360, columns 231 to 307 of 720]
33.36 33.02 32.34 31.74 31.3 31.02 30.14 30.14 30.06 29.06 29.56 29.52 28.86 28.82 28.96 28.56 28.02 28.42 27.66 28.3 28.44 28.5 28.38 28.44 29.08 28.86 29.06 29.82 29.98 29.88 30.06 30.78 31.58 31.6 31.76 32.46 32.14 33.42 34.84 37.02 38.54 41.26 42.82 43.3 40.64 39.2 39.06 39.08 39.72 40.36 40.44 40.48 40.5 41.14 -9999 -9999 -9999 -9999 -9999 -9999 -9999 -9999 -9999 -9999 -9999 -9999 -9999 -9999 -9999 -9999 -9999 -9999 -9999 -9999 -9999 -9999 -9999
34.6 34.26 33.42 33.36 33.04 32.16 31.4 31.12 31.02 30.04 30.36 30.36 29.96 29.92 29.68 29 28.86 28.98 28.5 28.8 29.26 29.38 29.22 29.22 29.18 29.22 29.56 30 30 29.52 30.4 30.74 31.68 32.06 32.26 32.66 32.36 33.52 34.78 35.92 37.24 40.76 41.5 42.28 40.7 38.08 39.12 39.2 39.16 39.12 39.02 40.02 39.72 -9999 -9999 -9999 -9999 -9999 -9999 -9999 -9999 -9999 -9999 -9999 -9999 -9999 -9999 -9999 -9999 -9999 -9999 -9999 -9999 -9999 -9999 -9999 -9999
36.24 35.46 35.18 34.64 34.48 33.8 33.38 32.3 31.32 30.4 30.16 30.42 30.48 30.36 30.06 30.02 29.82 29.78 29.36 29.28 29.38 29.36 29.46 29.24 29.26 29.2 29.96 29.94 29.88 29.74 29.78 30.62 31.64 31.66 32.34 32.92 32.42 33.36 34.66 35.74 37.92 39.74 41 40.08 40.5 39.5 38.8 39.46 36.8 36.74 38.28 -9999 -9999 -9999 -9999 -9999 -9999 -9999 -9999 -9999 -9999 -9999 -9999 -9999 -9999 -9999 -9999 -9999 -9999 -9999 -9999 -9999 -9999 -9999 -9999 -9999 -9999
38.16 37.02 36.36 36.18 35.1 34.94 34.36 33.72 32.66 30.86 30.76 30.98 30.54 30.6 30.54 30.92 30.7 30.42 30.08 30.02 29.74 29.84 29.88 29.84 29.44 29.84 30.16 30.58 30.64 30.22 29.9 30.5 31.54 30.74 31.36 33.06 32.66 33.34 34.46 35.58 37.08 38.92 39.9 39.38 39.9 41.32 40.72 40.64 38.44 37.68 38.04 -9999 -9999 -9999 -9999 -9999 -9999 -9999 -9999 -9999 -9999 -9999 -9999 -9999 -9999 -9999 -9999 -9999 -9999 -9999 -9999 -9999 -9999 -9999 -9999 -9999 -9999
39.44 38.64 38.18 37.8 37.1 36.16 35.94 34.14 33.7 32.94 31.56 30.8 30.86 31.3 31.32 31.58 31.58 31.14 30.64 30.2 29.68 29.62 29.6 29.46 29.74 30.36 30.58 30.76 30.78 30.54 30.18 31.04 31.06 30.68 31.48 33.36 32.96 33.32 34.46 35.82 37.36 38.86 39.84 39.9 40.56 41.32 41.7 39.7 38.04 38.2 38.02 -9999 -9999 -9999 -9999 -9999 -9999 -9999 -9999 -9999 -9999 -9999 -9999 -9999 -9999 -9999 -9999 -9999 -9999 -9999 -9999 -9999 -9999 -9999 -9999 -9999 -9999
40.8 39.72 39.24 39 38.14 37.72 36.86 35.44 34.04 33.54 32.16 31.8 32.3 32.48 32.3 32.54 32.4 31.96 30.92 30.14 30.08 30 29.92 30.16 30.5 30.68 30.82 30.8 30.74 30.38 30.66 31 30.4 30.34 32.32 33.1 32.68 33.5 34.66 36.12 37.46 38.76 39.82 40.22 40.44 40.12 39.76 37.52 37.18 37.92 37.86 -9999 -9999 -9999 -9999 -9999 -9999 -9999 -9999 -9999 -9999 -9999 -9999 -9999 -9999 -9999 -9999 -9999 -9999 -9999 -9999 -9999 -9999 -9999 -9999 -9999 -9999
41.26 39.92 39.94 39.48 39.06 38.76 37.4 37.14 35.86 35.52 34.3 33.36 33.36 32.64 32.56 33.06 33.06 31.58 31.26 30.78 30.78 30.48 30.36 30.66 30.46 31.4 31.44 31.28 30.36 31.08 30.72 30.78 31.08 31.14 32.1 32.5 33.48 34.02 35.3 36.68 38.04 39.08 39.58 39.98 39.86 38.98 37.72 38.02 38.24 37.56 37.14 -9999 -9999 -9999 -9999 -9999 -9999 -9999 -9999 -9999 -9999 -9999 -9999 -9999 -9999 -9999 -9999 -9999 -9999 -9999 -9999 -9999 -9999 -9999 -9999 -9999 -9999
40.82 40.1 40.3 39.98 40.3 39.92 39.12 38 37.02 36.12 34.68 34.42 33.78 33.36 33.18 33.22 33.78 33.56 32.1 31.36 30.94 30.36 30.94 31.04 31.14 31.58 31.34 31.3 30.94 30.94 30.76 30.26 30.94 31.6 32.06 33.04 34.16 35 36.04 37.34 37.44 38.86 39.02 38.78 39.14 38.58 37.5 37.02 37.68 37.3 37.16 -9999 -9999 -9999 -9999 -9999 -9999 -9999 -9999 -9999 -9999 -9999 -9999 -9999 -9999 -9999 -9999 -9999 -9999 -9999 -9999 -9999 -9999 -9999 -9999 -9999 -9999
39.58 40.4 40.76 39.86 40.68 41.64 39.96 39.66 38.62 38.04 36.24 36.08 35.08 34.38 34.1 34.18 34.12 33.9 33.08 32.78 32 31.32 31.52 31.86 31.68 31.76 31.74 31.5 30.84 31.2 31.18 31.12 31.74 32 32.3 33.4 34.6 34.96 35.98 36.8 37.04 38.04 37.84 37.94 38.54 38.36 38.26 38.28 37.76 37.06 37.8 -9999 -9999 -9999 -9999 -9999 -9999 -9999 -9999 -9999 -9999 -9999 -9999 -9999 -9999 -9999 -9999 -9999 -9999 -9999 -9999 -9999 -9999 -9999 -9999 -9999 -9999
39.82 40.88 41.42 41.96 42.02 41.74 40.82 40.82 40.02 39.82 38.76 37.66 36.22 35.44 35.22 34.72 34.66 34.5 34.34 33.08 32.52 31.18 31.46 32.3 31.6 31.16 31.94 32.06 32.04 32 32.38 32.22 32.56 31.98 32.46 33.34 34.44 35.4 36.56 37.26 36.92 37.76 37.02 38.52 39.6 38.82 38.02 37.38 37.14 38.14 37.72 -9999 -9999 -9999 -9999 -9999 -9999 -9999 -9999 -9999 -9999 -9999 -9999 -9999 -9999 -9999 -9999 -9999 -9999 -9999 -9999 -9999 -9999 -9999 -9999 -9999 -9999
41.24 42.58 43.72 43.04 43.44 42.68 42.4 42.04 41.68 40.9 40.4 38.84 37.28 36.62 35.88 35.64 35.02 35.12 35.26 33.86 32.42 31.9 31.84 31.78 31.32 31.58 31.84 32.42 32.72 33.16 33.04 32.94 33 32.74 32.82 33.86 35.18 35.5 35.82 36.78 37.16 37.08 37.3 38.26 38.02 37.36 37.48 38.02 38.16 38.46 38.12 -9999 -9999 -9999 -9999 -9999 -9999 -9999 -9999 -9999 -9999 -9999 -9999 -9999 -9999 -9999 -9999 -9999 -9999 -9999 -9999 -9999 -9999 -9999 -9999 -9999 -9999
36 38.6 46.52 46.16 45.4 44.74 43.8 43.8 43.22 42.3 41.48 40.44 38.76 37.82 37.16 36.36 35.66 36.1 35.84 34.66 33.8 33.58 32.32 32.4 32.56 32.42 32.22 32.98 33.72 33.86 33.64 33.7 33.84 33.78 33.68 34.54 34.94 34.98 35.98 36.56 36.16 36.34 37.22 37.14 36.94 37.42 38.3 38.44 38.52 38.46 38.66 -9999 -9999 -9999 -9999 -9999 -9999 -9999 -9999 -9999 -9999 -9999 -9999 -9999 -9999 -9999 -9999 -9999 -9999 -9999 -9999 -9999 -9999 -9999 -9999 -9999 -9999
35.02 37.24 45.92 47.18 46.94 46.12 45.12 43.92 43.34 42.24 41.86 41.08 39.7 38.24 37.84 37.36 36.4 36.7 36.36 35.54 34.8 34.24 33.16 32.72 33.56 33.72 33.98 33.74 34.18 33.8 33.92 34.44 34.62 34.16 33.88 33.76 33.72 35.24 36.28 36.38 36.82 34.58 35.6 37.3 38.72 38.1 38.08 38.32 38.74 38.78 -9999 -9999 -9999 -9999 -9999 -9999 -9999 -9999 -9999 -9999 -9999 -9999 -9999 -9999 -9999 -9999 -9999 -9999 -9999 -9999 -9999 -9999 -9999 -9999 -9999 -9999 -9999
37.54 40.56 46.28 47.58 47.44 47.44 47.02 45.58 45.6 45.14 44.22 42.66 40.94 39.54 38.38 37.96 37.84 37.44 37.24 35.86 35.82 35.36 34.5 33.7 34.12 34.46 35.26 35.22 35.18 34.72 34.6 34.2 34.58 34.14 33.62 33.14 33.62 34.8 35.92 36.14 36.44 34.96 36.58 36.52 38.38 38.36 37.46 38.22 38.48 38.3 -9999 -9999 -9999 -9999 -9999 -9999 -9999 -9999 -9999 -9999 -9999 -9999 -9999 -9999 -9999 -9999 -9999 -9999 -9999 -9999 -9999 -9999 -9999 -9999 -9999 -9999 -9999
39.82 43.3 44.7 47.3 48.2 48.22 48.16 47.3 47.2 46.24 45.18 43.94 42.4 40.78 39.52 38.88 39.02 37.96 37.64 36.06 36.18 35.74 34.84 35.56 35.66 35.68 36.08 36.28 36.04 35.16 34.88 34.64 33.9 33.84 33.2 33.06 32.74 34.34 35.76 35.56 35.62 34.88 36.08 37.5 38.42 38.6 39.36 38.9 39.42 38.72 -9999 -9999 -9999 -9999 -9999 -9999 -9999 -9999 -9999 -9999 -9999 -9999 -9999 -9999 -9999 -9999 -9999 -9999 -9999 -9999 -9999 -9999 -9999 -9999 -9999 -9999 -9999
41.08 41.78 42.9 45.9 48.06 48.98 49.58 49.5 48.72 47.8 46.9 46.18 44.92 43.26 41.58 40.64 40.36 39.14 37.14 36.72 36.04 36.16 36.34 36.56 36.96 36.68 37.06 37.12 36.34 36.36 35.76 35.1 35.04 33.98 32.2 31.9 32.56 33.88 35.02 34.9 34.14 34.04 35.3 37.14 37.14 37.54 39.84 39.18 40.22 -9999 -9999 -9999 -9999 -9999 -9999 -9999 -9999 -9999 -9999 -9999 -9999 -9999 -9999 -9999 -9999 -9999 -9999 -9999 -9999 -9999 -9999 -9999 -9999 -9999 -9999 -9999 -9999
43.14 42.7 43.66 46.42 48.2 49.5 50.52 51.7 51.76 50.76 49.48 48.8 47.52 45.64 44.28 42.52 41.5 39.76 38.54 36.7 35.74 36.32 36.4 36.8 37.94 38.06 37.76 37.28 36.76 37.04 36.98 36.4 35 33.18 31.54 31.62 32.56 33.8 33.72 34.24 33.66 32.82 34.58 36.86 35.1 35 36.28 36.52 41.34 -9999 -9999 -9999 -9999 -9999 -9999 -9999 -9999 -9999 -9999 -9999 -9999 -9999 -9999 -9999 -9999 -9999 -9999 -9999 -9999 -9999 -9999 -9999 -9999 -9999 -9999 -9999 -9999
43.72 44.32 45.42 46.86 48.96 50.64 51.94 53.56 53.64 53.3 52.58 51.48 50.36 48.82 46.3 44 42.88 40.78 38.42 36.8 36.66 37.22 37.52 37.96 38.32 39.08 38.44 38.04 37.24 37.18 36.84 36.18 34.92 32.52 30.46 31.8 33.02 33.62 33.68 33.78 33.2 33.42 34.86 35.1 34.78 36.52 40.24 40.74 -9999 -9999 -9999 -9999 -9999 -9999 -9999 -9999 -9999 -9999 -9999 -9999 -9999 -9999 -9999 -9999 -9999 -9999 -9999 -9999 -9999 -9999 -9999 -9999 -9999 -9999 -9999 -9999 -9999
45.54 45.82 47.48 48.46 50.78 51.68 53.7 55.78 56.38 56 55.32 54.1 52.48 51.04 48.18 45.56 43.24 40.74 38.78 38.1 37.88 37.72 38 37.98 38.24 38.58 38.6 38.26 37.86 37.78 37.52 36.44 34.92 34.02 32.78 32.04 32.58 34.14 34.36 34.24 33.9 32.96 35.64 38.62 39.7 40.68 41.78 -9999 -9999 -9999 -9999 -9999 -9999 -9999 -9999 -9999 -9999 -9999 -9999 -9999 -9999 -9999 -9999 -9999 -9999 -9999 -9999 -9999 -9999 -9999 -9999 -9999 -9999 -9999 -9999 -9999 -9999
45.02 45.88 48.52 49.8 51.7 53.24 55.64 58.44 59.18 58.78 57.9 56.2 55.14 52.96 50.02 47.14 44.16 40.54 39.9 39.82 38.96 39.06 38.08 38.24 38.18 37.76 37.9 37.84 37.92 37.62 37.06 36.52 34.76 34.12 33.8 32.32 32.6 34.68 34.48 34.22 33.18 33.54 35.46 37.98 39.74 39.82 41.8 -9999 -9999 -9999 -9999 -9999 -9999 -9999 -9999 -9999 -9999 -9999 -9999 -9999 -9999 -9999 -9999 -9999 -9999 -9999 -9999 -9999 -9999 -9999 -9999 -9999 -9999 -9999 -9999 -9999 -9999
45.34 47.26 49.58 50.9 53.08 54.96 57.02 59.5 61.04 59.64 58.34 57.34 56.78 54.7 51.66 48.44 44.86 40.62 39.86 39.82 39.02 39.22 38.34 37.94 37.2 37.2 37.06 37.54 37.54 37.12 37.24 36.48 34.8 33.34 34.28 33.44 31.32 32.86 32.74 30.74 34.44 35.82 35.32 33.92 35.64 40.68 -9999 -9999 -9999 -9999 -9999 -9999 -9999 -9999 -9999 -9999 -9999 -9999 -9999 -9999 -9999 -9999 -9999 -9999 -9999 -9999 -9999 -9999 -9999 -9999 -9999 -9999 -9999 -9999 -9999 -9999 -9999
45.74 47.8 50.46 52 54.16 55.94 57.82 59.06 59.92 59.7 58.36 57.38 56.12 54.02 51.5 48.74 45.32 41.22 40.08 40.38 39.62 39.04 38.16 37.04 36.6 37 37.36 37.72 37.6 37.36 36.66 35.54 35.94 34.96 34.7 33.06 30 29.76 32.26 32.26 33.36 37.24 38.64 38.48 39.04 -9999 -9999 -9999 -9999 -9999 -9999 -9999 -9999 -9999 -9999 -9999 -9999 -9999 -9999 -9999 -9999 -9999 -9999 -9999 -9999 -9999 -9999 -9999 -9999 -9999 -9999 -9999 -9999 -9999 -9999 -9999 -9999
44.62 48.12 51.5 53.98 54.88 56.72 58.04 58.54 59.16 58.66 57.5 56.6 55.64 53.44 50.9 49.04 46.3 42.76 40.96 40.36 40.44 39.78 38.22 37.06 35.46 35.12 36.82 37.48 37.62 37.36 36.64 35.62 34.96 35.36 34.7 33.36 32.44 32.04 30.72 32.76 -9999 -9999 -9999 -9999 -9999 -9999 -9999 -9999 -9999 -9999 -9999 -9999 -9999 -9999 -9999 -9999 -9999 -9999 -9999 -9999 -9999 -9999 -9999 -9999 -9999 -9999 -9999 -9999 -9999 -9999 -9999 -9999 -9999 -9999 -9999 -9999 -9999
45.88 49.48 52.7 55.5 55.68 56.76 57.82 58.16 58.3 57.58 56.86 56.32 55.02 52.58 50.58 48.6 46.7 44.26 42.26 41.84 41.1 39.82 37.9 37.1 36.66 35.56 36.3 36.2 36.9 36.36 36.14 35.74 34.94 34.32 33.22 33.52 33.4 32.06 -9999 -9999 -9999 -9999 -9999 -9999 -9999 -9999 -9999 -9999 -9999 -9999 -9999 -9999 -9999 -9999 -9999 -9999 -9999 -9999 -9999 -9999 -9999 -9999 -9999 -9999 -9999 -9999 -9999 -9999 -9999 -9999 -9999 -9999 -9999 -9999 -9999 -9999 -9999
42.94 50.02 54.1 56.46 56.88 56.84 57.44 57.9 58.28 57.6 57.54 56.76 54.92 53 50.72 49.12 47.2 45.08 43.32 42.76 41.4 40.44 39.1 37.84 37.54 37.02 36.52 35.84 35.06 34.64 34.24 34.28 34.6 36.72 36.48 -9999 -9999 -9999 -9999 -9999 -9999 -9999 -9999 -9999 -9999 -9999 -9999 -9999 -9999 -9999 -9999 -9999 -9999 -9999 -9999 -9999 -9999 -9999 -9999 -9999 -9999 -9999 -9999 -9999 -9999 -9999 -9999 -9999 -9999 -9999 -9999 -9999 -9999 -9999 -9999 -9999 -9999
46.02 51.28 54.34 56.32 56.56 56.64 56.82 57.16 56.9 56.4 57.06 56.42 54.62 53.3 51.98 49.44 46.94 45.78 44.56 43.8 42.1 39.98 39.5 38.96 37.3 36.76 36.62 35.34 33.98 33.48 34.7 34.46 35.64 36.98 -9999 -9999 -9999 -9999 -9999 -9999 -9999 -9999 -9999 -9999 -9999 -9999 -9999 -9999 -9999 -9999 -9999 -9999 -9999 -9999 -9999 -9999 -9999 -9999 -9999 -9999 -9999 -9999 -9999 -9999 -9999 -9999 -9999 -9999 -9999 -9999 -9999 -9999 -9999 -9999 -9999 -9999 -9999
49.16 51.76 54.28 56.08 56.64 56.28 55.62 55.24 55.38 55.02 55.1 55.28 53.5 53.82 52.3 49.9 48.1 46.7 45.66 44.42 42.48 40.86 39.54 38.66 37.82 36.44 35.64 35.44 34.42 33.42 32.28 33.62 35 -9999 -9999 -9999 -9999 -9999 -9999 -9999 -9999 -9999 -9999 -9999 -9999 -9999 -9999 -9999 -9999 -9999 -9999 -9999 -9999 -9999 -9999 -9999 -9999 -9999 -9999 -9999 -9999 -9999 -9999 -9999 -9999 -9999 -9999 -9999 -9999 -9999 -9999 -9999 -9999 -9999 -9999 -9999 -9999
50.24 53.04 54.86 56.62 57.08 57.14 55.92 54.18 53.94 53.56 52.64 52.4 52.18 53.06 51.58 50.84 48.76 47.3 46.52 44.88 42.76 42.2 41.02 40.44 38.4 36.54 35.66 34.98 33.86 33.3 31.68 33.8 -9999 -9999 -9999 -9999 -9999 -9999 -9999 -9999 -9999 -9999 -9999 -9999 -9999 -9999 -9999 -9999 -9999 -9999 -9999 -9999 -9999 -9999 -9999 -9999 -9999 -9999 -9999 -9999 -9999 -9999 -9999 -9999 -9999 -9999 -9999 -9999 -9999 -9999 -9999 -9999 -9999 -9999 -9999 -9999 -9999
51.98 54.42 55.98 56.88 58.34 57.82 57 54.56 53.18 52.16 51.66 50.88 52.82 53.48 53.14 52.08 50.98 48.88 47.04 46.34 44.04 42.68 40.76 40.44 38.46 37.62 36.58 35.72 34.5 33.2 33.6 36.78 -9999 -9999 -9999 -9999 -9999 -9999 -9999 -9999 -9999 -9999 -9999 -9999 -9999 -9999 -9999 -9999 -9999 -9999 -9999 -9999 -9999 -9999 -9999 -9999 -9999 -9999 -9999 -9999 -9999 -9999 -9999 -9999 -9999 -9999 -9999 -9999 -9999 -9999 -9999 -9999 -9999 -9999 -9999 -9999 -9999
54.08 56.24 57.04 57.88 58.78 59.52 59.08 56.72 53.98 53.18 52.22 52.06 53.24 54.3 55.04 54.68 54.18 51.64 49.16 48.3 46.12 44.86 43.66 42.4 41.46 37.52 36.44 35.1 33.96 35.08 37.2 37.4 -9999 -9999 -9999 -9999 -9999 -9999 -9999 -9999 -9999 -9999 -9999 -9999 -9999 -9999 -9999 -9999 -9999 -9999 -9999 -9999 -9999 -9999 -9999 -9999 -9999 -9999 -9999 -9999 -9999 -9999 -9999 -9999 -9999 -9999 -9999 -9999 -9999 -9999 -9999 -9999 -9999 -9999 -9999 -9999 -9999
56 56.94 58.08 59.42 60.24 61.26 61.54 60.5 57.48 54.64 53.18 53.12 55.02 56 56.78 57.36 56.12 52.18 50.66 50.32 48.86 47.4 46.7 44.88 43.12 40.76 38.4 36.92 36.08 36.56 35.66 37.2 -9999 -9999 -9999 -9999 -9999 -9999 -9999 -9999 -9999 -9999 -9999 -9999 -9999 -9999 -9999 -9999 -9999 -9999 -9999 -9999 -9999 -9999 -9999 -9999 -9999 -9999 -9999 -9999 -9999 -9999 -9999 -9999 -9999 -9999 -9999 -9999 -9999 -9999 -9999 -9999 -9999 -9999 -9999 -9999 -9999
57.22 58.16 58.54 59.66 60.5 61.74 62.04 61.54 58.76 55.68 54.4 54.62 56 57.26 57.58 57.3 54.86 51.54 51.06 51.58 49.78 47.58 46.32 45.16 43.22 41.64 39.28 37.26 34.86 33.56 32.74 35.26 -9999 -9999 -9999 -9999 -9999 -9999 -9999 -9999 -9999 -9999 -9999 -9999 -9999 -9999 -9999 -9999 -9999 -9999 -9999 -9999 -9999 -9999 -9999 -9999 -9999 -9999 -9999 -9999 -9999 -9999 -9999 -9999 -9999 -9999 -9999 -9999 -9999 -9999 -9999 -9999 -9999 -9999 -9999 -9999 -9999
57.5 57.74 58.1 59.18 60.48 60.76 60.74 59.94 58.04 56.26 55.68 55.86 56.66 57.34 56.54 55.44 53.52 51.64 50.96 50.66 49.34 47.76 46.38 45.2 43.74 41.06 38.06 36.38 34.26 31.26 35.28 36.78 -9999 -9999 -9999 -9999 -9999 -9999 -9999 -9999 -9999 -9999 -9999 -9999 -9999 -9999 -9999 -9999 -9999 -9999 -9999 -9999 -9999 -9999 -9999 -9999 -9999 -9999 -9999 -9999 -9999 -9999 -9999 -9999 -9999 -9999 -9999 -9999 -9999 -9999 -9999 -9999 -9999 -9999 -9999 -9999 -9999
57.68 56.62 57.36 57.86 58.44 58.84 58.74 58.44 57.96 56.28 56.06 56.62 57.04 57.26 56 54.58 52.74 51.08 50.3 49.38 48.5 47.44 46.7 45.28 43.02 41.56 39.54 36.26 34 34.28 37.28 -9999 -9999 -9999 -9999 -9999 -9999 -9999 -9999 -9999 -9999 -9999 -9999 -9999 -9999 -9999 -9999 -9999 -9999 -9999 -9999 -9999 -9999 -9999 -9999 -9999 -9999 -9999 -9999 -9999 -9999 -9999 -9999 -9999 -9999 -9999 -9999 -9999 -9999 -9999 -9999 -9999 -9999 -9999 -9999 -9999 -9999
