shamba/rasters/climate/pet_4.txt
ncols         720
nrows         360
xllcorner     -180
yllcorner     -90
cellsize      0.5
NODATA_value  -9999
[rows 68 to 101 of 360, columns 462 to 538 of 720]
19.86 20.18 19.9 19.58 19.64 19.42 19.5 19.26 18.98 18.96 18.86 18.86 18.48 18.28 19.08 19.16 19.42 19.3 19.82 21.02 21.52 21.56 21.88 22.2 22.14 21.92 21.82 21.52 21.24 20.9 20.46 20.12 19.4 19.12 18.78 18.56 18.64 18.72 18.84 18.76 18.68 18.76 19.14 19.04 19.32 19.54 19.68 19.84 19.88 19.54 19.22 19.04 18.76 18.92 18.54 18.52 18.68 18.32 18.04 18 18.18 17.82 17.6 17.8 18.06 18.14 17.72 17.76 17.76 17.4 17.88 17.76 17.56 17.72 17.62 17.88 17.44
20.56 20.22 20.12 19.98 20.08 19.7 19.74 19.64 19.76 19.74 19.58 19.06 18.66 18.8 19.38 19.18 19.06 19.22 20.46 21.26 21.74 21.84 22.16 22.48 22.54 22.44 22.3 22.34 21.44 21.24 20.96 20.56 20.24 19.62 19.48 19.08 18.98 19.08 19.54 19.52 19.4 19.42 19.6 19.64 19.54 19.7 20 20 20.14 20.18 19.88 19.8 19.6 19.38 19.48 19.42 19.22 19 18.98 18.64 18.8 18.4 18.04 18.3 18.24 18.14 18.28 18.16 18.24 18.3 18.72 18.54 17.82 17.44 17.32 16.98 17.24
20.92 20.78 20.42 19.78 20.18 20.1 19.84 19.92 19.94 20.06 20.04 20.06 19.24 18.34 18.28 17.92 18.96 19.7 20.96 21.64 22.06 22.48 22.38 22.44 22.36 22.42 22.4 22.3 22.04 21.6 21.18 20.44 20.4 19.94 19.96 19.58 19.64 19.7 19.56 19.94 19.9 20.02 19.86 19.6 19.86 20.46 20.64 20.58 20.58 20.5 20.52 20.42 20.36 20.06 20.28 20.04 19.72 19.7 19.58 19.18 19.2 18.98 18.84 18.96 18.94 18.76 18.68 18.64 19.12 19.24 19.26 19.04 18.98 18.52 16.66 16.18 17.44
21.52 21.48 21.3 20.62 20.54 20.38 20.2 20.18 20.68 20.68 20.72 20.4 19.06 18.6 17.9 18.42 19.52 20.28 21.3 22 22.62 22.74 22.8 22.68 22.86 22.9 22.94 22.74 22.42 21.96 21.42 21 20.64 20.46 20.66 20.66 20.5 20.32 20.28 20.66 20.54 20.38 20.46 20.22 20.68 21.06 21.22 21.3 21.22 21.04 21.28 21.02 20.82 20.82 20.88 20.64 20.6 20.3 19.76 19.86 19.62 19.7 19.58 19.34 19.42 19.32 19.54 19.48 19.2 19.4 19.62 19.44 19.58 19.42 17.5 17.04 16.58
22.08 22.18 22.16 21.96 21.42 21.38 20.94 20.94 20.88 21.14 21.12 19.64 19.16 19.08 19.06 19.4 20.76 21.12 21.76 22.54 22.8 23.2 23.08 23.08 23.14 23.26 23 22.86 22.32 22.14 21.86 21.52 21.28 20.64 20.94 20.78 20.5 20.72 20.6 20.9 21.12 21.06 21.32 21.24 21.2 21.28 21.46 21.5 21.7 21.54 21.38 21.6 21.74 21.72 21.56 21.5 21.12 20.98 20.36 20.22 20.86 20.26 20.52 20.34 20.46 20.28 20.44 20.3 20.62 20.14 20.02 20.74 20.42 20.08 19.36 17.66 16.4
23.44 22.88 22.82 22.52 22.62 22.56 22.2 21.72 21.5 21.74 21.38 20.48 19.74 19.68 19.46 20.44 21.36 21.82 22.22 22.64 23.34 23.5 24.04 23.7 23.62 23.6 23.18 23.18 22.92 22.74 22.18 22 21.86 21.16 20.84 20.58 20.92 20.7 20.74 21.08 21.32 21.66 21.98 21.62 21.96 22.02 21.88 22.18 22.2 22.12 22.2 22.3 22.46 22.38 22.48 22.08 21.88 21.84 21.5 21.62 21.6 21.24 20.84 21.3 21.2 20.82 21.12 21.1 21.1 21.28 20.98 21.18 21 20.02 18.56 18.62 18.6
23.52 23.18 23.46 23.22 23.44 23.18 22.32 22.76 22.54 22.12 21.56 21.16 20.66 20.24 20.58 21.66 22.04 22.18 22.54 23.12 23.5 23.8 23.98 23.88 23.92 23.82 23.9 23.7 23.26 22.7 22.66 22.24 21.56 21.16 20.84 20.52 20.68 20.9 20.76 21.24 21.28 21.14 21.74 22.12 22.62 22.74 22.92 22.66 22.56 22.92 23 23.12 22.9 22.94 22.96 22.58 22.52 22.9 22.24 21.72 21.94 21.8 21.42 21.72 22.14 22.36 21.9 22.12 22.22 22.26 22.04 21.94 21.22 20.68 20.54 19.88 19.74
23.54 23.82 24.22 24.04 23.8 24.16 23.36 23.3 23.6 23.48 22.42 22.28 21.56 21.04 21.46 22.52 22.4 22.94 23.24 23.34 23.9 24.56 24.56 24.64 24.58 24.72 24.7 24.32 23.54 23.48 23 22.52 21.82 21.46 21.32 21.16 21.38 21.46 21.52 21.74 21.68 21.98 22.4 22.96 23.28 23.36 23.34 23.46 23.8 23.84 24.08 24.02 23.9 24.02 23.54 23.38 23.74 23.4 22.66 22.34 22.84 23.04 23 22.82 23.14 23.18 22.98 23.5 23.28 23.22 23.04 22.38 21.9 21.5 20.02 19.16 19.04
24.78 25 25.26 25.28 25.5 25.44 25.12 25.18 24.4 24.58 23.92 23.32 22.82 22.5 23.28 23.4 23.3 23.52 23.94 24.06 24.18 24.7 24.92 24.9 25.08 25.08 25.72 25.12 24.4 24.04 24.12 23.24 22.58 22.42 21.92 22.08 22.6 22.78 22.52 22.32 22.46 22.78 23.1 22.78 22.66 23.3 23.36 23.28 23.82 24.38 24.76 24.66 24.64 24.28 24.34 24.34 24.2 23.92 24.22 24.06 23.6 23.78 23.64 23.26 21.54 20.52 21.6 20.06 19.82 19.92 20.62 20.82 20.5 19.72 18.22 17.04 16.72
25.34 25.74 26.18 26.44 26.52 26.28 26.08 25.76 25.18 25.04 25.22 24.42 23.98 23.42 23.74 24.42 24.46 24.22 24.3 24.32 24.92 25.36 25.58 25.78 25.86 26.08 26.46 25.98 25.66 24.92 24.6 24.36 23.92 23.52 23.1 22.8 23.06 23.28 23.54 23.46 23.1 23.5 23.64 23.46 22.58 23.58 23.96 23.82 23.96 24.58 24.82 25.24 25.32 25.44 25.08 25.22 25.36 24.92 25.12 25.12 24.6 23.7 22.94 21.98 20.5 19.74 18.92 19.48 19.12 18.54 19.48 18.34 18.24 19.14 17.96 17.16 16.9
26.84 27.24 27.06 27.66 27.58 27.3 27.02 27.02 26.28 25.78 25.34 24.92 24 23.96 23.78 24.92 24.94 25.02 25.22 25.42 26.06 26.34 26.2 26.24 26.38 26.42 26.86 26.88 26.4 25.96 25.58 24.48 24.44 24.32 23.88 23.6 24.02 24.08 24.44 24.38 23.9 23.54 23.22 23.28 23.18 23.24 23.28 23.52 23.78 23.38 24.2 24.96 25.02 25.16 25.82 25.76 25.78 25.36 25.16 25.5 24.62 24.24 24.06 22.52 20.62 19.64 18.54 18.66 18.6 19.24 19.5 19.06 18.76 19.04 19.06 17.88 17.16
28.12 28.06 28.7 28.72 28.3 28.32 28.06 27.58 27.22 26.72 25.94 25.36 25.12 24.9 25 25.48 25.88 25.6 26.48 26.7 26.86 27.22 27.16 27.66 27.38 27.9 27.72 27.78 27.24 27.06 26.54 25.26 25.2 25 25.42 25.18 25.18 25.1 25.2 24.8 24.84 24.52 24.14 23.76 23.86 23.96 24.08 24.42 24 23.96 23.34 24.6 25.46 25.84 25.96 26.2 26.08 26.14 26.38 26.28 26.04 25.92 25.68 24.9 22.08 19.66 18.36 19.66 19.72 19.62 20.14 20.06 18.38 18.46 18.48 18.44 17.78
28.88 29.54 29.74 29.7 29.84 29.56 29.16 28.86 28.34 27.48 27.14 26.52 26.24 25.88 25.64 26.18 26.3 27.26 27.7 27.88 28.1 28.54 28.92 28.84 29.12 29.34 29.02 28.26 28 27.62 26.26 25.56 25.14 24.9 24.5 25.14 25.88 25.42 24.72 24.68 24.4 24.54 24.32 25.24 24.14 23.7 24.08 24.14 24.32 24.56 23.42 23.68 23.46 23.42 24.44 25.22 26.38 26.3 25.48 26 26.04 26.1 25.74 25.32 24.12 22.8 23.96 23.56 19.92 18.92 17.96 17.96 18.72 17.92 18.18 18.94 18.56
30.56 30.96 31.12 31.3 30.8 30.98 30.52 30.22 29.8 28.88 28.66 28.22 27.82 27.26 27.36 26.92 27.6 28.16 28.54 28.88 29.16 29.62 29.94 30.06 30.06 29.82 29.88 28.86 28.9 27.96 27.48 26.32 25.16 25 25.28 25.64 26.28 26.32 25.96 25.54 24.96 25.62 25.68 25.04 24.06 23.42 23.76 23.3 24.86 24.38 23.72 24.28 23.98 24.42 24.62 24.66 26.08 26.3 26.2 26.42 26.42 26.94 25.62 24.94 25.54 26.46 27.36 25.1 22.44 21.16 20.2 19.08 18.72 18.18 18.24 18.52 19.06
30.82 31.32 32.2 32.02 32.08 31.98 31.52 31.5 30.96 30.16 29.7 28.98 29 28.76 28.54 27.82 28.94 29.66 30.12 30.44 31 31.3 31.56 30.96 30.94 30.86 30.84 30.12 29.54 29.08 28.04 27.02 26.06 26.28 26.64 26.98 27.3 27.2 27.2 27.06 26.38 26.44 25.82 25.22 24.2 24.5 23.8 23.78 24.08 24.68 25 25.9 25.68 26.02 25.22 24.72 25.3 25.86 26.38 27.16 26.3 26.7 28.1 28.56 28.3 28.22 25.32 22.9 21.18 19.64 21.14 21.26 20.08 19.6 19.66 20.04 19.3
31.32 32.58 32.58 32.82 32.9 32.8 32.5 32.1 31.68 31.58 30.8 30.36 29.88 29.98 29.74 30.24 30.68 30.94 31.08 31.52 32.18 32.14 32.28 32.08 32.46 32.36 32.28 31.7 30.8 30.16 28.88 27.6 27.48 27.3 28.1 28.04 28.44 28.88 28.52 27.74 27.54 27.06 25.48 25.08 24.62 25.04 24.6 24.74 26.06 26.54 26.92 27.1 27.2 27.28 26.88 26.74 26.04 25.6 27.28 27.86 27.08 27.12 29.14 29.88 30.5 30.54 29.18 28.14 28.02 28.44 26.8 26.5 23.44 21.54 21.34 20.16 19.32
32.76 33.56 33.6 33.96 33.36 34.16 33.46 33.12 32.5 32.44 32.28 31.64 31.1 30.7 31.1 31.3 32.12 31.9 31.92 32.76 32.96 33.38 33.48 33.4 33.38 33.36 33.36 32.94 31.96 31.1 29.44 28.76 29.66 29.5 29.68 29.8 29.82 29.44 28.72 28.58 28.68 28.1 27.1 25.84 25.74 26.1 27.38 28.1 28.72 28.88 28.36 28.4 27.54 27.52 28.08 28.14 28.46 28.9 28.38 27.72 26.28 26.42 27.34 28.42 30.48 30.68 29.3 29.92 30.48 30.56 30.66 30.8 31.62 31.74 27.8 24.52 23.46
33.04 34.14 34.28 34.76 34.38 34.76 34.84 33.92 33.18 33.26 33.1 33.1 32.72 32.82 32.76 33.26 32.98 33.1 33.58 33.94 34.22 34.6 34.92 34.66 34.76 34.72 34.6 34.62 33.54 32.62 31.56 31.08 31.66 31.34 31.46 31.36 30.68 30.26 29.68 29.14 29.5 28.98 28.1 26.6 26.72 27.38 28.82 29.3 29.82 29.42 29.38 29.34 28.78 28.44 28.8 28.68 29.76 29.84 30.64 29.78 28.26 27.36 24.72 24.34 24.38 25.28 25.86 26.58 23 23.1 26.5 30.28 33.62 34.2 33.48 30.96 27.82
-9999 -9999 -9999 -9999 35.04 35.4 35.16 35.32 34.82 34.54 34.64 34.72 34.52 34.22 33.86 34.26 34.58 34.36 34.74 35.74 35.52 35.8 35.38 36.1 35.96 35.9 35.72 35.86 35.62 35.06 33.7 32.88 32.86 32.76 32.62 32.42 31.66 31.24 30.78 29.8 29.74 28.88 28.84 28.62 29.34 29.78 30.78 31.24 31.92 31.58 31.02 30.94 30.76 31.02 30.98 31.28 31.96 31.16 31.7 31.96 32.14 32.6 32.68 31.1 31.54 28.84 23.5 23.3 24.16 26.56 28.4 30.5 34.3 35.06 33.24 32.84 31.54
-9999 -9999 -9999 -9999 35.28 35.76 35.96 35.94 35.76 35.2 35.48 35.2 35.14 34.88 34.84 35.02 35.88 36.6 -9999 -9999 37.36 37.32 37.24 37.18 37.46 36.98 37.04 36.7 36.16 36.5 36.18 35.14 34.8 34.36 33.76 33.9 32.86 31.86 31.26 30.94 30.62 30.1 29.48 29.38 30.22 30.82 -9999 -9999 31.48 31.4 31.68 31.6 31.56 31.96 32.16 32.5 32.32 31.98 32.28 32.36 33.42 -9999 33.62 32.26 31.58 33.7 26.4 30.4 32.32 32.36 35.02 35.2 35.98 34.96 34.22 33.6 32.62
-9999 -9999 -9999 -9999 35.54 35.44 36.14 36.32 36.46 35.92 36.32 36.38 36.16 36.1 35.62 36.38 -9999 -9999 -9999 -9999 38.98 39.04 39.32 39.42 39.14 38.76 38.52 38.34 37.88 37.72 37.5 36.72 36.2 35.16 34.84 34.1 34.12 32.9 31.8 31.48 31.12 31.1 30.48 29.9 30.52 -9999 31.78 31.76 31.92 32.04 32.06 31.94 31.98 32.06 31.94 31.92 32.38 31.96 30.94 27.9 23.72 26.52 32.72 23.8 35.64 36.92 37.28 37.26 37.5 37.72 38.6 38.56 38.16 36.68 36.26 34.78 33.76
-9999 33.88 34.4 34.72 35.38 35.8 36.04 36.78 36.44 36.4 36.58 36.68 36.6 36.7 36.28 -9999 -9999 -9999 -9999 -9999 -9999 40.74 40.38 40.46 40.06 40.22 39.86 39.48 39.12 38.86 38.32 38.48 37.94 36.96 36.34 35.36 34.88 34.18 34.02 32.6 31.78 31.76 30.68 30.22 30.08 31.16 31.72 31.94 31.84 32.24 31.76 31.86 32.4 32.26 30.28 31.22 25.14 22.54 22.8 21.04 21.46 23.14 29.46 31.84 22.62 26.06 28.52 30.84 34.08 33.98 39.28 39.56 39.62 39.66 39.68 36.62 33.64
32.44 33.28 33.84 34.78 35.22 34.56 34.9 35.56 36 36.22 36.48 36.38 36.78 36.46 37 -9999 -9999 -9999 -9999 -9999 -9999 41.62 41.24 41.42 40.66 41.08 40.94 40.56 40.42 40.16 40.1 39.46 37.88 37.94 37.74 37.04 35.98 35.58 34.68 34.12 33.54 32.94 32.38 31.02 30.62 30.8 31.16 31.98 31.98 32.14 31.44 31.86 31.44 30.94 28.6 25.2 20.2 19.44 17.34 20.38 24.68 26.38 32 35.56 36.54 37.78 39.3 39.46 39.76 40.04 40.3 40.4 40.42 40.42 40.16 39.5 37.86
31.56 32.32 32.38 33.42 34.62 34.12 34.54 35.48 35.98 36.22 36.68 36.86 37.42 37.64 37.58 -9999 -9999 -9999 -9999 -9999 41.06 41.44 41.64 41.88 41.7 41.7 41.76 41.3 41.06 40.82 40.86 40.26 37.68 36.44 36.72 36.94 35.84 34.9 34.7 34.12 33.78 33.18 32.6 31.74 31.8 30.6 29.16 29.9 30.54 30.58 30.7 31.3 30.72 29.32 27.56 26.68 27.18 30.36 27.98 29.76 26.84 23.78 24.8 26.46 25.68 29.84 32.86 32.48 36.78 38.54 39.04 40.74 41.5 41.56 39.9 39.88 38.5
32.18 32.4 32.18 33.14 33.96 34.82 34.56 35.08 35.42 35.9 36.46 37.44 37.72 37.94 38.36 39.28 39.5 -9999 -9999 41.28 41.44 42.04 42.02 42.24 42.3 42.04 42.36 42.3 42 41.54 41.2 41.08 40.22 38.5 34.88 32.96 35.38 35.26 34.12 33.56 32.8 32 31.58 31.1 30.32 30.28 28.66 28.22 28.42 29.32 30.18 30.92 31.54 31.92 32.66 32.04 34.88 35.42 35.54 33.44 32.84 32.08 32.1 31.04 30.2 29.28 22.54 25.56 26.24 28.38 28.5 32.34 32.92 34.62 27.76 29.32 31.82
-9999 32.92 33.04 33.74 33.9 34.64 35.98 36.22 35.78 36.16 36.64 37.02 37.7 38.24 38.96 39.46 39.72 39.86 40.32 41.1 41.78 42.36 42.76 42.8 42.56 42.7 42.5 42.72 42.16 42.14 41.96 41.4 41 40.7 40.12 37.9 35.9 33.24 32.4 33.52 32.94 32.64 30.94 29.76 29.68 29.76 29.96 28.4 26.48 27.36 28.62 27.64 26.44 25.54 27.66 29.92 30.3 29.46 28.66 28.02 29.44 31.9 32.26 33.9 31.22 30.18 25.7 24.14 27.6 26.92 24.9 25.68 27.96 32.54 35.74 36.58 33.92
-9999 -9999 -9999 34.56 34.7 35.34 36.3 35.76 36.56 37.24 37.64 37.86 38.08 38.28 38.9 39.44 39.64 39.76 40.64 41.4 42.34 42.64 43.2 43.3 42.78 42.88 42.94 42.66 42.52 42.66 41.9 41.66 40.9 40.58 40.28 39.4 37.72 34.92 29.86 29.78 28.96 26.42 24.56 24.76 23.76 24.36 24.38 24.66 24.76 24.88 24.2 23.64 25.52 26.52 27.42 27.56 27.52 28.58 30.16 30.54 30.46 28.34 26.92 26 24.12 29.22 30.6 29.22 30.2 29.42 33.9 30.14 28.08 35.66 43.18 47.98 50.42
-9999 -9999 -9999 34.28 35.34 36.16 36.36 36.52 36.8 37.84 38.22 38.44 39.28 39.52 39.54 39.78 40.5 41.02 40.98 41.54 42.6 43.22 43.72 44.12 44.24 43.62 43.3 43.64 42.84 42.62 41.88 41.5 40.96 40.38 39.98 38.86 37.36 33.88 28.36 26.56 25.46 25.44 25.08 24.16 23.38 22.96 24.46 22.82 24.72 25.16 25.52 26.72 -9999 28.36 26.22 25.34 24.96 20.76 14.76 20.94 24.3 25.74 31.54 36.84 31.74 32.88 33.66 34.84 35.72 38.42 41.94 41.7 40.24 40.5 41.38 43.24 44.58
-9999 -9999 -9999 35.46 36.54 36.98 36.44 36.74 37.12 37.84 38.42 39.02 39.92 40.22 40.18 40.58 41.04 41.72 41.88 42.7 42.98 43.56 43.84 44.46 44.92 45.18 44.58 44.48 43.82 42.96 42.16 40.92 40.44 39.94 39.12 37.42 36 31.08 27.78 26.6 26.8 26.5 26.58 26.8 26.46 25.58 25.58 25.7 25.96 25.96 26.06 24.74 22.26 21.36 20.58 22.04 25.22 26.02 26.76 32.68 36.06 38.82 39.44 41.48 41.56 42.24 43.78 44.66 44.66 44.16 45.06 44.3 43.52 44.06 42.84 43.7 45.22
-9999 -9999 -9999 -9999 -9999 -9999 37.54 37.44 37.6 38.36 39.22 39.48 40.16 40.7 40.62 41.02 41.46 41.76 42.32 42.84 43.38 43.76 44.16 44.46 44.2 43.5 44.2 44.34 43.26 42.2 41.36 40.5 39.54 39.28 39.08 38.16 37.04 32.58 28.68 28.1 29.72 30.88 29.34 27.62 27.04 26.66 26.62 27.26 26.94 27.28 27.32 24.94 21.56 21.32 23.84 32.16 34.52 36.64 38.26 38.82 39.76 40.9 41.8 43.92 44.9 45.26 45.48 46.24 46.4 46.68 47.44 47.56 45.72 43.92 43.22 45.06 44.14
-9999 -9999 -9999 -9999 37.6 38.08 38.24 38.54 38.52 39.06 39.96 40.64 40.52 40.92 40.88 41.02 41.78 41.74 42.36 42.9 43.44 43.94 44.18 44.56 44.86 43.98 44.34 43.74 42.18 40.64 38.68 38.72 38.52 38.86 38.72 38.08 37.46 32.9 31.5 35.32 35.78 34.58 32.46 30.92 28.16 27.68 23.04 21.92 24.46 26.08 24.46 25.36 25.94 27.32 30.7 33.96 35.5 36.66 40.1 40.18 41.3 42.06 43.46 44.94 45.74 46.7 46.56 46.74 47.54 48.16 48.18 49.02 49.04 49.06 49 48.42 48
-9999 -9999 -9999 37.88 37.92 37.78 38.26 38.48 38.88 40.04 40.78 41.18 41.1 40.7 40.44 40.84 41.02 41.4 42.4 42.86 43.34 44.02 44.54 44.84 45.06 44.6 44.2 43.32 40.76 38.42 36.08 34.28 33.64 36.48 37.66 37.82 37.3 36.26 34.86 35.24 32.16 33.96 30.06 29.8 28.48 28.48 27.72 20.1 24.4 25.52 28.22 31.86 32.64 33.84 35.18 35.4 38.86 39.78 40.84 41.5 42.42 43.12 44.42 45.54 46.52 46.52 47.52 47.56 48.22 48.88 49.12 49.78 50.3 50.58 50.46 50.48 50.16
-9999 -9999 -9999 -9999 -9999 38.52 38.26 38.32 40.24 41.74 42.1 42.32 41.86 40.92 40.68 40.84 40.8 41.22 41.92 42.82 43.7 44.38 44.66 45.14 45.36 44.64 43.74 42.74 41.24 38.44 36.3 34.42 33.08 30.2 30.46 29.78 29.68 29.1 29 28.62 26.28 23.46 26.96 23.68 25.76 23.38 28.96 29.7 30.48 33.46 36.94 37.26 37.14 37.28 38.88 39.66 40.6 40.7 41.28 42.16 42.22 43.8 44.52 45.52 46.54 46.52 47.38 47.38 48.08 48.64 48.72 49.3 50.38 50.6 50.8 50.1 50.28
-9999 -9999 -9999 -9999 -9999 37.68 38.4 38.84 40.18 42.26 43.22 42.78 42.08 41.14 40.78 40.24 40.74 41.56 42.1 43.1 43.96 44.36 44.9 44.9 45.02 44.9 44 42.6 41.2 39.32 36.24 33.58 30.1 29.12 28.42 28.36 26.04 25.1 28.36 28.14 25.96 19.24 19.8 17.12 18.72 18.02 22.58 25.46 31.6 35.82 37.98 38.26 38.22 38.64 39.96 40.54 41.46 41.46 42.14 42.4 42.96 44.62 44.88 45.82 46.16 46.96 46.98 47.66 47.78 48.26 48.9 49.84 50.86 51.4 51.84 50.04 49.36
