shamba/rasters/climate/pet_3.txt
ncols         720
nrows         360
xllcorner     -180
yllcorner     -90
cellsize      0.5
NODATA_value  -9999
[rows 204 to 237 of 360, columns 231 to 307 of 720]
31.6 31.38 30.66 30.42 29.76 29.26 28.5 28.62 28.64 27.42 27.96 27.88 27.74 27.32 27.26 27.24 26.96 27.56 27.08 27.26 27.9 27.82 27.84 27.96 28.18 28.3 28.48 29.02 29.34 29.34 29.4 29.98 30.74 30.62 31.4 31.72 31.42 32.16 33.44 34.9 36.2 38.28 39.38 39.52 36.58 35.7 35.58 35.64 36.46 36.9 36.9 36.52 36.36 36.42 -9999 -9999 -9999 -9999 -9999 -9999 -9999 -9999 -9999 -9999 -9999 -9999 -9999 -9999 -9999 -9999 -9999 -9999 -9999 -9999 -9999 -9999 -9999
32.64 32.26 32.2 31.48 31.18 30.38 29.7 29.34 28.9 28.24 28.5 28.56 28.34 28.42 27.72 27.76 27.52 28.08 27.74 27.8 28.36 28.34 28.34 28.42 28.68 28.9 28.92 29.6 29.32 29.5 29.86 30.44 30.94 31.8 31.84 32.22 32.02 32.7 33.92 34.72 36.6 39.06 39.36 39.24 37.36 34.94 35.62 36.34 35.52 35.64 35.92 36.08 36.08 -9999 -9999 -9999 -9999 -9999 -9999 -9999 -9999 -9999 -9999 -9999 -9999 -9999 -9999 -9999 -9999 -9999 -9999 -9999 -9999 -9999 -9999 -9999 -9999
33.98 33.78 32.96 33.02 32.1 31.8 31.08 29.92 29.54 28.58 28.68 28.8 28.2 28.24 28.7 28.76 28.52 28.54 28.32 28.3 28.78 28.9 28.82 28.86 29.22 28.88 29.84 29.98 29.78 29.52 29.84 30.06 31.08 31.46 32.44 32.58 32.56 33.34 34.42 35.46 37.54 39.4 40.32 38.78 38.26 36.28 34.84 36.18 33.78 33.72 35.26 -9999 -9999 -9999 -9999 -9999 -9999 -9999 -9999 -9999 -9999 -9999 -9999 -9999 -9999 -9999 -9999 -9999 -9999 -9999 -9999 -9999 -9999 -9999 -9999 -9999 -9999
35.92 35.12 34.44 33.84 32.64 32.64 31.78 31.38 30.54 28.76 28.86 28.8 28.72 28.54 29.22 29.24 29.06 28.8 28.84 29.02 29.1 29.12 29.26 29.22 29.02 29.36 29.74 30.08 30.1 30.02 29.66 30.18 31.04 30.68 31.36 32.98 32.8 33.94 34.68 36.46 38.56 40.5 41 39.2 38.18 38.24 36.72 36.68 35.22 34.72 35.14 -9999 -9999 -9999 -9999 -9999 -9999 -9999 -9999 -9999 -9999 -9999 -9999 -9999 -9999 -9999 -9999 -9999 -9999 -9999 -9999 -9999 -9999 -9999 -9999 -9999 -9999
37.18 36.24 35.72 35.38 34.38 33.5 33.16 31.68 31.16 30.1 29.1 28.62 28.88 28.98 29.62 29.88 30.04 29.92 29.58 29.62 28.84 29.2 29.04 28.98 29.24 30.04 30.04 30.58 30.44 30.46 29.88 30.82 31.22 31.04 31.9 33.58 33.5 33.92 35.44 37.7 39.78 41.08 41.1 40.2 39.18 38.66 37.8 36.7 34.72 35.42 35.74 -9999 -9999 -9999 -9999 -9999 -9999 -9999 -9999 -9999 -9999 -9999 -9999 -9999 -9999 -9999 -9999 -9999 -9999 -9999 -9999 -9999 -9999 -9999 -9999 -9999 -9999
38.54 37.3 36.72 35.98 35.38 34.62 33.96 32.48 31.34 31.12 30.04 29.4 29.88 30.14 29.86 30.44 30.56 30.48 30.12 29.04 29.16 29.6 29.38 29.76 29.9 30.32 30.56 30.54 30.3 30.36 30.34 30.82 30.24 30.46 32.6 32.96 33.9 34.32 35.9 37.58 39.46 40.92 40.92 40.4 39.34 38.22 37.06 34.88 34.28 34.98 35.48 -9999 -9999 -9999 -9999 -9999 -9999 -9999 -9999 -9999 -9999 -9999 -9999 -9999 -9999 -9999 -9999 -9999 -9999 -9999 -9999 -9999 -9999 -9999 -9999 -9999 -9999
38.8 38 37.24 37.12 36.22 35.66 34.54 33.98 33.02 32.16 31.5 30.64 30.72 30.66 30.64 30.72 31.44 30.76 30.52 29.84 30.16 30 29.98 30.12 30.04 30.9 30.98 30.92 30.28 30.46 30.64 30.34 30.86 30.94 32 32.64 34.12 34.42 36.04 37.48 38.66 39.66 40.3 39.78 38.74 36.92 35.8 35.72 35.7 35.22 35.1 -9999 -9999 -9999 -9999 -9999 -9999 -9999 -9999 -9999 -9999 -9999 -9999 -9999 -9999 -9999 -9999 -9999 -9999 -9999 -9999 -9999 -9999 -9999 -9999 -9999 -9999
38.24 38.42 37.92 37.62 37.5 36.98 35.4 34.38 33.96 33.48 31.9 32.1 31.4 30.82 31.34 31.16 32.24 32 31.04 30.84 30.1 29.76 30.54 30.68 30.64 31.1 31 31.06 30.92 30.72 30.64 30.26 30.32 30.56 31.54 32.62 33.7 34.78 35.86 36.78 37.76 38.54 38.36 38.28 37.92 36.84 35.78 35.04 35.12 35.3 34.54 -9999 -9999 -9999 -9999 -9999 -9999 -9999 -9999 -9999 -9999 -9999 -9999 -9999 -9999 -9999 -9999 -9999 -9999 -9999 -9999 -9999 -9999 -9999 -9999 -9999 -9999
38.2 38.74 38.82 37.88 37.8 38.06 36.42 35.7 35.02 34.4 33.3 33.28 32.6 31.7 32.18 32.56 32.64 32.76 31.88 31.6 31.26 30.84 30.84 31.1 31.02 30.9 30.8 31.16 30.64 30.62 30.56 30.82 31.1 31.06 31.92 32.64 33.7 34.32 35.44 36 36.18 37.34 36.78 37.1 37.16 36.6 36.14 35.92 35.46 34.8 35.02 -9999 -9999 -9999 -9999 -9999 -9999 -9999 -9999 -9999 -9999 -9999 -9999 -9999 -9999 -9999 -9999 -9999 -9999 -9999 -9999 -9999 -9999 -9999 -9999 -9999 -9999
37.9 39.24 39.94 40.28 39.18 38.78 37.6 37.14 36.34 35.56 35 34.22 33.28 32.9 32.7 32.9 33 33.22 33.14 32.26 31.22 30.56 30.84 31.48 31.1 30.86 31 31.02 31.2 31.7 31.32 31.2 31.5 31.72 31.86 32.52 33.68 34.3 35.06 35.38 35.86 36.1 35.86 36.64 37.16 36.36 35.5 34.46 34.5 35.3 35.06 -9999 -9999 -9999 -9999 -9999 -9999 -9999 -9999 -9999 -9999 -9999 -9999 -9999 -9999 -9999 -9999 -9999 -9999 -9999 -9999 -9999 -9999 -9999 -9999 -9999 -9999
38.62 40.14 42.18 41.22 40.84 39.72 38.94 38.34 37.36 37.12 36.42 35.48 34.52 33.94 33.7 33.52 33.64 33.44 33.88 32.5 31.84 31.04 30.96 30.68 30.64 30.62 30.96 31.5 31.9 32.2 32.12 31.9 31.86 31.6 31.96 32.98 33.28 33.96 34.4 35.4 35.52 35.34 35.16 35.4 35.5 34.56 34.4 34.76 34.7 35.26 35.1 -9999 -9999 -9999 -9999 -9999 -9999 -9999 -9999 -9999 -9999 -9999 -9999 -9999 -9999 -9999 -9999 -9999 -9999 -9999 -9999 -9999 -9999 -9999 -9999 -9999 -9999
35.16 37.22 43.52 42.92 41.68 41.3 40.1 39.76 39.04 38.1 37.44 36.6 35.48 34.56 34.64 34.48 34.76 34.4 34.18 33.7 32.38 32.28 31.7 31.72 31.72 31.76 31.4 31.58 32.22 32.8 31.9 32.46 32.12 32.18 32.4 32.94 33.18 33.54 34.14 34.7 33.94 34.12 34.4 33.8 33.76 34.02 34.42 34.54 34.56 34.7 34.6 -9999 -9999 -9999 -9999 -9999 -9999 -9999 -9999 -9999 -9999 -9999 -9999 -9999 -9999 -9999 -9999 -9999 -9999 -9999 -9999 -9999 -9999 -9999 -9999 -9999 -9999
34.16 35.92 42.3 43.1 42.46 41.6 41.3 39.82 39.12 38.08 37.66 37.08 36.48 35.62 35.14 35 35.2 34.98 34.9 34.02 33.22 32.96 32.28 31.72 32.3 32.48 32.9 32.72 32.64 32.54 32.6 32.86 32.94 33.06 32.76 33.14 33.02 33.48 34.52 34.24 34.82 32.52 32.9 33.66 34.96 33.94 33.7 34.1 34.44 34.5 -9999 -9999 -9999 -9999 -9999 -9999 -9999 -9999 -9999 -9999 -9999 -9999 -9999 -9999 -9999 -9999 -9999 -9999 -9999 -9999 -9999 -9999 -9999 -9999 -9999 -9999 -9999
35.9 37.02 41.16 42.18 41.94 41.96 41.28 40.24 40.12 39.56 39.14 38.04 37.12 36.14 35.92 35.7 35.58 35.62 35.38 34.4 34.78 33.92 33.02 32.38 32.82 33.42 33.7 33.44 33.96 33.4 33.04 32.92 32.68 32.76 32.72 32.68 32.68 33.68 34.34 34.32 34.42 32.82 33.3 33.14 34.38 34.84 33.76 34.56 34.72 34.3 -9999 -9999 -9999 -9999 -9999 -9999 -9999 -9999 -9999 -9999 -9999 -9999 -9999 -9999 -9999 -9999 -9999 -9999 -9999 -9999 -9999 -9999 -9999 -9999 -9999 -9999 -9999
36.78 38.48 39.44 40.68 41.5 41.5 40.82 40.82 40.62 40.3 38.74 38.76 37.62 37.24 36.6 36.72 36.32 36.12 35.76 34.46 34.5 33.84 33.22 33.74 33.9 34.2 34.04 34.68 34.02 33.56 33 33.2 32.72 32.74 32.1 31.98 31.72 32.94 33.72 34.32 33.62 32.66 33 33.88 34.92 34.84 35.2 34.62 34.48 34.28 -9999 -9999 -9999 -9999 -9999 -9999 -9999 -9999 -9999 -9999 -9999 -9999 -9999 -9999 -9999 -9999 -9999 -9999 -9999 -9999 -9999 -9999 -9999 -9999 -9999 -9999 -9999
38.2 37.44 37.58 39.54 40.12 40.74 40.94 41.24 41.16 40.32 39.7 39.52 39.4 38.66 38.16 37.94 37.62 37.36 35.92 35.6 34.48 34.08 34.2 34.3 34.58 34.7 34.78 34.64 34.54 34.26 34.1 33.54 33.24 32.52 31.12 30.76 31.26 32.52 33.48 33.08 32.74 32.34 32.68 34.02 33.78 34.48 35.88 35 35.4 -9999 -9999 -9999 -9999 -9999 -9999 -9999 -9999 -9999 -9999 -9999 -9999 -9999 -9999 -9999 -9999 -9999 -9999 -9999 -9999 -9999 -9999 -9999 -9999 -9999 -9999 -9999 -9999
38.62 37.54 37.46 38.78 39.44 40.46 41.36 41.9 42.28 42 42.04 41.34 41.4 40.5 39.86 39.24 38.32 37.9 36.62 35.2 34.64 34.44 34.26 34.28 35.02 35.14 35.02 34.64 34.68 34.74 34.38 33.8 33.1 31.66 30.16 30.32 31.24 32.04 32.16 32.44 32.2 31.08 32.34 33.9 32.62 32.78 33.58 33.16 36.2 -9999 -9999 -9999 -9999 -9999 -9999 -9999 -9999 -9999 -9999 -9999 -9999 -9999 -9999 -9999 -9999 -9999 -9999 -9999 -9999 -9999 -9999 -9999 -9999 -9999 -9999 -9999 -9999
38.92 37.96 38.16 38.82 39.4 40.88 41.84 42.8 43.42 43.66 43.26 43.36 43.42 42.48 41.72 40.3 39.06 38.26 36.8 35.46 34.72 34.4 34.42 34.82 35.08 35.4 35.3 35.1 34.8 34.9 34.54 34.28 33.06 31.36 29.96 30.9 31.46 31.9 31.8 31.88 31.18 31.06 32.2 32.08 32.72 34 36.14 36.38 -9999 -9999 -9999 -9999 -9999 -9999 -9999 -9999 -9999 -9999 -9999 -9999 -9999 -9999 -9999 -9999 -9999 -9999 -9999 -9999 -9999 -9999 -9999 -9999 -9999 -9999 -9999 -9999 -9999
38.84 37.92 38.44 38.92 40.06 41.34 42.88 43.98 44.72 45.08 45.02 45.1 44.94 44.88 43.26 40.94 40.04 38 36.6 35.6 34.36 33.84 34.16 34.06 34.62 35.16 35.12 34.98 35.1 34.58 34.78 34.12 33.1 32.4 31.38 30.8 31.48 32.34 32.5 32.08 31.3 30.34 32.56 34.64 35.72 36.36 37.14 -9999 -9999 -9999 -9999 -9999 -9999 -9999 -9999 -9999 -9999 -9999 -9999 -9999 -9999 -9999 -9999 -9999 -9999 -9999 -9999 -9999 -9999 -9999 -9999 -9999 -9999 -9999 -9999 -9999 -9999
38.26 37.7 38.62 39.38 40.22 41.76 43.8 45.68 46.46 46.4 46.2 46.86 46.8 46.26 44.4 41.94 40.32 37.74 36.48 35.74 34.24 33.74 33.1 33.34 33.58 33.94 34.26 34.3 34.72 34.84 34.4 33.7 32.54 31.9 32 31.06 31.18 32.34 32.26 31.56 30.46 30.6 32.4 34.5 35.58 35.4 36.64 -9999 -9999 -9999 -9999 -9999 -9999 -9999 -9999 -9999 -9999 -9999 -9999 -9999 -9999 -9999 -9999 -9999 -9999 -9999 -9999 -9999 -9999 -9999 -9999 -9999 -9999 -9999 -9999 -9999 -9999
36.58 37.6 38.94 39.6 40.5 42.44 43.84 46.42 46.76 46.76 46.62 46.96 47.86 47.28 45.12 42.56 39.96 37.18 36.46 34.82 33.12 32.92 32.38 32.64 32.76 33.2 33.72 34.04 34.26 33.94 33.9 33.7 32.26 31.46 32.02 31.12 29.48 30.66 30.16 28.68 31.52 32.32 31.68 31.16 32.1 35.94 -9999 -9999 -9999 -9999 -9999 -9999 -9999 -9999 -9999 -9999 -9999 -9999 -9999 -9999 -9999 -9999 -9999 -9999 -9999 -9999 -9999 -9999 -9999 -9999 -9999 -9999 -9999 -9999 -9999 -9999 -9999
35.76 37.76 39.36 40.54 41.16 43.12 44.64 45.62 46.38 46.08 46.3 46.76 46.94 46.18 43.78 41.52 39.66 37.14 35.66 34.78 33.16 32.72 32.32 31.58 32.16 32.4 33.06 33.98 34.28 33.88 33.74 32.82 32.46 32.12 31.54 30.82 28.5 28.06 29.56 29.32 30.18 33.18 34.42 34.3 34.92 -9999 -9999 -9999 -9999 -9999 -9999 -9999 -9999 -9999 -9999 -9999 -9999 -9999 -9999 -9999 -9999 -9999 -9999 -9999 -9999 -9999 -9999 -9999 -9999 -9999 -9999 -9999 -9999 -9999 -9999 -9999 -9999
35.54 38.14 40.38 41.88 42.8 43.76 44.88 45.26 45.7 45.94 45.62 44.9 44.6 44.06 42.06 39.96 38.82 37.1 35.64 34.62 34.06 33.06 31.9 31.7 31.16 31.56 32.6 33.58 33.86 33.44 32.82 32.44 32 31.9 31.14 30.16 29.56 28.84 28 29.24 -9999 -9999 -9999 -9999 -9999 -9999 -9999 -9999 -9999 -9999 -9999 -9999 -9999 -9999 -9999 -9999 -9999 -9999 -9999 -9999 -9999 -9999 -9999 -9999 -9999 -9999 -9999 -9999 -9999 -9999 -9999 -9999 -9999 -9999 -9999 -9999 -9999
35.48 38.74 41.82 43.84 44.16 44.02 44.64 44.96 45.2 45.46 44.94 44.4 43.88 43 41.08 40.02 38.74 36.94 35.6 34.72 34.32 33.22 31.86 31.36 31.5 31.42 31.68 32.04 32.46 32.22 31.94 32.28 31.28 30.72 29.96 29.38 30.02 28.5 -9999 -9999 -9999 -9999 -9999 -9999 -9999 -9999 -9999 -9999 -9999 -9999 -9999 -9999 -9999 -9999 -9999 -9999 -9999 -9999 -9999 -9999 -9999 -9999 -9999 -9999 -9999 -9999 -9999 -9999 -9999 -9999 -9999 -9999 -9999 -9999 -9999 -9999 -9999
33.44 38.88 42.6 45.6 44.64 43.98 44.6 45.48 45.76 45.22 44.88 44.52 44 43.3 41.96 40.72 39.14 37.82 35.96 35.38 34.22 33.14 32.22 31.66 31.42 31.78 31.24 31.14 30.7 30.56 30.34 30.22 29.98 31.58 31.74 -9999 -9999 -9999 -9999 -9999 -9999 -9999 -9999 -9999 -9999 -9999 -9999 -9999 -9999 -9999 -9999 -9999 -9999 -9999 -9999 -9999 -9999 -9999 -9999 -9999 -9999 -9999 -9999 -9999 -9999 -9999 -9999 -9999 -9999 -9999 -9999 -9999 -9999 -9999 -9999 -9999 -9999
34.86 38.88 41.74 43.86 43.8 42.98 43.78 45.38 45.06 44.64 44.44 44.68 43.74 43.62 42.7 40.92 38.8 37.22 35.9 35.08 34 32.64 32.02 32 31.24 30.92 31.02 30.32 29.78 29.04 29.96 29.74 30.62 31.38 -9999 -9999 -9999 -9999 -9999 -9999 -9999 -9999 -9999 -9999 -9999 -9999 -9999 -9999 -9999 -9999 -9999 -9999 -9999 -9999 -9999 -9999 -9999 -9999 -9999 -9999 -9999 -9999 -9999 -9999 -9999 -9999 -9999 -9999 -9999 -9999 -9999 -9999 -9999 -9999 -9999 -9999 -9999
36.24 39.22 41.4 42.88 42.84 42.44 42.72 43.12 43.24 42.72 42.78 43.08 42.74 44.02 42.02 40.76 38.96 37.42 36.1 34.7 33.5 32.88 32.12 31.84 31.32 30.48 30 29.6 28.86 28.16 27.62 28.26 29.36 -9999 -9999 -9999 -9999 -9999 -9999 -9999 -9999 -9999 -9999 -9999 -9999 -9999 -9999 -9999 -9999 -9999 -9999 -9999 -9999 -9999 -9999 -9999 -9999 -9999 -9999 -9999 -9999 -9999 -9999 -9999 -9999 -9999 -9999 -9999 -9999 -9999 -9999 -9999 -9999 -9999 -9999 -9999 -9999
36.44 39.14 40.9 42.12 42.38 42.18 41.82 41.24 40.98 40.96 40.78 40.5 41.56 42.62 41.62 40.52 38.88 37.54 36.4 34.9 34.12 33.38 32.96 32.36 31.68 30.32 29.34 29.08 28.14 27.1 26.78 28.48 -9999 -9999 -9999 -9999 -9999 -9999 -9999 -9999 -9999 -9999 -9999 -9999 -9999 -9999 -9999 -9999 -9999 -9999 -9999 -9999 -9999 -9999 -9999 -9999 -9999 -9999 -9999 -9999 -9999 -9999 -9999 -9999 -9999 -9999 -9999 -9999 -9999 -9999 -9999 -9999 -9999 -9999 -9999 -9999 -9999
37.26 39.42 40.76 41.98 42.48 43.06 42.22 40.88 40.06 39.78 39.56 38.9 41.68 42.54 42.24 41.56 40.18 38.7 37 35.58 34.6 33.68 33.3 32.82 31.46 30.76 29.42 28.78 27.98 27.18 27.74 30 -9999 -9999 -9999 -9999 -9999 -9999 -9999 -9999 -9999 -9999 -9999 -9999 -9999 -9999 -9999 -9999 -9999 -9999 -9999 -9999 -9999 -9999 -9999 -9999 -9999 -9999 -9999 -9999 -9999 -9999 -9999 -9999 -9999 -9999 -9999 -9999 -9999 -9999 -9999 -9999 -9999 -9999 -9999 -9999 -9999
38.32 40.04 41 42.3 43.18 43.74 43.8 42 39.92 39.82 39.68 40.24 41.18 42.08 42.84 42.56 41.96 40.34 38.7 37.14 35.7 35 34.46 34.04 33 30.7 29.7 28.4 27.68 28.64 30.14 30.78 -9999 -9999 -9999 -9999 -9999 -9999 -9999 -9999 -9999 -9999 -9999 -9999 -9999 -9999 -9999 -9999 -9999 -9999 -9999 -9999 -9999 -9999 -9999 -9999 -9999 -9999 -9999 -9999 -9999 -9999 -9999 -9999 -9999 -9999 -9999 -9999 -9999 -9999 -9999 -9999 -9999 -9999 -9999 -9999 -9999
39.08 40.68 42.02 43.02 44.06 44.56 45.52 44.3 42.02 40.86 39.74 40.1 41.48 42.98 43.3 44.7 43.42 40.46 39.94 38.98 37.68 36.72 36.08 35.04 34.06 32.52 30.44 29.38 28.88 29.78 29.38 30.92 -9999 -9999 -9999 -9999 -9999 -9999 -9999 -9999 -9999 -9999 -9999 -9999 -9999 -9999 -9999 -9999 -9999 -9999 -9999 -9999 -9999 -9999 -9999 -9999 -9999 -9999 -9999 -9999 -9999 -9999 -9999 -9999 -9999 -9999 -9999 -9999 -9999 -9999 -9999 -9999 -9999 -9999 -9999 -9999 -9999
40.8 41.44 42.38 43.58 44.4 44.38 45.06 44.56 42.7 41.3 40.5 40.56 41.9 42.96 43.1 43.48 42.52 39.56 39.68 39.62 37.98 36.54 35.74 34.9 33.74 32.38 30.94 29.46 28.24 27.26 27.12 29.26 -9999 -9999 -9999 -9999 -9999 -9999 -9999 -9999 -9999 -9999 -9999 -9999 -9999 -9999 -9999 -9999 -9999 -9999 -9999 -9999 -9999 -9999 -9999 -9999 -9999 -9999 -9999 -9999 -9999 -9999 -9999 -9999 -9999 -9999 -9999 -9999 -9999 -9999 -9999 -9999 -9999 -9999 -9999 -9999 -9999
41.1 41.42 42.28 43.26 43.64 44 43.86 43.14 42.44 41.3 41.16 41.06 41.72 42.24 42.02 41.66 40.02 38.94 38.68 38.52 37.28 36.2 35.28 34.16 33.4 31.66 30.22 29.24 27.9 25.8 28.74 30.24 -9999 -9999 -9999 -9999 -9999 -9999 -9999 -9999 -9999 -9999 -9999 -9999 -9999 -9999 -9999 -9999 -9999 -9999 -9999 -9999 -9999 -9999 -9999 -9999 -9999 -9999 -9999 -9999 -9999 -9999 -9999 -9999 -9999 -9999 -9999 -9999 -9999 -9999 -9999 -9999 -9999 -9999 -9999 -9999 -9999
40.92 40.72 41.48 42.32 42.6 42.76 42.22 42.18 41.28 40.82 41 41.42 41.76 41.82 41.28 40.64 38.82 37.72 37.62 36.8 36 35.18 34.56 33.92 32.46 31.54 30.02 28.78 27.86 27.96 30.18 -9999 -9999 -9999 -9999 -9999 -9999 -9999 -9999 -9999 -9999 -9999 -9999 -9999 -9999 -9999 -9999 -9999 -9999 -9999 -9999 -9999 -9999 -9999 -9999 -9999 -9999 -9999 -9999 -9999 -9999 -9999 -9999 -9999 -9999 -9999 -9999 -9999 -9999 -9999 -9999 -9999 -9999 -9999 -9999 -9999 -9999
