shamba/rasters/climate/pet_5.txt
ncols         720
nrows         360
xllcorner     -180
yllcorner     -90
cellsize      0.5
NODATA_value  -9999
[rows 0 to 33 of 360, columns 231 to 307 of 720]
-9999 -9999 -9999 -9999 -9999 -9999 -9999 -9999 -9999 -9999 -9999 -9999 -9999 -9999 -9999 -9999 -9999 -9999 -9999 -9999 -9999 -9999 -9999 -9999 -9999 -9999 -9999 -9999 -9999 -9999 -9999 -9999 -9999 -9999 -9999 -9999 -9999 -9999 -9999 -9999 -9999 -9999 -9999 -9999 -9999 -9999 -9999 -9999 -9999 -9999 -9999 -9999 -9999 -9999 -9999 -9999 -9999 -9999 -9999 -9999 -9999 -9999 -9999 -9999 -9999 -9999 -9999 -9999 -9999 -9999 -9999 -9999 -9999 -9999 -9999 -9999 -9999
-9999 -9999 -9999 -9999 -9999 -9999 -9999 -9999 -9999 -9999 -9999 -9999 -9999 -9999 -9999 -9999 -9999 -9999 -9999 -9999 -9999 -9999 -9999 -9999 -9999 -9999 -9999 -9999 -9999 -9999 -9999 -9999 -9999 -9999 -9999 -9999 -9999 -9999 -9999 -9999 -9999 -9999 -9999 -9999 -9999 -9999 -9999 -9999 -9999 -9999 -9999 -9999 -9999 -9999 -9999 -9999 -9999 -9999 -9999 -9999 -9999 -9999 -9999 -9999 -9999 -9999 -9999 -9999 -9999 -9999 -9999 -9999 -9999 -9999 -9999 -9999 -9999
-9999 -9999 -9999 -9999 -9999 -9999 -9999 -9999 -9999 -9999 -9999 -9999 -9999 -9999 -9999 -9999 -9999 -9999 -9999 -9999 -9999 -9999 -9999 -9999 -9999 -9999 -9999 -9999 -9999 -9999 -9999 -9999 -9999 -9999 -9999 -9999 -9999 -9999 -9999 -9999 -9999 -9999 -9999 -9999 -9999 -9999 -9999 -9999 -9999 -9999 -9999 -9999 -9999 -9999 -9999 -9999 -9999 -9999 -9999 -9999 -9999 -9999 -9999 -9999 -9999 -9999 -9999 -9999 -9999 -9999 -9999 -9999 -9999 -9999 -9999 -9999 -9999
-9999 -9999 -9999 -9999 -9999 -9999 -9999 -9999 -9999 -9999 -9999 -9999 -9999 -9999 -9999 -9999 -9999 -9999 -9999 -9999 -9999 -9999 -9999 -9999 -9999 -9999 -9999 -9999 -9999 -9999 -9999 -9999 -9999 -9999 -9999 -9999 -9999 -9999 -9999 -9999 -9999 -9999 -9999 -9999 -9999 -9999 -9999 -9999 -9999 -9999 -9999 -9999 -9999 -9999 -9999 -9999 -9999 -9999 -9999 -9999 -9999 -9999 -9999 -9999 -9999 -9999 -9999 -9999 -9999 -9999 -9999 -9999 -9999 -9999 -9999 -9999 -9999
-9999 -9999 -9999 -9999 -9999 -9999 -9999 -9999 -9999 -9999 -9999 -9999 -9999 -9999 -9999 -9999 -9999 -9999 -9999 -9999 -9999 -9999 -9999 -9999 -9999 -9999 -9999 -9999 -9999 -9999 -9999 -9999 -9999 -9999 -9999 -9999 -9999 -9999 -9999 -9999 -9999 -9999 -9999 -9999 -9999 -9999 -9999 -9999 -9999 -9999 -9999 -9999 -9999 -9999 -9999 -9999 -9999 -9999 -9999 -9999 -9999 -9999 -9999 -9999 -9999 -9999 -9999 -9999 -9999 -9999 -9999 -9999 -9999 -9999 -9999 -9999 -9999
-9999 -9999 -9999 -9999 -9999 -9999 -9999 -9999 -9999 -9999 -9999 -9999 -9999 -9999 -9999 -9999 -9999 -9999 -9999 -9999 -9999 -9999 -9999 -9999 -9999 -9999 -9999 -9999 -9999 -9999 -9999 -9999 -9999 -9999 -9999 -9999 -9999 -9999 -9999 -9999 -9999 -9999 -9999 -9999 -9999 -9999 -9999 -9999 -9999 -9999 -9999 -9999 -9999 -9999 -9999 -9999 -9999 -9999 -9999 -9999 -9999 -9999 -9999 -9999 -9999 -9999 -9999 -9999 -9999 -9999 -9999 -9999 -9999 -9999 -9999 -9999 -9999
-9999 -9999 -9999 -9999 -9999 -9999 -9999 -9999 -9999 -9999 -9999 -9999 -9999 -9999 -9999 -9999 -9999 -9999 -9999 -9999 -9999 -9999 -9999 -9999 -9999 -9999 -9999 -9999 -9999 -9999 -9999 -9999 -9999 -9999 -9999 -9999 -9999 -9999 -9999 -9999 -9999 -9999 -9999 -9999 -9999 -9999 -9999 -9999 -9999 -9999 -9999 -9999 -9999 -9999 -9999 -9999 -9999 -9999 -9999 -9999 -9999 -9999 -9999 -9999 -9999 -9999 -9999 -9999 -9999 -9999 -9999 -9999 -9999 -9999 -9999 -9999 -9999
-9999 -9999 -9999 -9999 -9999 -9999 -9999 -9999 -9999 -9999 -9999 -9999 -9999 -9999 -9999 -9999 -9999 -9999 -9999 -9999 -9999 -9999 -9999 -9999 -9999 -9999 -9999 -9999 -9999 -9999 -9999 -9999 -9999 -9999 -9999 -9999 -9999 -9999 -9999 -9999 -9999 -9999 -9999 -9999 -9999 -9999 -9999 -9999 -9999 -9999 -9999 -9999 -9999 -9999 -9999 -9999 -9999 -9999 -9999 -9999 -9999 -9999 -9999 -9999 -9999 -9999 -9999 -9999 -9999 -9999 -9999 -9999 -9999 -9999 -9999 -9999 -9999
-9999 -9999 -9999 -9999 -9999 -9999 -9999 -9999 -9999 -9999 -9999 -9999 -9999 -9999 -9999 -9999 -9999 -9999 -9999 -9999 -9999 -9999 -9999 -9999 -9999 -9999 -9999 -9999 -9999 -9999 -9999 -9999 -9999 -9999 -9999 -9999 -9999 -9999 -9999 -9999 -9999 -9999 -9999 -9999 -9999 -9999 -9999 -9999 -9999 -9999 -9999 -9999 -9999 -9999 -9999 -9999 -9999 -9999 -9999 -9999 -9999 -9999 -9999 -9999 -9999 -9999 -9999 -9999 -9999 -9999 -9999 -9999 -9999 -9999 -9999 -9999 -9999
-9999 -9999 -9999 -9999 -9999 -9999 -9999 -9999 -9999 -9999 -9999 -9999 -9999 -9999 -9999 -9999 -9999 -9999 -9999 -9999 -9999 -9999 -9999 -9999 -9999 -9999 -9999 -9999 -9999 -9999 -9999 -9999 -9999 -9999 -9999 -9999 -9999 -9999 -9999 -9999 -9999 -9999 -9999 -9999 -9999 -9999 -9999 -9999 -9999 -9999 -9999 -9999 -9999 -9999 -9999 -9999 -9999 -9999 -9999 -9999 -9999 -9999 -9999 -9999 -9999 -9999 -9999 -9999 -9999 -9999 -9999 -9999 -9999 -9999 -9999 -9999 -9999
-9999 -9999 -9999 -9999 -9999 -9999 -9999 -9999 -9999 -9999 -9999 -9999 -9999 -9999 -9999 -9999 -9999 -9999 -9999 -9999 -9999 -9999 -9999 -9999 -9999 -9999 -9999 -9999 -9999 -9999 -9999 -9999 -9999 -9999 -9999 -9999 -9999 -9999 -9999 -9999 -9999 -9999 -9999 -9999 -9999 -9999 -9999 -9999 -9999 -9999 -9999 -9999 -9999 -9999 -9999 -9999 -9999 -9999 -9999 -9999 -9999 -9999 -9999 -9999 -9999 -9999 -9999 -9999 -9999 -9999 -9999 -9999 -9999 -9999 -9999 -9999 -9999
-9999 -9999 -9999 -9999 -9999 -9999 -9999 -9999 -9999 -9999 -9999 -9999 -9999 -9999 -9999 -9999 -9999 -9999 -9999 -9999 -9999 -9999 -9999 -9999 -9999 -9999 -9999 -9999 -9999 -9999 -9999 -9999 -9999 -9999 -9999 -9999 -9999 -9999 -9999 -9999 -9999 -9999 -9999 -9999 -9999 -9999 -9999 -9999 -9999 -9999 -9999 -9999 -9999 -9999 -9999 -9999 -9999 -9999 -9999 -9999 -9999 -9999 -9999 -9999 -9999 -9999 -9999 -9999 -9999 -9999 -9999 -9999 -9999 -9999 -9999 -9999 -9999
-9999 -9999 -9999 -9999 -9999 -9999 -9999 -9999 -9999 -9999 -9999 -9999 -9999 -9999 -9999 -9999 -9999 -9999 -9999 -9999 -9999 -9999 -9999 -9999 -9999 -9999 -9999 -9999 -9999 -9999 -9999 -9999 -9999 -9999 -9999 -9999 -9999 -9999 -9999 -9999 -9999 -9999 -9999 -9999 -9999 -9999 -9999 -9999 -9999 -9999 -9999 -9999 -9999 -9999 -9999 -9999 -9999 -9999 -9999 -9999 -9999 -9999 -9999 -9999 -9999 -9999 -9999 -9999 -9999 -9999 -9999 -9999 -9999 -9999 -9999 -9999 -9999
-9999 -9999 -9999 -9999 -9999 -9999 -9999 -9999 -9999 -9999 -9999 -9999 -9999 -9999 -9999 -9999 -9999 -9999 -9999 -9999 -9999 -9999 -9999 -9999 -9999 -9999 -9999 -9999 -9999 -9999 -9999 -9999 -9999 -9999 -9999 -9999 -9999 -9999 -9999 -9999 -9999 8.4 8.52 9.06 -9999 -9999 -9999 -9999 -9999 -9999 9.66 9.4 8.94 9.12 9.9 9.52 9.34 8.88 8.58 9.56 9.34 8.54 9.4 9.7 9.84 10.38 9.86 10.42 10.72 10.38 11.12 11.18 11.98 12.38 12.68 -9999 -9999
8.78 8.42 -9999 -9999 -9999 -9999 -9999 -9999 -9999 -9999 -9999 -9999 -9999 -9999 -9999 -9999 -9999 -9999 -9999 -9999 -9999 -9999 -9999 -9999 -9999 -9999 -9999 -9999 -9999 -9999 -9999 -9999 -9999 7.38 7.48 7.38 7.38 7.82 8.22 7.78 7.92 7.58 7.52 8.02 8.54 9.02 9 8.62 8.42 8.74 8.7 8.32 7.94 8.2 8.74 9.24 9.5 8.46 9.18 9.86 9.8 9.3 9.24 9.98 8.98 9.12 9 9.52 9.54 10.28 10.3 10.82 11.32 11.92 12.26 12.64 13
8.76 8.56 8.5 8.36 8.14 8.16 -9999 -9999 -9999 -9999 -9999 -9999 -9999 -9999 7.46 7.32 7.28 7.1 6.74 6.6 -9999 7.08 7.16 -9999 -9999 -9999 7.54 7 7.74 7.98 7.98 8.04 8.1 7.34 7.42 7.92 8.26 8.04 7.7 7.96 7.62 7.38 7.36 7.34 7.54 8.12 8.54 8.56 8.6 8.56 8.56 8.54 8.6 9.06 9.2 9.02 9.3 10.12 10.16 10.3 9.88 9.46 9.66 10.32 10.54 10.94 11.14 11.42 11.12 11.2 11.4 12.18 12.38 12.78 12.92 13.44 13.58
8.94 -9999 -9999 -9999 -9999 -9999 8.06 7.9 7.98 7.78 8.02 7.62 7.66 7.3 7.3 7.1 7.06 6.94 6.66 6.42 6.9 7.24 6.66 6.56 6.76 6.9 7.16 6.94 7.62 6.56 6.74 6.72 6.7 6.7 7.04 7.36 7.5 8.5 8.36 8.22 8.22 7.28 7.04 6.92 6.84 6.58 6.34 6.72 6.84 6.94 6.9 7.34 7.96 7.94 8.78 8.98 9.24 9.9 9.62 9.92 10.48 11 10.52 10.16 9.76 10.34 10.56 10.54 10.28 10.42 10.56 11.38 12.1 12.78 13.22 13.64 14.26
-9999 -9999 8.92 8.66 -9999 8.56 8.36 7.98 7.62 7.44 7.56 7.38 7.44 7.4 7.04 7 6.86 6.48 6.64 6.76 6.24 6.1 6.02 6.04 6.04 6.22 6.34 6.52 6.48 6.52 6.66 6.4 6.9 6.9 7.14 7.08 7.28 6.94 7.4 7.14 7.78 7.76 7.48 7.18 7.22 6.78 6.5 6.24 6.08 6.06 6.34 6.92 6.88 7.58 7.8 8.08 7.98 8.7 8.76 9.04 9.3 9.54 9.9 9.44 9.96 10.72 10.42 11.08 10.46 10.56 11.06 11.54 12.3 12.38 13.1 13.32 13.62
9.02 8.96 8.9 8.78 8.4 8.08 8.2 8.46 8.36 7.92 7.92 7.46 7.54 7.02 7.2 7.16 6.74 6.76 6.44 6.26 6.06 6.1 6.08 5.78 5.66 5.36 5.36 5.22 5.12 5.16 5.38 5.62 5.34 5.36 5.36 5.8 5.98 5.98 5.96 6.18 6.14 5.96 6.36 6.46 6.18 6.12 6.04 5.8 6.14 6.12 6.26 6.34 6.58 6.46 6.68 6.66 7.22 7.18 7.34 7.54 7.28 7.08 7.36 7.28 7.98 7.9 8.26 9.06 9.52 9.7 10.4 11.14 11.76 12.34 13.36 13.96 14.2
9.4 9.44 9.2 8.78 8.82 8.46 8.16 8.16 8.16 7.98 8.12 7.74 7.76 7.3 7.18 7.22 7.04 6.88 6.8 6.64 6.2 6.16 6.1 6.14 5.54 5.44 5.38 5.28 5.2 5.16 4.7 4.82 4.72 4.86 4.8 4.5 5 5.02 5.12 5.08 5.16 5.1 5.38 5.38 5.52 5.46 5.74 5.62 5.8 5.8 6.16 6.62 6.2 6.26 6.42 6.58 6.8 6.9 6.8 6.86 6.78 6.94 7 7.12 7.5 8.12 8.4 8.34 9.04 9.34 10 10.7 11.94 12.34 13.48 14.22 14.82
9.96 9.66 9.2 9.02 8.76 8.34 8.28 8.12 7.84 7.76 7.9 7.6 7.48 7.46 7.18 7.18 7.08 6.86 6.58 6.84 6.5 6.4 6.3 5.9 6 5.82 5.74 5.44 5.18 5.26 5.24 5.14 5 5.34 5.26 5.22 5.3 5.2 5.18 5.26 5.32 5.34 5.32 5.3 4.84 4.9 4.98 5.22 5.42 5.72 5.78 6.2 6.26 6.38 6.52 6.6 6.86 6.74 6.44 7.12 6.92 6.9 7.34 7.24 7.26 7.86 8.22 8.24 8.72 9.2 9.86 11.12 11.34 12.34 12.88 14.18 15
9.78 9.34 9.24 8.74 8.4 8.24 8.06 7.88 8.08 7.76 7.78 7.56 7.62 7.6 7.28 7.46 7.28 7.24 6.74 6.64 6.8 6.54 6.26 6.16 6.1 5.88 5.78 5.34 5.28 5.06 5.08 5.26 5.24 5.22 5.18 5.06 5.06 5.38 4.98 5.36 5.38 5.08 5.14 5.18 4.84 4.96 5.16 5.3 5.52 5.8 6.04 6.44 6.44 6.52 6.26 6.62 6.56 6.48 6.66 6.86 7.16 7.16 7.02 7 7.52 7.58 8.08 8.14 8.68 9.06 9.7 11.1 11.5 12.3 13.46 14.06 14.58
9.22 9.1 8.64 8.5 8.5 8.48 8.28 8.08 8.12 7.96 8.12 7.78 7.8 7.76 7.68 7.5 7.34 7.16 7.14 7.02 6.94 6.76 6.4 6.34 6.3 5.86 5.92 5.36 5.28 5.3 5.18 5.14 5.38 5.36 5.36 5.32 5.32 5.34 5.32 5.34 5.36 5.42 4.98 5.06 5.24 4.92 4.98 5.12 5.3 5.62 5.74 5.86 5.96 6.1 6.18 6.46 5.92 6.48 6.1 6.38 6.52 6.5 6.9 7.08 7.26 7.5 7.5 7.9 8.24 8.9 9.48 10.14 10.92 11.82 12.46 13.48 14.04
9.14 8.84 8.98 8.82 8.68 8.76 8.64 8.16 8.22 8.2 8.2 8.02 7.88 7.78 7.78 7.8 7.72 7.36 7.34 7.3 6.88 6.74 6.68 6.42 6.38 5.88 5.84 5.72 5.2 5.1 5.42 5.4 5.44 5.5 5.44 5.48 5.5 5.5 4.98 5.02 5.08 5.16 5.22 5.18 4.78 4.88 4.96 5.06 5.3 6.02 6.06 6.06 6.22 6.36 6.44 6.16 6.18 6.06 6.34 6.66 6.18 6.88 6.54 6.76 7 7.32 7.78 7.66 7.92 8.6 9.04 10.32 11 11.46 12.52 13.68 14.16
9.08 8.92 8.88 8.84 8.5 8.44 8.56 8.34 8.32 8.18 8.18 8.2 7.94 7.88 7.88 7.94 7.76 7.46 7.36 7.32 7.22 6.98 6.48 6.5 6.04 5.96 5.88 5.68 5.36 5.22 5.16 5.18 5.08 5.16 5.08 5.1 5.12 5.04 5.12 5.08 5.12 5.1 5.16 5.24 4.84 4.96 5.02 5.14 5.28 5.56 5.74 5.98 6.1 6.24 6.02 6 6.16 5.92 6.1 6.14 6.48 6.42 6.76 6.94 6.74 7.18 7.04 7.88 7.9 8.68 9.14 9.68 10.8 11.62 12.38 13.38 14.06
9.26 8.9 8.66 8.64 8.48 8.66 8.38 8.26 8.4 8.26 8.24 7.88 7.94 8.06 7.74 7.72 7.68 7.42 7.34 7.26 6.82 6.66 6.74 6.44 6.38 6.28 5.68 5.56 5.6 5.46 5.4 5.36 5.46 5.4 5.42 5.32 5.32 5.08 5.14 5.12 5.04 5 4.98 5.04 5.16 4.9 5.04 5.16 5.26 5.24 5.48 5.78 5.96 6.18 5.86 6.12 6.2 5.9 6.02 6.34 6.24 6.6 6.44 6.66 6.96 6.82 7.4 7.84 7.9 8.38 8.9 9.96 10.5 11.08 11.74 12.7 13.5
9.16 9.06 8.76 8.56 8.52 8.5 8.42 8.42 8.26 8.1 8.04 7.98 7.8 7.96 7.82 7.66 7.48 7.4 7.28 7.32 6.98 6.76 6.54 6.26 6.46 6.08 5.88 5.66 5.56 5.54 5.36 5.28 5.28 5.64 5.18 5.58 5.44 5.38 5.24 5.56 5.32 5.3 5.28 5.16 5.4 4.92 5.08 4.88 4.98 4.94 4.96 5.4 5.52 5.76 5.82 5.5 5.82 5.84 5.96 5.92 6 6.16 6.62 6.86 7.16 7.3 7.22 7.46 8.1 8.72 9.16 9.66 9.96 10.96 11.52 12.3 12.9
10.52 10.28 10.34 9.84 10.02 9.32 9.06 8.66 8.6 8.4 8.38 8.12 7.98 7.98 7.98 7.72 7.32 7.46 7.32 7.24 7.18 7.06 6.66 6.46 6.42 6.34 5.8 5.6 5.64 5.58 5.54 5.72 5.64 5.56 5.48 5.48 5.28 5 5.08 5.52 5.38 5.28 5.32 5.22 5.48 5.42 4.92 5.1 5.14 5.28 4.9 5.06 5.24 5.5 5.56 5.78 5.76 6.02 6.02 6.36 6.5 6.66 6.8 7 7.2 7.56 7.6 7.92 8.08 8.84 8.98 9.36 10.24 10.74 11.16 11.78 12.6
-9999 -9999 -9999 -9999 -9999 -9999 -9999 -9999 -9999 -9999 9.64 9.48 9.02 8.6 8.16 7.9 7.58 7.68 7.16 7.16 7.08 7.04 6.74 6.38 6.42 6.32 6.04 5.8 5.76 5.84 5.5 5.42 5.62 5.64 5.64 5.52 5.54 5.38 5.6 5.34 5.62 5.54 5.54 5.64 5.66 5.5 5.42 5.48 5.48 5.54 5.14 5.72 5.8 5.88 5.94 5.72 6.24 6.24 6.32 6.46 6.72 6.3 6.96 7.02 7.02 7.5 7.74 7.86 7.94 8.44 8.9 9.64 9.92 10.6 11.02 11.64 12.24
-9999 -9999 -9999 -9999 -9999 -9999 -9999 -9999 -9999 -9999 -9999 -9999 10.3 9.5 9.26 8.56 8.28 7.7 7.7 7.44 7.2 7.14 6.9 6.86 6.36 6.46 6.08 6.22 6.06 5.7 5.72 5.54 5.74 5.58 5.54 5.72 5.32 5.6 5.32 5.44 5.38 5.24 5.3 5.18 5.28 5.08 5.08 5.14 5.22 5.58 5.74 5.76 5.3 5.88 5.56 5.92 6.06 6.22 6.42 6.52 6.66 6.92 6.64 7.04 7.06 7.52 7.78 7.84 8 8.4 8.88 9 9.9 9.96 10.94 11.04 11.66
-9999 -9999 -9999 -9999 -9999 -9999 -9999 -9999 -9999 -9999 -9999 -9999 -9999 -9999 -9999 10.08 9.08 8.56 7.92 7.74 7.64 7.4 7.08 6.82 6.8 6.44 6.24 6.16 6.16 6.06 5.88 6.06 5.66 5.96 5.64 5.62 5.5 5.68 5.86 5.92 5.94 5.5 5.46 5.56 5.54 5.56 5.6 5.58 5.54 5.68 5.64 5.6 5.58 6.1 5.72 5.82 5.86 6.06 6.22 6.34 6.78 6.94 7.12 7.02 7.16 7.34 7.68 7.88 8.12 8.32 8.9 8.96 9.36 9.88 10.24 10.92 11.28
-9999 -9999 -9999 -9999 -9999 -9999 -9999 -9999 -9999 -9999 -9999 -9999 -9999 -9999 -9999 -9999 9.94 9.22 8.48 7.92 7.5 7.44 7.28 6.94 6.72 6.6 6.58 6.18 6.28 6.44 6.24 6.22 6.12 5.86 5.98 5.72 5.9 5.82 6.08 5.76 5.76 5.68 5.72 5.74 5.7 5.74 5.74 5.72 5.68 5.36 5.34 5.74 5.66 5.72 5.8 5.94 6.02 6.06 6.24 6.38 6.42 6.98 7.1 6.86 7.1 7.26 7.72 7.86 7.76 7.94 8.7 8.76 9.14 9.92 10.32 11.1 11.6
-9999 -9999 -9999 -9999 -9999 -9999 -9999 -9999 -9999 -9999 -9999 -9999 -9999 -9999 -9999 -9999 -9999 10.28 9.78 8.7 8.06 7.78 7.5 7.12 7.1 6.68 6.92 6.86 6.5 6.42 6.32 6.08 6.32 6.24 5.82 6.1 5.94 5.8 5.7 5.58 5.9 5.78 5.64 5.44 5.78 5.74 5.72 5.68 5.68 5.84 5.8 5.8 5.8 5.86 6.02 6.14 6.32 6.4 6.4 6.46 6.54 6.56 6.96 7.08 7.36 7.4 7.44 7.64 7.82 8.34 8.32 9.3 9.42 10.56 11.3 11.26 12.12
-9999 -9999 -9999 -9999 -9999 -9999 -9999 -9999 -9999 -9999 -9999 -9999 -9999 -9999 -9999 -9999 -9999 -9999 10.54 9.68 8.86 8.08 7.86 7.3 7.2 6.88 7.14 6.6 6.7 6.48 6.7 6.52 6.38 6.18 6.38 5.88 6.3 6.22 6.12 5.92 5.56 5.66 5.44 5.76 5.6 5.84 5.8 5.68 5.96 5.78 6.08 6.16 6.08 6.08 6.18 6.28 6.36 6.52 6.64 6.4 6.52 6.62 6.72 7.12 6.92 7.44 7.48 7.72 7.52 7.74 7.96 8.7 9.4 10.46 10.1 11.58 11.8
