shamba/rasters/climate/pet_1.txt
ncols         720
nrows         360
xllcorner     -180
yllcorner     -90
cellsize      0.5
NODATA_value  -9999
[rows 34 to 67 of 360, columns 539 to 615 of 720]
0.64 0.6 0.52 0.5 0.38 0.32 0.32 0.2 0.6 0.58 0.54 0.38 0.34 0.32 0.22 0.22 0.2 0.2 0.18 0.18 0.14 0.14 0.16 0.14 0.12 0.14 0.08 0.06 0.06 0.04 0.02 0.02 0 0.1 0.06 0.06 0.04 0.02 0.02 0.02 0 0 0 0 0 0 0 0.02 0.02 0 0 0 0 0.08 0.06 0.08 0.08 0.1 0.14 0.14 0.14 0.12 0.1 0.1 0.1 0.04 0.04 0.02 0.02 0.02 0.02 0.02 0 0 0 0 0
0.66 0.54 0.54 0.54 0.5 0.42 0.32 0.3 0.2 0.54 0.54 0.48 0.38 0.34 0.3 0.28 0.26 0.22 0.22 0.2 0.18 0.18 0.18 0.16 0.18 0.2 0.16 0.12 0.1 0.06 0.04 0.02 0 0.1 0.08 0.02 0.02 0.02 0.02 0.02 0.02 0.02 0 0 0 0 0 0 0 0 0 0 0 0 0.06 0.08 0.1 0.1 0.14 0.14 0.14 0.12 0.1 0.08 0.06 0.04 0.04 0.04 0.02 0.02 0 0 0 0 0 0 0
0.76 0.62 0.6 0.52 0.48 0.44 0.36 0.24 0.18 0.14 0.12 0.08 0.42 0.4 0.32 0.26 0.28 0.24 0.26 0.2 0.18 0.2 0.2 0.2 0.26 0.24 0.2 0.14 0.1 0.02 0.22 0.18 0.16 0.08 0.04 0.02 0.02 0.02 0.02 0.02 0 0 0 0 0 0 0.12 0.14 0.14 0 0 0 0 0 0 0.1 0.1 0.12 0.14 0.14 0.14 0.12 0.1 0.1 0.06 0.04 0.02 0.04 0.02 0.02 0.02 0 0 0 0 0 0
0.34 0.66 0.62 0.58 0.52 0.5 0.4 0.3 0.26 0.16 0.08 0.06 0.06 0.46 0.38 0.28 0.28 0.26 0.26 0.24 0.24 0.22 0.2 0.18 0.18 0.14 0.16 0.14 0.12 0.06 0.24 0.16 0.16 0.14 0.04 0.02 0.02 0.3 0.26 0.2 0.16 0.14 0.14 0 0 0 0 0.14 0 0.12 0 0 0 0 0 0.06 0.08 0.12 0.12 0.12 0.12 0.12 0.12 0.12 0.06 0.02 0.02 0.02 0.02 0 0 0 0 0 0 0 0
0.34 0.3 0.6 0.54 0.44 0.36 0.7 0.66 0.16 0.1 0.46 0.1 0.1 0.42 0.34 0.32 0.28 0.24 0.22 0.18 0.14 0.12 0.4 0.4 0.68 0.8 0.42 0.36 0.04 0.04 0.24 0.2 0.18 0.44 0.38 0.34 0.28 0.1 0.08 0.08 0.08 0.1 0.12 0.12 0.12 0 0 0 0 0 0 0 0 0.08 0.02 0.08 0.06 0.08 0.08 0.08 0.12 0.12 0.12 0.1 0.08 0.04 0.02 0.02 0.02 0.02 0.02 0.02 0.02 0 0 0 0
0.66 1.4 1.48 1.34 1.3 1.14 0.96 1 0.9 0.92 0.94 0.88 0.9 0.86 0.82 0.92 0.84 0.84 0.76 0.64 0.66 0.78 0.74 0.46 0.72 0.44 0.38 0.06 0.06 0.04 0.28 0.48 0.46 0.44 0.38 0.42 0.28 0.16 0.1 0.08 0.1 0.12 0.1 0.1 0.1 0 0 0 0 0 0 0 0 0.08 0.06 0.06 0.08 0.08 0.08 0.08 0.08 0.08 0.08 0.08 0.04 0.06 0.06 0.04 0.02 0.02 0.02 0.02 0.02 0 0 0 0
1.44 1.62 1.4 1.22 0.92 0.72 0.72 0.78 0.72 0.78 0.78 0.72 0.68 0.7 0.7 0.72 0.66 0.6 0.62 0.66 0.72 0.74 0.72 0.76 0.46 0.42 0.06 0.06 0.24 0.62 0.52 0.44 0.3 0.2 0.22 0.22 0.18 0.14 0.1 0.06 0.1 0.16 0.1 0.1 0.12 0 0 0.12 0 0 0 0 0 0.14 0.04 0.1 0.08 0.08 0.06 0.06 0.06 0.02 0.02 0.02 0.04 0.04 0.06 0.06 0.06 0.04 0.02 0.02 0.02 0 0 0 0
0.78 1.44 1.36 1.18 1 0.78 0.7 0.7 0.74 0.68 0.64 0.46 0.4 0.46 0.48 0.52 0.38 0.44 0.64 0.72 0.72 0.76 0.74 0.76 0.8 0 0.02 0.02 0.04 0.26 0.62 0.52 0.46 0.34 0.24 0.3 0.24 0.22 0.2 0.18 0.16 0.18 0.12 0.12 0.14 0.14 0.08 0.06 0.1 0 0 0 0.08 0.14 0.16 0.06 0.02 0.02 0.02 0.02 0.02 0.02 0.02 0 0 0 0.04 0.04 0.04 0.06 0.02 0.02 0.02 0 0 0 0
1.28 1.6 1.48 1.48 1.38 1.26 0.9 0.86 0.74 0.76 0.64 0.58 0.54 0.56 0.58 0.58 0.54 0.34 0.3 0.5 0.58 0.7 0.72 0.76 0.38 0.02 0.02 0.06 0.06 0.06 0.06 0.04 0.02 0.02 0.02 0 0 0.06 0.1 0.06 0.06 0.02 0 0.14 0 0.1 0.08 0.1 0.1 0.08 0.14 0.14 0.16 0.18 0.12 0.1 0.06 0.02 0.02 0.02 0.02 0.02 0 0 0 0 0 0 0.04 0.04 0 0 0 0 0 0 0
0.78 1.16 1.52 1.46 1.32 1.08 1.08 0.88 0.86 0.82 0.68 0.64 0.62 0.6 0.56 0.54 0.56 0.62 0.56 0.46 0.46 0.62 0.72 0.74 0.32 0.02 0.02 0.02 0.26 0.02 0.02 0.02 0.1 0.08 0 0 0.02 0.02 0.02 0.1 0.04 0.04 0.02 0.12 0 0 0.1 0.12 0.14 0.16 0.24 0.22 0 0.16 0.14 0.14 0.08 0.02 0.02 0.02 0.02 0.02 0 0 0 0 0 0 0 0 0 0 0 0 0 0 0
1.52 1.5 1.42 1.42 1.44 1.34 0.92 0.88 0.84 0.84 0.88 0.7 0.72 0.6 0.62 0.62 0.52 0.62 0.68 0.64 0.64 0.7 0.7 0.04 0.02 0.02 0.02 0 0.62 0.22 0.54 0.48 0.52 0.12 0.4 0.42 0.06 0.06 0.06 0.24 0.24 0.16 0.16 0.14 0.12 0.12 0.06 0.12 0.1 0.12 0.16 0.2 0.2 0.02 0.18 0.1 0.06 0.06 0.02 0.02 0.02 0 0 0 0 0 0 0 0 0 0 0 0 0 0 0 0
1.52 1.3 1.18 1.42 1.42 1.18 1.2 1.06 0.88 0.88 0.86 0.82 0.78 0.76 0.68 0.62 0.66 0.5 0.52 0.66 0.56 0.68 0.22 0.26 0.18 0.02 0.16 0.2 0.58 0.56 0.56 0.56 0.44 0.42 0.1 0.1 0.12 0.08 0.08 0.06 0.04 0.04 0.18 0.1 0.02 0.1 0.08 0.12 0.12 0.16 0.14 0.16 0.14 0.16 0.14 0.12 0.16 0.12 0.04 0.02 0 0 0 0 0 0 0 0 0 0 0 0 0 0 0 0 0
0.7 1.18 1.46 0.7 1.48 1.26 1.1 1.06 1.08 0.92 0.84 0.84 0.72 0.8 0.66 0.58 0.64 0.58 0.58 0.42 0.38 0.54 0.68 0.54 0.58 0.64 0.58 0.6 0.56 0.52 0.46 0.5 0.42 0.3 0.42 0.3 0.28 0.18 0.2 0.2 0.28 0.02 0.24 0.14 0.06 0.1 0.08 0.08 0.06 0.22 0.18 0.2 0.24 0.24 0.22 0.2 0.22 0.16 0.12 0.02 0 0 0 0 0 0.02 0.02 0 0 0 0 0 0 0 0 0 0
1.44 1.34 0.88 0.76 1.5 1.44 1.36 1.06 0.92 0.98 0.86 0.8 0.74 0.68 0.7 0.7 0.66 0.52 0.52 0.46 0.54 0.48 0.44 0.5 0.58 0.54 0.54 0.58 0.6 0.58 0.52 0.42 0.4 0.38 0.32 0.3 0.28 0.2 0.16 0.18 0.2 0.26 0.32 0.16 0.1 0.14 0.18 0.2 0.22 0.3 0.3 0.26 0.24 0.24 0.26 0.22 0.2 0.18 0.1 0.08 0.04 0 0 0 0 0.02 0.02 0 0 0 0 0 0 0 0 0 0
0.56 0.74 1.24 1.08 1.02 1.44 0.8 0.96 1.02 0.94 0.98 0.84 0.78 0.74 0.74 0.68 0.6 0.66 0.62 0.52 0.58 0.56 0.6 0.58 0.46 0.52 0.4 0.54 0.56 0.58 0.58 0.6 0.64 0.54 0.5 0.4 0.34 0.34 0.16 0.18 0.18 0.18 0.14 0.1 0.16 0.26 0.2 0.22 0.3 0.32 0.32 0.36 0.32 0.26 0.22 0.18 0.24 0.22 0.22 0.18 0.06 0.04 0.02 0 0.02 0.02 0.06 0 0 0 0 0 0 0 0 0 0
1.2 1.4 1.64 1.38 1.46 1.44 1.12 1.08 0.76 0.98 1 0.92 0.94 0.78 0.7 0.7 0.68 0.6 0.48 0.44 0.42 0.48 0.16 0.2 0.16 0.64 0.7 0.54 0.34 0.4 0.44 0.54 0.54 0.54 0.52 0.52 0.36 0.5 0.4 0.46 0.2 0.2 0.2 0.32 0.36 0.3 0.3 0.3 0.36 0.32 0.3 0.3 0.4 0.32 0.3 0.32 0.3 0.28 0.24 0.02 0.2 0.1 0.06 0.02 0 0.04 0.06 0 0 0 0 0 0 0 0 0 0
0.86 0.78 1.02 1.4 1.28 1.04 0.62 0.84 0.78 0.68 1.04 0.98 0.76 0.72 0.86 0.7 0.68 0.52 0.48 0.5 0.52 0.5 0.52 0.1 0.02 0.2 0.18 0.66 0.62 0.66 0.62 0.54 0.54 0.68 0.52 0.5 0.08 0.48 0.52 0.04 0.5 0.5 0.52 0.52 0.56 0.54 0.54 0.46 0.44 0.42 0.4 0.38 0.34 0.02 0.08 0.06 0.06 0.04 0.28 0.06 0.04 0.02 0.06 0.1 0.08 0.12 0.14 0 0 0 0 0 0 0 0 0 0
0.96 1.06 1.22 1.12 1.06 1 0.66 0.26 0.5 0.7 0.64 0.54 0.8 0.82 0.82 0.8 0.7 0.7 0.5 0.42 0.42 0.08 0.12 0.1 0.12 0.18 0.24 0.22 0.26 0.26 0.62 0.22 0.2 0.62 0.14 0.48 0.08 0.46 0.12 0.12 0.12 0.56 0.58 0.58 0.6 0.6 0.58 0.56 0.4 0.4 0.34 0.04 0 0.02 0.02 0.06 0.06 0.04 0.04 0.04 0.32 0.02 0.02 0 0.04 0.16 0 0 0 0 0 0 0 0 0 0 0
0.7 0.94 0.86 0.9 0.8 1.16 0.92 1.04 0.78 0.96 0.86 0.78 0.86 0.62 0.44 0.76 0.28 0.64 0.54 0.38 0.38 0 0.4 0.08 0.46 0.56 0.58 0.1 0.12 0.1 0.28 0.04 0.02 0.04 0.02 0.02 0.04 0.54 0.14 0.08 0 0.06 0.66 0.66 0.34 0.22 0.18 0.62 0.58 0.56 0.1 0.46 0.06 0.02 0.02 0.06 0.04 0.04 0.04 0.04 0.04 0 0.02 0.06 0.06 0.02 0.02 0 0 0 0 0 0 0 0 0 0
0.54 0.98 0.82 1.02 0.82 0.98 1.08 1 0.94 0.94 0.9 0.82 0.72 0.6 0.4 0.68 0.66 0.56 0.16 0 0 0.08 0.3 0.32 0.38 0.26 0.06 0.32 0.32 0.16 0.02 0 0 0 0 0 0 0 0.02 0 0.02 0.26 0.3 0.3 0.3 0.74 0.66 0.58 0.54 0.62 0.54 0.18 0.02 0.04 0.02 0.04 0.08 0.02 0.08 0 0.08 0 0.08 0.08 0.06 0.02 0.02 0.02 0 0 0 0 0 0 0 0 0
0.76 0.52 0.66 1 0.88 0.84 1.06 1.06 0.96 0.94 0.94 0.9 0.9 0.76 0.74 0.66 0.6 0.14 0.16 0.14 0.08 0.06 0.08 0.08 0.16 0.18 0.22 0.26 0.32 0.04 0.34 0.02 0 0 0 0.02 0 0.02 0 0.22 0.2 0.02 0 0.04 0.18 0.18 0.14 0.46 0.02 0.02 0.04 0.02 0.04 0.04 0.04 0.04 0.04 0.04 0.02 0.18 0.2 0.18 0.12 0.08 0.04 0.06 0.04 0.04 0.04 0 0 0 0 0 0 0 0
0.54 0.7 0.62 0.48 0.32 0.54 0.94 1.04 0.66 0.8 0.92 0.9 0.82 0.74 0.62 0.42 0.3 0.26 0.26 0.18 0.04 0.42 0.08 0.04 0.04 0.04 0.02 0.24 0.3 0.32 0.32 0.12 0 0.06 0.02 0 0 0.04 0.02 0 0.06 0.18 0.04 0.04 0.16 0.16 0.18 0.46 0.54 0.06 0.06 0.08 0.02 0.04 0.06 0.06 0.06 0.04 0.06 0.04 0.22 0.22 0.18 0.46 0.06 0.06 0 0 0 0.08 0.02 0.02 0.02 0.02 0 0 0
0.74 0.54 0.8 0.72 0.38 0.54 0.1 0.26 0.7 0.58 0.82 0.18 0.38 0.5 0.72 0.12 0.12 0.06 0.02 0.04 0 0.04 0.26 0.26 0.3 0.04 0.04 0.06 0.06 0.06 0.06 0.1 0.08 0.08 0.1 0 0.04 0.02 0.02 0.04 0.06 0.14 0.5 0.54 0.5 0.46 0.06 0.78 0.58 0.52 0.42 0.08 0.06 0.1 0.02 0.04 0.04 0 0 0.08 0.04 0.02 0.04 0 0.12 0.44 0.1 0.06 0.06 0.04 0.02 0.02 0.02 0.02 0.02 0.02 0.02
0.76 0.62 0.44 0.6 0.44 0.3 0.26 0.66 0.74 0.38 0.58 0.72 0.42 0.36 0.06 0.22 0.04 0.02 0.1 0.08 0.08 0.06 0.06 0.04 0.06 0.06 0.04 0.04 0.04 0.06 0.06 0.06 0.08 0 0 0.06 0 0.06 0.04 0.02 0.16 0.16 0.5 0.5 0.54 0.52 0.64 0.62 0.66 0.28 0.24 0.24 0.24 0.12 0.02 0.06 0.06 0.06 0.12 0 0.1 0.02 0.02 0.04 0.22 0.02 0.02 0.02 0.02 0.02 0.02 0.02 0.02 0.02 0.02 0.02 0.02
0.48 0.7 0.68 0.98 0.7 0.66 0.58 0.12 0.34 0.1 0.1 0.54 0.36 0.28 0.22 0.06 0.08 0.02 0 0.12 0.06 0.06 0.08 0.1 0 0 0 0 0.04 0.02 0.02 0.04 0.06 0.04 0 0 0 0.04 0.02 0.04 0.06 0.22 0.2 0.24 0.7 0.36 0.62 0.24 0.08 0.08 0.08 0.06 0.28 0.04 0.06 0.06 0.1 0.06 0 0.02 0.14 0.02 0.02 0.04 0.04 0.06 0.08 0.1 0.22 0.04 0.02 0.02 0.02 0.02 0.02 0.02 0.02
0.62 0.58 0.52 0.82 0.98 0.74 0.62 0.92 0.92 0.92 0.44 0.36 0.6 0.48 0.22 0.08 0.36 0.04 0 0.02 0.02 0 0 0.02 0.02 0.02 0.02 0 0 0 0 0 0 0 0 0.06 0 0.06 0.08 0.1 0.3 0.26 0.34 0.4 0.2 0.18 0.22 0.22 0.14 0.1 0.28 0.48 0.32 0.42 0.04 0.06 0.04 0.02 0 0.02 0.02 0.06 0.06 0.04 0.04 0.1 0.04 0.16 0.06 0.02 0.04 0.02 0.02 0.02 0.02 0.04 0.02
0.44 0.38 0.28 0.44 0.5 0.58 1.06 0.98 0.86 0.8 0.92 0.86 0.48 0.76 0.4 0.6 0.02 0.02 0.02 0.02 0 0 0 0 0.02 0.04 0.02 0.02 0 0 0 0.04 0.02 0.06 0.06 0.08 0 0.02 0.02 0 0 0.14 0.16 0.08 0.12 0.14 0.16 0.32 0.3 0.62 0.7 0.4 0.4 0.34 0.7 0.04 0.12 0.02 0.02 0.02 0.02 0.04 0.04 0.06 0.06 0.04 0.02 0.02 0.02 0.14 0.06 0.02 0.02 0.04 0.04 0.04 0.02
0.62 0.52 0.48 0.34 0.56 0.42 0.86 0.6 0.56 0.4 0.32 0.28 0.54 0.62 0.28 0.02 0.04 0.08 0.04 0.04 0.02 0.04 0.06 0.08 0.02 0 0 0.04 0.04 0.06 0 0.04 0.06 0.04 0.06 0.12 0.04 0.04 0.04 0.04 0.04 0.04 0.1 0.2 0.22 0.16 0.14 0.82 0.68 0.66 0.24 0.42 0.56 0.2 0.4 0.5 0.48 0.64 0.02 0.06 0.04 0.08 0.08 0.1 0.1 0.08 0.1 0.06 0.14 0.08 0.12 0.08 0.08 0.12 0.04 0.04 0.04
0.54 0.4 0.58 0.52 0.44 0.2 0.16 0.32 0.8 0.66 0.12 0.22 0.28 0.2 0.14 0.14 0.06 0.02 0.04 0.14 0.1 0.04 0.02 0.02 0.12 0.08 0.08 0.02 0 0.06 0.14 0.14 0.12 0.02 0.02 0.02 0.04 0.06 0.04 0.1 0.12 0.1 0.1 0.08 0.12 0.28 0.64 0.72 0.7 0.56 0.5 0.16 0.48 0.64 0.52 0.3 0.1 0 0 0.02 0.06 0.04 0.08 0.08 0.08 0.06 0.06 0.18 0.02 0.1 0.1 0.14 0.14 0.26 0.14 0.02 0.04
0.38 0.52 0.44 0.38 0.38 0.28 0.38 0.32 0.26 0.52 0.36 0.38 0.38 0.46 0.18 0.2 0.3 0.14 0.1 0.1 0.04 0.06 0.06 0.04 0.04 0.18 0.2 0.1 0.12 0.08 0.06 0.06 0.08 0.06 0.04 0.04 0.04 0.04 0.06 0.08 0.16 0.12 0.12 0.12 0.1 0.84 0.62 0.72 0.78 0.68 0.62 0.64 0.74 0.44 0.4 0.06 0.5 0 0.54 0.36 0.06 0.02 0.2 0.26 0.1 0.04 0.06 0.08 0.06 0.1 0.14 0.34 0.88 0.4 0.14 0.28 0.38
0.5 0.4 0.44 0.36 0.32 0.32 0.46 0.52 0.36 0.42 0.26 0.2 0.2 0.16 0.36 0.3 0.32 0.32 0.12 0.02 0.2 0.04 0.04 0.1 0.04 0.08 0.22 0.1 0.08 0.1 0.14 0.12 0.08 0.08 0.06 0.04 0.12 0.16 0.1 0.08 0.02 0.36 0.68 0.68 0.62 0.7 0.7 0.7 0.7 0.38 0.7 0.86 0.72 0.6 0.24 0 0.28 0.26 0.26 0.18 0.42 0.62 0.68 0.56 0.28 0.8 0.82 0.1 0.08 0.18 0.66 0.86 0.7 0.1 0.56 0.06 0.02
0.44 0.52 0.68 0.62 0.6 0.6 0.68 0.58 0.6 0.62 0.34 0.24 0.24 0.38 0.22 0.22 0.16 0.26 0.2 0.26 0.14 0.24 0.08 0.02 0.28 0.24 0.04 0.06 0.1 0.1 0.1 0.18 0.12 0.1 0.14 0.14 0.14 0.1 0.04 0.26 0.62 0.54 0.68 0.72 0.66 0.44 0.72 0.72 0.8 0.78 0.34 0.68 0.54 0.48 0.56 0 0 0 0.04 0.24 0.22 0.38 0.66 0.84 0.56 0.82 0.84 0.62 0.16 0.2 0.06 0.38 0.6 0.64 0.48 0.02 0
0.48 0.62 0.56 0.88 0.94 0.92 1.08 0.82 0.62 0.76 0.76 0.58 0.4 0.24 0.2 0.18 0.26 0.2 0.06 0.16 0.24 0.2 0.12 0.06 0.18 0.2 0.02 0 0.04 0.08 0.1 0.16 0.08 0.18 0.12 0.08 0.12 0.08 0.32 0.72 0.62 0.62 0.56 0.36 0.64 0.9 0.52 0.4 0 0.28 0.32 0.58 0.62 0.56 0.02 0 0 0.58 0.06 0 0 0.1 0.72 0.32 0.9 0.7 0.6 0.74 0.56 0.82 0.08 0.52 0.66 0.26 0.12 0.06 0
0.62 0.64 0.96 0.96 1 1.36 1.4 0.96 1.1 0.8 0.68 0.72 0.24 0.22 0.26 0.2 0.12 0.16 0.24 0.24 0.12 0.1 0.32 0.22 0.16 0.14 0.22 0.1 0.06 0.1 0.12 0.1 0.04 0.04 0.16 0.08 0.04 0.1 0.78 0.46 0.02 0.36 0.04 0.46 0.94 0.56 0.82 0.38 0.12 0.74 0.96 0.9 0.74 0.78 0.16 0 0 0 0 0 0.18 0.4 0.68 0.9 0.78 0.76 0.9 0.78 0.74 0.76 0.48 0.56 0.76 0.66 0.1 0.02 0
