shamba/rasters/climate/pet_5.txt
ncols         720
nrows         360
xllcorner     -180
yllcorner     -90
cellsize      0.5
NODATA_value  -9999
[rows 102 to 135 of 360, columns 539 to 615 of 720]
37.68 41.36 39.86 43.32 42.84 42.36 42.22 42.56 42.82 42.48 42.4 42.34 39.5 31.76 35.02 28.64 30.22 30.24 29.82 29.76 35.04 38.28 40.3 39.7 39.16 40.14 42.44 44.18 43.54 44.34 45.62 46.06 45.74 46.22 46.4 45.4 45.66 46.64 46.98 47.04 47.14 48.12 49.04 47.58 44.76 44.7 47.86 45.9 44.86 49.64 48.72 49.18 49.42 50.16 50.42 50.72 -9999 -9999 -9999 -9999 -9999 -9999 -9999 -9999 -9999 -9999 -9999 -9999 -9999 -9999 -9999 37.82 38.38 37.18 36.38 35.98 35.84
39.32 44.16 42.7 42.02 41.86 41.68 41.38 41.36 41.5 40.84 40.64 38.78 31.14 28.08 29.06 28.92 29.8 27.82 29.32 28.66 29.46 32.4 35.08 36.76 37.02 38.82 40.58 42.24 42.18 42.7 43.2 44.04 43.92 44.4 43.78 43.96 45.06 45.66 45.42 46.46 46.38 47.16 48.02 46.04 45.42 45.24 46.54 45.36 46.9 49.16 49.58 49.32 49.5 49.96 50.9 50.62 49.9 -9999 -9999 -9999 -9999 -9999 -9999 -9999 -9999 -9999 -9999 -9999 -9999 -9999 -9999 36.9 37 36.52 36.8 37.12 36.66
35.26 38.44 39.34 39.48 39.58 40.32 40.22 40.42 40.32 40.8 40.68 40.38 38.8 34.72 30.22 32.36 31.06 27.94 30.44 29.6 28.66 31.8 31.8 34.62 32.7 34.44 37.36 39.08 38.32 39.84 41.08 41.82 42.12 42.28 42.38 42.7 43.8 43.82 43.8 45.06 46.04 47.2 48.18 45.08 44.32 45.92 46.62 44.88 45.8 47.24 49.64 49.68 50.16 50.44 50.58 51 50 49.38 48.72 -9999 -9999 -9999 44.14 -9999 -9999 -9999 -9999 -9999 -9999 -9999 -9999 -9999 -9999 36.96 37.94 37.38 36.62
37.5 38.62 33.28 33.22 35.7 36.74 39.2 39.48 39.98 40.54 40.66 41.08 40.3 38.56 39.54 39.42 38.82 35.1 34.24 36.6 36.1 35.12 34.9 32.76 33.8 33.52 33.18 33.3 35.26 36.44 38.82 39.42 39.94 39.52 39.8 40.38 40.24 41.46 41.96 42.4 44.26 46.36 45.9 43.66 45.08 46.16 45.26 43.76 43.52 47.64 49.4 49.4 49.76 50.68 51.78 52.14 51.26 50.66 50.1 -9999 -9999 42.48 42.74 43.06 40.9 35.98 -9999 -9999 -9999 -9999 -9999 -9999 -9999 -9999 37.56 36.94 36.24
28.28 35.04 32.18 32.76 33.42 33.62 35.26 35.06 35.96 38.48 39.82 40.28 40.34 40.68 40.96 40.92 39.38 37.64 36.44 35.66 35.22 -9999 34.52 34.14 34.26 32.88 32.64 32.98 35 36.66 38.44 36.32 37.32 37.18 37.46 38.82 39.74 40.08 41 42.3 43.22 44.48 44.28 42.88 44.6 43.02 44.48 43.54 43.88 47.2 48.42 48.96 49.42 50.8 53.18 52 50.86 50.12 49.66 47.9 43.98 41.62 40.8 40.72 -9999 -9999 -9999 -9999 -9999 -9999 -9999 -9999 -9999 -9999 36.88 37.64 36.82
27.9 25.56 23.16 28.3 30.4 30.64 29.72 29.66 30.32 31.32 33.84 34.5 35.66 37.32 37.44 39.52 39.04 37.48 32.08 31.9 35.06 34.82 34.08 33.78 32.64 32.48 33.12 33.92 35.54 35.2 34.66 34.48 34.38 35.6 35.82 37.28 38.18 38.62 40.02 40.96 41.6 42.58 42.26 42.9 45.26 43.22 43.58 43.64 44.14 47.28 47.78 47.98 48.48 48.96 49.86 48.58 49.42 47.9 46.88 44.16 41.18 39.06 -9999 -9999 -9999 -9999 -9999 -9999 -9999 -9999 -9999 -9999 -9999 -9999 36.26 36.42 37.12
27.34 27.52 27.94 28.32 27.26 28.34 27.76 27.2 27.66 28.74 30.34 31.58 32.68 33.58 33.72 33.66 35.32 35.02 32.6 31.28 33.56 34.12 33.46 32.94 32.46 31.86 32.2 32.62 32.22 32.98 32.56 33.12 33.34 32.88 34.64 36.4 37.08 37.76 38.06 40.22 41.06 42.1 42.7 43.94 43.3 42.94 43.16 41.76 44.46 46.42 46.76 47.08 46.98 47.06 47.38 47.42 48.28 46.78 43.2 39.26 37.32 -9999 -9999 -9999 -9999 -9999 -9999 -9999 -9999 -9999 -9999 -9999 -9999 -9999 36.44 34.1 33.82
27.02 30.16 29.14 28.52 28.48 27.02 25.52 24.78 26.22 27.46 29.26 30.38 30.94 30.9 31.04 31.66 33.08 32.34 32.84 32 33.32 33.12 32.68 32.34 31.88 31.44 30.94 30.24 30.86 31.74 31.54 31.72 31.94 31.88 32.82 34.7 35.22 36.08 36.58 37.98 39.08 42.16 42.88 42.4 41.36 42.58 44.48 44.58 46.48 46.2 45.76 45.74 46.06 45.84 46.22 46.08 46.12 45.42 42.12 37.68 -9999 -9999 -9999 -9999 -9999 -9999 -9999 -9999 -9999 -9999 -9999 -9999 -9999 -9999 35.72 33.6 33.42
28.52 30.52 29.1 26.18 26.62 26.3 25.72 24.34 25.26 26.8 27.94 29.32 28.8 27.92 30.7 32.4 33.02 32.16 31.86 27.32 32.74 32.42 32.44 32.64 32.06 31.1 30.12 30 29.44 29.32 29.92 31.3 31.34 31.56 32.26 33.92 32.92 35.32 37.54 38 38.88 39.96 40.3 40.14 41.32 43.88 44.2 43.4 44.46 44.7 44.66 44.62 45.2 45.22 45.7 45.46 44.68 44.44 41.6 38.76 -9999 -9999 -9999 -9999 -9999 -9999 -9999 -9999 -9999 -9999 -9999 -9999 -9999 -9999 34.44 34.36 36.4
27.86 26.5 26.98 27.16 26.82 25.2 24.62 24.54 25.28 26.66 27.92 28.26 28.54 24.84 26.84 25.92 28.84 31.74 31.76 29 32.46 32.34 32.38 32.12 31.62 31.16 30.28 30.16 29.38 28.82 28.76 31.26 31.02 29.94 31.18 31.08 32.14 34.8 35.62 36.06 35.16 35.62 37.02 37.24 38.28 40.78 40.92 41.42 42.62 43.62 43.46 43.42 43.96 44.34 44.46 44.54 43.58 42.76 40.98 38.76 37.52 36.94 -9999 -9999 -9999 -9999 -9999 -9999 -9999 -9999 -9999 -9999 -9999 -9999 -9999 -9999 -9999
24.88 28.8 27.78 27.48 25.5 24.84 24.56 25.16 26.1 27.62 24.4 23.66 29 29.62 28.64 31.56 29.16 31.2 28.24 30.86 32.22 32.3 31.86 32.2 31.64 31.3 30.58 30.08 29.26 29.1 31.3 31.04 31.66 31.36 29.9 29.26 28.48 30.64 31.56 32 33.1 34.52 35.26 35.18 35.06 36.58 39.38 40.5 41.3 41.38 41.74 42.48 43.14 43.14 42.96 42.82 42.34 41.74 40.2 38.62 37.9 36.84 -9999 -9999 -9999 -9999 -9999 -9999 -9999 -9999 -9999 -9999 -9999 -9999 -9999 -9999 -9999
28.96 27.72 27.66 27.06 26.54 25.92 25.72 26.06 26.32 27.52 28.44 26.6 25.8 30.7 31.58 31.86 32.24 32.78 29.18 29.68 32.48 32.1 31.66 29.76 31.7 31.46 30.74 30.3 29.54 29.36 30.82 31.46 31.44 30.96 30.3 30.82 30.96 30.76 30.84 31.94 32.74 34.3 34.32 35.84 37.16 37.76 38.38 38.78 39.5 39.74 40.32 40.8 41.54 41.86 41.74 41.76 41.34 40.22 39.18 38.46 37.6 36.74 36 -9999 -9999 -9999 -9999 -9999 -9999 -9999 -9999 -9999 -9999 -9999 32.98 -9999 -9999
28.9 26.22 25.82 25.64 25.82 26.12 26.42 27.34 27.44 26.16 28.58 29.18 28.54 31.24 27.48 29.88 30.48 26.94 31.34 30.66 31.04 31.62 31.2 32.32 31.86 32.04 31.06 30.54 30.76 30.46 31.32 31.64 30.8 29.2 28.62 27.76 27.92 30.88 31.84 32.56 32.06 33.78 35.5 36.54 37.88 38.2 37.92 37.78 37.62 38.54 38.78 39.6 39.88 40.48 40.48 40.08 39.76 38.78 37.9 37.7 36.94 36.54 34.94 -9999 -9999 -9999 -9999 -9999 -9999 -9999 -9999 -9999 -9999 -9999 -9999 -9999 -9999
27.82 25.3 25.3 25.74 25.38 25.3 25.48 26.86 27.26 27.54 28.84 29.48 30.82 31.24 32.3 30.36 30.18 29.1 29.78 32.04 31.46 32.32 31.52 28.9 32.2 33.12 31.32 31.58 30.72 30.64 30.5 31 31.04 29.5 29.18 29.36 29.38 28.84 29.46 29.6 31.28 32.3 32.24 33.24 35.4 36.78 37.22 35.66 36.54 37.54 37.8 37.96 38.32 38.8 39.12 38.76 38.3 37.64 36.6 36.54 35.94 35.06 33.84 32.8 -9999 -9999 -9999 -9999 -9999 -9999 -9999 -9999 -9999 -9999 -9999 -9999 -9999
26.9 25.14 25.38 26.12 25.52 25.82 25.96 27.36 27.26 27.82 29.44 29.92 28.92 31.34 31.08 30.84 30.02 30.22 30.14 33.46 33.82 33.26 32.7 30.36 33.44 33.16 31.16 29.66 30.1 30.42 31.54 31.4 31.12 30.3 30.38 30.44 30.36 29 29.24 29.68 29.56 32.04 31.86 31.78 33.44 35.8 35.9 36.66 36.4 36.2 36.52 36.2 35.12 37.48 37.56 37.6 37.18 36.42 36.3 35.6 34.9 34.4 33.68 32.78 31.88 -9999 -9999 -9999 -9999 -9999 -9999 -9999 -9999 -9999 -9999 -9999 -9999
27.86 25.9 26.58 27.1 27.24 26.58 27.08 28.12 27.98 28.34 28.7 29.82 29.1 28.76 29.96 29.46 28.66 32.5 33.4 33.88 33.46 33.68 33.14 32.96 33.92 32.6 30.26 30.54 30.02 31.22 30.88 30.62 30.9 30.68 30.02 30.3 30.56 30.22 30.72 30.56 30.66 31.96 31.7 31.58 33.22 34.84 34.42 34.32 35.78 35.84 36.28 35.2 33.42 33.94 35.36 36.02 36.04 35.54 35.5 34.4 33.76 -9999 33.2 32.9 31.44 -9999 -9999 -9999 -9999 -9999 -9999 -9999 -9999 -9999 -9999 -9999 -9999
28.74 27.58 28.38 28.44 28.78 28.76 28.42 28.7 29 28.96 29.74 30.18 27.1 29.24 27.84 29.92 33.36 33.68 33.34 34.48 33.94 34.24 33.78 32.72 32.1 30.52 29.16 29.78 31.18 30.36 30.04 30.54 30.82 30.66 30.38 30.46 31.56 30.8 30.04 30.26 30.16 30.24 30.48 32.18 32.88 33.86 33.92 34.56 34.98 35.24 35.74 35.22 33.1 32.48 35.14 35.08 34.48 33.72 33.38 33.2 33.14 33.42 32.8 32.4 -9999 -9999 -9999 -9999 -9999 -9999 -9999 -9999 -9999 -9999 -9999 -9999 -9999
29.72 29.48 30.06 30.52 30.4 29.78 29.7 29.02 29.14 29.08 30.02 30.14 27.86 28.38 30.84 32.54 33 33.24 33.68 34.24 33.78 33.38 33.14 32.6 30.84 29.44 29.44 31.06 30.8 29.92 30.32 30.58 30.64 30.38 30.1 30.62 30.78 28.38 28.1 29.02 29.32 27.58 27.7 30.6 32.36 32.82 33.06 33.94 34.22 34.22 34.62 34.82 33.56 34.2 34.54 32.98 31.38 31.1 30.7 30.58 31.72 33 33.04 31.6 -9999 -9999 -9999 -9999 -9999 -9999 -9999 -9999 -9999 -9999 -9999 -9999 -9999
30.86 30.92 31.8 33.26 31.92 30.7 30.42 29.76 29.54 29.14 29.38 30.78 29.96 28.82 29.7 31.42 32.38 33.06 34.26 33.26 33.28 33.16 34.4 33.48 31.44 30.04 29.64 29.88 31.6 30.82 31.1 31.3 30.86 30.8 30.82 29.78 28.1 27.66 27.52 29.42 28.66 28.4 29.48 31.32 32.3 32.32 32.94 33.34 33.26 33.36 33.2 33 33.84 33.44 33.9 32.1 32.02 31.88 30.66 31.5 31.6 32.02 31.66 29.46 28.3 -9999 -9999 -9999 -9999 -9999 -9999 -9999 -9999 -9999 -9999 -9999 -9999
31.52 30.98 32.58 32.9 32.7 31.38 30.62 30 29.58 29.04 29.1 31 30.28 29.92 30.64 30.86 31.1 31.78 31.78 33.64 33.78 29.72 34.7 34.7 31.1 30.52 29.26 28.64 31 32.38 32.32 32.1 31.28 30.94 29.84 27.88 28.64 27.82 27.04 28.6 28.66 29.2 28.92 31.06 31.52 32.14 32.44 32.66 31.42 31.72 32.36 32.7 33.68 33.94 34.18 33.28 32.34 31.22 30.66 32.54 32.02 31.44 30.78 27.7 26.96 -9999 -9999 -9999 -9999 -9999 -9999 -9999 -9999 -9999 -9999 -9999 -9999
30.02 30.06 30.74 31.14 31.4 31.08 30.62 29.76 29.16 29.36 33.7 30.78 31.1 29.64 29.54 29.96 30.36 30.52 30.94 32.78 33.14 26.66 33.92 34.94 32.78 30.56 31.08 28.06 28.64 31.34 32.84 31.32 30.66 28.94 28 27.16 28.72 27.48 26.98 28 28.98 29.28 29.22 30.1 30.42 31.46 31.84 31.34 30.58 30.62 30.42 32.16 33.72 34.16 33.84 33.4 31.9 32.4 31.86 30.76 31.48 29.34 27.78 26.58 -9999 -9999 -9999 -9999 -9999 -9999 -9999 -9999 -9999 -9999 -9999 -9999 -9999
29.36 29.58 29.64 30.2 30.42 30.6 29.94 30.42 30.72 31.24 35.14 33.88 35.44 31.7 29.82 29 29.36 29.66 29.64 30.86 31.8 30.64 34.44 36.1 35.82 35.94 33.5 31.62 27.96 30.64 31.18 29.48 29.16 28.86 28.28 27.44 27.24 27.68 27.92 27.92 28.42 29.16 28.1 28.6 29.04 29.86 30.98 31.46 30.42 29.84 32.04 33.16 33.58 33.1 32.86 32.8 32.02 31.44 28.68 30.02 30.78 27.92 26.08 24.84 -9999 -9999 -9999 -9999 -9999 -9999 -9999 -9999 -9999 -9999 -9999 -9999 -9999
26.6 28.44 28.32 30.6 30.38 29.4 29.64 31.6 34.08 34.88 36.42 37.88 38.66 38.04 29.26 34.16 34.42 32.52 29.84 31.86 31.86 32.52 34.04 36.26 35.92 36.4 32.96 32.06 30.38 29.84 29.14 28.12 27.68 27.68 28.46 27.38 26.7 26.94 26.22 29.1 29.54 28.52 27.74 28.12 28.8 30.08 30.18 31.16 30.8 30.74 32.46 33.18 32.62 32.36 31.68 30.44 28.84 30.58 31 26.56 26.72 27.3 25.94 -9999 -9999 -9999 -9999 -9999 -9999 -9999 -9999 -9999 -9999 -9999 -9999 -9999 -9999
25.46 30.02 30.28 33.38 30.8 29.7 33.42 32.8 34.72 38.7 38.04 36.32 36.26 36.4 33.02 34.82 38.18 31.56 31.36 31.04 32.22 32.3 34.6 36.48 37.78 35.96 34.86 32.76 32.74 30.72 29.88 28.38 27.12 27.58 28.46 28.22 26.92 27.12 27.28 28.16 29.6 27.84 28.18 29 29.5 29.54 29.26 30.22 29.42 29.84 32.68 33.04 31.86 31.78 32.28 30.1 30.52 31.14 29.6 25.82 27.04 26.18 -9999 -9999 -9999 -9999 -9999 -9999 -9999 -9999 -9999 -9999 -9999 -9999 -9999 -9999 -9999
36.9 38.08 37.48 37.86 37.86 39.42 39.92 39.48 38.78 38.54 36.4 30.7 31.46 35.86 36.4 33.28 38.34 33.3 29.94 30.22 31.48 32.76 35.28 39.6 41.28 38.78 37.36 35.42 33.86 31.2 29.46 29 28.62 27.88 27.46 26.98 28.1 27.54 27.26 28.16 28.52 28.1 29.9 29.74 29.82 29.74 29.94 30.46 29.22 29.46 32.16 32.2 31.16 31.6 28.94 29.52 30.34 30.16 27.94 27.8 28.68 -9999 -9999 -9999 -9999 -9999 -9999 -9999 -9999 -9999 -9999 -9999 -9999 -9999 -9999 -9999 -9999
41.1 39.38 39.66 39.62 39.5 39.6 38.82 37.24 37.42 35.72 32.62 29.68 34.88 37.7 39.32 34.88 37.68 31.74 30.22 31.54 32.56 37.6 39.44 37.94 41.14 41.28 35.84 35.82 34.36 32.6 31.86 32.54 31.08 30.06 28.34 28 28.76 26.68 27.84 28.38 27.7 24.9 26.38 29.72 29.58 28.04 29.66 30.44 28.18 28.3 31.84 32.32 32.22 31.72 30.18 30.54 30.28 29.56 28.5 28.66 -9999 -9999 -9999 -9999 -9999 -9999 -9999 -9999 -9999 -9999 -9999 -9999 -9999 -9999 -9999 -9999 -9999
41.36 38.58 37.04 34.84 33.48 33.78 36.44 37.66 36.16 31.7 29.92 30.48 38.5 35.54 37.48 36.98 37.86 32.56 31.48 32.74 32.74 36.6 39.08 38.7 43.16 37.52 37.32 36.04 35.92 33.46 32.36 33.58 32.24 32.4 30.34 30.42 28.12 28.46 28.92 28.9 28.04 27.68 28.08 28.4 29.38 29.72 29.72 28.94 28.54 29.9 32.84 31.56 32.22 31.34 29.6 30.16 30.22 28.72 28.14 28.96 -9999 -9999 -9999 -9999 -9999 -9999 -9999 -9999 -9999 -9999 -9999 -9999 -9999 -9999 -9999 -9999 -9999
42.72 38.86 38.1 35.92 33.76 33.86 32.7 35.18 30.94 31.38 31.5 38.7 39.34 38.46 38.62 40.72 35.7 31.8 32.32 35.32 36.12 36.92 38.74 38.64 39.3 38.8 37.22 36.98 35.84 34.5 33.02 32.1 33.22 34.12 33.2 32.08 30.4 31.38 28.82 29.72 29.44 30.34 27.74 28.8 28.74 28.36 28.88 28.84 30.18 30.96 32.74 32.28 31.78 30.6 29.24 29.26 28.42 30.22 31.06 -9999 -9999 -9999 -9999 -9999 -9999 -9999 -9999 -9999 -9999 -9999 -9999 -9999 -9999 -9999 -9999 -9999 -9999
43.84 41.98 41.22 40.8 40.12 38.58 38.36 36.9 33.52 33.48 38.1 39.7 37.76 38.74 39.84 40.42 33.24 33.06 34.66 34.86 35.08 37.66 38.3 38.98 38.56 37.9 37.08 37.62 35.48 35.88 35.28 35.4 34.3 33.92 33.2 33.7 32.98 32.62 31.72 31.44 29.8 29.1 29.14 29 27.84 28.82 28.98 29.3 31.62 30.38 31.42 32.58 32.22 31.94 30.66 29.58 30.32 31.34 32.12 -9999 -9999 -9999 -9999 25.86 31.62 -9999 -9999 -9999 -9999 -9999 -9999 -9999 -9999 -9999 -9999 -9999 -9999
44.76 42.76 41.68 41.66 41.46 39.64 38.04 34.78 33.4 37.04 39.68 39.36 38.54 39.78 41.16 40.54 34.5 34.86 34.14 36.78 34.02 37.42 37.56 36.94 39.64 38.56 37.14 38.46 36.34 36.58 35.36 35.48 35.3 35.32 34.98 34.5 32.68 32.66 31.96 32.24 31.58 28.84 28.38 28.94 29.2 29.12 29.92 30.94 32 31.36 31.72 32.68 33.64 32.1 31.06 29.24 30.9 -9999 -9999 -9999 -9999 -9999 31 18.68 30.66 -9999 -9999 -9999 -9999 -9999 -9999 -9999 -9999 -9999 -9999 -9999 -9999
45.56 44.18 43.24 42.22 41.12 40.06 35.24 31.74 31.42 39.12 40.52 41.04 40.86 41.68 41.46 38.14 37.32 37.32 37.66 35.58 35.14 35.88 36.88 37.06 39 38 36.98 36 35.38 35.04 35.1 34.18 34.76 36.16 38.3 36.58 34.72 33.86 33.3 32.42 31.84 30.96 31.22 31.44 31.44 31 31.08 32.44 31.88 32.8 32.8 32.32 31.94 32.38 31.76 31.84 -9999 -9999 -9999 -9999 -9999 36.3 24.44 21.98 -9999 -9999 -9999 -9999 -9999 -9999 -9999 -9999 -9999 -9999 -9999 -9999 -9999
46.1 43.88 43.26 42.72 42.12 41.48 37.38 31.66 32.06 41.24 41.22 42.44 42.86 41.52 41.24 35.88 38.2 37.1 37.56 36.46 35.88 36.2 37.04 35.44 35.72 36.22 36.74 36.12 33.34 35.32 36.44 35.84 35.9 34.42 35.66 36 35.98 34.62 33.5 32.08 32.2 32.22 32.3 31.8 31.56 31.38 32.18 33.16 33.14 34.02 33.14 31.78 31.94 32.84 -9999 -9999 -9999 -9999 -9999 -9999 -9999 38.14 25.68 29.04 -9999 -9999 -9999 -9999 -9999 -9999 -9999 -9999 -9999 -9999 -9999 -9999 -9999
46.52 44.08 43.44 42.7 43.14 42.68 38.74 32.44 33.9 40.42 42 43.58 44.28 40.16 37.82 37.08 38.8 35.9 36.7 34.88 35.4 36.68 37.54 35.54 35.78 35.78 35.48 37.94 41.52 41.1 41.32 40.16 37.28 37.14 37.3 37 36.5 35.24 33.76 33.02 31.64 31.22 31.32 30.98 31.24 31 32.14 33.22 33.92 34.06 33.2 33.08 -9999 -9999 -9999 -9999 -9999 -9999 -9999 -9999 -9999 39.4 27.44 -9999 -9999 -9999 -9999 -9999 -9999 -9999 -9999 -9999 -9999 -9999 -9999 -9999 -9999
46.22 44.2 43.5 -9999 42.86 42.22 39.04 32.36 35.5 39.96 43.46 44 44.68 42.86 40.56 39.02 36.76 37.06 37.48 37.42 35.92 35.26 37.06 36.96 35.42 37.28 39.12 39.78 42.1 43.96 44.1 41.48 39.36 37.24 38.02 37.58 36.36 34.9 33.58 32.72 32.18 32.34 32.4 30.72 30.56 31.38 32.32 33.34 -9999 -9999 -9999 -9999 -9999 -9999 -9999 -9999 -9999 -9999 -9999 -9999 -9999 -9999 36.86 -9999 -9999 -9999 -9999 -9999 -9999 -9999 -9999 -9999 -9999 -9999 -9999 -9999 -9999
