shamba/rasters/climate/pet_6.txt
ncols         720
nrows         360
xllcorner     -180
yllcorner     -90
cellsize      0.5
NODATA_value  -9999
[rows 175 to 209 of 360, columns 385 to 461 of 720]
20.62 20.8 21.06 21.74 22.92 23.98 24.76 25.88 26.74 27.16 27.58 28.12 28.38 -9999 -9999 28.34 28.16 27.98 28.28 28.88 29.48 29.36 29.02 28.7 28.04 27.6 27.8 27.88 28.22 28.44 28.26 28.4 28.62 29.08 29.66 28.86 27.82 33.32 34.52 34.66 35.3 36.36 38.06 38.26 37.84 42.96 52.36 56.1 50.76 52.72 47.02 45.3 44.74 42.94 41.82 46.36 47.04 48.86 48.98 51.04 47.28 45.74 43.72 42.18 41.4 42 42.08 -9999 -9999 -9999 -9999 -9999 -9999 -9999 -9999 -9999 -9999
20.26 20.06 20.18 20.78 22.06 23.08 24.26 25.18 26.18 27.12 27.72 27.74 -9999 -9999 28.04 28.16 28.12 28.34 28.4 28.82 28.74 28.68 28.72 28.4 27.68 27.36 27.6 27.56 28.3 28.3 28.44 28.54 28.98 29.58 30.1 28.64 29.92 33.34 33.32 33.86 35.38 36.48 38.1 39.7 38.54 37.92 50.14 56.78 44.46 46.04 52.04 53.6 51.58 49.84 48.32 47.88 48.48 49.4 48.58 47.7 45.82 43.76 41.66 40.56 39.46 -9999 -9999 -9999 -9999 -9999 -9999 -9999 -9999 -9999 -9999 -9999 -9999
20.08 19.32 19.44 20.1 21.94 22.96 24.6 25.5 26.38 27.02 27.5 27.56 27.74 27.48 27.9 27.7 27.96 28.1 28.22 27.98 28.04 27.96 27.92 27.86 27.64 27.32 27.06 27.16 27.52 28 28.48 29.12 29.68 30.24 30.58 31.18 33.62 32.5 32.9 33.72 35.46 36.12 37.1 34.94 28.82 30.56 36.82 50.7 40.5 45.88 52.16 55.42 53.26 51.1 49.44 50.04 49.06 48.74 47.82 46.54 44.92 43 41.2 38.6 38 -9999 -9999 -9999 -9999 -9999 -9999 -9999 -9999 -9999 -9999 -9999 -9999
19.54 19.7 19.7 20.32 22.22 24.28 25.46 26.26 26.54 26.94 27.26 -9999 27.5 27.28 27.04 27.22 27.16 27.34 27.1 26.98 26.98 27.02 27.04 26.92 27.04 27.06 26.82 26.92 27.22 27.62 28.48 29.14 30 30.66 29.9 30.5 31.2 32.84 33 32.98 33.84 34.76 35.8 34.1 31.9 31.22 40.28 42.84 34.96 45.52 51.98 52.5 52.54 51.98 49.88 51.82 49.74 47.9 46.74 45.92 44.56 42.34 -9999 -9999 -9999 -9999 -9999 -9999 -9999 -9999 -9999 -9999 -9999 -9999 -9999 -9999 -9999
20.02 20.26 20.34 21.82 23.52 25.24 26.54 27.04 27.02 27.36 27.28 27.72 27.24 27.1 26.98 26.62 26.52 26.58 26.12 26.22 26.3 26.1 26.12 26.18 26.24 26.5 26.6 27.14 27.54 27.84 28.64 29.56 29.76 27.84 25.56 30.66 31.64 32.58 32.64 31.98 32.8 33.66 34.04 34.68 33.86 29.9 31.12 31.28 31.82 31.18 39.54 51.12 52.06 51.38 49.9 51.64 48.94 47.42 45.62 44.42 42.9 -9999 -9999 -9999 -9999 -9999 -9999 -9999 -9999 -9999 -9999 -9999 -9999 -9999 -9999 -9999 -9999
20.92 21 21.96 23.14 24.7 26.14 26.86 27.54 27.56 27.32 27.28 27.62 27.22 27.1 27 26.64 26.34 26.3 26.1 26.1 25.94 25.54 25.2 25.2 25.28 25.86 26.28 26.74 27.52 26.9 28.74 29.02 27.08 23.24 32.22 29.54 29.68 30.18 31.74 -9999 -9999 -9999 -9999 33.88 32.96 30.76 25.26 24.4 21.3 19.94 37.5 51.44 51.32 51.88 50.96 49.12 47.12 45.36 44.2 41.76 -9999 -9999 -9999 -9999 -9999 -9999 -9999 -9999 -9999 -9999 -9999 -9999 -9999 -9999 -9999 -9999 -9999
21.08 22.12 22.78 23.96 25.34 26.64 27.42 27.78 27.82 27.36 27.68 27.4 27.4 27.36 27.08 26.76 26.42 26.16 25.96 25.98 25.82 25 24.78 24.9 24.98 25.52 26.2 26.4 26.56 27.1 28.78 29.3 26.96 29.18 30.14 27.5 27.5 28.96 31.44 -9999 -9999 -9999 -9999 31.46 29.66 28.26 23.4 23.26 19.76 30.64 40 44.2 46.88 49.34 50.6 48.74 46.28 44.16 42.84 41.1 -9999 -9999 -9999 -9999 -9999 -9999 -9999 -9999 -9999 -9999 -9999 -9999 -9999 -9999 -9999 -9999 -9999
21.12 22.46 23.6 24.26 25.46 26.8 27.54 28.3 28.1 27.98 27.94 27.54 27.48 27.22 27.26 27.02 26.58 26.16 26.12 25.8 25.26 25.04 24.94 25.1 25.38 25.76 26.18 27 27.12 27.74 28.86 28.38 26.96 25.74 23.66 26.86 27.46 29.54 31.04 -9999 -9999 -9999 -9999 31.88 29.7 29.7 27.5 31.08 26.16 29.78 34.88 41.12 46.3 49.08 49.9 48.12 44.6 42.72 41.26 -9999 -9999 -9999 -9999 -9999 -9999 -9999 -9999 -9999 -9999 -9999 -9999 -9999 -9999 -9999 -9999 -9999 -9999
20.56 22.2 24.12 24.54 25.9 27.06 28.06 29.08 29.12 28.54 27.96 27.64 27.74 27.46 27.5 27.24 26.96 26.38 26.04 25.88 25.6 25.06 25.08 24.98 25.4 25.96 26.52 26.84 26.42 26.86 27.62 28.58 25.02 25.92 24.88 27.64 29.08 29.64 29.82 -9999 -9999 -9999 34.32 33.08 31.32 28.18 24.38 37.38 28.38 29.02 36.2 40.44 45.36 47.38 48.04 45.76 43.02 41.46 -9999 -9999 -9999 -9999 -9999 -9999 -9999 -9999 -9999 -9999 -9999 -9999 -9999 -9999 -9999 -9999 -9999 -9999 -9999
20.92 22.16 23.32 24.64 25.8 26.82 28.44 29.94 29.66 29.16 28.78 28.52 28.08 28.1 27.66 27.24 27.16 26.98 26.52 26.16 25.72 25.22 25.08 25.38 25.78 26.32 26.74 26.62 27.04 27.9 27.7 28.08 23.6 25.68 28.64 31.12 30.4 30.8 30.5 -9999 -9999 -9999 33.22 32.7 31.32 29.2 31.24 36.26 28.66 31.34 35.06 40.22 44.88 45.62 44.64 42.56 40.84 -9999 -9999 -9999 -9999 -9999 -9999 -9999 -9999 -9999 -9999 -9999 -9999 -9999 -9999 -9999 -9999 -9999 -9999 -9999 -9999
21.26 21.96 22.96 23.88 25.7 26.48 28.26 30.12 29.88 29.92 29.3 29.04 28.76 28.3 28.08 27.9 27.56 26.88 26.32 26.32 26.44 25.96 25.82 26.2 26.3 26.82 27.28 27.22 27.6 28.9 28.74 28.02 25.04 28.14 28.84 31.84 31.92 31.84 31.48 29.62 31.16 32.4 32.4 31.26 30.14 29.2 28.92 30.54 28.26 26.92 30.48 38.42 43.12 43.14 41.08 39.6 -9999 -9999 -9999 -9999 -9999 -9999 -9999 -9999 -9999 -9999 -9999 -9999 -9999 -9999 -9999 -9999 -9999 -9999 -9999 -9999 -9999
22.1 21.84 21.84 23.14 24.1 25.88 26.96 28.98 29.94 30.24 29.96 29.74 29.26 28.86 28.54 28.32 27.58 27.22 27.24 27.12 27.04 26.6 26.62 26.72 27.22 27.7 28.16 28.12 28.8 29.74 29.48 28.5 22.86 31.86 29.26 31.54 32.68 33.88 32.96 32.24 32.5 33.28 33.04 32.56 29.64 28.18 25.98 28.72 24.88 23.42 29.18 34.96 41.86 40.2 38.14 -9999 -9999 -9999 -9999 -9999 -9999 -9999 -9999 -9999 -9999 -9999 -9999 -9999 -9999 -9999 -9999 -9999 -9999 -9999 -9999 -9999 -9999
22.86 21.84 21.42 22.14 23.02 24.26 26.04 27.8 29.44 30.78 30.26 30.18 30.22 29.62 29.06 28.58 28.24 27.7 27.38 27.28 27.06 26.94 27.42 27.92 28.7 29.34 30.18 30.08 29.88 30.24 30.24 27.96 24.36 31.58 27.66 33.86 34.5 34.9 35.1 34.46 35.1 34.94 35.32 33.16 32.12 29.78 28.94 27.8 27 28 29.68 33.66 37.5 36.82 35.76 -9999 -9999 -9999 -9999 -9999 -9999 -9999 -9999 -9999 -9999 -9999 -9999 -9999 -9999 -9999 -9999 -9999 -9999 -9999 -9999 -9999 -9999
23.22 22.18 21.58 22.16 23.06 24.02 26.16 28.18 29.42 30.52 31.46 31.14 31.2 30.42 29.7 29.38 28.72 28.3 27.9 27.64 27.92 28.06 28.54 29.32 30.14 31.1 32.04 32.36 32.26 32.24 32.52 32.96 30.54 -9999 33.82 35.5 36.34 38.14 36.94 36.76 37.06 36.36 35.98 33.76 31.24 27.18 28.22 26.76 26.52 25.96 29.18 32.98 34.68 35.26 -9999 -9999 -9999 -9999 -9999 -9999 -9999 -9999 -9999 -9999 -9999 -9999 -9999 -9999 -9999 -9999 -9999 -9999 -9999 -9999 -9999 -9999 -9999
21.9 21.9 21.78 22.58 23.62 25.1 27.3 29.62 31.04 32.14 32.4 32.22 31.8 31.54 30.86 29.86 29.1 28.84 28.38 28.24 27.92 28.4 29.4 30.84 31.84 33.4 33.82 34.2 33.7 33.32 33.3 34.48 32.42 -9999 38.04 37.42 38.48 38.8 38.4 38.48 38.64 38.14 36.9 34.92 31.54 29.7 28.14 26.52 26.78 26.7 29.66 26.22 32.34 36.12 -9999 -9999 -9999 -9999 -9999 -9999 -9999 -9999 -9999 -9999 -9999 -9999 -9999 -9999 -9999 -9999 -9999 -9999 -9999 -9999 -9999 -9999 -9999
21.48 21.7 22.9 24.08 24.78 26.24 28.7 31.6 32.92 33.06 32.88 33.28 33.24 32.84 31.96 30.32 29.64 29.38 28.44 28.42 28.8 29.58 31.22 32.42 33.88 35.2 36.52 35.96 34.5 34.54 34.08 33.6 33.48 34.1 38.1 36.52 37.38 39.14 38.78 39.66 40.06 38.92 37.14 35.28 32.26 32.02 30.18 27.1 26.88 26.24 27.94 30.02 33.08 -9999 -9999 -9999 -9999 -9999 -9999 -9999 -9999 -9999 -9999 -9999 -9999 -9999 -9999 -9999 -9999 -9999 -9999 -9999 -9999 -9999 -9999 -9999 -9999
22.8 22.68 24.02 25.12 26.28 27.58 29.74 32.2 33.64 33.88 33.88 34.34 34 33.32 32.6 31.72 30.68 30.18 29.42 28.84 29.66 31.46 33.52 34.4 35.66 37.32 37.82 37.6 36.86 35.9 35.2 34.16 32.2 32.32 -9999 34.58 35.32 38.7 39.14 39.36 39.84 38.72 36.24 35.28 33.82 34.06 30.52 28.66 26.68 25.2 28.1 29.66 33.46 -9999 -9999 -9999 -9999 -9999 -9999 -9999 -9999 -9999 -9999 -9999 -9999 -9999 -9999 -9999 -9999 -9999 -9999 -9999 -9999 -9999 -9999 -9999 -9999
24.88 24.66 25.14 26.84 27.62 28.66 30.76 32.6 34.4 34.8 33.86 34.76 34.88 34.18 33.86 32.36 32.32 31.46 30.78 30.3 30.9 33.5 35.52 35.8 37 37.82 39 38.88 38.28 37.92 36.78 34.02 32.2 31.58 33.7 34.2 35.48 36.92 38.12 39.26 39.14 38.18 35.86 35.26 35.08 34.36 31.54 30.16 26.9 25.86 29.32 30.64 33.58 -9999 -9999 -9999 -9999 -9999 -9999 -9999 -9999 -9999 -9999 -9999 -9999 -9999 -9999 -9999 -9999 -9999 -9999 -9999 -9999 -9999 -9999 -9999 -9999
26.7 26.18 26.84 28.3 29.16 30.14 31.9 33.16 35.18 35.48 34.94 34.92 34.96 34.36 34.64 33.58 33.84 32.86 32.44 32.06 32.82 33.86 35.46 36.68 38.34 38.7 38.78 39.92 40.18 39.48 37.92 35.38 33.26 31.84 -9999 -9999 36.8 37.66 37.14 39.24 38.98 37.92 36.5 36.1 35.7 35.18 33.14 29.94 28.04 28.52 27.82 31.64 33.76 34.74 -9999 -9999 -9999 -9999 -9999 -9999 -9999 -9999 -9999 -9999 -9999 -9999 -9999 -9999 -9999 -9999 -9999 -9999 -9999 -9999 -9999 -9999 -9999
-9999 28.04 27.96 29.36 30.62 31.06 32.26 34.06 35.94 35.98 35.96 35.74 35.5 35.12 34.86 34.44 34.38 33.8 33.68 33.86 34.04 34.82 35.8 38.66 39.14 39.44 39.52 39.6 39.94 41.58 39.94 36.54 33.26 33.56 33.18 -9999 36.14 36.74 38.82 38.58 37.88 37.46 35.98 35.98 35.34 35.98 33.44 30.98 28.34 28.42 27.34 33.12 32.58 35.14 -9999 -9999 -9999 -9999 -9999 -9999 -9999 -9999 -9999 -9999 -9999 -9999 -9999 -9999 -9999 -9999 -9999 -9999 -9999 -9999 -9999 -9999 -9999
-9999 30.02 29.96 30.94 31.7 31.76 32.94 35 36.24 36.98 36.2 35.88 35.26 35.56 35.84 35.46 35.32 35.1 35.22 34.9 35.36 36.08 38.04 39.06 39.72 40.1 40.24 40 40.72 40.16 38.6 36.56 34.3 33.44 32.28 35.4 37.02 33.82 37.5 38.38 36.74 36.64 35.34 35.82 35.6 33.84 32.08 31.06 28.82 31.24 32 33.52 33.56 35.52 -9999 -9999 -9999 -9999 -9999 -9999 -9999 -9999 -9999 -9999 -9999 -9999 -9999 -9999 -9999 -9999 -9999 -9999 -9999 -9999 -9999 -9999 -9999
-9999 32.48 32.5 32.48 32.22 32.84 33.44 35 36.9 38 37 35.42 35.02 35.22 35.5 35.4 35.34 36.22 36.18 36.24 36.6 36.9 38.6 39.4 39.78 40 40.22 40.96 40.44 37.8 35.82 35.46 34.68 33.86 34 35.16 -9999 35.32 34.64 38.24 37.58 35.96 35.08 36.06 34.08 30.82 29.64 34.4 34.1 32.66 33.12 33.26 33.04 35.64 -9999 -9999 -9999 -9999 -9999 -9999 -9999 -9999 -9999 -9999 -9999 -9999 -9999 -9999 -9999 -9999 -9999 -9999 -9999 -9999 -9999 -9999 -9999
-9999 33.12 33.8 33.56 32.82 32.74 32.92 35.06 36.98 37.5 37.1 35.92 35.16 35.54 35.98 35.38 35.46 36.28 36.12 36.9 37.02 37.6 38.36 38.9 39.92 40.32 40.24 40.82 37.98 34.54 34.52 34.88 -9999 34.34 34.94 34.8 35.6 35.34 32.94 34.6 35.42 33.96 33.34 34.38 32.44 31.2 34.26 35.54 32.02 33.46 32.34 33.34 32.66 35.74 -9999 -9999 -9999 -9999 -9999 -9999 -9999 -9999 -9999 -9999 -9999 -9999 -9999 -9999 -9999 -9999 -9999 -9999 -9999 -9999 -9999 -9999 -9999
-9999 32.5 33.34 34.12 32.62 32.74 32.7 33.84 35.48 36.08 35.8 35.14 35.08 34.42 35.1 35.7 35.76 35.96 35.88 37.06 37.2 37.34 37.92 38.48 39.16 38.98 39.7 38 35.78 35.92 32.52 33.6 33.98 33.52 33.06 32.26 32.44 32.54 32.62 33.22 32.3 30.84 30.96 28.76 29.16 29.8 34.66 32.64 31.66 32.68 32.04 32.56 32.92 35.9 -9999 -9999 -9999 -9999 -9999 -9999 -9999 -9999 -9999 -9999 -9999 -9999 -9999 -9999 -9999 -9999 -9999 -9999 -9999 -9999 -9999 -9999 -9999
-9999 31.6 32.24 33.14 32.2 31.78 32.26 32.8 34.26 34.34 34.36 34.54 34.48 34.26 34.96 35.08 36.02 36.1 36.16 36.34 37.04 36.82 37.04 37.7 37.78 37.56 37.08 35.22 35.62 35.14 32.06 33.02 33.36 32.6 31.58 31.24 31.52 31.72 31.8 30.78 30.52 29.48 33.7 29.16 27.72 28.28 31.54 31.14 30.86 32.6 32.36 32.84 33.28 36.2 37.82 -9999 -9999 -9999 -9999 -9999 -9999 -9999 -9999 -9999 -9999 -9999 -9999 -9999 -9999 -9999 -9999 -9999 -9999 -9999 -9999 -9999 -9999
-9999 -9999 30.7 31.42 30.12 30.52 31.26 31.94 32.76 32.8 33.02 33.46 34 33.86 34.26 34.86 35.42 35.86 36.08 36.16 36.14 36.38 36.14 35.96 35.62 35.2 33.28 33.2 34.22 34.7 31.5 32 31.64 31.22 30.82 31.02 31.02 30.7 30.32 29.32 28.66 28.36 29.28 -9999 29.44 29.88 29.78 30.7 30.08 29.7 31.44 33.18 33.32 33.12 37.28 38.86 -9999 -9999 -9999 -9999 -9999 -9999 -9999 -9999 -9999 -9999 -9999 -9999 -9999 -9999 -9999 -9999 -9999 -9999 -9999 -9999 -9999
-9999 -9999 29.76 29.5 29.12 29.64 29.94 31.34 32.3 32.96 33.04 33.12 33.36 33.34 33.28 34.04 34.9 35.24 35.76 36.08 35.28 34.7 34.5 33.78 33.58 33.16 32.56 32.06 32.52 32.36 31.28 31.08 31.16 30.64 30.34 30.02 29.94 29.9 29.28 28.58 28.46 27.7 26.2 28.62 27.98 27.7 28.54 29.82 29.04 30.48 31.76 32.92 33.22 33.64 37.04 38.3 -9999 -9999 -9999 -9999 -9999 -9999 -9999 -9999 -9999 -9999 -9999 -9999 -9999 -9999 -9999 -9999 -9999 -9999 -9999 -9999 -9999
-9999 -9999 -9999 27.7 27.9 29.26 30.18 31.12 31.58 32.7 33.14 32.94 32.94 32.3 32.6 33 33.72 34.38 34.96 34.92 34.28 33.4 32.56 31.8 31.4 30.82 31 30.56 30.94 30.86 30.72 30.28 30.16 29.46 29.88 29.46 28.98 29.24 28.46 29.06 29.12 28.7 26.62 25.88 27.42 28.46 29.64 29.68 31.02 31.52 32.22 32.9 33.94 33.66 35.16 37.98 -9999 -9999 -9999 -9999 -9999 -9999 -9999 -9999 -9999 -9999 -9999 -9999 -9999 -9999 -9999 -9999 -9999 -9999 -9999 -9999 -9999
-9999 -9999 26.58 27.08 27.82 29.06 29.76 30.88 31.62 32.3 32.98 32.94 32.62 32.34 32.22 32.9 32.92 33.68 33.84 33.64 32.56 31.6 31.06 30.24 29.74 29.28 29.32 29.58 29.86 29.46 29.52 29.38 29.14 29 29.16 28.94 28.58 28.42 28.38 29.26 29.4 30.06 28.62 28.6 -9999 28.44 29.82 29.84 31.24 31.56 31.54 32.74 32.6 32.76 33.44 37.38 -9999 -9999 -9999 -9999 -9999 -9999 -9999 -9999 -9999 -9999 -9999 -9999 -9999 -9999 -9999 -9999 -9999 -9999 -9999 -9999 -9999
-9999 -9999 25.12 26.48 27.92 29.02 30 30.42 31.2 31.68 32.4 32.48 32.02 31.6 31.72 31.94 32.28 32.88 32.96 32.88 31.5 30.16 29.06 28.94 28.2 28.36 28.5 28.8 28.62 28 27.18 27.82 28.96 29.14 29.16 28.74 28.38 28.72 29.52 28.8 28.42 29.2 29.6 -9999 30.68 29.64 29.24 29.98 30.12 30.8 31.08 31.42 31.04 32.5 34.06 36.1 -9999 -9999 -9999 -9999 -9999 -9999 -9999 -9999 -9999 -9999 -9999 -9999 -9999 -9999 -9999 -9999 -9999 43.92 -9999 -9999 -9999
-9999 24.1 24.96 26.52 28.02 29.08 30.36 30.68 31.24 31.42 31.94 31.54 31.3 31.08 31.22 31.48 32.32 32.14 32.06 32.3 30.78 29.16 28.44 27.72 27.42 27.38 27.72 27.4 27.7 27.6 26.88 27.08 28.86 29.2 28.78 28.28 27.68 27.8 29.32 28.62 28.06 28.44 29.36 33.2 31.98 29.04 28.64 29.62 30.34 29.98 29.54 29.38 29.5 30.32 32.88 35.94 -9999 -9999 -9999 -9999 -9999 -9999 -9999 -9999 -9999 -9999 -9999 -9999 -9999 -9999 -9999 -9999 -9999 37.14 40.28 -9999 -9999
23.64 24.2 25.58 26.6 28.18 29.08 30.02 30.84 30.7 31.18 30.2 30.32 30.26 30.6 30.92 31 31.82 31.96 32.36 31.7 31.18 29.4 27.46 25.84 26.42 26.34 26.8 27.1 27.28 27.82 27.94 28.88 29.6 29.1 27.92 27.36 27.12 27.9 28.6 28.62 28.54 29 29.42 33.08 33.02 29.64 29.48 29.92 29.6 28.78 28.16 27.82 27.82 28.9 32.02 34.6 -9999 -9999 -9999 -9999 -9999 -9999 -9999 -9999 -9999 -9999 -9999 -9999 -9999 -9999 -9999 -9999 33.62 34.48 35.08 -9999 -9999
23.64 24.8 26.32 27.22 28.34 29.24 30.02 30.08 30.32 29.46 29.26 28.88 29.04 30.06 30.22 30.26 31.26 31.32 31.7 31.86 31.46 29.84 27.88 25.64 25.6 26.34 26.78 27 27.56 28 29 29.52 29.4 28.82 27.98 27.54 27.5 27.14 27.72 27.9 27.66 28.12 28.56 32.52 -9999 30.36 29.98 29.28 27.96 27.52 27.88 27.42 28.1 29.9 31.74 33.16 -9999 -9999 -9999 -9999 -9999 -9999 -9999 -9999 -9999 -9999 -9999 -9999 -9999 -9999 -9999 31.6 29.6 27.62 30.18 -9999 -9999
23.78 25.6 26.94 28.18 28.46 29.26 29.8 29.24 29.12 27.96 27.48 27.48 28.32 29.1 30.02 30.24 31.02 31.78 31.88 32.8 32.64 31.78 29.34 27.86 26.32 26.22 26.8 27.1 27.18 28.06 29.1 29.88 29.58 28.9 28.34 28.02 27.26 26.5 26.78 27.14 28.2 27.86 28.84 28.36 32.36 30.5 28.82 28.32 27.76 27.76 27.86 27.92 28.74 29.88 31.46 33.7 35.46 -9999 -9999 -9999 -9999 -9999 -9999 -9999 -9999 -9999 -9999 -9999 -9999 -9999 -9999 32.84 25.52 24.22 27.3 -9999 -9999
23.74 26.18 28.18 28.72 29.08 29.14 29.16 29.26 28.18 27.42 26.22 27.22 27.56 28.68 29.04 29.58 30.2 31.24 32.22 33.26 33.88 33.5 31.24 29.28 27.64 26.5 27.12 26.74 27.54 27.64 28.28 28.3 28.92 29.86 29.08 27.64 26.68 26.22 26.22 27.1 28.82 28.54 27.78 27.46 29.08 28.82 27.76 26.58 26.64 26.3 26.22 26.98 28.3 29.56 30.88 32.3 34.18 -9999 -9999 -9999 -9999 -9999 -9999 -9999 -9999 -9999 -9999 -9999 -9999 -9999 40.06 33.98 25.28 24.56 25.64 27.88 -9999
