shamba/rasters/climate/pet_6.txt
ncols         720
nrows         360
xllcorner     -180
yllcorner     -90
cellsize      0.5
NODATA_value  -9999
[rows 70 to 104 of 360, columns 154 to 230 of 720]
38.3 39.16 38.66 37.62 37.44 37.66 37.06 37.06 37.7 38.38 38 37.32 35.98 35.42 35 34.08 34.62 34.14 33.56 33.14 33.32 32.96 33.14 33.06 32.84 32.54 31.92 32 32 31.54 31.9 31.44 31.48 30.94 30.58 30.8 30.22 29.64 29.84 29.64 29.32 28.88 -9999 -9999 -9999 -9999 -9999 27.58 27.2 26.14 25.64 25.64 25.92 26 25.68 26.24 26.26 26.2 25.88 26.06 26.06 26.54 26.06 27.2 26.34 26.6 27.3 27.24 27.58 27.54 27.94 26.88 27.34 26.72 26.74 26.94 26.72
38.82 39.1 38.7 37.66 37.68 37.26 37.06 37.18 38.08 38.26 38.1 37.22 36.22 35.62 35.34 34.66 34.8 34.68 33.92 33.88 33.52 33.64 34 33.62 33.4 33.44 33 32.88 33.02 32.96 33.02 32.86 32.84 32.62 31.72 32.34 31.1 31.02 31.2 30.5 30.5 -9999 -9999 -9999 -9999 -9999 -9999 29.02 28.88 28.52 28.78 28.34 27.94 27.86 27.2 27.58 27.54 27.76 27.1 27.26 27.26 27.52 27.26 28.2 27.34 27.58 27.94 28.24 28.2 28.22 28.3 27.82 27.98 27.66 27.44 27.86 27.42
39.92 39.7 38.38 38.18 37.7 37.7 37.7 37.06 -9999 -9999 37.26 36.66 35.98 35.44 34.9 34.54 34.76 34.5 34.32 34.08 34.1 33.86 33.46 33.8 33.6 33.06 34.34 34 33.96 34.04 33.82 33.8 33.44 33.16 32.88 32.32 32.48 32.2 31.78 31.34 31.38 31.46 -9999 -9999 -9999 -9999 -9999 -9999 30.26 30.5 30.8 30.4 29.96 29.6 29.92 29.76 29.2 29.14 29 28.88 28.82 27.98 27.66 27.28 27.84 28.78 28.86 29.06 29.12 26.8 28.32 28.48 28.5 28.56 28.66 28.9 28.56
38.02 37.04 39.2 38.8 38.64 -9999 37.7 36.62 -9999 -9999 -9999 36.54 35.82 35.26 35.14 35.04 35.12 34.84 34.8 34.8 34.64 34.8 34.58 34.68 34.14 34.08 35.38 34.76 34.9 35.06 34.72 35.02 34.4 33.72 33.34 33.18 32.86 32.9 32.4 32.2 32 32.02 -9999 31.32 -9999 -9999 -9999 -9999 31.42 31.7 31.64 31.5 30.52 30.58 30.6 30.42 30.34 29.86 30.28 29.72 29.72 29.06 28.44 28.1 28.58 29.36 29.34 29.1 29.42 27.88 28.66 28.62 28.88 29.36 29.24 28.96 28.9
37.94 38.14 37.96 38.48 39.88 39.24 -9999 36.76 37.14 -9999 -9999 -9999 35.92 35.68 35.62 35.56 35.22 35.44 34.88 34.06 35.36 35.64 34.52 34.64 35.18 35.1 34.74 34.6 34.8 34.98 34.58 34.26 35.54 35.04 34.46 34.54 34.3 33.82 33.74 32.84 32.66 32.8 -9999 -9999 -9999 -9999 -9999 -9999 32.02 32.5 31.94 31.68 31.6 30.62 30.88 31.16 30.1 29.52 29.76 29.82 29.26 29.3 27.94 28.94 29.32 29.76 29.76 30.72 30.2 30.08 29.64 28.8 29.86 30.54 30.28 30.02 29.28
38.98 38.2 37.42 39.56 40.66 39.82 38.86 37.38 37.16 36.78 -9999 -9999 35.9 35.44 35.62 35.82 35.88 35.76 35.7 34.82 35.8 36.14 34.76 34.76 36.04 35.8 35.74 35.24 35.32 35.84 35.4 34.92 35.98 35.76 35.42 35.02 35.02 34.82 34.2 33.82 33.72 33.5 33.04 -9999 -9999 -9999 -9999 -9999 -9999 32.72 32.52 32.24 31.36 31.94 31.72 32.04 30.78 30.48 30.44 29.94 30.16 29.24 28.78 29.3 29.22 30.82 30.84 31.28 31.06 31.08 30.2 30.2 30.28 30.1 30.46 29.34 28.62
40.58 39.66 39.98 38.24 38.54 39.3 39.94 38.64 37.28 36.88 36.52 36.24 35.82 35.82 35.06 35.3 35.6 35.86 35.94 36.56 35.66 35.46 36.54 36.9 37.04 36.82 35.58 35.32 35.18 35.48 35.52 35.84 35.9 36.08 36.1 35.68 35.64 35.24 35.12 34.76 34.4 33.76 33.1 32.64 31.9 -9999 -9999 -9999 32.9 32.72 32.82 32.68 32.14 32.14 32.58 32.6 32.12 32.16 31.68 31.3 31.58 31.7 30.96 31.32 31.1 31.8 31.54 32.32 32.12 31.86 30.96 30.2 30.92 30.64 30.82 29.96 27.94
41.6 41.8 41.58 39.66 40.5 39.48 41.5 40.16 39.2 38.46 38.14 36.88 36.12 36.28 35.9 36.04 35.96 36.36 36.86 37.2 36.06 35.96 37.3 37.08 37.24 37.66 35.84 35.48 35.3 35.5 35.28 35.76 36.14 36.86 36.64 36.44 36.28 36.04 35.38 35.1 34.84 34.26 33.68 33 31.66 32.18 32.42 32.52 33.18 32.96 33.12 33.16 32.98 33.5 32.98 33.14 33.1 32.94 32.82 32.92 32.66 31.98 31.7 31.62 31.92 31.54 32.62 32.8 33 32.56 31.48 30.64 30.56 30.32 29.84 28.98 27.42
43.08 42.8 42.02 40.4 40.4 38.44 37.94 41.38 40.66 40.48 39.92 38.4 -9999 37.9 38.06 37.54 37.78 38.14 37.02 36.92 37.18 37.1 36.48 36.6 35.98 35.66 35.6 35.12 34.54 35.34 35.14 35.46 36.1 35.82 36.16 37.14 36.92 36.68 36 35.76 35.86 35.84 34.94 34.24 33.04 32.76 33.02 33.3 33.46 33.58 33.36 33.14 33.4 33.52 33.6 33.82 33.62 33.6 33.38 33.08 33.14 32.84 32.56 32.58 33.2 33.26 32.92 33.82 33.94 33.18 32.28 31.66 31.02 30.2 29.66 28.08 27.48
41.94 42.12 42.68 41.9 42.58 38.9 38.84 41.44 41.64 41.16 41.24 40.38 39.26 38.34 37.7 38.28 38.38 38.7 37.2 37.5 37.72 37.54 37.42 36.98 36.06 35.76 35.42 34.96 34.18 34.72 34.82 35.3 35.52 36.2 36.8 37.44 37.48 37.04 36.54 36.54 36.62 36.6 36.06 35.32 34.4 33.7 33.7 33.38 33.42 33.54 33.86 33.68 33.78 34.3 34.34 34.64 34.26 33.78 33.5 33.58 33.66 33.5 33.38 34 34.14 34.58 35.4 35.6 35.22 34.38 33.3 32.3 31.44 30.38 30.74 29.22 27.5
42.72 41.86 42.72 43.56 44.26 43.06 43.3 43.22 42.96 43.4 42.64 42 40.16 39.26 38.04 38.08 38 39.1 37.88 37.56 37.68 38.02 37.4 37.2 36.42 35.28 35.1 34.64 -9999 -9999 34.14 34 34.46 35.36 36.64 36.96 37.06 36.5 36.42 36.42 36.08 36.44 36.42 35.88 34.92 34.24 34.42 34.14 33.86 34 34.18 34.18 34.54 34.5 34.82 34.96 35.02 33.78 34.74 34.56 34.8 35.78 35.4 35.92 36.14 36.34 36.44 36.06 36.06 35.3 33.76 33.4 -9999 -9999 -9999 -9999 -9999
44.86 43.76 43.4 44.08 44.82 43.6 42.82 42.46 41.06 43.64 43.62 43.7 41.64 40.68 38.78 38.52 -9999 37.96 38.04 37.94 37.48 37.96 37.06 37.06 36.2 35.34 34.92 34.06 34.12 34 32.54 31.3 30.96 32.82 37.12 36.62 36.04 35.66 35.82 35.84 36.04 36.46 37.08 36.88 35.92 35.28 35.58 34.6 34.2 34 34.82 34.92 34.76 34.72 35 35.02 34.06 33.98 35.06 34.88 35.06 36.28 35.92 35.82 36.1 35.94 36.38 36.04 36.2 35.24 33.14 -9999 -9999 -9999 34.68 33.2 -9999
44.78 43.92 44.28 43.78 44.7 43.52 42.2 42.44 41.94 42.18 45.76 46.18 43.86 42.12 39.74 39.3 38.8 37.98 37.84 37.96 37.14 36.52 35.34 35.3 35.48 34.88 35.24 33.82 33.3 33.8 -9999 29.84 27.92 28.96 33.54 34.86 34.36 34.38 35.18 36.04 36.56 37.1 37.26 38.1 37.48 36.74 36.4 36.26 35.4 34.74 35.16 35.06 34.56 34.64 34.28 34.1 33.72 33.16 33.32 33.92 35.28 37.18 37.48 36.7 36.34 34.6 34.26 34.38 -9999 -9999 34.02 34.2 33.6 34.9 34.66 33.68 32.38
45.96 44.98 45.12 44.12 44.6 44.44 43.32 43.34 43.1 43.42 45.64 47.04 45.42 43.74 41.52 41.2 40.2 39.54 39.34 39.42 37.16 35.74 34.54 33.82 34.88 34.88 36 34.88 -9999 -9999 -9999 -9999 -9999 -9999 31.14 32.48 32.52 33.82 34.56 35.42 36.48 37.5 38.4 39.54 38.7 37.46 36.66 36.56 36.46 35.38 36.16 35.28 34.56 34.1 33.98 33.78 33.48 33.46 33.64 35.14 35.08 35.04 34.28 35.82 35.22 33.3 32.6 -9999 33.38 34.4 34.42 34.88 33.92 34.16 34 33.02 30.66
46.76 46.08 45.44 44.18 43.24 42.68 43.94 44.3 43.92 44.04 45.12 46.02 46.02 44.72 43.34 42.18 42.34 42.22 41.66 39.82 37.84 35.42 32.58 32.38 33.98 35.26 -9999 -9999 -9999 -9999 -9999 -9999 -9999 -9999 -9999 -9999 32.66 33.78 34.9 36.04 37.4 38.74 38.76 39.3 39.42 38.18 37.62 37.38 35.92 36.08 36.48 36.1 35.22 35.14 35.34 34.96 35.14 34.96 35.58 36.54 36.34 35.08 33.2 33.32 31.7 32.58 32.34 33.88 36 35.36 34.44 33.56 33.54 33.56 35.76 35.16 -9999
47.56 47.08 45.94 45.24 44.08 43.72 43.9 43.94 44.38 44.76 44.76 45.6 46.66 45.46 43.48 42.94 44.04 44.54 43.42 41.56 39.34 35.36 31.4 32.56 -9999 -9999 -9999 -9999 -9999 35.9 -9999 -9999 -9999 -9999 -9999 -9999 33.8 34.06 35.04 36.26 37 38.96 38.96 39.56 39.52 38.44 36.78 37.02 36.48 36.56 36.92 36.38 35.98 35.72 35.38 35.26 35.74 35.72 36.22 36.04 35.74 34.84 32.14 31.12 32.78 34.44 34.72 34.88 35.88 37.08 35.62 33.66 33.36 34.5 37.28 36.76 -9999
46.68 46.24 46.1 45.5 45.72 45.24 45.14 44.9 45.2 45.52 45.1 45.82 45.52 44.48 42.94 44.16 45.28 46.02 44.74 42.68 41.48 38.4 33.58 34.44 37.8 -9999 37.64 37.52 37.28 37.78 37.92 -9999 -9999 -9999 35.92 35.84 -9999 35.76 36.4 37.66 37.36 37.62 40.1 41.66 41.04 39.08 37.44 37.38 36.82 37.32 37.22 37.28 36.9 35.98 36.34 35.12 36.32 35.3 35.12 35.24 35.82 35.68 35.16 35.36 35.3 33.82 35.38 35.34 36.12 36.78 36.3 34.22 33.82 35.96 37.08 36.66 36.18
47.32 47.6 47.64 47.38 46.36 46.24 45.72 45.26 46.2 46.5 45.02 45.48 45.56 45.1 43.98 44.9 45.74 45.5 45.16 44.08 44.08 41.42 39.34 38.64 38.2 37.2 36.82 36.8 37.48 38.92 39.64 39.36 38.6 38.08 37.86 37.28 36.16 36.04 38.08 38.52 37.7 37.36 38.5 40.96 40.48 39.34 39.32 38.66 38.12 37.86 38.44 38.66 36.86 36.02 36.88 36.12 34.82 34.44 34.44 36.72 36.58 36.44 35.9 34 35.26 33.78 34.32 35.24 35.62 35.72 36 34.02 35.1 36.64 36.82 35.54 35.82
47.62 48.24 48.46 48.26 48.96 48.02 47.94 46.96 46.9 46.12 44.7 44.16 45.82 45.48 45.34 46.22 46.34 45.28 46.26 46.16 45.76 44.06 42.88 40.6 39.24 38.14 37.18 36.96 37.66 40.18 41.08 40.42 39.82 -9999 -9999 -9999 -9999 -9999 -9999 -9999 -9999 34.78 34.3 -9999 -9999 38.28 37.42 36.62 36.4 36.46 37.56 38.46 38.22 37.28 37.2 36.56 37.46 36.38 38.94 38.86 37.84 36.94 34 34.36 34.62 33.48 34.62 34.78 36.14 36.66 36.3 36.16 35.28 37 35.44 31.24 31.54
49.24 49.36 49.54 49.56 50.32 49.72 49.24 47.68 46.46 45.48 44.3 45.54 46.08 47.4 47.9 48.44 47.44 47.36 48.06 47.02 46.94 44.9 43.68 42.5 40.16 38.94 38.2 37.48 38.58 40.56 41.32 -9999 -9999 -9999 -9999 39.28 38.82 39.14 39.72 -9999 -9999 -9999 -9999 -9999 -9999 -9999 38.02 37.6 35.82 36.16 36.94 37.14 37.76 39.26 40.2 39.46 38.34 38 38.32 38.6 37.24 35.7 35.62 34.2 32.42 32.94 33.64 34.5 36.14 36 35.56 35.36 30.64 29.7 31.9 -9999 33.7
49.68 50.66 51.76 51.66 51.58 50.88 51.22 49.34 48.42 47.64 45.68 46.22 46.72 47.56 48.54 49.88 49.78 50.42 50.6 48.94 47.52 46.04 45.08 43.12 41.9 40.46 40.66 39.94 40.94 41.5 41.18 -9999 -9999 -9999 40.02 40.26 39.34 39.32 39.18 -9999 -9999 -9999 -9999 34.66 36.02 -9999 38.12 37.86 37.32 37.56 37.58 37.26 37.42 38.86 40.28 40.4 38.44 36.92 36.76 40.74 34.02 34.74 32.48 32.18 31.1 32.1 36.14 36.26 36.34 34.92 32.62 29.9 -9999 -9999 -9999 35.52 36.68
52.46 52.86 52.54 53.12 53.46 53.22 53.38 51 49.8 49.74 48.86 47.42 47.84 46.98 48.64 50.36 49.8 50.08 49.78 48.74 46.9 45.74 44.5 43.96 43.12 42.52 42.32 42.56 44.66 43.1 40.74 -9999 -9999 41.52 40.78 40.52 41.4 41.04 40.04 -9999 -9999 -9999 -9999 36.48 35.84 36.22 38.22 39.36 37.96 37.16 37.2 37.54 36.28 37.74 39.3 38 35.6 35.2 33.82 40.72 34 35.24 30.8 29.54 33.42 36.42 36.88 35.2 34.82 33.22 -9999 -9999 -9999 -9999 32.88 36.14 37.04
53.8 53.74 54.2 54.42 54.54 54.52 53.92 52.5 51.4 52.12 52.36 49.68 48.46 47.82 47.24 47.7 48.18 47.78 47.74 46.92 45.48 45.24 45.14 44.58 42.68 42.36 42.86 44.32 44.7 43.46 41.58 -9999 -9999 41.32 41.84 43 43.84 43.26 41.84 40.46 38.98 -9999 37.36 37.74 36.78 37.16 39.32 40.92 -9999 -9999 -9999 -9999 -9999 39.08 37.94 36.5 33.28 31.22 37.22 39.9 35.3 37.26 35.92 35.86 37.74 37.36 -9999 -9999 -9999 -9999 -9999 -9999 -9999 -9999 29.02 33.02 -9999
55.42 53.04 53.48 53.54 53.92 53.56 53.14 51.98 52.48 51.92 53.52 51.96 52 50.38 47.66 46.84 47.28 48.16 47.8 47.92 47.66 46.24 45.6 46.12 43.84 43.26 43.56 44.5 46.72 44.02 -9999 -9999 -9999 41.96 43.32 44.12 44.86 44.16 43.64 41.64 40.52 -9999 39.92 38.96 39.46 40.14 42.02 41.94 41.16 41.02 41.26 40.28 40.42 40.8 39.64 38.08 35.44 34.44 40.06 38.98 37.02 37.92 37.96 38.42 38.8 -9999 -9999 -9999 -9999 -9999 -9999 -9999 -9999 -9999 -9999 -9999 -9999
54.02 52.96 52.88 52.6 53.58 53.36 52.2 51.96 51.72 52.32 52.42 53.7 52.92 50.2 48.02 45.54 48.06 48.74 48.86 48.72 47.76 46.68 45.96 46.4 45.06 44.38 44.46 45.5 46.12 44.3 41.34 -9999 -9999 43.92 45 45.46 44.6 44.68 45.1 43.44 42.86 42.04 40.52 37.86 39.72 38.54 -9999 37.96 40.2 39.42 39.86 39.44 40.44 40.04 38.58 38 37.82 37.84 42.08 39.64 38.88 41.52 39.64 41.18 40.56 -9999 -9999 -9999 -9999 -9999 -9999 -9999 -9999 -9999 -9999 -9999 -9999
53.58 52.64 52.3 52.42 51.94 51.12 50.38 50.36 50.32 50.2 50.84 51.82 50.56 49.52 48.02 46.5 49.18 48.96 48.92 48.42 46.68 46.66 46.9 46.76 46.48 47 46.52 46.98 47.52 45.72 44.72 -9999 -9999 46.02 47.82 47.12 44.98 45.12 47.96 45.32 43.72 42.2 -9999 -9999 -9999 -9999 39.3 38.48 38.1 36.36 35.92 37.44 37.84 38.96 39.16 37.96 36.2 36.86 43.34 40 42.02 40.68 40.5 42.68 41.36 -9999 -9999 -9999 -9999 -9999 -9999 -9999 -9999 -9999 -9999 -9999 -9999
55.42 55.1 53.2 52.46 51.12 50.96 50.62 50.62 51.22 50.04 50.98 51.56 50.54 50.84 48.82 47.5 47.7 48.34 48.98 48.34 46.6 47.06 48.42 49 48.98 49.42 48.26 48.18 48.5 47.46 47.12 -9999 46.24 46.7 47.62 47.28 45.5 46.1 46.38 45.24 -9999 -9999 -9999 41.68 41.58 41.54 40.34 40.9 39.32 37.64 35.36 35.08 36.18 37.86 39.3 39.48 39.66 44.02 44.46 41.3 42.74 40.76 40.64 42.2 41.1 -9999 -9999 -9999 -9999 -9999 -9999 -9999 -9999 -9999 -9999 -9999 -9999
58.04 58.44 56.24 54.08 51.5 52.12 51.24 52.66 52.94 51.96 53.46 53.28 52.12 50.5 49.98 47.92 47.08 45.88 47 47.22 48.64 49.22 50.24 49.06 49.84 48.84 48.48 49.62 49.46 48.32 47.7 47.22 46.72 46.76 47.28 47 47.08 46.76 46.52 45.86 44.22 42.82 42.66 42.56 42.26 42.24 41.38 41.8 40.6 39.28 38.12 38.08 39.68 38.88 39.62 40.36 42.02 43.86 46.14 42.24 41.28 38.92 37.06 -9999 -9999 -9999 -9999 -9999 -9999 -9999 -9999 -9999 -9999 -9999 -9999 -9999 -9999
59.24 60 59.02 56.42 54.34 55.8 56.12 55.9 55.1 55.04 54.52 53.76 52.9 50.4 50.3 48.14 46.3 44.7 45.92 46.56 47.88 48.78 48.42 47.96 48.48 48.3 48.36 48.7 48.74 48.32 48.44 48.16 48.04 47.46 46.44 46.36 45.62 45.34 45.5 45.42 42.92 42.18 41.98 42.6 41.92 42.48 42.72 42.7 41.86 41.04 40.08 40.86 41.06 41.22 41.88 42.98 43.66 47.38 46.74 43.98 -9999 -9999 -9999 -9999 -9999 -9999 -9999 -9999 -9999 -9999 -9999 -9999 -9999 -9999 -9999 -9999 -9999
59.44 60.84 60.32 59.04 58.34 59.44 61.5 58.76 57.06 55.68 53.98 51.12 51.52 52.14 51.34 49.72 48.4 46.96 45.92 46.12 46.88 47.98 48.74 48.12 47.6 47.66 48.34 48.64 48.18 48 48.58 48.54 48.02 47.3 45.4 44.6 44.3 44.3 43.6 43.88 43.02 42.48 41.92 41.82 42.24 42.44 42.22 41.92 41.1 40.66 40.3 41.6 42.88 43.24 42.86 45.46 46.82 46.46 -9999 -9999 -9999 -9999 -9999 -9999 -9999 -9999 -9999 -9999 -9999 -9999 -9999 -9999 -9999 -9999 -9999 -9999 -9999
60.28 61.04 60.24 59.52 59.78 59.38 59.16 59.58 58.9 57.54 54.46 52.06 52.66 52.26 52.42 50.58 48.56 47.68 47.48 46.9 46.76 47.32 48.32 47.86 46.88 46.76 48.3 48.8 48.94 48.7 49.12 48.98 47.44 46.98 46 44.8 44.72 45.48 44.14 43.68 43.42 42.3 41.3 40.94 41.08 40.76 39.84 37.94 41.08 41.52 41.76 43.36 44.62 44.4 45.66 47.14 47.12 45.78 -9999 -9999 -9999 -9999 -9999 -9999 -9999 -9999 -9999 -9999 -9999 -9999 -9999 -9999 -9999 -9999 -9999 -9999 -9999
60.32 61.28 60.34 60.46 60.38 59.82 59.62 59.22 59.32 58.36 56.54 54.2 53.2 51.42 50.06 49.9 48.96 48.64 48.42 47.26 46.62 45.7 46.86 46.12 47.3 48.58 49.2 48.42 48.14 48.6 48.68 47.86 46.34 45.7 45.04 44.46 45.24 44.96 43.26 42.4 41.88 41.36 41.06 39.9 39.52 39.52 36.58 36.98 40.86 41.9 43.76 43.8 45.54 46.44 46.76 47.2 45.74 -9999 -9999 -9999 -9999 -9999 -9999 -9999 -9999 -9999 -9999 -9999 -9999 -9999 -9999 -9999 -9999 -9999 -9999 -9999 -9999
64.12 63.9 63.9 63.96 62.78 61.84 59.86 59.28 59.24 59.06 58.34 55.36 51.9 49.16 49.14 50.82 49.06 48.92 48.76 47.66 46.92 45.92 46.8 46.72 49 51.22 50.42 49.4 48.28 48.7 48.88 48.46 45.98 45.24 45.5 45.22 45.44 44.76 43.34 42.12 41.2 41.08 40.44 39.18 39.28 37.24 34.08 37.46 40.92 43.34 45.92 47.32 47.36 47.22 48.28 46.66 -9999 -9999 -9999 -9999 -9999 -9999 -9999 -9999 -9999 -9999 -9999 -9999 -9999 -9999 -9999 -9999 -9999 -9999 -9999 -9999 -9999
69.04 68.2 66.94 66.12 64.68 62.7 62.3 61.3 60.42 59.92 58.66 55.56 52.34 50.46 49.7 49.58 49.9 49.22 48.56 48.08 47.46 47.28 46.9 46.58 48.1 49.38 50.06 48.3 47.6 47.84 47.94 47.88 46.36 45.34 46.64 44.02 43.92 44.56 44.3 42.28 41.64 41.24 40.84 40.5 37.66 35.72 37.62 39.2 42.24 44.5 44.98 45.96 46.98 47.12 46.04 45.32 -9999 -9999 -9999 -9999 -9999 -9999 -9999 -9999 -9999 -9999 -9999 -9999 -9999 -9999 -9999 -9999 -9999 -9999 -9999 -9999 -9999
70.38 70.62 70 68.34 66.64 65.3 64.06 62.64 61.46 60.78 59.08 56.42 52.68 50.8 50.08 49.9 50.38 48.22 47.74 47.52 47.6 47.6 46.94 46.08 45.32 46.4 48.54 48.82 49.24 48.9 48.36 48.5 47.18 45.24 45.24 44.06 44.6 44.22 43.3 42.82 42.18 42.3 40.52 37.88 38.68 39.68 42.28 42.4 44.28 45.9 45.26 45.7 46.6 -9999 45.52 -9999 -9999 -9999 -9999 -9999 -9999 -9999 -9999 -9999 -9999 -9999 -9999 -9999 -9999 -9999 -9999 -9999 -9999 -9999 -9999 -9999 -9999
