shamba/rasters/climate/pet_1.txt
ncols         720
nrows         360
xllcorner     -180
yllcorner     -90
cellsize      0.5
NODATA_value  -9999
[rows 68 to 101 of 360, columns 154 to 230 of 720]
0.64 0.52 0.48 0.4 0.42 0.42 0.76 0.74 0.68 0.6 0.48 0.5 0.46 0.52 0.58 0.6 0.54 0.64 0.64 0.68 0.64 0.54 0.6 0.52 0.5 0.48 0.48 0.46 0.52 0.52 0.42 0.42 0.44 0.54 -9999 -9999 -9999 -9999 -9999 -9999 -9999 -9999 -9999 -9999 -9999 -9999 -9999 -9999 -9999 -9999 -9999 -9999 0.5 0.42 0.44 0.38 0.4 0.3 0.28 0.3 0.3 0.28 0.24 0.66 0.66 0.68 0.68 0.66 0.28 0.38 0.38 0.42 0.48 0.52 0.64 0.82 0.56
0.5 0.48 0.36 0.64 0.7 0.64 0.58 0.6 0.5 0.36 0.36 0.28 0.64 0.6 0.7 0.7 0.74 0.68 0.7 0.68 0.68 0.72 0.74 0.78 0.62 0.6 0.64 0.64 0.62 0.64 0.58 0.6 0.64 0.58 0.72 0.76 0.78 0.76 0.8 0.5 -9999 -9999 -9999 -9999 -9999 -9999 -9999 -9999 -9999 -9999 0.78 0.66 0.6 0.5 0.5 0.46 0.42 0.38 0.34 0.32 0.24 0.28 0.3 0.3 0.72 0.72 0.68 0.7 0.32 0.38 0.4 0.44 0.46 0.52 0.68 0.46 0.56
0.72 0.66 0.66 0.52 0.56 0.54 0.46 0.44 0.36 0.32 0.5 0.46 0.38 0.36 0.44 0.44 0.46 0.46 0.5 0.48 0.46 0.4 0.38 0.82 0.74 0.76 0.8 0.72 0.74 0.72 0.82 0.84 0.74 0.76 0.76 0.78 0.76 0.78 0.52 0.58 0.66 0.66 -9999 -9999 -9999 -9999 -9999 0.66 0.68 0.76 0.7 0.7 0.64 0.62 0.6 0.62 0.5 0.46 0.32 0.4 0.38 0.38 0.74 0.4 0.72 0.72 0.4 0.42 0.44 0.54 0.62 0.46 0.52 0.62 0.7 0.88 0.64
0.6 0.56 0.88 0.86 0.82 0.8 0.74 0.64 0.6 0.46 0.38 0.34 0.2 0.6 0.58 0.62 0.62 0.6 0.62 0.64 0.58 0.6 0.6 0.6 0.56 0.5 0.88 0.88 0.9 0.94 0.92 0.88 0.88 0.52 0.48 0.52 0.54 0.56 0.58 0.62 0.66 -9999 -9999 -9999 -9999 -9999 -9999 0.46 0.48 0.42 0.36 0.36 0.7 0.62 0.62 0.58 0.6 0.54 0.5 0.44 0.5 0.46 0.42 0.6 0.74 0.52 0.56 0.52 0.66 0.64 0.66 0.7 0.72 0.7 0.76 0.6 0.76
0.88 0.84 0.82 0.82 0.8 0.72 0.6 0.48 -9999 -9999 0.66 0.58 0.44 0.44 0.38 0.38 0.44 0.42 0.36 0.66 0.68 0.58 0.68 0.66 0.64 0.6 0.72 0.66 0.68 0.72 0.64 0.72 0.66 0.6 0.64 0.68 0.66 0.68 0.7 0.72 0.76 0.76 -9999 -9999 -9999 -9999 -9999 -9999 0.62 0.52 0.5 0.48 0.52 0.48 0.46 0.36 0.38 0.62 0.64 0.64 0.6 0.52 0.5 0.5 0.54 0.62 0.7 0.76 0.78 0.9 0.84 0.92 0.94 0.56 0.6 0.92 0.96
1.04 1 1.2 1.14 1.2 -9999 1.16 0.9 -9999 -9999 -9999 0.38 0.78 0.76 0.66 0.64 0.64 0.56 0.5 0.6 0.56 0.5 0.5 0.46 0.86 0.8 0.9 0.88 0.8 0.9 0.88 0.94 0.82 0.88 0.82 0.78 0.82 0.84 0.78 0.78 0.84 0.6 -9999 0.56 -9999 -9999 -9999 -9999 0.62 0.62 0.62 0.62 0.58 0.6 0.58 0.6 0.48 0.44 0.42 0.44 0.82 0.68 0.62 0.62 0.72 0.84 0.92 0.84 0.58 1.22 0.62 0.64 0.72 0.78 0.84 0.98 1.24
1.36 1.42 0.94 0.98 1.3 1.14 -9999 0.8 0.62 -9999 -9999 -9999 0.64 0.56 0.64 0.64 0.48 0.42 0.36 0.68 0.74 0.68 0.62 0.6 0.7 0.58 0.54 0.54 0.98 1.02 0.92 0.92 0.7 1.02 0.68 0.94 0.68 0.64 0.66 0.72 0.72 0.74 -9999 -9999 -9999 -9999 -9999 -9999 0.54 0.5 0.48 0.78 0.74 0.64 0.68 0.68 0.42 0.42 0.88 0.86 0.82 0.62 1 0.66 0.82 0.66 0.72 0.78 0.78 0.82 0.82 0.96 1.1 1.16 1.22 1.36 0.92
1.16 1.38 1.38 1 1.16 1.16 1.02 1.02 0.88 0.68 -9999 -9999 0.48 0.82 0.52 0.48 0.76 0.72 0.68 0.52 0.68 0.6 0.82 0.82 0.9 0.86 0.78 0.78 0.78 0.86 0.82 0.82 0.94 0.88 0.84 0.82 0.82 0.8 0.78 0.86 0.98 0.96 0.96 -9999 -9999 -9999 -9999 -9999 -9999 0.74 0.74 0.6 0.54 0.48 0.54 0.5 0.62 0.6 0.66 0.64 0.66 0.82 1.14 0.86 0.88 0.96 0.92 0.68 0.66 0.88 0.82 0.88 1.02 1.34 1.28 1.42 1.04
1.4 1.24 1.38 1.58 1.12 1.16 1.48 1.08 1.08 0.94 0.94 0.86 0.76 0.84 0.74 0.68 0.62 0.56 0.54 0.58 0.72 0.7 0.8 0.82 0.78 0.7 0.92 0.94 0.92 1.02 1.12 1.08 1.12 1.22 1.2 1.18 1.24 1.16 1.18 0.78 0.72 0.78 0.76 0.82 0.98 -9999 -9999 -9999 0.64 0.86 0.58 0.9 0.7 0.74 0.8 0.76 0.78 0.74 0.94 0.92 1.08 1 0.88 1.1 1 0.78 0.86 1.06 0.78 0.82 1.2 1.2 1.06 1.44 1.52 1.2 1.34
1.44 1.28 1.26 1.34 1.66 1.66 1.54 1.18 1.1 0.88 1.24 1.08 1 0.68 1.08 1.06 0.96 0.88 0.54 0.54 0.66 0.64 0.76 0.74 0.7 0.7 0.76 0.78 0.76 0.9 0.94 0.92 1 1.08 1.18 1.04 1.12 0.94 1.02 1.06 1.08 1.18 1.14 0.8 0.78 0.8 0.86 0.86 0.82 0.7 0.66 0.74 0.74 0.78 0.66 0.74 0.76 0.74 1 1.02 0.98 0.86 0.8 0.86 0.86 0.96 1.14 0.92 1.18 1.32 1.34 1.5 1.52 1.6 1.28 1.48 1.3
1.36 1.4 1.1 1.24 1.32 1.66 1.8 1.22 1.24 1.36 1.12 0.92 -9999 1 1.04 1 1.04 0.94 0.76 0.72 0.68 0.6 0.88 0.74 0.68 0.98 0.68 1.08 1.04 1.14 1.14 0.82 0.86 0.84 0.8 0.96 0.98 0.9 0.86 0.9 1.02 1.1 1.1 1.14 1.18 1.08 1.06 1.06 0.74 0.72 1.02 0.9 0.98 1.04 1.06 1.1 1 1 1.06 0.88 1.26 1.2 1.1 1.24 0.84 0.88 1.48 1.1 1.18 1.32 1.58 1.7 1.96 1.76 1.78 1.48 1.4
1.42 1.42 1.36 1.22 1.4 1.58 1.8 1.32 1.3 0.88 0.98 1.14 1.08 1.12 1 0.98 0.86 0.86 0.62 0.68 0.56 0.92 0.8 0.64 0.92 0.9 1.04 0.94 1.08 1.14 1.16 0.9 1.22 1.16 1.16 0.86 0.84 0.92 1.28 0.94 1.06 1.08 1.02 1.04 1.06 0.96 0.86 0.88 0.92 0.86 0.82 0.74 0.7 0.84 0.96 1.02 1.06 0.96 1.12 1.12 1 1 0.94 1.14 1.3 1.18 1.32 1.2 1.6 1.84 2.2 2.52 2.1 2.24 2.56 1.98 1.54
1.5 1.64 1.24 1.4 1.62 1.34 1.56 1.2 1.1 1.26 1.02 1.1 1.24 1.3 1.1 1.14 0.98 0.86 0.58 0.62 0.96 0.88 0.62 0.94 0.88 0.9 1 1.22 -9999 -9999 1.02 0.94 0.94 0.94 1.18 1.1 1.02 1.02 1.1 1.22 1.22 1.18 1.16 1.12 1.06 0.94 1.18 1.26 1.1 1.02 0.94 0.98 1 1.12 0.92 0.78 0.9 1.18 1.02 1.22 1.26 1.3 1.18 1.3 1.38 1.22 1.32 1.24 1.3 1.96 2.12 2.6 -9999 -9999 -9999 -9999 -9999
1.7 1.4 1.68 1.72 1.44 1.7 1.62 1.68 1.8 1.5 1.04 1.06 1.46 1.44 1.36 1.32 -9999 1.38 1.44 1.56 1.8 1.3 1.08 0.94 0.94 0.94 1.18 1.26 1.12 1.18 1 1.02 1.26 1.16 0.98 1.16 1.02 1.1 1.08 1.04 1.14 1.26 1.18 1.14 0.98 1.32 1.14 1.18 1.02 1.24 0.88 0.86 0.82 1 1.06 0.82 0.8 1.12 0.92 1.14 1.18 1.3 1.56 1.36 1.04 1.2 1.36 1.02 1.8 2.04 2.48 -9999 -9999 -9999 3.76 3.44 -9999
1.78 1.76 1.76 1.78 1.72 2.3 2.42 1.88 1.8 2.12 1.46 1.36 1.14 1.5 1.84 1.88 2.02 2 2.4 2.86 2.76 2.22 1.78 1.76 1.22 1.14 1.46 1.28 1.04 1 -9999 1.28 1.26 1.04 1.42 1.52 1.28 1.26 1.28 1.46 1.3 1.34 1.3 1.2 1.2 1 1.34 1.34 1.2 1.22 1.06 0.94 1.04 1.18 1.3 0.94 1.08 0.98 1.24 1.12 1.4 1.22 1.58 1.2 1.38 1.02 1.32 1.48 -9999 -9999 2.5 2.48 4.52 3.42 3.54 3.36 2.84
2.66 2.62 2.46 2.58 2.42 2.7 2.72 2.62 2.42 2.2 2.4 2.06 2.46 2.36 2.52 2.54 2.62 3.36 3.28 3.82 3.6 3.1 2.52 2.52 2.12 2.02 1.98 1.56 -9999 -9999 -9999 -9999 -9999 -9999 1.36 1.5 1.34 1.36 1.2 1.16 1.6 1.5 1.48 1.4 1.26 1.48 1.36 1.3 1.38 1.16 1.2 1.08 1.2 0.94 1.12 1 1.02 1.06 1.4 1.16 1.12 1.34 1.56 1.16 1.62 1.28 1.18 -9999 1.62 2 2.1 2.42 3.2 3.14 2.86 2.72 3.36
3.96 3.52 3.56 3.56 3.66 3.22 3.34 3.02 2.94 3.28 3 3.06 3.18 2.94 3.32 3.8 3.9 4.12 4.58 4.64 4.12 3.48 3.5 3.4 3.04 2.76 -9999 -9999 -9999 -9999 -9999 -9999 -9999 -9999 -9999 -9999 1.42 1.38 1.46 1.38 1.82 1.64 1.56 1.32 1.54 1.4 1.5 1.2 1.44 1.3 1.38 1.18 1.1 1.3 1.04 1.42 1.12 1.08 1.4 1.22 1.66 1.7 2.32 2.44 2.42 1.46 1.2 1.48 1.86 2.46 2.46 2.52 2.56 2.5 2.86 2.96 -9999
4.98 4.6 4.48 4 4.34 3.94 3.68 3.5 3.66 3.6 3.6 3.74 3.8 3.78 4.46 4.52 4.62 5.14 4.98 4.9 4.5 4 4.04 3.94 -9999 -9999 -9999 -9999 -9999 2.94 -9999 -9999 -9999 -9999 -9999 -9999 1.62 1.76 1.76 1.9 1.68 1.52 1.26 1.5 1.32 1.52 1.22 1.4 1.36 1.2 1.12 1.5 1.12 1.16 1.3 1.52 1.4 1.4 1.58 1.46 1.54 1.36 2.54 2.64 2.02 2.44 1.84 2.02 2.66 3.34 3.1 2.68 2.98 2.92 2.7 2.64 -9999
5.54 5.16 5.26 5.2 4.7 4.6 4.2 4.5 4.14 4.28 4.26 3.8 4.26 4.66 4.36 5.02 5.34 5.32 5.84 5.72 4.8 4.46 4.66 4.6 4.04 -9999 3.42 3.04 3.1 3.38 2.86 -9999 -9999 -9999 2.92 2.6 -9999 2.56 2.12 1.98 1.82 1.88 1.9 1.7 1.5 1.64 1.24 1.2 1.2 1.16 1.46 1.36 1.28 1.56 1.34 1.44 1.68 1.54 1.68 1.6 1.38 1.56 1.86 2.04 2.2 2.46 2.2 2.46 2.92 3.72 3.46 2.92 2.96 2.68 1.86 2.44 2.32
6.34 6.28 5.74 5.16 4.94 4.84 4.44 4.68 4.14 4.3 4.2 4.58 4.42 4.74 4.94 4.98 5.52 5.52 5.68 5.7 5.14 5.08 4.78 4.8 4.54 4.38 3.84 3.86 3.64 4.14 3.54 3.84 3.34 3.8 3.64 3.26 3.14 3.08 2.5 2.26 1.88 1.86 2.04 1.6 1.76 1.82 1.48 1.32 1.5 1.44 1.54 1.32 1.46 1.52 1.62 1.7 1.84 1.66 1.6 1.7 1.98 1.66 2.54 2.52 2.32 2.34 2.46 2.64 3.2 3.44 3.52 3.26 2.88 2.92 2.7 2.24 2.32
7.26 7.18 6.64 6.28 5.24 5.42 4.96 4.58 4.46 4.22 4.74 5.12 4.68 4.9 5 5.2 5.4 5.42 5.68 5.4 5.16 5.14 5.12 4.86 4.54 4.2 4.06 4.1 3.98 4.54 4.28 4.02 4.04 -9999 -9999 -9999 -9999 -9999 -9999 -9999 -9999 2.02 2.1 -9999 -9999 1.72 1.92 1.38 1.68 1.4 1.46 1.5 1.44 1.36 1.62 1.54 2.02 1.88 2.12 2.38 2.1 2.1 2.16 2.58 2.84 3.06 3.06 3.18 3.44 3.56 3.04 2.96 3.3 3.86 2.6 1.88 2.32
7.68 7.64 7.02 6.56 6.14 5.7 5.24 5.12 4.76 4.28 4.58 5.38 5.28 5.22 4.94 5.34 5.38 5.7 5.82 5.82 5.24 5.54 4.96 4.74 4.4 4.4 4.2 4.2 4.3 4.36 4.72 -9999 -9999 -9999 -9999 4.54 4.18 4.44 4.24 -9999 -9999 -9999 -9999 -9999 -9999 -9999 2.14 1.98 1.8 1.66 1.9 1.56 1.5 1.52 2.08 2.38 2.64 2.66 3.12 3.36 3.3 2.86 2.96 2.74 3.6 3.2 3.46 3.58 3.8 3.82 3.68 3.82 3.88 4.2 3.1 -9999 2.78
8.9 8.16 7.52 7.4 6.82 6.5 6 5.78 5.36 4.98 5 5.6 5.74 5.78 5.62 5.16 5.04 5.5 5.74 5.64 5.36 5.2 5.28 5 4.62 4.4 4.62 4.12 4.28 4.48 5.1 -9999 -9999 -9999 5.16 4.88 4.96 5.14 5.08 -9999 -9999 -9999 -9999 3.34 3.04 -9999 2.16 1.78 1.94 2.04 1.88 1.58 1.54 1.8 3.38 3.96 3.88 4.1 4.3 4.58 4.48 4.34 4.08 4.1 4.24 3.72 3.94 4.6 4.4 4.94 5.1 5.68 -9999 -9999 -9999 2.82 2.56
10.14 9.56 9.08 8.22 8.12 7.74 7.18 6.68 6.16 6.04 6.08 5.82 6 5.5 5.68 5.36 5.42 5.44 5.56 5.48 5.46 5.6 5 5.2 5.06 5.22 4.98 4.68 4.88 5.52 5.38 -9999 -9999 5.46 5.46 5.32 5.28 5.1 5.36 -9999 -9999 -9999 -9999 2.94 2.02 1.94 2.36 2.64 2.46 2.98 3 3.22 3.16 3.32 4.4 4.36 4.32 5.32 6.12 5.7 5.42 5.5 5.82 5.76 5.7 5.84 5.66 5.92 5.96 5.96 -9999 -9999 -9999 -9999 4.46 3.26 3.24
11.04 10.1 9.46 9.02 8.78 8.22 7.54 7.18 7.04 6.94 6.72 6.06 6.08 5.54 5.74 5.56 5.46 5 4.74 4.64 4.78 5.26 5.72 5.56 5.72 5.18 5.4 5.18 5.56 5.6 6.06 -9999 -9999 6.28 5.68 5.44 5.06 5.4 5.4 5.06 4.8 -9999 4.16 2.5 2.18 1.9 2.36 4.36 -9999 -9999 -9999 -9999 -9999 5.76 4.84 4.62 4.86 5.26 6.24 6.7 6.16 5.78 6.36 6.6 7.3 7.5 -9999 -9999 -9999 -9999 -9999 -9999 -9999 -9999 4.54 3.82 -9999
11.62 11.04 10.26 9.84 9.4 8.8 8.48 7.56 7.44 7.42 7.12 7.02 6.68 5.7 5.7 5.56 5.6 5.06 5.02 5.24 5.54 5.66 5.94 6.04 5.96 5.36 5.54 5.34 5.9 6.24 -9999 -9999 -9999 6.36 6.14 5.38 5.46 5.64 5.5 5.88 5.68 -9999 4.24 3.36 3.04 3.5 5.5 6.74 6.62 7.06 7.46 7.4 7.5 6.82 6 5.52 5.28 5.9 6.58 6.92 7.22 7.08 7.5 7.64 8.3 -9999 -9999 -9999 -9999 -9999 -9999 -9999 -9999 -9999 -9999 -9999 -9999
11.82 11.26 10.82 10.6 9.9 9.3 9.06 8.68 8.46 8.24 7.36 7.58 7.14 6.24 5.86 5.5 5.86 5.92 5.82 6 5.76 6.14 6.18 6.44 5.68 6.02 5.72 5.54 6.04 6.66 6.92 -9999 -9999 7.06 6.54 5.96 5.62 6.22 6.64 6.58 5.58 5.16 4.84 4.28 3.74 4.6 -9999 6.4 6.58 6.66 7.1 7.1 7.54 7.06 6.78 6.66 6.94 6.94 7.2 7.5 8.24 8.78 8.16 8.98 9.8 -9999 -9999 -9999 -9999 -9999 -9999 -9999 -9999 -9999 -9999 -9999 -9999
11.24 11.58 11 10.42 9.86 9.4 9.38 9.08 8.46 8.36 8.32 8.08 6.96 6.56 6.44 6.24 6.7 6.22 6.1 6.74 5.9 6.06 6.48 7 6.18 6.64 5.72 6.02 6 7.12 7.44 -9999 -9999 7.76 7.88 6.98 6.74 6.84 7.2 6.16 5.04 5.08 -9999 -9999 -9999 -9999 6.62 6.58 6.82 6.46 6.9 7.32 7.56 7.36 7.08 7.46 7.5 7.96 8.46 8.64 9.28 9.32 9.2 10.12 10.74 -9999 -9999 -9999 -9999 -9999 -9999 -9999 -9999 -9999 -9999 -9999 -9999
12.16 12.04 11.48 10.62 9.86 9.52 9.3 9.22 9.12 8.56 8.52 7.82 7.48 7.1 6.84 6.82 6.72 6.7 6.88 7.04 6.8 6.78 7.26 7.76 7.48 7.24 6.34 6.62 6.92 7.4 7.76 -9999 7.3 7.5 7.82 7.12 6.98 7.24 7.64 6.66 -9999 -9999 -9999 6.92 7.32 7.78 7.54 7.66 7.4 7 6.86 7.36 8 7.92 8 8.32 8.4 9.52 9.8 10.2 10.32 10.36 10.9 11.92 12.04 -9999 -9999 -9999 -9999 -9999 -9999 -9999 -9999 -9999 -9999 -9999 -9999
13.5 12.56 11.92 11.26 9.88 10.22 9.94 9.6 9.36 8.64 8.96 8.52 7.58 7.3 7.26 6.96 6.62 6.82 7.12 7.4 8.04 8.14 8.5 8.16 8.08 7.12 6.74 6.98 7.2 7.08 7.4 6.9 7.54 7.3 7.2 6.74 6.9 7.16 7.58 7.18 6.7 6.72 7.46 7.86 7.78 7.82 7.6 8.2 7.86 7.84 7.82 8.22 8.6 8.66 9.28 9.24 9.34 10.54 11.66 11.6 12.04 11.82 12.66 -9999 -9999 -9999 -9999 -9999 -9999 -9999 -9999 -9999 -9999 -9999 -9999 -9999 -9999
13.04 12.96 12.12 11.22 10.32 10.9 10.84 10.4 10.18 8.94 9.56 9.5 8.5 7.28 7.38 7.1 6.48 6.5 7.02 7.58 8.26 8.34 8.34 7.86 7.98 7.6 7.36 7.02 7.24 7.08 7.1 6.9 7.4 7.34 6.72 6.44 6.42 6.78 6.98 7.48 6.96 7.34 7.5 8.16 8.36 8.38 8.6 9 8.98 8.78 8.48 8.66 9.08 9.08 9.68 9.5 10.34 11.68 13.48 13.4 -9999 -9999 -9999 -9999 -9999 -9999 -9999 -9999 -9999 -9999 -9999 -9999 -9999 -9999 -9999 -9999 -9999
12.42 12.84 12.64 11.72 11.1 11.34 12.34 10.92 10.04 9.18 9.08 8.84 9.02 8.96 8.34 8.22 7.56 7.14 7 7.76 8.56 8.58 8.86 8.16 7.72 7.56 7.36 7.88 7.84 7.62 8.12 8.24 8.42 8.2 7.06 6.82 6.68 6.84 7.6 7.9 7.82 8.02 8.6 8.88 9.46 9.5 9.02 9.46 9.46 9.02 8.82 9.14 9.74 10.24 10.42 11.54 12.32 12.46 -9999 -9999 -9999 -9999 -9999 -9999 -9999 -9999 -9999 -9999 -9999 -9999 -9999 -9999 -9999 -9999 -9999 -9999 -9999
12.32 12.84 12.62 12.24 11.62 11.68 10.84 10.02 9.94 10.14 9.32 9.02 9.5 9.98 10 9.84 8.9 8.1 7.58 7.92 8.38 8.86 8.4 7.72 7.82 7.74 8.32 8.62 8.56 8.34 8.32 8.84 8.2 8.12 7.48 7.18 7.5 8.38 8.26 8.2 8.3 8.9 8.58 9.4 9.62 9.52 9.46 9.68 9.72 9.32 9.44 10.22 10.84 11.18 11.92 12.58 12.52 12.46 -9999 -9999 -9999 -9999 -9999 -9999 -9999 -9999 -9999 -9999 -9999 -9999 -9999 -9999 -9999 -9999 -9999 -9999 -9999
12.18 12.78 13.16 12.18 11.96 11.54 11.18 10.68 10.36 10.36 10.46 10.24 10.38 10.14 10.02 10.68 9.88 9.42 8.66 8.74 8.92 8.94 8.04 7.82 8.02 8.58 9.66 9.4 9.1 8.44 8.24 8.32 8.16 8.2 7.84 8.02 8.54 8.94 9.14 9.06 8.96 9.4 9.54 9.54 9.4 10.08 9.42 9.74 10.64 10.56 11.06 11.14 12.04 12.42 12.62 13.06 12.82 -9999 -9999 -9999 -9999 -9999 -9999 -9999 -9999 -9999 -9999 -9999 -9999 -9999 -9999 -9999 -9999 -9999 -9999 -9999 -9999
