shamba/rasters/climate/pet_6.txt
ncols         720
nrows         360
xllcorner     -180
yllcorner     -90
cellsize      0.5
NODATA_value  -9999
[rows 35 to 69 of 360, columns 539 to 615 of 720]
18.76 18.78 19.14 19.42 19.9 20.3 20.58 20.52 20.98 21.02 21.1 21.14 21.54 21.76 22.14 22.2 22.46 22.44 22.32 22.54 22.9 22.46 22.64 22.54 22.44 22.66 23.06 22.84 23.34 23.6 23.98 24.34 24.26 24.54 24.76 24.64 24.96 25.26 25.58 26.06 26.46 26.86 26.92 27.3 27.84 28.02 28.54 28.8 29.12 29.44 29.48 30.06 30.3 30.18 30.38 30.72 30.66 30.94 31.22 31.28 31.36 31.3 31.48 31.44 31.7 31.66 31.68 31.92 31.54 31.54 31.94 32.22 32.86 33.32 33.58 33.38 33.94
19.72 19.5 19.98 19.96 20.76 20.72 21.02 21.08 21.26 21.62 21.88 22.16 22.24 22.62 22.62 22.96 22.72 22.92 23.24 23.12 23.2 23.28 23.3 23.48 23.08 23.26 23.6 23.28 23.58 23.72 23.76 24.24 24.34 24.58 24.58 25 25.12 25.5 25.58 26 26.52 26.82 27.44 28.12 27.98 28.38 28.24 28.44 28.94 29.54 29.86 30.14 30.5 30.36 30.82 30.94 31.24 31.34 31.3 31.28 31.48 31.58 31.84 31.7 32.06 32 31.66 32.18 32.28 32.34 32.58 32.72 31.84 32.32 32.9 33.5 33.8
20.02 20.28 20.66 20.96 21.06 21.6 21.58 22.08 22.04 22.54 22.54 22.94 22.96 23.06 23.16 23.7 23.72 23.74 23.88 23.98 23.72 23.88 23.98 23.88 23.84 23.34 23.62 23.54 24.18 24.18 24.48 24.08 24.72 24.9 25.3 25.26 25.46 25.5 25.84 26.26 26.34 26.66 27.14 27.76 28.24 29.1 29.08 28.78 29.48 29.46 30.16 30.54 30.72 31.12 31.06 31.04 31.46 31.66 31.56 31.9 32.06 32 32.36 31.9 31.82 32.04 32.16 31.02 31.64 31.56 32.14 32.5 32.32 32.18 33.3 33.62 33.48
20.76 21.3 21.14 21.52 21.62 21.76 21.78 22.14 22.5 22.6 22.48 23.34 23.46 23.72 23.8 24.16 23.94 24.56 24.04 24.02 23.66 23.6 23.76 23.7 22.86 23.28 23.82 24.12 24.3 24.5 24.76 24.42 24.86 25.12 25.04 25.44 25.28 25.14 25.34 25.76 26.02 26.66 26.96 27.32 28.28 29.16 29.42 29.62 30.1 30.5 30.22 31.14 31.02 31.3 30.94 31.54 31.64 31.92 32.06 32.48 31.9 32.1 32.5 32.36 32 32.24 32.26 31.8 31.92 32.34 32.72 33.16 33.52 33.5 33.74 34.1 33.7
20.88 20.8 20.8 20.58 20.96 21.04 21 21.2 21.62 21.72 22.26 22.32 22.76 22.86 23.14 23.52 23.5 23.6 23.48 23.46 23.66 23.8 23.98 24.3 23.82 24.1 24.6 25.24 25.04 24.98 25.32 24.7 24.8 25.4 25.52 25.66 25.6 25.6 25.6 25.78 26.34 26.88 27.36 27.88 28.54 29.32 29.86 30 30.32 30.84 31.1 31.1 31.66 31.2 31.4 31.84 32.18 32.36 32.16 32.72 32.38 32.36 32.5 31.76 31.94 32.48 32.6 32.82 32.68 33.06 33.16 33.64 33.82 33.78 33.9 33.42 33.02
21.5 21.52 20.8 20.8 20.84 21.02 20.98 21.14 21.3 21.76 22.12 21.98 22.26 22.78 22.98 23.14 23.32 22.96 23.4 23.52 23.88 23.9 23.92 24.58 24.8 24.74 24.96 25.2 25.1 25.04 25.04 24.76 24.54 24.48 25.32 25.56 25.5 25.52 25.76 25.8 26.32 27.52 28.04 28.04 28.56 29.12 29.78 29.84 30.2 31.04 31.26 31.62 31.8 31.82 31.98 32.14 32.42 32.7 32.32 32.08 32.7 32.32 32.26 32.2 32.34 32.7 33.32 33.58 33.28 33.6 33.94 34.44 34.32 33.78 33.04 32.68 31.42
22.5 21.64 21.52 21.66 21.62 21.3 21.6 21.74 22.14 22.26 22.18 22.32 22.58 22.6 22.52 23.1 22.7 23.16 23.4 24.22 24.72 24.8 24.64 25.1 25.04 25.82 25.88 26.32 26.44 25.84 25.94 25.64 25.66 25.48 25.64 26.2 26.2 26.48 27.16 27.22 27.42 27.76 27.9 28.36 28.76 29.18 29.48 29.64 30.24 31.16 31.28 31.92 31.72 32.5 32.5 32.62 32.6 32.74 32.46 32.74 32.62 32.54 32.54 32.88 33.26 33.62 33.82 33.48 33.66 33.9 34.18 34.28 33.88 33.78 32.22 31.06 30.56
23.42 22.78 22.64 22.74 23 22.72 22.38 22.4 22.58 22.64 22.8 22.54 22.72 22.9 23.08 23.44 23.72 23.52 23.56 24 24.52 25.1 25.14 25.4 26.04 26.62 26.64 27.14 27.36 27.68 27.3 27.5 27.74 27.36 27.8 28 28.32 28.48 28.54 28.78 28.52 28.68 28.88 28.88 29.22 29.74 29.7 30.26 31.02 30.84 31.22 32.24 32.34 32.56 32.72 33.1 32.86 33.4 33.44 33 33.2 33.1 33.68 33.6 33.7 34.04 33.84 33.96 33.98 34.2 34 34.26 34.34 34.04 33.04 31.58 30.68
24.2 23.96 23.76 23.4 23.3 22.88 23.46 22.96 23.3 23.6 23.4 23.74 23.54 24.02 23.58 24.12 24.2 24.98 24.68 24.78 24.24 25.46 26.12 26.48 26.72 27.18 27.34 27.34 26.92 27.18 27.2 27.46 26.94 27.42 27.78 28.14 28.42 28.12 29.04 29 28.9 29.1 29.28 29.14 29.54 30.34 30.18 30.84 31.22 31.5 32.38 32.1 32.74 32.84 33.24 33.66 33.74 33.32 33.2 33.26 33.66 33.88 33.94 34.06 33.96 34.42 34.56 34.22 34.48 34.58 34.36 33.64 33.74 33.06 31.1 30.56 30.1
23.06 23.32 23.5 23.64 24.36 24.14 23.48 23.58 23.6 24.48 24.72 24.44 24.76 24.66 25.12 25.12 24.82 25.64 25.82 26.3 26.06 26.64 26.82 27.86 28.28 28.34 28.06 27.94 26.72 27.12 26.74 27.2 27.32 27.44 27.34 27.76 27.74 28.1 28.12 27.92 28.56 28.5 28.78 29.42 29.44 30.22 30.02 30.68 31.2 31.38 31.76 32.18 32.98 33.64 33.56 33.46 33.14 34 33.96 34.04 33.74 34.38 34.02 34.04 34.16 34.5 35.12 34.92 34.82 34.82 34.6 34.02 34.36 32.58 31.06 30.7 30.68
24.58 25.34 25.58 25.36 24.58 24.28 24.8 24.68 24.16 25.12 24.98 25.34 25.46 26 25.56 25.48 26.16 25.94 25.86 26.58 26.66 27.54 28.16 28.22 28 28 27.5 27.4 27.52 27.48 27.46 27.26 27.36 27.68 27.78 28.06 28.36 28.54 28.56 28.52 28.72 29.1 29 29.46 28.86 29.62 30.54 31.12 30.64 31.56 31.8 32.02 32.62 32.82 33.16 33.82 33.94 34.3 33.94 34.22 34.18 34.2 34.04 34.8 34.42 34.96 35.24 35.48 35.36 35.08 34.88 34.54 34.38 33.2 31.36 30.78 29.94
26.08 25.48 25.48 26.34 25.76 24.8 25.04 25.54 25.96 25.76 25.32 25.66 25.4 26.68 26.22 26.1 26.4 26.76 27.12 26.74 26.9 27.7 28.24 27.5 27.6 27.86 27.88 27.8 27.5 27.64 27.14 27.5 27.34 27.02 27.76 27.58 27.92 27.48 27.7 27.54 28.88 29.52 29.54 29.36 29.26 29.88 30.42 30.56 30.7 31.44 31.38 32.2 32.6 33.44 33.6 33.74 34.54 34.88 34.94 35.14 35.18 35.12 35.18 35.32 35.4 35.62 35.7 35.62 35.76 36.16 35.24 35.04 33.56 31.84 30.98 30.7 30.3
25.94 26.22 26.82 26.64 25.9 26.14 26.26 25.64 25.52 26.44 26.14 26.2 26.32 26.22 26.7 27.1 27.14 27.12 27.8 27.54 28.2 28.42 27.72 28.16 28.08 28.04 28.06 28.12 28.3 28.3 27.84 28.02 27.46 27.32 27.32 27.56 27.4 27.26 27.44 27.8 28.3 28.94 29.66 29.08 29.12 30.18 30.58 30.9 31.54 32.22 32.9 32.32 32.82 33.58 33.66 34.16 35.18 35.34 35.56 35.48 35.64 35.72 35.66 35.62 35.88 36.22 36.18 36.18 36.46 36.28 36.12 35.44 34.08 33.04 32.08 31.34 30.86
27.66 27.42 26.72 27.04 27.26 26.5 27.44 27.32 26.54 26.2 27.28 26.92 26.8 27.32 27.52 27.4 27.74 28.5 28.92 29.18 29.34 29.48 29.42 29.44 28.68 28.3 28.06 27.8 28.06 27.98 28.28 28.4 28.14 28.18 28.42 27.96 28.14 27.78 27.58 27.84 28.18 28.46 29 28.76 29.66 30.16 30.36 30.84 31.28 32.7 32.8 33.24 33.6 33.88 34.14 34.8 34.98 35.52 35.58 36.34 36.46 36.44 36.28 36.22 36.54 36.08 36.6 36.9 36.8 36.82 36.62 36.4 36.04 34.1 33.08 32.04 31.92
27.42 27.32 26.2 26.62 26.74 26.98 27.58 28.2 28.04 27.98 27.3 27.72 28.38 27.7 27.58 28.42 28.68 29.26 29.08 29.44 29.72 30.2 30.76 30.58 30.44 29.32 29.2 28.5 27.92 27.84 27.54 28.06 28.3 28.38 28.38 28.6 28.3 28.86 28.82 29 28.7 28.98 29.3 30.26 30.62 30.68 30.92 31.34 31.42 32.34 32.88 33.44 34.2 34.42 35.26 35.54 35.76 36.24 36.2 36.82 36.7 36.66 36.92 36.58 36.8 36.78 37 37.04 37.22 37.32 37.08 37.08 36.08 35.22 34.08 33.42 32.14
28.2 28.26 28.1 27.38 27.4 27.76 28.62 28.4 28.76 28.9 28.58 28.12 29 29.38 29.48 28.86 29.22 29.08 29.54 30.68 31.26 31.3 31.18 30.84 30.98 30.18 29.82 29.62 28.64 28.86 28.44 28.44 28.5 28.58 28.3 28.94 29.12 28.8 29.1 29.54 29.74 30 29.98 30.14 31.02 31.32 31.64 32.12 32.48 32.76 33.42 33.5 34.1 35.56 35.84 36 36.34 36.54 36.68 36.84 37.08 37.3 37.16 37.38 37.4 37.12 36.92 37.28 37.62 37.74 37.56 37.14 37.4 35.06 34.88 33.32 31.58
28.62 28.18 28.1 28.36 28.16 28.62 29.06 29.74 29.34 28.96 29.9 29.68 29.36 28.98 29.28 29.94 30.22 31.1 30.7 31.22 31.84 32.08 31.8 31.52 30.96 30.74 30.06 29.9 29.58 29.74 29.08 29.46 29 29.14 29.28 28.6 29.38 29.42 29.64 30.28 30.5 30.04 30.42 30.68 31.1 31.32 31.64 31.92 32.3 33.08 33.76 34.3 35.06 35.82 36.4 36.22 36.28 36.44 37 37.34 36.86 37.58 37.82 37.98 37.96 37.54 37.28 37.8 37.58 37.5 37.78 37.8 37.76 37.22 36.24 35.54 34.14
29.34 29.28 29.18 28.86 28.94 28.42 29 28.98 28.98 29 29.16 29.64 29.3 30.28 30.24 30.32 31.16 30.78 31.26 31.28 31.46 32.74 31.6 31.82 30.64 30.6 30.12 30.96 31.1 30.7 29.78 30.22 30.1 30.28 30.38 29.76 29.98 29.26 29.62 30.92 30.54 30.54 30.48 30.7 31.56 31.9 32.1 32.2 32.84 33.14 33.8 34.16 34.84 35.96 36.4 36.6 36.72 36.72 36.9 37.16 37.4 38.16 38.16 38.28 38.6 38.42 37.98 37.98 37.72 38.12 37.72 37.72 37.5 37.78 37.48 37.56 37.1
30.28 29.56 29.44 29.5 29.12 29.1 29.02 28.84 28.72 29.36 29.58 30 29.86 30.06 30.12 30.58 30.9 30.9 32.16 32.48 32.66 32.3 31.54 30.92 30.72 31.38 31.18 30.6 30.34 30.8 30.48 30.92 30.62 31.2 30.9 31.02 31.06 30.58 30.14 31.08 31.08 30.58 30.86 31.04 31.22 31.64 32.16 32.46 32.66 33.18 33.72 34.76 35.54 36.26 36.46 36.8 36.76 37.06 37.16 37.34 36.86 37.4 37.64 37.86 37.94 37.46 37.6 37.52 37.6 37.42 37.24 37.3 37.22 37.4 37.1 37.14 37.8
31.38 31.02 30.08 29.8 29.78 29.54 29.1 28.74 28.7 29.26 29.62 29.66 29.78 29.68 30.56 30.78 31.36 31.72 32.14 32.3 32.32 32.44 32.04 32.8 31.78 31.62 30.84 30.66 30.18 30.76 29.98 30.22 30.98 30.58 30.76 30.3 30.42 31.64 31.12 30.48 30.78 31.12 32.06 32.98 32.28 32.58 33.18 33.08 33.48 33.84 34.82 35.78 35.9 36.38 36.46 37.34 37.32 37.32 37.02 36.94 36.68 36.74 37.02 36.76 37.04 36.88 36.68 36.88 36.92 37.08 37.16 37.22 36.7 37.28 37.12 37.02 37.2
31.98 31.54 31.58 31.62 31.6 31.06 29.46 29.26 30.38 29.88 29.9 29.72 29.52 29.86 30.14 31.46 31.72 32.16 32.4 32.3 32.44 32.16 32.32 32.8 32.16 31.88 31.36 30.66 30.2 30.3 30.26 30.64 30.58 29.86 30.24 31.1 31.26 31.88 31.44 31.28 31.1 31.38 32.16 32.4 32.16 32.36 32.78 32.66 33.22 34.14 34.22 35.12 35.76 36.5 36.82 37.5 37.94 37.36 37.08 36.8 35.8 36.04 35.92 35.36 35.98 36.36 36.56 36.72 37.22 37.48 37.04 37.16 36.96 36.98 36.94 36.3 36.24
32.72 32.54 32.24 32.08 31.32 31.14 31.74 31.02 30.32 30.98 30.66 31.18 31.22 30.68 30.84 32.1 32.56 33.14 33.5 33.3 33.16 33.14 32.2 32.14 31.72 31.36 31.1 30.84 30.78 30.54 30.34 30.24 30.3 30.32 30.34 31.12 31.78 31.52 31.18 31.9 32.4 31.3 31.14 31.5 31.74 32 33.38 32.4 33.04 33.52 33.92 34.44 34.88 35.7 36.5 36.92 37.2 36.96 36.9 36.44 36.04 36.52 36.04 35.56 35.02 34.84 35.26 35.46 35.4 35.74 36.4 36.8 36.96 36.92 36.84 36.54 36.4
33.14 32.64 32.04 31.66 31.72 31.76 32.22 31.24 30.42 31.64 31.3 31.32 31.78 32.16 32.72 32.88 33.52 33.44 33.46 33.22 33.3 33 32.5 32.14 31.72 31.34 31.14 31.28 31.06 30.92 30.82 30.58 30.48 30.96 30.64 31.74 31.76 31.42 31.68 31.7 32.26 31.12 31.06 31.26 31.5 31.56 32.18 32.66 32.72 33.86 34.12 34.58 34.6 35.08 35.72 35.96 36.16 36.14 35.84 35.58 35.5 35.44 35.94 34.9 34.46 35.04 35.14 35.14 35.24 35.08 35.8 36.46 36.52 36.76 36.92 36.7 36.6
33.16 33 31.68 30.16 30.92 31.4 31.66 31.84 32.06 33.02 32.84 32.44 32.56 32.98 33.5 34.38 33.92 33.86 33.8 33.52 33.14 32.76 32.62 32.32 32.38 33.24 32.32 31.24 31.22 31.04 31.08 30.8 30.72 30.74 30.94 30.92 31.96 31.44 31.22 31.48 31.74 31.2 31.44 31.7 31.84 32.2 32.32 33.02 33.98 33.8 34.38 34.7 34.8 34.9 35.4 35.56 35.2 34.96 35.2 34.9 33.96 34.8 35.04 35.34 35.46 35.2 35.14 35.5 35.84 36.04 35.86 36.1 36.08 35.24 34.9 35.14 34.86
33.7 34.08 32.34 30.86 30.68 31.06 31.06 30.46 30.72 31.68 32.52 32.74 33.3 33.16 34.5 34.62 34.62 35.62 35.58 35.08 34.94 34.96 34.36 34.48 33.64 33.36 32.76 32.24 32.18 31.52 31.24 30.58 30.9 31.04 30.74 30.92 32.2 31.16 31.06 31.3 31.42 31.74 31.56 32.18 32.5 32.86 32.88 33.56 33.6 33.78 33.36 33.06 32.88 33.74 34.76 35.74 34.86 34.88 34.78 34.62 34.44 34.52 34.44 34.48 34.78 33.48 34.58 34.12 34.9 35.26 34.8 34.74 34.74 34.34 34.3 34.1 33.56
34.34 34.48 34.06 33.2 32.44 31.4 30.5 30.28 31.76 32.28 32.08 32.88 33.74 33.9 35.18 35.1 36 36.1 35.56 35.38 35.82 35.38 34.92 34.78 33.68 33.2 33.64 33.48 32.3 32.12 32.08 31.48 31.28 31.42 31.26 31.08 31.52 31.88 31.64 32.06 32.02 32.24 32.7 32.94 33.4 33.52 33.78 33.58 33.02 32.4 32.28 30.6 31.08 31.32 33 33.6 34.2 34.88 34.42 34.14 33.98 33.98 33.56 34 33.8 33.38 33.3 33.8 33.86 34.96 34.46 34.34 34.64 34.88 34.38 34.5 34.7
34.92 33.98 34.28 34.36 33.62 32.3 31.48 32.48 33.06 32.96 33.84 34.62 35 34.9 36.24 37.32 37.42 37.32 37.08 36.98 36.4 35.86 35.56 35.44 34.5 33.92 33.78 33.4 33.26 33.06 32 31.2 31.04 31.36 31.38 31.6 31.78 32.2 32.08 32.42 32.22 32.84 33.8 34.02 33.84 33.88 33.86 31.58 30.8 30.48 29.34 30.4 31.22 30.08 31.64 31.6 31.68 31.86 34 34.38 33.92 33.74 33.4 33.98 34.2 33.42 33.38 32.9 33.16 34.2 34.68 34.9 35.18 34.7 34.54 33.62 32.82
35.48 34.84 34.62 34.68 34.44 33.48 33.8 33.26 32.96 33.06 35.06 34.88 36.06 36.9 37.78 38.26 38.08 38.02 37.86 37.32 36.4 35.76 36.72 36.14 35.66 35.66 35.24 34.24 33.74 32.42 31.74 31.68 31.6 32.04 32.06 31.9 31.74 32.02 32.28 33.52 33.52 33.72 33.72 33.76 33.3 32.58 32.38 30.92 30.88 30.1 30.26 29.62 30.86 31.9 31.34 31.98 32.38 33.6 33.14 32.5 33.98 34.2 34 33.46 33.82 33.74 32.72 31.66 32.54 33.36 33.48 33.24 33 32.18 32.46 33.42 33.42
35.8 35.24 34.92 34.56 34.46 34.28 34.4 34.48 34.62 34.32 34.54 35.64 35.82 37.18 37.66 39.48 38.74 37.96 37.62 37.32 37.22 36.72 36.34 35.64 35.9 35.88 36.04 34.14 33.36 32.8 32.24 32.26 32.58 32.3 31.92 31.86 32.16 32.74 33.26 33.76 34.52 34.34 33.78 33.78 32.78 32.16 32.22 31.96 31.08 30.76 30.68 30.7 31.54 30.6 30.52 29.12 30.88 32.36 31.86 29.76 31.58 31.88 31.56 31.68 32.32 32.8 32.72 31.56 32.7 32.94 32.24 31.28 30.24 31.66 31.78 32 31.34
35.98 35.48 35.2 34.68 34.46 34.48 34.46 34.92 35.34 35.84 36.16 36.74 37.06 37.2 38.08 38.84 38.78 37.66 37.2 37.82 37.78 36.82 36.94 36.54 36.18 35.92 35.4 34.36 33.92 33.64 33.24 32.78 32.74 32.4 32.76 32.56 33.1 33.56 33.26 34.08 33.5 32.56 32.68 32.74 32.38 32.2 32.18 31.3 32.08 32.44 31.64 31.98 31.46 31.2 30 28.68 30.1 29.74 29.62 28.82 29.42 29.42 29.62 28.7 30.7 29.76 29.62 31.22 32 31.16 30.66 29.1 29.32 31.68 29.9 29.48 29.3
36.78 35.8 35.86 35.12 34.8 34.4 34.24 35.42 35.22 35.12 36.44 37.34 37.18 37 37.84 38.18 38.12 37.5 37.3 37.66 37.5 37.14 36.7 37.04 36.86 36.6 35.72 35.38 35.02 34.14 33.58 32.72 32.16 33.16 33.46 34.06 34.12 33.7 33.64 32.88 31.54 32.48 31.88 31.58 32.56 32.56 31.9 31.12 31.7 31 30.04 31.22 31.22 31.12 30.8 28.36 26.6 27.06 28.64 28.86 28.18 28.52 29.28 29.22 30.02 29.18 28.94 30.04 31.1 31.3 32.08 30.66 30.28 29.84 29.66 28.68 27.66
36.94 36.86 36.32 35.58 35.18 34.06 34.04 35.1 35.38 34.42 35.48 36.52 36.9 37.24 37.78 37.92 37.64 37.18 36.82 36.46 35.56 35.98 36.24 36.46 36.54 36.64 35.64 35.4 35.28 34.16 34.8 33.1 33.74 33 33.56 33.36 34.16 34.84 33.12 32.6 32.18 32.44 31.52 31.04 31.04 31.96 30.54 29.1 28.18 29.22 29.9 31.1 31.6 31.34 28.66 26.8 27.56 30 28.16 26.28 26.32 27.14 28.76 30.52 29.34 30.1 29.56 28.14 27.68 29.34 32.12 30.32 28.96 30.12 28.26 29.06 27.6
37.22 37.06 36.28 35.52 34.94 34.2 33.92 35.44 34.9 34.72 35.32 36.34 36.98 37.56 37.4 37.1 36.86 36.52 35.8 36.14 36.18 36.26 35.98 36.24 37.18 37.5 36.24 35.32 35.1 34.26 35.18 32.72 33.02 33.12 32.86 33.54 35.3 34.64 32.98 32.34 31.16 31.54 30.8 31.1 32.58 33.36 31.4 30.3 29.24 31.6 32.12 33.18 34.48 32.6 30.14 28.38 27.7 28.14 26.9 27.28 27.44 27.84 27.82 29.12 29.84 29.82 28.64 28 27.52 28.12 29.48 29.48 29.54 29.16 28.8 28.48 27.84
37.46 37.26 36.7 35.62 34.36 34.5 33.2 33.44 34.64 34.92 35.1 36.32 36.94 36.5 36.18 35.34 35.62 34.78 34.74 34.56 35 35.26 36.12 36.94 37.32 36.84 35.96 35.16 34.04 33.38 33.02 32.4 32.92 31.82 32.18 33.42 35.58 35.34 31.24 34.12 36.88 31.58 29.74 31.98 29.34 29.22 29.18 29.8 29.42 28.58 29.92 31.44 34.26 33.32 31.52 31.34 29.92 28.84 28.08 28.88 30.18 30.68 29.76 30.46 30.12 29.92 29.98 29.76 28.96 27.94 28.8 29.44 28.9 27.66 28.5 29.34 28.68
37.64 37.16 37.68 36.74 36.4 35.26 33.86 33.94 33.52 33.98 35.44 36.2 36.46 36.04 35.36 34.18 33.72 33.16 33.96 33.88 34.2 34.94 36.14 36.66 37 36.52 35.38 34.52 33.74 32.64 31.62 32.78 32.52 31.06 33.28 33.82 36.02 34.92 31.92 -9999 38.72 31.24 29.2 31.58 28.08 29.44 29.16 31.22 31.78 30.56 31.16 32.14 35.1 35.18 34.42 33.74 31.88 30.58 30.58 29.7 30.38 31.34 30.5 30.7 30.04 29.88 29.26 29.4 28.24 28.66 29.54 29.64 29.72 29.84 30.6 32.02 31.14
