shamba/rasters/climate/pet_3.txt
ncols         720
nrows         360
xllcorner     -180
yllcorner     -90
cellsize      0.5
NODATA_value  -9999
[rows 204 to 237 of 360, columns 385 to 461 of 720]
-9999 -9999 32.96 28.6 28.2 27.12 28.36 27.82 27.9 28.96 29.48 28.96 29.1 28.98 29.6 29.84 30.44 31.3 31.52 31.3 30.48 29.26 28.5 28.66 28.44 28.98 28.58 28.7 29.18 29.28 29.68 29.98 30.64 31.1 30.88 30.36 30.16 30.36 31.48 31.44 30.46 30.4 29.4 -9999 32.88 31.94 32.3 33.36 33.6 34.92 34.96 35.26 33.8 34.52 34.68 35.44 -9999 -9999 -9999 -9999 -9999 -9999 -9999 -9999 -9999 -9999 -9999 -9999 -9999 -9999 -9999 -9999 -9999 40.18 -9999 -9999 -9999
-9999 33.76 31.18 30.24 27.92 27.48 27.8 28.3 28.82 29.6 29.96 29.5 29.36 29.36 30.08 30.7 30.76 31.62 31.6 31.5 30.78 29.72 29.9 29.68 29.64 29.64 29.36 29.48 29.28 29.74 29.78 29.9 30.92 31.16 31 30.86 30.02 29.92 33.1 32.08 30.4 30.68 30.72 34.06 33.38 30.3 30.4 33.06 34.98 35.02 34.8 34.42 33.82 33.76 34.62 36.2 -9999 -9999 -9999 -9999 -9999 -9999 -9999 -9999 -9999 -9999 -9999 -9999 -9999 -9999 -9999 -9999 -9999 35.98 39.32 -9999 -9999
33.44 31.82 31.06 30.58 29.04 28.48 28.72 29.36 29.62 30.16 30.04 29.28 29.32 29.96 30.94 30.84 31.2 31.52 32.36 32.3 31.62 31.46 31 30.84 30.34 30.04 29.96 29.96 30.48 31.14 31.18 31.56 31.18 31.08 30.64 30.52 29.7 31.32 32.68 32.54 31.64 32.42 31.22 34.58 34.26 30.84 31.94 34.2 34.38 34.4 33.8 33.7 33.16 33.4 34.5 35.62 -9999 -9999 -9999 -9999 -9999 -9999 -9999 -9999 -9999 -9999 -9999 -9999 -9999 -9999 -9999 -9999 36.46 36 36.82 -9999 -9999
31.94 30.84 31.58 29.16 28.64 29.12 29.74 29.98 30.56 30.44 30.3 29.64 29.86 30.52 31 31.04 31.6 31.88 32.64 32.58 32.42 31.94 31.48 31.7 31.26 31.2 30.54 30.56 31.04 31.92 32.12 31.94 31.82 31.72 31.1 31.22 31.76 31.62 32.58 32.22 31.34 31.8 30.68 34.18 -9999 32.74 33.74 34.28 33.62 33.94 34.24 33.74 34.12 35.2 35.5 35.74 -9999 -9999 -9999 -9999 -9999 -9999 -9999 -9999 -9999 -9999 -9999 -9999 -9999 -9999 -9999 34.68 31.76 29.32 33.48 -9999 -9999
32.72 31.88 31.26 29.9 30.14 30.88 30.86 30.56 30.94 30.22 29.82 30.04 30.28 31.1 31.66 31.84 32.44 32.92 33.16 33.64 33.86 33.56 33 32.42 32.06 31.52 31.82 31.68 31.86 32.54 33.12 33.26 33.12 32.5 32.2 32.68 32.18 31.78 31.68 31.9 32.34 31.28 30.66 29.98 35.6 34.56 34.04 34.94 34.92 35.68 35.52 35.14 35.08 35.34 36.1 37.4 38.52 -9999 -9999 -9999 -9999 -9999 -9999 -9999 -9999 -9999 -9999 -9999 -9999 -9999 -9999 33.76 26.86 26.12 31.82 -9999 -9999
32.12 29.96 29.22 30.24 31.48 32.06 31.94 31.48 31.3 30.76 30.04 30.38 30.78 31.62 31.64 32.1 32.5 33.38 33.98 34.6 35.38 34.98 34.42 33.56 32.92 32.5 32.52 32.62 32.58 32.82 33.04 33.18 33.8 34.92 35.28 32.74 32.36 31.76 32.06 32.68 34.58 32.72 30.44 30.38 32.68 34.62 33.68 34.3 35.5 34.64 34.44 34.68 34.92 35.52 36.62 37.28 38.42 -9999 -9999 -9999 -9999 -9999 -9999 -9999 -9999 -9999 -9999 -9999 -9999 -9999 38.06 35 27.08 27.18 30.82 35.08 -9999
33.58 31 30.1 31.5 32.88 33.46 33.22 33.04 32.24 32.18 31.82 31.82 31.76 32.3 31.94 32.06 32.58 33.24 34.2 35.18 35.66 35.56 35.46 34.76 34.1 33.62 33.48 32.96 33.64 33.18 33.98 33.26 32.92 34.14 33.28 35.64 33.5 33.48 33.48 35.18 36.22 35.68 34.48 32.16 32.66 33.36 32.86 32.56 32.9 31.1 33.36 34.06 34.98 36.48 37.56 38.02 -9999 -9999 -9999 -9999 -9999 -9999 -9999 -9999 -9999 -9999 -9999 -9999 -9999 38.98 37.64 35.24 29.74 28.62 32.04 32.88 -9999
33.28 33.34 31.68 32.32 33.86 34.78 34.92 34.32 33.46 34.12 33.3 33.1 32.92 32.68 32.66 32.28 32.86 33.6 34.64 35.14 36.02 36.46 35.98 35.06 34.6 34.42 34.08 34.3 34.56 34.14 34.58 33.8 34.82 35.56 34.92 35.84 36.5 36.46 36.86 37.5 37.16 38.18 37.68 35.68 35.54 31.22 30 31.34 32 32.84 33.7 35.12 35.84 37.24 38.34 39.02 -9999 -9999 -9999 -9999 -9999 -9999 -9999 -9999 -9999 -9999 -9999 39.68 39.16 38.52 37.42 34.68 30.72 29.06 33.86 33.56 -9999
31.78 31.22 32.12 33.22 34.82 35.58 36.12 36.08 35.18 35.6 35.16 34.74 34.18 33.84 33.5 33.36 33.92 34.62 34.96 35.9 36.22 36.38 35.94 35.74 35.16 35.06 35.1 34.86 34.5 34.48 34.78 35.4 37.06 35.16 34.64 35.86 35.54 36.3 35.5 36.2 37.76 38.6 39.56 37.98 37.32 34.48 31.34 32.76 33.58 34.56 35.76 35.98 37 37.96 39.22 -9999 -9999 -9999 -9999 -9999 -9999 -9999 -9999 -9999 39.5 38.96 39.12 39.34 38.84 37.82 35.76 29.9 28.82 30.18 33.26 -9999 -9999
30.26 31.2 31.96 33.3 35.14 36.1 36.84 36.66 36.38 36.26 36.12 35.58 35.08 34.54 34.12 34.14 34.64 34.82 35.14 35.74 35.94 36.62 36.62 36.22 35.94 35.7 35.66 34.66 33.44 33.72 38.16 38.54 37.32 34.64 32.52 32.3 31.16 31.5 33.76 35.36 36.68 38.5 38.42 39.02 37.74 36.64 33.9 33.86 34.98 35.7 36.2 37 37.42 38.56 -9999 -9999 -9999 -9999 -9999 -9999 -9999 -9999 -9999 -9999 38.74 37.54 37.5 38.54 38.68 36.58 31.72 30.42 28.86 30.56 34.42 -9999 -9999
27.9 29.94 32.2 33.48 35.2 36.12 37.42 36.76 36.96 37.14 36.88 36.64 36.04 35.5 35.06 34.8 34.78 35.14 35.2 36.16 36.1 36.72 36.54 36.48 36.66 36.94 36.02 35.26 34.4 36.8 39.22 38.48 37.56 36.34 33.98 32.6 30.34 32.22 33.38 33.6 35.16 35.9 36.2 37.46 37.72 36.76 35.28 35.8 35.86 36.56 37 37.28 -9999 -9999 -9999 -9999 -9999 -9999 -9999 -9999 -9999 -9999 -9999 39.12 38.02 36.52 35.46 37.2 37.06 32.66 32.06 30.38 30.5 33.04 -9999 -9999 -9999
27.48 29.14 31.08 33.14 34.92 36.12 36.42 36.82 37.36 37.26 37.34 37.08 36.92 36.42 35.76 35.38 35.36 35.52 35.6 36.26 36.32 36.98 36.76 37.12 37.38 37.26 37.32 37.54 37.58 40.24 38.14 38.2 38.76 38.66 36.5 33.68 31.86 31.66 31.5 32.7 31.74 34.02 35.26 36.82 37.74 38.06 36.84 37.42 37.52 37.56 -9999 -9999 -9999 -9999 -9999 -9999 -9999 -9999 -9999 -9999 -9999 -9999 -9999 38.98 38.04 36.42 35.22 35.1 32.9 32.1 30.4 30.84 29.44 33.1 -9999 -9999 -9999
27.1 29.04 30.52 32.8 34.82 36.18 36.96 37.28 37.64 37.94 37.84 37.78 37.26 36.96 36.96 36.7 36.28 36.34 36.06 36.58 36.58 37.46 37.86 37.86 37.48 37.32 38.1 38.18 39.42 38.02 38 38.26 38.28 38.94 38.14 36.26 33.44 31.88 30.54 29.62 28.9 34.4 35.46 36.7 38.5 37.44 37.88 38.06 37.78 -9999 -9999 -9999 -9999 -9999 -9999 -9999 -9999 -9999 -9999 -9999 -9999 -9999 -9999 39.44 37.32 36.1 33.06 32.64 31.36 30.34 30.08 30 30.42 33.98 -9999 -9999 -9999
26.66 28.38 30.1 32.38 34.94 36.98 38.16 39.02 39.1 39.1 38.1 38.04 37.96 37.76 37.34 37.14 36.88 36.66 36.7 37.24 37.32 38 38.26 38.52 37.82 37.66 37.96 38.26 37.74 37.84 38.02 38.4 38.38 38.28 38.76 36.62 34 32.14 31.98 30.76 29.36 34.4 36.16 38.34 37.94 37.62 38.56 38.64 -9999 -9999 -9999 -9999 -9999 -9999 -9999 -9999 -9999 -9999 -9999 -9999 -9999 -9999 -9999 40.4 38.08 37.46 33.66 33.1 31.3 30.24 29.32 30.2 32.5 -9999 -9999 -9999 -9999
25.46 28.24 30.72 32.94 34.64 37.3 39.66 40.36 39.32 39.04 37.52 37.2 38.16 38.02 37.9 37.9 37.72 37.44 37.7 37.7 38.34 38.46 38.86 38.52 38.42 38.78 38.88 38.38 38.26 38.54 38.58 37.68 37.98 37.42 36.2 34.84 33.6 32.86 33.36 32.6 30.94 33.68 36.74 39 38.66 38.98 -9999 -9999 -9999 -9999 -9999 -9999 -9999 -9999 -9999 -9999 -9999 -9999 -9999 -9999 -9999 -9999 -9999 -9999 40.08 38.62 34.36 33.76 30.26 28.4 28.2 30.14 33.02 -9999 -9999 -9999 -9999
-9999 28.16 30.88 32.96 35.64 37.5 39.54 39.52 39.2 38.08 37.42 37.3 38.44 38.64 38.46 37.6 38.04 38.44 38.46 38.5 38.96 39.04 39.08 38.86 39.28 38.74 39.08 38.9 38.76 38.46 38.58 37.3 38.06 36.34 35.66 35.84 34.36 33.18 32.92 34.86 29.42 33.68 38.56 39.04 39.68 -9999 -9999 -9999 -9999 -9999 -9999 -9999 -9999 -9999 -9999 -9999 -9999 -9999 -9999 -9999 -9999 -9999 -9999 -9999 41.02 39.86 36.3 32.72 29.36 27.74 28.08 31.48 33.14 -9999 -9999 -9999 -9999
-9999 27.96 30.52 33.5 36.28 38.52 39.82 40.72 39.44 38.38 38.82 38.74 37.78 37.94 37.82 37.56 38.1 38.6 38.52 38.94 39.6 39.54 39.46 39.48 39.78 39.78 39.82 39.22 38.74 37.74 36.7 36.92 37.4 37.14 36.76 37.2 35.4 34.4 34.82 35.78 32.9 37.68 38.58 39.1 39.64 -9999 -9999 -9999 -9999 -9999 -9999 -9999 -9999 -9999 -9999 -9999 -9999 -9999 -9999 -9999 -9999 -9999 -9999 42.96 40.82 39.3 36.92 32.02 29.16 27.9 28.4 31.34 -9999 -9999 -9999 -9999 -9999
-9999 -9999 30.32 33.34 36.92 39.78 41.14 40.42 39.92 39.9 39.32 39.06 38.88 38.66 38.68 38.44 38.8 39.16 39.12 39.42 39.68 39.62 39.66 40.14 40.06 40.26 40.02 39.76 38.74 37.66 36.94 37.22 37.82 38.26 37.44 37.72 36.88 35.98 36.46 36.76 36.46 37.9 38.74 39.66 40.2 -9999 -9999 -9999 -9999 -9999 -9999 -9999 -9999 -9999 -9999 -9999 -9999 -9999 -9999 -9999 -9999 -9999 -9999 41.74 40.56 38.56 36.36 32.18 28.68 28.08 29.46 32.38 -9999 -9999 -9999 -9999 -9999
-9999 -9999 29.58 33.06 36.9 40.24 42.3 40.94 41.62 40.2 39.16 39.04 38.8 38.7 38.68 38.88 38.94 38.68 38.98 39.02 39.32 39.48 39.72 40.12 40.3 39.8 40.08 39.78 38.96 38.52 38.72 39.6 40.08 40.38 39.98 39.68 38.6 36.94 37.96 38.48 39.18 39.22 39.48 39.62 40.12 -9999 -9999 -9999 -9999 -9999 -9999 -9999 -9999 -9999 -9999 -9999 -9999 -9999 -9999 -9999 -9999 -9999 42.6 41.2 39.22 37.48 35.62 33.26 29.54 28.5 31.3 32.7 -9999 -9999 -9999 -9999 -9999
-9999 -9999 -9999 31.96 37.1 41.26 44.16 43.5 42.08 40.06 38.98 38.8 39.22 39.14 39.06 38.94 39.24 39.12 39.52 39.32 39.48 39.92 39.82 39.84 40.3 40.24 39.6 39.38 39.62 40.18 41 41.74 42.64 42.6 42.66 41.1 39.6 38.54 38.24 39.18 39.7 40.44 39.94 39.4 39.72 40.34 -9999 -9999 -9999 -9999 -9999 -9999 -9999 -9999 -9999 -9999 -9999 -9999 -9999 -9999 -9999 -9999 42.64 40.64 39.86 39.1 34.64 33.24 30.14 29.2 32.88 -9999 -9999 -9999 -9999 -9999 -9999
-9999 -9999 -9999 -9999 36.36 42.8 45.8 45.18 42.22 38.94 38.4 39.38 39.22 39.12 39.18 39.22 40.1 39.94 39.9 39.96 39.96 39.98 40.28 40.28 40.44 40.4 40.04 39.78 39.5 41.7 42.54 43.66 43.82 44.6 44.22 42.68 41.1 40.78 40.12 40.48 40.8 40.68 39.8 39.56 39.78 40.22 -9999 -9999 -9999 -9999 -9999 -9999 -9999 -9999 -9999 -9999 -9999 -9999 -9999 -9999 -9999 42.92 41.12 39.02 37.94 37.44 33.6 33.16 30.22 31.98 34.46 -9999 -9999 -9999 -9999 -9999 -9999
-9999 -9999 -9999 -9999 35.54 43.9 46.04 44.8 40.96 39.06 39.72 40.5 40.66 40.66 40.66 40.52 40.5 40.42 40.34 40.38 40.18 40 40.24 40.22 40.74 39.88 39.8 39.88 40.08 42.8 43.26 44.42 44.1 43.14 41.42 39.18 38.76 40.6 40.9 40.76 40.86 41.26 40.46 39.44 39.82 39.88 -9999 -9999 -9999 -9999 -9999 -9999 -9999 -9999 -9999 -9999 -9999 -9999 -9999 -9999 -9999 -9999 40.52 37.76 37.2 34.9 33.52 32.04 32.1 34 35.36 -9999 -9999 -9999 -9999 -9999 -9999
-9999 -9999 -9999 -9999 39.16 47.26 49.56 46 43.08 42.88 42.56 42.36 42.06 42 41.68 41.44 41.04 40.8 40.76 40.66 40.24 40.4 40.38 39.9 39.86 39.9 39.74 39.98 41.12 43.28 44.86 44.26 42.62 40.42 38.16 37.22 38.14 40.02 41.1 41.66 41.44 40.88 40.58 39.54 39.04 39.34 -9999 -9999 -9999 -9999 -9999 -9999 -9999 -9999 -9999 -9999 -9999 -9999 -9999 -9999 -9999 -9999 42.52 40 38.84 36.7 34.76 30.86 32.54 34.5 35.84 -9999 -9999 -9999 -9999 -9999 -9999
-9999 -9999 -9999 -9999 41.9 50.62 51.24 46.62 45.72 45.64 44.98 44.52 43.96 43.8 43.18 42.98 42.5 41.38 41.58 41.16 40.92 41.06 40.7 40.7 39.84 39.7 39.82 40.64 42.16 43.56 44.78 42.84 41.58 38.46 35.96 36.64 38.86 40.04 41.4 41.76 40.9 40.5 39.76 39.24 38.82 38.72 -9999 -9999 -9999 -9999 -9999 -9999 -9999 -9999 -9999 -9999 -9999 -9999 -9999 -9999 -9999 -9999 42.62 40.62 39.68 37.66 34.34 32.2 31.54 33.92 -9999 -9999 -9999 -9999 -9999 -9999 -9999
-9999 -9999 -9999 -9999 40.96 49.14 51.6 47.7 47.98 48.08 47.9 46.68 46.24 45.16 44.62 43.96 43.56 42.78 42.18 41.62 41.42 40.66 40.48 40.4 39.5 39.32 39.48 40.7 41.94 43.4 40.9 40.16 40.54 39.44 37.68 35.88 38.98 39.94 41.46 40.64 40.66 39.88 39.32 38.6 38.66 38.8 -9999 -9999 -9999 -9999 -9999 -9999 -9999 -9999 -9999 -9999 -9999 -9999 -9999 -9999 -9999 -9999 41.62 39.6 38.68 37.28 36.12 36.34 32.74 35.06 -9999 -9999 -9999 -9999 -9999 -9999 -9999
-9999 -9999 -9999 -9999 39.24 47.12 50.64 47.16 47.62 48.16 48.42 47.66 47.26 46.82 46.46 45.94 44.3 43.54 42.82 42.36 41.8 41.06 40.8 40.68 39.92 39.7 39.36 40.18 40.62 41.62 40.7 40.4 41.3 42.48 38.38 37.02 31.62 38.48 39.94 39.82 39.8 39.02 38.28 38.14 38.28 -9999 -9999 -9999 -9999 -9999 -9999 -9999 -9999 -9999 -9999 -9999 -9999 -9999 -9999 -9999 -9999 -9999 -9999 39.88 38.52 38.04 37.24 37.8 33.36 36.9 -9999 -9999 -9999 -9999 -9999 -9999 -9999
-9999 -9999 -9999 -9999 -9999 44.16 47.1 46.6 46.18 48.14 49.06 49 48.72 47.34 47.16 47.04 46.36 45.36 44.4 43.56 42.24 41.94 41.82 41.32 40.14 39.7 39.9 40 39.64 40.66 41.06 40.92 41.12 40.74 35.86 31.96 32.52 37.36 39.34 39.72 39.38 38.48 -9999 -9999 -9999 -9999 -9999 -9999 -9999 -9999 -9999 -9999 -9999 -9999 -9999 -9999 -9999 -9999 -9999 -9999 -9999 -9999 -9999 -9999 39.04 38.16 37.78 37.62 -9999 -9999 -9999 -9999 -9999 -9999 -9999 -9999 -9999
-9999 -9999 -9999 -9999 -9999 41.02 44.24 45.2 45.52 47.58 49.6 49.08 49 48.74 48.24 48.26 48.32 46.2 45.34 43.84 43.06 42.2 41.84 41.46 41.06 40.68 39.52 37.84 37.52 38.5 38.68 37.94 38.08 37.14 34.32 31.54 32.86 34.6 38.26 38.68 38.66 -9999 -9999 -9999 -9999 -9999 -9999 -9999 -9999 -9999 -9999 -9999 -9999 -9999 -9999 -9999 -9999 -9999 -9999 -9999 -9999 -9999 -9999 -9999 -9999 -9999 -9999 -9999 -9999 -9999 -9999 -9999 -9999 -9999 -9999 -9999 -9999
-9999 -9999 -9999 -9999 -9999 37.5 41.98 43.98 44.08 47.16 49.36 49.94 50.4 50.24 50.26 50.12 50 48.06 46.92 44.62 43.62 42.82 41.72 41.78 41.32 40.86 39.34 38.08 37.62 37.06 35.62 35.9 35.84 35.42 33.78 31.54 31.24 33.16 37.38 38.7 39.1 -9999 -9999 -9999 -9999 -9999 -9999 -9999 -9999 -9999 -9999 -9999 -9999 -9999 -9999 -9999 -9999 -9999 -9999 -9999 -9999 -9999 -9999 -9999 -9999 -9999 -9999 -9999 -9999 -9999 -9999 -9999 -9999 -9999 -9999 -9999 -9999
-9999 -9999 -9999 -9999 -9999 34.46 39.14 41.44 43.22 47.14 49.88 51.32 50.62 50.52 50.96 51.08 50.44 49.72 48.54 46.68 45.14 43.58 42.44 41.56 41.92 40.54 39.68 38.76 39.08 38.78 38.38 36.7 35.48 34.9 33.38 32.2 32.34 33.96 38.52 39.8 39.54 -9999 -9999 -9999 -9999 -9999 -9999 -9999 -9999 -9999 -9999 -9999 -9999 -9999 -9999 -9999 -9999 -9999 -9999 -9999 -9999 -9999 -9999 -9999 -9999 -9999 -9999 -9999 -9999 -9999 -9999 -9999 -9999 -9999 -9999 -9999 -9999
-9999 -9999 -9999 -9999 -9999 32.64 36.74 40.42 42.6 46.92 49.96 49.32 48.44 50.62 51.46 52.26 50.92 50.28 49.48 47.04 45.2 43.12 41.5 41.68 43.18 41.68 40.86 40.46 39.7 38.78 37.98 36.38 35.32 34.2 32.72 31.62 33.22 33.84 38.18 39.16 38.62 -9999 -9999 -9999 -9999 -9999 -9999 -9999 -9999 -9999 -9999 -9999 -9999 -9999 -9999 -9999 -9999 -9999 -9999 -9999 -9999 -9999 -9999 -9999 -9999 -9999 -9999 -9999 -9999 -9999 -9999 -9999 -9999 -9999 -9999 -9999 -9999
-9999 -9999 -9999 -9999 -9999 -9999 34.52 38.68 42.06 45.2 49.36 50.06 50.4 52.16 52.6 52.78 51.6 51.04 48.92 46.92 45.12 42.5 40.74 42.22 44.4 43 41.24 40.22 39.4 37.9 36.18 35.16 34.32 32.74 33.84 34.6 32.76 33.68 37.3 38.72 -9999 -9999 -9999 -9999 -9999 -9999 -9999 -9999 -9999 -9999 -9999 -9999 -9999 -9999 -9999 -9999 -9999 -9999 -9999 -9999 -9999 -9999 -9999 -9999 -9999 -9999 -9999 -9999 -9999 -9999 -9999 -9999 -9999 -9999 -9999 -9999 -9999
-9999 -9999 -9999 -9999 -9999 -9999 -9999 36 40.3 45.1 50.58 51.8 52.32 52.94 52.9 52.38 51.52 50.66 49.12 47.82 45.16 42.56 41.5 43.46 44.04 42.66 41.14 39.44 38.54 37.1 35.7 33.44 32.98 32.72 34.9 34.6 33.62 34.54 38.66 38.44 -9999 -9999 -9999 -9999 -9999 -9999 -9999 -9999 -9999 -9999 -9999 -9999 -9999 -9999 -9999 -9999 -9999 -9999 -9999 -9999 -9999 -9999 -9999 -9999 -9999 -9999 -9999 -9999 -9999 -9999 -9999 -9999 -9999 -9999 -9999 -9999 -9999
-9999 -9999 -9999 -9999 -9999 -9999 -9999 -9999 36.22 43.38 50.2 54.06 53.76 53.58 52.96 51.88 52.38 50.56 50.2 48.2 45.78 43.7 44.02 44.68 43.76 42.58 41.16 39.48 37.86 36.42 34.94 32.64 26.6 33.78 35.92 34.74 32.64 34.1 38 -9999 -9999 -9999 -9999 -9999 -9999 -9999 -9999 -9999 -9999 -9999 -9999 -9999 -9999 -9999 -9999 -9999 -9999 -9999 -9999 -9999 -9999 -9999 -9999 -9999 -9999 -9999 -9999 -9999 -9999 -9999 -9999 -9999 -9999 -9999 -9999 -9999 -9999
