shamba/rasters/climate/pet_3.txt
ncols         720
nrows         360
xllcorner     -180
yllcorner     -90
cellsize      0.5
NODATA_value  -9999
[rows 102 to 135 of 360, columns 539 to 615 of 720]
17.54 19.88 19.04 22.98 22.86 22.82 22.54 22.78 22.4 22.18 22.12 22.2 18.4 13.78 15.84 12.38 13.18 13.24 13.1 13.18 16.54 19.8 21.76 21.1 21.02 20.56 20.08 20.18 20.68 21.1 21.74 22.14 22.86 22.16 22.26 22.7 22.66 22.48 22.3 22.14 22.02 22.06 22.48 22.72 23.34 23.52 23.98 24.06 24.54 25.02 25.24 25.32 25.58 25.92 26 26 -9999 -9999 -9999 -9999 -9999 -9999 -9999 -9999 -9999 -9999 -9999 -9999 -9999 -9999 -9999 18.76 18.68 18.14 18.36 18.24 18.22
18.82 25.08 24.06 23.52 22.9 22.4 22.2 21.72 21.6 21.38 21.72 18.84 13.84 12.38 12.92 12.82 13.3 12.2 13.2 12.94 13.66 15.54 17.28 20.2 21.18 19.88 20.26 20.32 20.6 21.04 21.52 22.04 22.18 21.9 22.24 22.62 22.54 22.2 22.7 22.46 22.42 22.34 22.78 23.28 23.4 24.1 24.32 24.52 24.62 25.42 25.96 25.76 25.76 25.78 26.14 26.02 25.52 -9999 -9999 -9999 -9999 -9999 -9999 -9999 -9999 -9999 -9999 -9999 -9999 -9999 -9999 18.9 18.92 18.8 18.78 18.94 18.42
16.88 18.88 20.54 22.52 21.64 21.56 20.68 20.8 20.46 20.68 20.64 21.1 20.34 16.44 13.82 15.26 14.4 12.62 14.12 13.78 13.54 15.68 16.12 17.62 16.1 19.88 20.04 20.18 20.24 20.68 21.24 21.64 22.1 21.88 22.12 22.2 22.42 22.42 22.52 22.66 22.68 23.16 23.4 23.64 24.04 24.3 24.76 25.02 25.04 25.42 25.98 26.22 26 26.06 26.18 26.28 25.48 25.34 24.96 -9999 -9999 -9999 22.22 -9999 -9999 -9999 -9999 -9999 -9999 -9999 -9999 -9999 -9999 19.44 20.06 19.28 18.52
18.2 19.26 15.98 16.06 19.66 19.82 20.02 19.88 19.74 19.8 20.06 20.82 20.72 20.98 22.02 21.04 20.7 17.28 16.8 18.94 20.04 20.42 19.38 17.22 17.72 20.46 19.54 18.42 20.34 20.72 20.68 21.06 21.46 21.74 21.64 21.94 22.22 22.42 22.32 22.9 23.12 23.54 23.62 23.9 24.06 24.74 25.44 25.4 25.5 25.96 26.14 26.02 26.3 26.42 27.14 27.04 26.5 26.1 25.9 -9999 -9999 21.84 21.6 23.14 22.76 21.2 -9999 -9999 -9999 -9999 -9999 -9999 -9999 -9999 19.84 18.8 18.06
13.16 17.48 15.54 16.1 19.48 18.64 17.78 17.88 18.06 18.96 19.3 19.86 20.3 20.88 21.32 21.72 21.72 21.52 18.92 18.56 19.86 -9999 22.24 21.84 20.88 20.66 19.92 19.7 19.9 20.1 20.56 20.56 20.66 20.96 21.26 21.46 21.62 22 22.5 23 23.32 23.64 24 24.12 24.6 25.02 25.64 25.86 25.52 25.86 26.38 26.34 26.56 27.34 28.28 28.22 26.96 26.5 26.1 25.16 23.08 21.2 21.06 22.72 -9999 -9999 -9999 -9999 -9999 -9999 -9999 -9999 -9999 -9999 18.98 18.84 18.66
13.08 11.88 10.52 13.58 14.88 16.04 15.68 15.64 16.32 17.48 17.54 18.38 19.12 19.82 20.62 21 20.9 21.18 16.24 16.5 21.08 21.52 21.74 21.84 21.36 20.64 19.6 19.36 20.14 19.74 19.82 19.88 20.24 20.52 20.8 20.78 21 21.66 22.42 22.74 23.24 23.7 23.48 24.1 24.98 25.16 25.56 25.7 25.62 26.02 26.28 25.86 26.2 26.7 27.38 27.34 26.94 26.18 24.74 23.74 22.32 21.34 -9999 -9999 -9999 -9999 -9999 -9999 -9999 -9999 -9999 -9999 -9999 -9999 18.62 18.82 19.72
13.06 12.92 13.48 13.72 13.32 13.82 14.48 15.52 15.96 16.98 17.56 17.16 17.5 17.58 17.4 17.56 19.9 18.98 16.96 16.36 18.6 21.88 21.84 21.66 21.88 21.18 19.94 18.8 19.54 19.46 18.88 19.2 19.4 19.9 20.08 20.32 20.52 21.02 21.82 22.34 22.96 23.62 23.94 24.28 24.8 25.34 25.56 25.52 25.3 25.74 25.84 25.7 25.72 26.28 26.44 26.68 26.4 25.36 22.98 21.56 21.12 -9999 -9999 -9999 -9999 -9999 -9999 -9999 -9999 -9999 -9999 -9999 -9999 -9999 19 17.72 17.96
13 14.8 14.32 13.86 14.38 14.76 15.06 14.66 15.64 16.32 16.06 16.76 16.7 15.98 16.04 16.34 17.3 17.24 17.44 17.56 19.4 21.82 21.5 19.82 20.7 21.56 21.54 20.32 19.08 19.04 18.7 18.72 18.82 19.34 19.38 19.74 20.08 20.68 21.04 21.86 22.62 23.44 24 24.14 24.22 24.92 25.38 25.34 25.54 25.46 25.2 25.66 25.66 25.92 26.06 25.86 25.66 25.26 23.04 21.24 -9999 -9999 -9999 -9999 -9999 -9999 -9999 -9999 -9999 -9999 -9999 -9999 -9999 -9999 19.52 18.96 18.56
14.04 15.36 14.44 12.66 13.1 14.54 14.12 14.44 14.88 15.94 16.54 15.4 14.66 14.28 16.12 17.38 17.98 17.54 17.24 14.34 19.22 19.4 21.82 22.22 21.54 21.92 22.2 21.06 19.92 19.4 18.74 18.46 18.52 18.82 18.78 18.96 19.6 20.24 20.88 21.7 22.52 23.2 23.6 23.7 24.48 24.84 24.78 24.72 24.86 24.7 24.96 25.1 25.46 25.52 25.52 25.38 25.32 25.02 23.44 21.88 -9999 -9999 -9999 -9999 -9999 -9999 -9999 -9999 -9999 -9999 -9999 -9999 -9999 -9999 19.66 20.66 23.2
14 12.84 13.3 13.54 14.74 14.84 13.74 13.88 15.14 15.7 14.38 14.62 14.86 12.68 13.88 13.36 15.34 17.26 17.76 15.76 20 21.22 21.7 22.5 22.64 19.76 22.02 21.82 20.52 19.96 19.72 19.1 18.76 18.58 18.52 18.34 18.98 20.08 20.68 21.36 21.46 22.3 22.9 23.34 23.52 24.1 23.54 23.92 24.02 24.48 24.62 24.82 24.86 25.04 25.04 25.04 24.7 24.36 23.22 21.98 21.52 20.94 -9999 -9999 -9999 -9999 -9999 -9999 -9999 -9999 -9999 -9999 -9999 -9999 -9999 -9999 -9999
12.42 14.9 13.96 13.96 14.84 14.56 14.2 15.36 15.8 14.48 12.34 11.86 15.64 16.22 15.38 17.68 16.1 17.78 15.72 17.78 20.64 21.42 21.64 21.96 22.22 23.54 22.88 22.66 21.62 20.78 20.22 19.78 19.14 18.48 18.04 18.5 20.04 19.26 19.62 20.5 21.3 21.5 22.02 22.48 22.34 22.94 23.2 23.48 23.52 23.7 23.76 23.9 24.54 24.54 24.76 24.26 24.2 23.64 22.94 22.22 21.4 20.92 -9999 -9999 -9999 -9999 -9999 -9999 -9999 -9999 -9999 -9999 -9999 -9999 -9999 -9999 -9999
14.9 15.46 14.12 13.72 14.5 15.22 15.44 15.9 15.86 14.46 15.44 14.12 13.68 17.18 18.92 18.52 19.88 20.52 16.74 17.14 20.68 19.72 19.38 18.24 21.64 24.1 22.34 23.94 23.26 21.88 20.6 20.06 19.38 18.76 18.14 18.06 18.5 19.14 19.86 20.3 20.86 21.46 21.8 22.26 22.6 22.56 22.26 22.4 22.64 22.78 23.3 23.64 23.9 23.98 24.16 24.18 23.7 23.24 22.48 22.18 21.54 20.84 20.42 -9999 -9999 -9999 -9999 -9999 -9999 -9999 -9999 -9999 -9999 -9999 22.62 -9999 -9999
15.34 16.36 15.5 15.68 15.52 15.2 15.36 15 14.74 14 17.98 17.92 15.74 18.38 15.3 17.1 18.08 15.44 19.04 18.58 18.82 20.1 19.66 21.34 21.42 25.18 22.92 23.24 23.9 21.48 20.6 20.28 19.28 18.26 18.14 18.32 18.76 19.42 20.2 20.7 20.74 21.36 21.58 21.9 22.36 22.36 22.2 22 22.24 22.46 22.84 23.04 23.14 23.66 23.62 23.48 23.18 22.52 22.14 21.74 21.28 20.68 20.06 -9999 -9999 -9999 -9999 -9999 -9999 -9999 -9999 -9999 -9999 -9999 -9999 -9999 -9999
17.08 14.62 15.44 15.68 15.54 15.56 16.04 16.66 17.04 15.06 17.34 18.98 20 19.02 19.86 17.92 18.16 17.2 17.84 19.64 19.7 20.74 20.14 17.84 24.92 27.04 25.84 25.58 23.1 21.14 19.86 19.48 19.12 18.32 18.28 18.7 18.58 19.36 19.76 20.42 20.78 20.74 20.52 20.66 20.68 21.44 21.82 21.24 22.04 22.48 22.38 22.34 22.4 22.8 22.96 23.12 22.36 21.72 21.54 21.16 20.82 20.14 19.7 19.14 -9999 -9999 -9999 -9999 -9999 -9999 -9999 -9999 -9999 -9999 -9999 -9999 -9999
16.6 14.42 15.5 16.14 15.6 15.62 16.1 17.38 18.02 18.56 17.62 19.8 16.58 18.72 18.38 18.64 17.92 18.4 18.22 21.88 24.62 22.98 21.06 19.74 27.32 27.48 26.06 24.18 22.2 19.78 19.26 19.24 19.22 18.92 19.02 19.04 19.5 19.46 19.76 20.34 20.44 20.94 20.38 20.22 20.42 20.76 21.16 21.24 21.48 21.64 22 21.84 21.92 22.22 22.56 22.4 21.9 21.1 20.72 20.52 20.06 19.76 19.28 19.2 19 -9999 -9999 -9999 -9999 -9999 -9999 -9999 -9999 -9999 -9999 -9999 -9999
17.62 15.5 16.44 16.94 16.74 16.78 17.68 17.6 18.72 19.28 19.52 19.82 17.18 16.98 17.76 17.76 17.42 20.4 23.02 24.2 21.38 24.18 23.36 25.44 27.96 27.22 24.48 23.72 20.36 19.1 18.56 18.64 19.04 19.48 18.86 19.34 19.92 19.7 20.6 20.86 20.76 20.88 20.42 19.96 20.12 20.26 20.28 20.28 20.92 21.12 21.62 21.56 21.52 21.56 21.56 21.54 21.04 20.28 20.16 20.38 20 -9999 19.74 19.42 19.26 -9999 -9999 -9999 -9999 -9999 -9999 -9999 -9999 -9999 -9999 -9999 -9999
18.46 17.92 18.7 19.14 19.24 18.3 19.32 19.1 18.58 19.48 19.62 19.4 15.88 17.6 16.56 18.38 22 23.16 23.1 25.98 23.7 26.84 25.1 25.88 27.16 26.26 25.08 21.92 19.32 18.28 18.16 18.56 18.9 19.48 19.42 19.54 19.66 19.76 20.06 20.54 20.5 20.22 19.78 19.84 19.98 19.42 19.84 20 20.16 20.28 21.08 21.16 20.78 20.54 21.18 20.9 20.62 20 19.9 19.5 19.52 19.64 19.66 19.3 -9999 -9999 -9999 -9999 -9999 -9999 -9999 -9999 -9999 -9999 -9999 -9999 -9999
17.34 18.44 19.72 21.04 20.92 20.74 20.54 20.46 20.5 20.52 20.32 20.7 16.86 17.2 19.7 21.34 21.58 23.22 25.1 25.96 23 22.92 23.52 26.56 26.48 24.1 23.12 20.4 19.58 18.9 18.68 18.9 19.3 19.46 19.32 19.56 19.68 18.76 18.62 19.52 19.72 18.74 18.76 19.28 19.36 18.74 19.42 19.56 19.8 19.98 20.46 20.66 20.08 20.26 20.44 20.4 20.26 19.7 19.34 19.36 19.4 19.52 19.92 19.32 -9999 -9999 -9999 -9999 -9999 -9999 -9999 -9999 -9999 -9999 -9999 -9999 -9999
20.62 21.22 22.08 23.6 22.96 21.34 19.16 21.2 20.62 20.58 20.84 21.5 21.8 18.12 18.58 20.16 23.74 24.98 25.98 25.1 21.82 23.02 28.64 28.48 24.66 24.22 22.98 20.6 20.8 20.18 20.32 20.42 20.04 20.16 20.06 18.92 18.08 18.16 18.22 18.8 18.72 18.5 18.4 18.54 18.82 18.7 19.02 19.6 19.66 20 20.02 19.96 19.56 19.62 20.44 20.56 20.46 19.78 19.52 19.52 19.76 19.84 19.4 18.5 17.7 -9999 -9999 -9999 -9999 -9999 -9999 -9999 -9999 -9999 -9999 -9999 -9999
22.36 22.2 23.7 23.52 23.66 22.28 22.22 21.74 21.6 20.98 21.08 22.34 21.76 22.68 20.7 22.22 23.92 23.46 24.58 26.54 25.24 19.5 29.2 30.56 22.22 26.6 24 21.28 21.46 21.86 21.66 21.3 20.96 20.54 19.38 17.76 18.5 18.02 17.52 18.1 18.3 18.34 17.98 18.18 18.06 18.32 18.78 19.34 18.94 19.34 19.78 19.58 19.66 19.9 20.88 21.2 20.82 20.2 19.68 19.98 20.44 20.24 19 17.48 16.24 -9999 -9999 -9999 -9999 -9999 -9999 -9999 -9999 -9999 -9999 -9999 -9999
22.14 21.68 23.02 22.2 23.14 22.52 21.04 21.96 21.62 21.76 25.66 23.34 23.4 22.16 22.64 23.12 21.9 23.76 23.82 26.08 25.68 17.48 27.02 31.18 30.24 28.66 26.76 22.92 20.3 21.9 22.8 21.64 20.44 18.94 17.98 17.12 18.32 17.54 17.14 17.54 17.92 18.14 17.66 17.54 17.5 17.58 17.88 18.46 18.62 18.96 19.18 19.22 19.38 19.9 20.6 21.04 21.1 20.94 20.48 20.4 21.02 19.54 17.88 16.1 -9999 -9999 -9999 -9999 -9999 -9999 -9999 -9999 -9999 -9999 -9999 -9999 -9999
20.08 19.72 22.06 22.98 21.2 23.28 22.2 22.9 23.78 24.88 28.1 27.02 28.38 24.6 22.86 22.8 23.74 23.38 24.26 25.36 26.88 21.14 30.22 33 33.44 33.52 30.18 25.48 21.76 22.24 22.14 20.62 19.06 18.6 18 17.34 17.08 17.66 17.42 17.26 17.54 17.58 17.12 16.98 16.74 16.64 16.72 18.06 18.02 18.16 19.1 19.32 19.34 19.56 20.4 20.94 21.36 21.6 21.02 21.12 20.92 19.36 17.32 15.62 -9999 -9999 -9999 -9999 -9999 -9999 -9999 -9999 -9999 -9999 -9999 -9999 -9999
20.18 22.56 22.18 24.8 23.84 22.88 23.98 26.12 28.42 28.96 30.28 31.62 32.16 31.6 23.42 27.54 27.92 26.38 24.82 26.84 27.04 27.92 30.52 33.16 34.04 35.24 31.18 28.68 25.94 23.8 22.18 20.7 19.14 18.64 18.54 17.26 16.78 16.92 16.54 17.7 18.1 17.38 16.82 16.84 16.88 16.74 16.74 17.54 17.7 18.3 19.04 19.42 19.14 19.38 19.76 20.16 20.72 21.84 22.02 20.38 19.54 19.08 17.16 -9999 -9999 -9999 -9999 -9999 -9999 -9999 -9999 -9999 -9999 -9999 -9999 -9999 -9999
20.86 26.94 27.38 30.6 27.46 25.9 29.74 29.06 30.52 33.38 32.64 31.34 30.68 31.14 27.76 29.42 32.64 26.26 26.4 26.86 28.38 28.8 31.8 33.72 35.38 34.12 32.8 30.96 29.62 26.88 24.64 22.68 20.86 19.96 19.38 18.7 17.22 16.9 16.7 17.42 17.74 16.94 17.08 17.22 17.12 16.66 16.54 17.12 17.24 17.76 18.94 19.34 19 19.34 19.86 20.76 21.38 21.58 21.7 20.18 19.58 18 -9999 -9999 -9999 -9999 -9999 -9999 -9999 -9999 -9999 -9999 -9999 -9999 -9999 -9999 -9999
36.06 37.58 36.46 36.6 35.86 37.26 37.56 36.52 35.5 34.24 32.06 26.74 27.68 31.22 31.68 28.92 33.78 28.86 26.38 27.04 28.28 29.94 32.22 36.5 38.6 36.06 35.12 33.78 31.56 29.18 26.32 24.06 22.72 21.52 20.1 18.98 18.76 17.28 16.66 17.4 17.5 17.1 17.62 17.38 17.28 16.78 16.7 17.16 17.12 17.48 18.78 19.28 19.3 19.52 19.78 21.16 22.2 22.6 21 20.16 19.36 -9999 -9999 -9999 -9999 -9999 -9999 -9999 -9999 -9999 -9999 -9999 -9999 -9999 -9999 -9999 -9999
40.56 40.3 39.8 38.96 38.22 37.76 37.68 35.54 35.04 32.9 29.98 26.98 31.78 34.12 35.7 31.46 33.76 28.6 27.52 28.5 29.64 34.4 36.3 35.68 38.36 38.82 34.52 34.94 33.12 30.36 27.78 26.36 24.78 23.28 21.5 19.86 19.46 17.8 17.88 17.8 17 15.66 16.38 17.2 17.02 16.34 16.96 17.42 16.88 17.58 18.76 19.8 20.18 20.52 21.06 21.98 22.72 22.56 21.14 20.44 -9999 -9999 -9999 -9999 -9999 -9999 -9999 -9999 -9999 -9999 -9999 -9999 -9999 -9999 -9999 -9999 -9999
41.68 40.04 38.38 36.3 34.3 33.94 36.06 36.58 34.64 30.36 28.52 28.8 36.04 33.28 34.86 34.02 34.6 30.18 29.24 29.7 30.32 34.22 36.36 36.26 41.08 35.9 35.64 34.82 34.94 31.22 28.12 27.26 25.94 25.18 23.06 22.14 19.62 19.38 19.16 18.4 17.4 17.1 17.02 16.88 17.14 17.3 17.44 17.44 17.52 18.44 20.16 20.06 20.88 21.52 21.46 22.3 22.6 22 20.84 20.16 -9999 -9999 -9999 -9999 -9999 -9999 -9999 -9999 -9999 -9999 -9999 -9999 -9999 -9999 -9999 -9999 -9999
42.78 40.6 40.02 37.94 35.72 35.38 33.9 35.26 31.22 31.16 30.92 37.48 38.32 37 36.74 38.74 34.42 30.52 30.62 32.48 33.94 35.28 36.78 36.6 37.06 36.86 35.48 35.26 34.38 31.52 29.04 26.78 26.92 26.9 25.56 23.78 21.2 21.04 19.14 19.4 18.44 18.36 17.2 17.76 17.52 17.48 17.78 18.12 18.98 19.86 20.86 21.54 22.22 22.16 21.82 21.92 21.8 22.3 21.64 -9999 -9999 -9999 -9999 -9999 -9999 -9999 -9999 -9999 -9999 -9999 -9999 -9999 -9999 -9999 -9999 -9999 -9999
43.76 42.92 42.22 41.9 41.68 39.94 38.94 37.36 34.42 34.1 38 39.2 37.72 38.06 39.18 39.44 32.84 32.98 33.86 33.44 34.02 36.6 36.6 36.88 36.74 36.02 34.96 35.1 32.92 32.26 30.34 29.24 27.58 26.54 25.24 24.94 22.84 22.08 20.9 20.1 18.94 18.5 18.4 18.38 17.68 18.26 18.66 19.36 20.7 20.54 21.68 22.68 23.6 24.02 23.02 22.42 22.4 22.74 22.68 -9999 -9999 -9999 -9999 19.06 22.9 -9999 -9999 -9999 -9999 -9999 -9999 -9999 -9999 -9999 -9999 -9999 -9999
44.54 43.42 43.64 43.38 42.44 41 39.8 36.72 35.56 38.2 40.46 40.34 39.42 40.48 41.42 40.64 35.32 35.6 34.56 36.2 33.84 37.12 36.94 36.1 37.82 36.22 34.84 35.12 32.48 31.86 30.16 29.1 28.2 27.06 25.94 25.02 22.98 21.78 21.06 20.54 20.18 18.76 18.44 18.86 19.08 18.86 19.84 20.88 21.62 22 22.76 23.9 25.4 24.7 23.8 22.48 22.76 -9999 -9999 -9999 -9999 -9999 23.04 16.36 23.36 -9999 -9999 -9999 -9999 -9999 -9999 -9999 -9999 -9999 -9999 -9999 -9999
44.68 45.08 44.62 43.76 43.24 41.76 38.32 34.8 34.68 40.96 42.04 42.72 42.44 43.32 42.6 39.98 38.38 38.62 38.56 36.38 35.58 36.68 37 36.46 37.26 35.84 34.12 32.6 31.14 29.84 29.16 27.58 27.14 27.22 27.7 25.66 23.58 22.38 21.8 20.72 20.52 20.08 20.58 20.72 20.92 20.96 21.14 21.9 22.24 23.28 24.14 24.36 24.54 24.96 24 24 -9999 -9999 -9999 -9999 -9999 27.38 19.86 18.16 -9999 -9999 -9999 -9999 -9999 -9999 -9999 -9999 -9999 -9999 -9999 -9999 -9999
45.78 45.24 44.72 44.26 43.92 44.08 41.26 35.88 35.74 43.68 43.56 44.48 44.88 43.96 43.5 38.86 41.14 39.38 39.74 37.78 37.02 37.14 36.98 35.48 34.44 34.18 34.1 32.14 28.14 28.74 28.98 27.86 26.92 25.2 25.16 24.7 23.84 22.92 21.56 21.08 21 21.42 21.96 22 21.88 21.62 22.26 23.24 23.52 24.24 24.64 24.42 24.52 24.92 -9999 -9999 -9999 -9999 -9999 -9999 -9999 30.04 21.2 23.22 -9999 -9999 -9999 -9999 -9999 -9999 -9999 -9999 -9999 -9999 -9999 -9999 -9999
46.4 44.84 44.5 44.66 44.98 46.14 42.46 36.74 38.04 43.96 45.82 46.48 46.96 43.72 41.92 41.32 42.44 39.18 39.68 37.66 37.7 37.86 38.34 35.72 34.52 33.76 31.8 32.54 33.64 32.6 31.42 29.44 26.74 25.72 25.28 24.5 23.54 22.82 21.86 21.28 20.96 21.32 22.48 22.6 22.18 21.88 22.36 23 24.32 24.76 24.74 25.04 -9999 -9999 -9999 -9999 -9999 -9999 -9999 -9999 -9999 31.66 23.04 -9999 -9999 -9999 -9999 -9999 -9999 -9999 -9999 -9999 -9999 -9999 -9999 -9999 -9999
46.18 45.42 44.52 -9999 44.14 44.88 42.74 37 40.08 44.2 47.26 47.62 47.68 46.7 45.36 43.98 41.26 41.06 41.08 40.8 38.7 37.34 38.42 36.86 34.72 34.16 34.42 33.58 34.08 34.12 32.36 29.5 26.98 24.66 24.52 24.1 23.22 22.16 21.48 21.28 21 21.7 23.92 22.82 22.26 22.18 22.42 22.76 -9999 -9999 -9999 -9999 -9999 -9999 -9999 -9999 -9999 -9999 -9999 -9999 -9999 -9999 30.5 -9999 -9999 -9999 -9999 -9999 -9999 -9999 -9999 -9999 -9999 -9999 -9999 -9999 -9999
