shamba/rasters/climate/pet_4.txt
ncols         720
nrows         360
xllcorner     -180
yllcorner     -90
cellsize      0.5
NODATA_value  -9999
[rows 136 to 169 of 360, columns 308 to 384 of 720]
-9999 -9999 -9999 -9999 -9999 -9999 -9999 -9999 -9999 -9999 -9999 -9999 -9999 -9999 -9999 -9999 -9999 -9999 57.78 62.1 64.96 67.88 70.12 71.1 71.14 71.8 71.14 70.8 69.18 68.42 68.66 68.92 67.96 68.18 68.36 68.38 69.52 69.54 69.4 70.64 70.64 70.44 71.48 71.3 72.32 72.16 72.8 74.04 73.9 74.8 74.56 75.1 74.44 74.34 73.18 70.8 68.3 65.76 63.04 60.56 58.7 55.84 54.7 53.64 54.58 54.12 55.5 56.7 57.9 58.5 59.8 61.72 62.18 63.66 66.18 67.24 68.76
-9999 -9999 -9999 -9999 -9999 -9999 -9999 -9999 -9999 -9999 -9999 -9999 -9999 -9999 -9999 -9999 -9999 -9999 58.6 63.6 66.74 69.48 71.1 72.08 71.82 70.8 70.08 69.44 69.48 68.88 68.9 69.04 69.26 69.36 69.32 69.38 69.38 70.48 70.32 70.36 71.7 71.24 72 73.14 72.6 73.74 74.16 74.34 75.66 76.3 75.9 76.4 77 76.96 74.68 72.28 69.82 67.26 64.36 62.92 60.08 57.92 57.9 56.9 57.44 56.92 57.52 58.82 59.92 60.82 62.5 63.4 64.02 65.8 67.24 68.4 70.06
-9999 -9999 -9999 -9999 -9999 -9999 -9999 -9999 -9999 -9999 -9999 -9999 -9999 -9999 -9999 -9999 -9999 -9999 60.02 64.32 68.4 70.8 71.74 72.12 71.6 69.7 69.54 69.08 68.6 68.64 69 69.04 68.66 69.1 68.96 70.24 70.2 70.18 70.98 70.9 71.98 71.74 72.54 73.52 73.26 74.22 75.36 75.76 75.62 76.54 77.26 77.9 78.44 78.22 77.12 74.74 71.64 68.12 66.68 63.7 62.02 60.2 60.56 59.18 58.94 59.08 60.1 61.44 63.28 63.38 64.36 65.4 67.44 67.92 69.72 70.8 71.46
-9999 -9999 -9999 -9999 -9999 -9999 -9999 -9999 -9999 -9999 -9999 -9999 -9999 -9999 -9999 -9999 -9999 -9999 -9999 66.44 69.42 71.14 71.64 72.24 70.16 68.96 68.86 68.08 68.6 68.52 68.74 68.64 68.56 69.82 69.82 69.74 71.06 70.76 70.58 71.46 72.36 72.16 72.92 73.78 73.62 74.68 75.42 75.84 77.08 78.22 78.48 79.42 79.82 79.7 78.1 75.12 71.46 69.16 66.68 65.48 64.34 61.96 62.8 62.6 62.18 62.22 63.18 64.86 65.54 67.42 67.44 67.8 69.54 70.08 71.42 71.42 72.6
-9999 -9999 -9999 -9999 -9999 -9999 -9999 -9999 -9999 -9999 -9999 -9999 -9999 -9999 -9999 -9999 -9999 -9999 -9999 68.06 70.14 70.9 71.38 70.6 69.46 67.5 67.52 67.58 66.92 67.76 68.62 68.48 69.02 69.18 70.74 70.6 70.24 71.48 71.1 72 71.68 72.44 73.38 74.08 73.74 74.74 75.78 76.94 77.54 78.42 78.76 78.54 79.74 78.4 76.04 73.48 71.78 68.88 66.86 65.76 64.8 64.04 63.52 63.62 64.98 65.1 66.54 67.44 68.98 69.76 70.96 70.62 71.36 71.88 73.24 73.1 74.5
-9999 -9999 -9999 -9999 -9999 -9999 -9999 -9999 -9999 -9999 -9999 -9999 -9999 -9999 -9999 -9999 -9999 -9999 -9999 68.16 70.38 70.7 68.4 67.9 66.9 66 66.24 66.26 66.14 67.22 68.02 69.36 69.92 69.86 69.84 71.06 70.9 70.64 71.54 71.22 71.98 72.94 73.48 73.18 73.78 74.88 75.84 76.36 77.34 78.54 78.84 79.04 77.88 76.34 74.16 71.78 70.28 68.5 67.66 66.76 67.06 66.02 65.64 66.18 67.12 68.9 68.96 71.06 72.2 73.22 73.34 73.12 74.08 74.94 74.96 75 76.22
-9999 -9999 -9999 -9999 -9999 -9999 -9999 -9999 -9999 -9999 -9999 -9999 -9999 -9999 -9999 -9999 -9999 -9999 -9999 -9999 70.62 69.38 65.58 64.2 64.8 65.08 65.94 65.72 66.42 67.42 67.46 68.94 69.18 70.3 70.64 70.5 71.32 71.24 72.24 71.62 72.44 73 72.34 73.28 73.92 74.8 76.02 76.06 77.46 78.24 78.48 79.18 77.26 74.46 69.9 68.72 68.48 67.82 66.92 67.26 67.62 67.9 67.7 69.28 70.4 70.84 72.18 73.24 75.64 75.48 76.74 76.28 75.96 76.6 76.82 76.78 78.12
-9999 -9999 -9999 -9999 -9999 -9999 -9999 -9999 -9999 -9999 -9999 -9999 -9999 -9999 -9999 -9999 -9999 -9999 -9999 -9999 70.44 69.2 67.24 66.04 65.22 65.6 64.74 64.6 65.24 66.6 66.92 68.62 69.72 71.1 71.16 71.06 71.72 71.64 71.14 71.88 72.52 71.82 72.42 73.32 73.84 74.68 75.54 77 77.94 79.22 79.26 79.32 77.38 73.88 68.96 66.76 66.76 66.9 67.36 67.74 67.92 69.62 69.14 71.18 72.32 74.14 75.36 76.22 78.5 78.98 78.22 78.52 78.02 78.5 78.5 78.5 78.46
-9999 -9999 -9999 -9999 -9999 -9999 -9999 -9999 -9999 -9999 -9999 -9999 -9999 -9999 -9999 -9999 -9999 -9999 -9999 -9999 70.78 71.2 71.06 68.84 67.2 66.4 65.4 64.7 65.26 65.68 67.32 68.7 71.58 71.72 73.04 71.66 71.42 70.86 71.36 72.1 71.22 71.98 72.72 73.12 72.92 73.72 74.52 75.68 76.86 79.62 80.84 81 78.92 75.14 71 68.2 67.28 67.64 67.52 68.04 68.44 70.58 71.2 72.96 74.46 76.3 78.28 79.22 81.18 80.46 81.14 80.48 79.88 79.76 79.82 79.82 79.92
-9999 -9999 -9999 -9999 -9999 -9999 -9999 -9999 -9999 -9999 -9999 -9999 -9999 -9999 -9999 -9999 -9999 -9999 -9999 68.24 69.66 69.26 70.42 69.64 68.9 66.44 65.54 63.08 64.1 64.22 67.12 70 72.96 74.46 74.38 73.02 71.92 71.18 71.56 70.7 71.02 71.64 72.3 71.52 72.52 72 72.92 74.28 76.72 79.48 82.06 83.74 81.66 77.82 74.74 70.26 68.74 68.5 68.18 69.14 69.84 71.84 72.86 74.54 75.94 78.02 80.86 82.7 83.68 83.36 82.14 81.36 81.64 81.28 81.44 81.3 81.36
-9999 -9999 -9999 -9999 -9999 -9999 -9999 -9999 -9999 -9999 -9999 -9999 -9999 -9999 -9999 -9999 -9999 -9999 -9999 67.88 68.14 64.98 64.18 67.72 69 67.08 63.76 62.04 62.6 64.08 67.98 72.04 75.48 76.58 75.1 74.02 71.48 70.06 70.06 70.34 70.68 71.12 71.1 71.86 70.94 70.48 70.28 71.66 74.66 78.48 83.86 86.58 85.62 80.6 76.74 71.46 68.34 67.82 68.42 69.52 71.7 73.16 73.2 74.9 78.14 79.82 82.06 83.56 84.2 84 83.16 82.92 83.32 83.22 82.92 82.8 82.5
-9999 -9999 -9999 -9999 -9999 -9999 -9999 -9999 -9999 -9999 -9999 -9999 -9999 -9999 -9999 -9999 -9999 -9999 -9999 65.78 66.22 62.54 63.98 64.86 68.12 66.06 61.5 60.64 62.24 63.78 68.74 74.18 76.96 79.24 77.74 75.42 71.62 69.94 70.42 70.4 69.94 70.66 70.56 71.28 69.3 69.06 67.86 69.16 71.86 75.98 82.38 88.94 88.34 82.48 76.3 72.18 67.98 67.8 68.88 70.86 71.72 73.66 74.48 76.38 78.18 80.06 80.72 82.38 83.32 83.34 83.38 83.22 83.42 83.12 84.22 83.96 82.52
-9999 -9999 -9999 -9999 -9999 -9999 -9999 -9999 -9999 -9999 -9999 -9999 -9999 -9999 -9999 -9999 -9999 -9999 -9999 65.34 64.1 60.68 59.74 62.22 61.58 56.28 58.6 60.48 62.26 65.96 70.76 76.16 79.52 81.56 79.82 75.86 72.02 70.22 68.98 68.4 69.16 70.08 70.78 70.62 69.26 67.76 65.12 65.18 66.56 71.14 78.28 83.62 83.88 81.62 77.58 72.8 68.82 69.54 70.08 71.98 73.64 73.86 76.08 76.66 77.72 78.56 79.88 81.12 82.86 83.28 83.48 83.58 84.6 84.66 84.34 84.62 83.22
-9999 -9999 -9999 -9999 -9999 -9999 -9999 -9999 -9999 -9999 -9999 -9999 -9999 -9999 -9999 -9999 -9999 -9999 65.6 64.5 61.1 58.26 58.2 59.68 59.16 56.42 57.24 59.98 63.14 66.32 69.78 75.36 80.84 83.66 78.86 75.22 70.84 67.38 66.66 66.78 68.08 69.08 70.12 71.4 68.96 66.58 62.6 61.1 58.66 66.28 72.68 78.14 79.42 79.86 78.22 75.04 72.42 72.66 73.48 73.66 75 75.06 75.8 76.3 77.28 78 78.68 80.02 80.96 81.48 83.06 83.14 84.2 85.18 85.36 84.72 84.38
-9999 -9999 -9999 -9999 -9999 -9999 -9999 -9999 -9999 -9999 -9999 -9999 -9999 -9999 -9999 -9999 -9999 63.08 65.9 61.32 59.42 58.06 59.22 59.88 61.68 60.26 61.02 61.12 62.46 65.32 68.08 72.42 76.62 78.48 76.02 73.44 70.42 67.5 66.34 65.3 65.44 67.88 70.44 71.88 69.44 65.42 60.76 58.66 58.58 63.16 68.88 73.74 76.82 79.4 78.96 78.28 77.14 75.94 74.6 75.24 76.62 77.72 77.02 77.8 76.9 77.64 76.7 78.22 80 81.08 81.56 82.82 84.48 84.98 86.14 85.8 84.86
-9999 -9999 -9999 -9999 -9999 -9999 -9999 -9999 -9999 -9999 -9999 -9999 -9999 -9999 -9999 -9999 -9999 -9999 65.96 62.58 59.42 58.9 59.7 63.04 65.8 64.6 62.26 62.08 62.6 63.7 65.12 67.46 69.4 71.28 71.28 70.32 68.9 66.2 63.98 63.16 63.1 64.46 67.14 68.52 66.4 61.74 57.76 56.9 58.36 62.7 67.18 70.78 74.62 77 80.5 80.56 79.02 77.52 76.52 76.3 78.02 78.18 79.94 78.64 77.84 75.72 74.68 76.06 77.14 78.64 80.84 82.14 84.16 85.32 86.94 86.64 85.06
-9999 -9999 -9999 -9999 -9999 -9999 -9999 -9999 -9999 -9999 -9999 -9999 -9999 -9999 -9999 -9999 -9999 -9999 -9999 65.42 62.78 60.78 61.58 64.6 69.74 66.9 63.7 60.66 60.8 59.74 60.9 61.22 62.5 64.52 66.32 67.76 67.36 64.82 62.74 59.74 59.58 59.72 61.32 63.02 61.96 58.72 55.04 54.08 58.92 62.82 66.3 69.04 72 75.6 77.94 79.4 78.24 76.96 76.02 77.4 78.02 79.72 80.62 79.2 76.74 74.02 73.24 75.6 76.52 78.5 79.78 82.04 83.06 85.24 86.74 87.42 85.9
-9999 -9999 -9999 -9999 -9999 -9999 -9999 -9999 -9999 -9999 -9999 -9999 -9999 -9999 -9999 -9999 -9999 -9999 65.94 66.14 64.3 61.48 59.32 62.1 63.5 63.42 61.72 59.74 58.26 57.42 57.04 56.62 55.38 57.66 62.64 65.66 67.3 65.16 60.7 56.36 56.44 55.52 55.96 58.94 59.22 58.44 55.76 56.72 60.34 63.92 65.52 68.5 71.2 73.42 74.66 75.94 76.98 75.8 75.66 75.94 76.44 77.36 78.46 77.14 75.36 73.64 71.94 74.1 76.16 77.72 79.78 80.88 82.98 83.9 85.7 87.78 86.64
-9999 -9999 -9999 -9999 -9999 -9999 -9999 -9999 -9999 -9999 -9999 -9999 -9999 -9999 -9999 -9999 -9999 -9999 64.58 66.2 63.82 59.8 58.1 58.46 58.44 58.52 58.64 57.72 55.78 54.16 53.38 53.46 53.52 55.26 58.82 63.7 68.76 63 59.12 56.16 54.18 53.42 54.98 57.12 58.42 58.92 58.86 60.26 62.9 65.34 65.16 66.94 68.4 70.16 71.48 72.16 72.48 73.26 72.48 72.56 73.04 74.34 74.96 74.62 74.72 74.08 73.04 74.36 75.56 77.74 78.5 79.52 81.14 81.78 83.7 83.76 83.1
-9999 -9999 -9999 -9999 -9999 -9999 -9999 -9999 -9999 -9999 -9999 -9999 -9999 -9999 -9999 -9999 -9999 -9999 -9999 62.72 61.14 58.28 56.1 54.9 54.82 55.78 55.26 53.94 53.7 52.18 51.66 52.44 52.14 54.14 56.68 59 61.56 57.12 55.04 53.18 53.04 53.46 56.26 57.46 59.02 59.76 59.38 60.68 64.08 64.28 63.3 63.42 65.14 66.56 67.18 67.8 68.32 68.68 69.44 69.06 69.54 70.14 69.92 70.84 71.72 71.96 71.54 72.82 74.64 75.82 76.28 77.46 78.08 78.86 80.02 79.4 78.32
-9999 -9999 -9999 -9999 -9999 -9999 -9999 -9999 -9999 -9999 -9999 -9999 -9999 -9999 -9999 -9999 -9999 -9999 -9999 -9999 -9999 56.02 54.26 52.88 52.98 52.74 51.86 50.16 50.82 49.94 50.7 51.76 51.32 52.38 53.02 52.1 50.06 49.5 50.5 52.08 53.38 54.36 56.84 58.54 59.18 59.24 58.52 59.16 59.02 57.96 58.7 58.84 60.92 61.24 62.26 63.78 63.8 65.02 65.02 66.08 66.5 65.62 65.56 66.08 67.36 67.76 67.9 69.52 71.16 72.5 73.44 74.76 75.96 75.56 76.18 75.94 75.52
-9999 -9999 -9999 -9999 -9999 -9999 -9999 -9999 -9999 -9999 -9999 -9999 -9999 -9999 -9999 -9999 -9999 -9999 -9999 -9999 -9999 53.34 52.7 51.76 50.62 50.18 47.98 46.52 47.68 49.56 50.9 51.02 51.22 51.12 49.2 47.12 44.34 43.96 46.28 49.2 51.24 52.64 55.8 57.72 58.08 58.06 56.78 54.36 53.06 51.72 52.18 53.66 54.72 56.4 57.94 58.3 58.88 59.82 60.68 61.3 61.18 60.64 60.68 61.56 61.74 62.18 63.98 64.9 66.9 68.62 69.22 70.58 72.14 72.5 72.64 72.46 71.62
-9999 -9999 -9999 -9999 -9999 -9999 -9999 -9999 -9999 -9999 -9999 -9999 -9999 -9999 -9999 -9999 -9999 -9999 -9999 -9999 -9999 -9999 52.24 50.92 50.1 49.02 48.08 44.66 45.48 48.98 51.02 50.52 50.18 49.24 47.22 44.44 42.76 42.56 44.1 46.26 48.24 50.5 53.62 55.42 56.62 56.42 53.66 50.84 49.02 46.3 47.42 49.56 49.72 51.3 52.42 51.68 53.62 55.3 56.3 56.48 56.8 56.42 56.22 57.34 57.52 58.12 59.36 60.8 62.52 63.34 64.8 66.34 67.58 68.5 68.56 68.94 69.04
-9999 -9999 -9999 -9999 -9999 -9999 -9999 -9999 -9999 -9999 -9999 -9999 -9999 -9999 -9999 -9999 -9999 -9999 -9999 -9999 -9999 -9999 -9999 51.08 50.22 49.46 49.46 47.18 49.78 50.42 51.74 50.88 48.52 47.34 44.94 43.06 41.6 41.64 42.44 44.32 45.74 48.1 50.54 51.6 53.38 54.24 49.36 46.24 46.16 46.64 47.3 47.88 47.4 47.5 45.02 45.7 48.8 50.66 51.48 52.28 53.16 52.8 52.86 53.48 53.52 54.06 54.82 56.92 58.92 59.08 60.74 62.32 63.52 64.32 65.22 65.52 65.5
-9999 -9999 -9999 -9999 -9999 -9999 -9999 -9999 -9999 -9999 -9999 -9999 -9999 -9999 -9999 -9999 -9999 -9999 -9999 -9999 -9999 -9999 -9999 -9999 49.74 50.14 52 54.64 54.88 54.12 51.92 49.2 47.08 44.92 42.54 41.32 39.82 39.76 40.74 42.14 43.2 45.14 47.76 48.44 49.04 48.08 45.46 43.68 44.72 46.6 47.7 46.88 46.42 46.52 45.86 44.68 46.06 47.18 47.18 48.58 49.42 49.96 49.38 49.7 49.76 50.16 52.1 52.86 54.24 54.58 56.14 59.2 59.58 60.76 59.94 61.2 61.38
-9999 -9999 -9999 -9999 -9999 -9999 -9999 -9999 -9999 -9999 -9999 -9999 -9999 -9999 -9999 -9999 -9999 -9999 -9999 -9999 -9999 -9999 -9999 -9999 -9999 54.38 55.36 56.12 54.9 52.22 48.84 46.08 43.42 41.24 39.68 39.02 38.52 38.56 39.02 40.46 41.48 42.44 43.96 45.04 44.94 43.86 42.78 41.8 43.62 45.54 46.7 45.5 45.32 44.14 42.88 42.74 43.16 43.9 44.26 45.2 46.9 47.38 47.18 47.4 47.78 47.96 49.12 49.82 51.74 51.1 52.3 55.4 56.24 56.8 57.08 56.64 56.86
-9999 -9999 -9999 -9999 -9999 -9999 -9999 -9999 -9999 -9999 -9999 -9999 -9999 -9999 -9999 -9999 -9999 -9999 -9999 -9999 -9999 -9999 -9999 -9999 -9999 -9999 55.24 55.22 52.86 49.66 46.74 43.92 40.04 38.16 37.8 37.06 37.16 37.62 38.02 38.7 39.44 40.38 41.5 42.16 42.26 41.4 40.82 40.64 42.24 43.74 44.04 43.98 43.38 41.82 41.2 40.62 41.28 41.86 42.16 42.42 44.02 45.28 44.78 44.72 45.42 46.54 47.44 48.5 50.48 51.74 52.6 53 52.78 53.24 53.04 51.14 51.92
-9999 -9999 -9999 -9999 -9999 -9999 -9999 -9999 -9999 -9999 -9999 -9999 -9999 -9999 -9999 -9999 -9999 -9999 -9999 -9999 -9999 -9999 -9999 -9999 -9999 -9999 51.58 52.52 50.7 47.06 45.08 42.2 38.06 36.86 36.54 36.32 36.4 36.84 37.08 37.72 38.22 39.1 39.3 39.78 39.6 39.08 38.9 39.98 41.28 41.56 42.18 42.34 41.6 39.04 39.36 38.74 39.84 40.56 40.36 40.56 41.28 41.1 40.74 41.76 42.52 44.38 45.8 47.16 48 49.16 49.66 49.68 49.68 49.16 49.62 47.08 48.14
-9999 -9999 -9999 -9999 -9999 -9999 -9999 -9999 -9999 -9999 -9999 -9999 -9999 -9999 -9999 -9999 -9999 -9999 -9999 -9999 -9999 -9999 -9999 -9999 -9999 -9999 46.82 46.88 46.1 44.12 41.68 39.12 37.4 36.14 36.12 35.54 35.16 35.22 36.36 36.74 37.38 37.34 38.32 39.1 38.46 38.2 37.78 39.24 39.12 40.18 39.96 40.36 39.74 37.76 37.92 36.78 37.62 38.18 39.26 39.34 38.42 36.84 37.12 37.62 40.16 41.98 44.04 45.5 46.22 46.94 46.92 46.44 45.82 45.16 44.56 44.16 43.62
-9999 -9999 -9999 -9999 -9999 -9999 -9999 -9999 -9999 -9999 -9999 -9999 -9999 -9999 -9999 -9999 -9999 -9999 -9999 -9999 -9999 -9999 -9999 -9999 -9999 -9999 -9999 -9999 42.88 41.36 39.8 37.28 36.92 36.32 36.8 35.82 34.94 35.06 36 36.16 37.26 37.78 38.2 38.08 37.6 37.26 36.98 37.06 37.96 38.04 38.08 38.16 37.72 37.12 37.32 35.52 35.58 37.4 37.84 37.96 36.96 34.5 34.9 36.88 38.14 40.66 42.06 43 43.86 43.78 42.92 42.8 42.5 41.68 40.48 39.4 38.3
-9999 -9999 -9999 -9999 -9999 -9999 -9999 -9999 -9999 -9999 -9999 -9999 -9999 -9999 -9999 -9999 -9999 -9999 -9999 -9999 -9999 -9999 -9999 -9999 -9999 -9999 -9999 -9999 -9999 39 37.56 35.58 35.58 35.72 36.34 36.28 35.88 35.7 35.96 36.2 37.28 37.98 38.82 37.62 37.28 36.84 36.34 36.34 37.36 36.48 35.22 35.62 36.3 37.48 38.5 38.16 37.96 37.88 36.5 36.4 35.78 35.14 34.76 35.66 36.9 38.54 39.9 41.88 41.06 40.52 39.18 38.64 38.6 38.58 36.6 36.82 37.44
-9999 -9999 -9999 -9999 -9999 -9999 -9999 -9999 -9999 -9999 -9999 -9999 -9999 -9999 -9999 -9999 -9999 -9999 -9999 -9999 -9999 -9999 -9999 -9999 -9999 -9999 -9999 -9999 -9999 -9999 -9999 34.9 34.94 35.2 35.74 35.74 35.6 35.72 36.18 36.12 36.5 37.52 38.58 38.16 37.32 36.42 35.52 34.92 35.14 34.36 33.56 33.64 36.86 39 39.92 39.74 -9999 -9999 -9999 -9999 -9999 34.7 34.6 35.04 35.74 36.56 37.98 39.7 37.54 37.36 35.48 35.42 35.92 35.12 36.86 36.94 35.9
-9999 -9999 -9999 -9999 -9999 -9999 -9999 -9999 -9999 -9999 -9999 -9999 -9999 -9999 -9999 -9999 -9999 -9999 -9999 -9999 -9999 -9999 -9999 -9999 -9999 -9999 -9999 -9999 -9999 -9999 -9999 -9999 34.96 34.88 35.12 34.58 35.04 35.6 36.22 36.38 37.16 37.68 38.32 37.94 37.36 36.94 36.02 35.18 35.1 34.48 35.54 38.44 39.88 -9999 -9999 -9999 -9999 -9999 -9999 -9999 -9999 -9999 33.98 33.76 34.44 34.9 35.08 35.72 34.76 33.48 33.14 33.34 33.6 34.62 36.24 35.92 35.26
-9999 -9999 -9999 -9999 -9999 -9999 -9999 -9999 -9999 -9999 -9999 -9999 -9999 -9999 -9999 -9999 -9999 -9999 -9999 -9999 -9999 -9999 -9999 -9999 -9999 -9999 -9999 -9999 -9999 -9999 -9999 -9999 -9999 35.04 35.1 34.88 35.06 34.36 35.44 36.34 37.64 37.84 37.86 37.6 37.3 36.88 36.62 36 35.06 35.36 37.54 -9999 -9999 -9999 -9999 -9999 -9999 -9999 -9999 -9999 -9999 -9999 -9999 32.86 32.64 32.8 32.92 33.24 33.06 31.86 31.66 31.64 32.08 33.9 34.96 35.3 34.98
