shamba/rasters/climate/pet_11.txt
ncols         720
nrows         360
xllcorner     -180
yllcorner     -90
cellsize      0.5
NODATA_value  -9999
[rows 102 to 135 of 360, columns 308 to 384 of 720]
-9999 -9999 -9999 -9999 -9999 -9999 -9999 -9999 -9999 -9999 -9999 -9999 -9999 -9999 -9999 -9999 -9999 -9999 -9999 -9999 -9999 -9999 -9999 -9999 -9999 -9999 -9999 -9999 -9999 -9999 -9999 -9999 -9999 15.18 15.34 15.36 15.74 16 16.08 15.9 15.52 15.08 14.48 13.64 13.4 13.46 13.32 13.78 14.3 14.96 15.78 16.46 -9999 -9999 -9999 -9999 -9999 -9999 -9999 -9999 -9999 -9999 -9999 -9999 -9999 -9999 -9999 -9999 -9999 -9999 -9999 -9999 -9999 -9999 -9999 -9999 -9999
-9999 -9999 -9999 -9999 -9999 -9999 -9999 -9999 -9999 -9999 -9999 -9999 -9999 -9999 -9999 -9999 -9999 -9999 -9999 -9999 -9999 -9999 -9999 -9999 -9999 -9999 -9999 -9999 -9999 -9999 -9999 -9999 -9999 -9999 15.86 16.18 16.04 16.32 16.1 15.98 16 15.72 15.34 14.74 14.42 14.22 14.12 14.48 15.26 16.08 16.9 -9999 -9999 -9999 -9999 -9999 -9999 -9999 -9999 -9999 -9999 -9999 -9999 -9999 -9999 -9999 -9999 -9999 -9999 -9999 -9999 -9999 -9999 -9999 -9999 -9999 -9999
-9999 -9999 -9999 -9999 -9999 -9999 -9999 -9999 -9999 -9999 -9999 -9999 -9999 -9999 -9999 -9999 -9999 -9999 -9999 -9999 -9999 -9999 -9999 -9999 -9999 -9999 -9999 -9999 -9999 -9999 -9999 -9999 -9999 -9999 15.76 15.84 16.54 16.6 16.96 17.02 17.28 17.24 17.04 16.16 15.3 15.38 14.96 15.08 15.78 16.32 16.58 -9999 -9999 -9999 -9999 -9999 -9999 -9999 -9999 -9999 -9999 -9999 -9999 -9999 -9999 -9999 -9999 -9999 -9999 -9999 -9999 -9999 -9999 -9999 -9999 -9999 -9999
-9999 -9999 -9999 -9999 -9999 -9999 -9999 -9999 -9999 -9999 -9999 -9999 -9999 -9999 -9999 -9999 -9999 -9999 -9999 -9999 -9999 -9999 -9999 -9999 -9999 -9999 -9999 -9999 -9999 -9999 -9999 -9999 -9999 -9999 15.68 15.54 16.24 17.88 18.26 17.96 18.04 17.92 17.88 16.88 16.5 16.04 15.56 15.98 16.88 -9999 -9999 -9999 -9999 -9999 -9999 -9999 -9999 -9999 -9999 -9999 -9999 -9999 -9999 -9999 -9999 -9999 -9999 -9999 -9999 -9999 18.34 19.2 -9999 -9999 -9999 -9999 -9999
-9999 -9999 -9999 -9999 -9999 -9999 -9999 -9999 -9999 -9999 -9999 -9999 -9999 -9999 -9999 -9999 -9999 -9999 -9999 -9999 -9999 -9999 -9999 -9999 -9999 -9999 -9999 -9999 -9999 -9999 -9999 -9999 -9999 -9999 -9999 -9999 -9999 -9999 -9999 18.66 18.84 17.86 18.88 18.4 17.74 16.82 16.82 17.5 -9999 -9999 -9999 -9999 -9999 -9999 -9999 -9999 -9999 16.5 16.26 15.74 15.22 15.24 15.04 15.24 15.4 16.16 17 17.8 17.9 17.66 18.06 19.64 21.3 21.66 -9999 -9999 -9999
-9999 -9999 -9999 -9999 -9999 -9999 -9999 -9999 -9999 -9999 -9999 -9999 -9999 -9999 -9999 -9999 -9999 -9999 -9999 -9999 -9999 -9999 -9999 -9999 -9999 -9999 -9999 -9999 -9999 -9999 -9999 -9999 -9999 -9999 -9999 -9999 -9999 -9999 -9999 -9999 20.28 21.02 -9999 -9999 -9999 -9999 -9999 -9999 -9999 -9999 -9999 -9999 -9999 16.08 15.88 15.74 15.86 15.5 15.16 15.04 15.18 15.18 14.92 14.98 14.92 14.98 16.06 16.8 17.22 18.06 18.88 20.56 22.22 -9999 -9999 -9999 -9999
-9999 -9999 -9999 -9999 -9999 -9999 -9999 -9999 -9999 -9999 -9999 -9999 -9999 -9999 -9999 -9999 -9999 -9999 -9999 -9999 -9999 -9999 -9999 -9999 -9999 -9999 -9999 -9999 -9999 -9999 -9999 -9999 -9999 -9999 -9999 -9999 -9999 -9999 -9999 -9999 20.7 -9999 -9999 -9999 -9999 -9999 -9999 -9999 -9999 -9999 16.6 16.32 16.16 16.24 15.88 15.68 15.52 15.46 15.58 15.6 15.5 15.36 15.46 15.22 15 15.08 15.94 16.44 17.06 18.08 19.42 20.8 24 24.74 -9999 -9999 -9999
-9999 -9999 -9999 -9999 -9999 -9999 -9999 -9999 -9999 -9999 -9999 -9999 -9999 -9999 -9999 -9999 -9999 -9999 -9999 -9999 -9999 -9999 -9999 -9999 -9999 -9999 -9999 -9999 -9999 -9999 -9999 -9999 -9999 -9999 -9999 -9999 -9999 -9999 -9999 -9999 18.28 18.22 18.46 17.92 17.02 17.54 -9999 -9999 -9999 18.22 17.4 16.66 16.48 16.32 16.04 15.96 15.7 15.42 15.44 15.46 15.96 15.54 15.52 15.7 16.62 16.88 16.58 17 17.42 18.72 20.3 21.52 24.24 24.74 -9999 -9999 -9999
-9999 -9999 -9999 -9999 -9999 -9999 -9999 -9999 -9999 -9999 -9999 -9999 -9999 -9999 -9999 -9999 -9999 -9999 -9999 -9999 -9999 -9999 -9999 -9999 -9999 -9999 -9999 -9999 -9999 -9999 -9999 -9999 -9999 -9999 -9999 -9999 -9999 -9999 -9999 17.92 18.36 18.46 18.86 18.6 18.28 18.38 19.08 19.52 19.26 18.6 18.34 17.54 17.36 16.84 16.8 16.6 16.06 15.88 15.26 15.94 16.52 16.46 15.84 15 15.6 15.9 16.72 17.3 18.38 19.52 21.34 22.74 24.2 24.9 -9999 -9999 -9999
-9999 -9999 -9999 -9999 -9999 -9999 -9999 -9999 -9999 -9999 -9999 -9999 -9999 -9999 -9999 -9999 -9999 -9999 -9999 -9999 -9999 -9999 -9999 -9999 -9999 -9999 -9999 -9999 -9999 -9999 -9999 -9999 -9999 -9999 -9999 -9999 -9999 -9999 -9999 18.26 17.9 18.82 19.82 19.86 19.68 20.04 19.92 20.48 20.24 19.78 18.86 18.4 17.86 17.44 17.24 17.12 17.02 16.58 16.4 17.06 17.26 17.02 16.8 16.1 16.3 16.84 17.8 18.6 19.48 20.54 21.9 23.14 -9999 -9999 -9999 -9999 -9999
-9999 -9999 -9999 -9999 -9999 -9999 -9999 -9999 -9999 -9999 -9999 -9999 -9999 -9999 -9999 -9999 -9999 -9999 -9999 -9999 -9999 -9999 -9999 -9999 -9999 -9999 -9999 -9999 -9999 -9999 -9999 -9999 -9999 -9999 -9999 -9999 -9999 19.62 19.16 17.76 16.64 18.32 20.3 21.34 21.24 20.88 20.96 20.8 20.64 20.14 19.34 18.7 18.38 18.16 18.58 18.26 18.04 17.64 17.96 18.54 18.74 18.48 18.48 18.14 17.92 18.46 19.28 19.7 20.88 22.18 23.28 23.88 24.2 -9999 -9999 -9999 -9999
-9999 -9999 -9999 -9999 -9999 -9999 -9999 -9999 -9999 -9999 -9999 -9999 -9999 -9999 -9999 -9999 -9999 -9999 -9999 -9999 -9999 -9999 -9999 -9999 -9999 -9999 -9999 -9999 -9999 -9999 -9999 -9999 -9999 -9999 -9999 20.06 19.84 19.1 18.36 17.74 18.28 19.88 21.52 21.88 21.58 21.94 21.74 21.3 20.88 20 19.48 18.84 18.74 19.02 18.8 18.92 18.98 19.2 19.42 20.34 20.44 20.42 20.2 19.84 19.98 20.52 20.96 21.56 22.42 23.5 24.12 24.6 24.78 25.14 24.5 -9999 -9999
-9999 -9999 -9999 -9999 -9999 -9999 -9999 -9999 -9999 -9999 -9999 -9999 -9999 -9999 -9999 -9999 -9999 -9999 -9999 -9999 -9999 -9999 -9999 -9999 -9999 -9999 -9999 -9999 -9999 -9999 -9999 -9999 -9999 -9999 20.76 20.7 19.94 19.44 18.44 17.54 18.5 21.02 21.48 22.1 22.64 22.66 21.9 21.56 21.14 20.62 19.26 18.8 18.88 18.68 19.34 19.46 19.96 20.7 21.62 22.54 22.42 22.18 21.74 21.8 21.8 22.26 22.72 23.24 24.24 25.1 25.76 25.84 26.02 26.24 25.74 24.38 23.32
-9999 -9999 -9999 -9999 -9999 -9999 -9999 -9999 -9999 -9999 -9999 -9999 -9999 -9999 -9999 -9999 -9999 -9999 -9999 -9999 -9999 -9999 -9999 -9999 -9999 -9999 -9999 -9999 -9999 -9999 -9999 -9999 -9999 21.18 20.88 20.9 20.72 19.96 18.56 19.06 22.64 23.64 23.46 22.52 22.28 21.98 21.9 21.3 21.28 19.7 19.18 18.68 19.04 19.64 19.92 20.6 21.28 21.98 23.48 24.48 24.32 23.2 23.12 23.14 22.96 23.96 24.52 25.04 25.96 26.88 27.5 27.72 27.72 27.72 26.94 26.12 26
-9999 -9999 -9999 -9999 -9999 -9999 -9999 -9999 -9999 -9999 -9999 -9999 -9999 -9999 -9999 -9999 -9999 -9999 -9999 -9999 -9999 -9999 -9999 -9999 -9999 -9999 -9999 -9999 -9999 -9999 -9999 -9999 -9999 20.42 21.48 21.64 21.22 20.86 21.28 24 26.02 22.66 21.32 21.52 22.02 21.5 20.9 20.38 20.46 20.08 19.24 19.22 19.88 20.18 20.64 20.94 22.24 22.96 24.38 25.26 24.7 24.7 24.66 24.6 24.52 25.04 26.04 27.24 27.92 28.78 29.4 29.98 29.76 29.58 29.14 28.32 27.68
-9999 -9999 -9999 -9999 -9999 -9999 -9999 -9999 -9999 -9999 -9999 -9999 -9999 -9999 -9999 -9999 -9999 -9999 -9999 -9999 -9999 -9999 -9999 -9999 -9999 -9999 -9999 -9999 -9999 -9999 -9999 -9999 20.42 20.06 21.14 21.68 22.96 23.48 24.26 23.3 22.96 21.48 21.34 22.04 21.82 21.96 20.94 20.2 20.4 20.06 20.14 20.14 20.42 20.56 21.36 22.3 23.02 23.96 24.82 25.48 25.4 25.6 25.56 25.86 26.38 26.84 27.48 28.66 29.98 31.12 32.1 32.1 32 31.7 30.84 30.14 30
-9999 -9999 -9999 -9999 -9999 -9999 -9999 -9999 -9999 -9999 -9999 -9999 -9999 -9999 -9999 -9999 -9999 -9999 -9999 -9999 -9999 -9999 -9999 -9999 -9999 -9999 -9999 -9999 -9999 -9999 -9999 -9999 21.24 21.14 21.68 22.78 24.08 24.02 23.74 23 22.52 21.92 21.88 21.92 21.96 21.46 21.1 20.6 20.42 20.36 20.3 20.4 21.14 21.36 22.1 23.06 23.4 24.42 25.24 25.56 25.72 26.4 26.72 27.22 27.62 28.12 29.26 30.52 31.7 33.18 34.34 34.84 33.9 33.18 32.66 31.82 30.96
-9999 -9999 -9999 -9999 -9999 -9999 -9999 -9999 -9999 -9999 -9999 -9999 -9999 -9999 -9999 -9999 -9999 -9999 -9999 -9999 -9999 -9999 -9999 -9999 -9999 -9999 -9999 -9999 -9999 -9999 -9999 -9999 -9999 22.98 22.84 23.52 24.42 24.06 24.08 23.58 22.92 22.44 22.8 22.28 22.22 22.24 21.84 21.38 21.44 21.28 21.24 22.02 22.04 22.74 23 23.72 24.14 25.16 26.1 26.32 26.44 27.1 27.52 27.94 28.44 29.56 29.94 31.32 32.8 34.68 36.26 36.76 35.58 34.22 33.72 32.86 32.08
-9999 -9999 -9999 -9999 -9999 -9999 -9999 -9999 -9999 -9999 -9999 -9999 -9999 -9999 -9999 -9999 -9999 -9999 -9999 -9999 -9999 -9999 -9999 -9999 -9999 -9999 -9999 -9999 -9999 -9999 -9999 -9999 23.54 22.94 23.6 24.44 24.8 24.38 24 24.04 23.74 23.72 23.2 22.9 22.66 22.66 22.64 22.62 22.68 22.58 22.66 22.84 23.04 23.06 24.4 25.34 25.64 25.8 26.28 27.08 27.68 27.68 28.02 28.56 29 29.52 30.68 31.92 33.04 34.64 36.52 36.92 35.88 34.82 34.26 33.48 32.92
-9999 -9999 -9999 -9999 -9999 -9999 -9999 -9999 -9999 -9999 -9999 -9999 -9999 -9999 -9999 -9999 -9999 -9999 -9999 -9999 -9999 -9999 -9999 -9999 -9999 -9999 -9999 -9999 -9999 -9999 -9999 24.22 23.9 24.04 24.64 25.4 25.44 25.08 25.36 25.24 24.78 24.48 24.02 24.08 24.22 23.48 23.44 23.5 24.16 24.08 24.1 23.74 24 24.58 25.32 26.08 26.9 27.76 27.72 27.64 28.28 28.22 28.74 29.1 30.02 30.36 31.08 32.14 33.16 34.48 35.24 35.88 35.5 34.86 34.5 34.1 34.02
-9999 -9999 -9999 -9999 -9999 -9999 -9999 -9999 -9999 -9999 -9999 -9999 -9999 -9999 -9999 -9999 -9999 -9999 -9999 -9999 -9999 -9999 -9999 -9999 -9999 -9999 -9999 -9999 -9999 -9999 25.4 25.26 24.92 25.4 25.94 26.18 26.46 25.92 25.94 25.88 25.66 25.14 25.28 24.74 24.64 24.62 24.52 24.54 24.6 25.24 24.7 24.94 25.38 26.08 26.8 27.4 28.32 29 29.32 29.28 29.26 29.22 29.84 29.74 29.88 30.62 30.64 31.64 32.04 33.06 34.02 34.56 34.5 34.92 34.82 34.42 34.2
-9999 -9999 -9999 -9999 -9999 -9999 -9999 -9999 -9999 -9999 -9999 -9999 -9999 -9999 -9999 -9999 -9999 -9999 23.68 -9999 -9999 -9999 -9999 -9999 -9999 -9999 -9999 -9999 26.6 26.22 26.16 26.26 26.66 26.2 26.96 27.04 26.78 26.86 26.56 26.84 26.48 26.72 26.08 26.18 26.18 26.18 26.14 26.18 26.2 26.12 26.5 26.48 27.12 27.84 28.44 28.78 29.7 29.8 30.52 30.56 29.82 29.88 29.74 30.18 30.46 30.1 30.72 30.92 31.3 32.14 33.16 33.26 33.82 34.4 34.62 34.52 34.56
-9999 -9999 -9999 -9999 -9999 -9999 -9999 -9999 -9999 -9999 -9999 -9999 -9999 -9999 -9999 -9999 -9999 -9999 -9999 -9999 -9999 -9999 -9999 -9999 -9999 -9999 27.88 27.44 26.86 26.84 26.82 26.84 27.36 27.62 27.8 27.78 27.7 28.08 27.66 27.48 27.62 27.02 27.52 27.54 27.66 27.62 27.22 27.28 27.44 27.52 27.52 28.26 28.82 28.78 29.44 30.72 31.28 31.38 31.08 30.84 30.84 30.46 30.82 30.38 30.48 29.96 30.28 30.28 30.6 31.2 32.18 33.1 33.44 33.8 34.56 34.84 34.9
-9999 -9999 -9999 -9999 -9999 -9999 -9999 -9999 -9999 -9999 -9999 -9999 -9999 -9999 -9999 -9999 -9999 -9999 -9999 -9999 -9999 -9999 -9999 -9999 -9999 29.16 28.82 28.22 27.82 27.6 27.64 27.74 27.94 28.32 28.46 28.72 28.86 28.52 28.92 28.7 28.6 28.6 29 28.46 28.52 29.28 28.86 28.8 29.14 29.16 29.14 30 29.76 30.44 30.54 31.46 31.96 32.24 31.86 31.36 31 30.48 30.76 30.44 30.5 30.5 30.44 30.04 30.52 30.96 31.82 32.86 33.2 33.4 34.48 34.6 35.22
-9999 -9999 -9999 -9999 -9999 -9999 -9999 -9999 -9999 -9999 -9999 -9999 -9999 -9999 -9999 -9999 -9999 -9999 -9999 -9999 -9999 -9999 -9999 -9999 -9999 30.58 29.78 29.28 28.58 28.48 28.24 28.56 28.56 29.3 29.26 29.8 29.92 29.8 29.24 29.66 29.38 29.44 29.66 29.56 29.72 29.7 29.86 29.84 30.08 30.02 30.92 30.88 31.58 31.74 32.12 32.22 32.14 32.16 31.86 32 31.66 31.04 31.02 31.22 30.8 30.88 30.06 30.6 30.68 30.64 31.36 32.26 33.08 33.48 33.9 34.78 35.24
-9999 -9999 -9999 -9999 -9999 -9999 -9999 -9999 -9999 -9999 -9999 -9999 -9999 -9999 -9999 -9999 -9999 -9999 -9999 -9999 -9999 -9999 -9999 32.72 32.46 31.46 30.84 29.56 28.84 28.84 28.98 29.36 29.6 29.98 30.02 30.5 30.78 30.1 30.32 30.5 31.32 31.1 31.28 31.32 31.4 31.46 31.62 31.78 31.76 31.8 31.74 32.66 32.64 32.76 32.98 33.04 32.86 32.82 32.62 31.88 31.62 31.52 31.74 31.04 30.84 30.84 30.3 30.78 30.26 30.96 31.24 32.26 33.02 33.16 33.94 35.24 35.82
-9999 -9999 -9999 -9999 -9999 -9999 -9999 -9999 -9999 -9999 -9999 -9999 -9999 -9999 -9999 -9999 -9999 -9999 -9999 -9999 -9999 -9999 34.48 33.56 33.06 32.42 31.36 30.02 29.22 29.34 29.42 29.8 30.48 30.74 31.28 31.58 31.96 31.26 32.04 31.56 32.02 32.02 32.2 32.22 32.3 33.06 33.52 32.68 33.6 33.56 33.72 33.8 33.6 33.68 34.56 33.6 33.5 33.56 32.78 32.72 33.38 32.44 31.68 31.74 31.18 30.94 31.22 31 31.44 31.2 31.32 32.14 32.16 33.56 34.22 35.3 35.78
-9999 -9999 -9999 -9999 -9999 -9999 -9999 -9999 -9999 -9999 -9999 -9999 -9999 -9999 -9999 -9999 -9999 -9999 -9999 -9999 -9999 -9999 35.72 35.16 34.22 33.78 32.78 31.32 29.92 29.74 30.26 31.2 30.92 31.96 32.52 32.96 32.96 32.3 33.08 32.94 33.9 34 33.98 34.1 34.22 34.36 34.6 34.54 35.36 35.34 34.64 34.68 35.4 35.38 35.06 35.14 34.12 33.92 33.42 33.5 33.26 32.42 31.6 31.9 31.26 31.18 31.42 31.28 31.56 31.12 31.38 31.5 32.42 33.62 34.5 35.34 36.86
-9999 -9999 -9999 -9999 -9999 -9999 -9999 -9999 -9999 -9999 -9999 -9999 -9999 -9999 -9999 -9999 -9999 -9999 -9999 -9999 -9999 -9999 36.68 36.62 35.92 34.76 34.12 32.72 31.7 31.32 31.64 31.88 32.64 32.88 32.92 33.26 34.22 33.74 33.92 34.82 34.7 34.88 35.18 35.2 35.32 36.34 36.26 36.24 36.1 36.28 37.22 37.18 37.24 36.18 36.02 35.86 36.22 34.84 33.84 34.14 33.46 31.78 32.86 32.48 31.14 30.96 31.34 31.32 31.3 31.2 31.18 32.62 33.12 34.08 35.18 36.68 37.04
-9999 -9999 -9999 -9999 -9999 -9999 -9999 -9999 -9999 -9999 -9999 -9999 -9999 -9999 -9999 -9999 -9999 -9999 -9999 -9999 -9999 37.84 37.82 37.42 37.14 36.38 35.84 35.02 34.08 33.72 33.68 33.4 33.8 34.14 34.36 34.46 35.48 35.72 35.74 35.76 35.92 36.18 37.08 37.1 37.14 37.16 38 38.02 37.98 38.04 38.08 37.98 37.9 37.9 37.74 37.66 36.98 35.74 35.28 34.1 33.22 32.56 32.74 32.2 31.12 31.76 31.36 31.48 31.32 31.4 31.52 32.84 34.18 34.72 36.02 36.86 37.86
-9999 -9999 -9999 -9999 -9999 -9999 -9999 -9999 -9999 -9999 -9999 -9999 -9999 -9999 -9999 -9999 -9999 -9999 -9999 -9999 39.08 39.14 39.28 39.44 38.8 38.32 37.62 36.66 36.44 34.98 35.38 34.82 35.08 35.28 35.5 36.56 36.54 36.6 37.54 37.6 37.54 37.9 38.18 39.06 38.94 38.96 38.98 40.04 39.96 39.92 39.82 39.76 39.76 39.5 39.12 38.86 37.68 37.44 35.46 34.14 33.2 32.64 32.7 32.82 33.78 33.16 32.8 32.94 32.44 32.22 31.64 33.3 35.16 36.62 37.52 37.82 38.8
-9999 -9999 -9999 -9999 -9999 -9999 -9999 -9999 -9999 -9999 -9999 -9999 -9999 -9999 -9999 -9999 -9999 -9999 -9999 -9999 39.94 40.14 40.52 41.04 40.68 40.16 39.96 38.82 37.74 37.3 36.74 37 37.24 37.4 37.5 37.5 38.46 38.6 38.6 39.44 39.56 39.5 39.8 40.72 40.84 40.86 41.76 41.82 41.92 41.7 41.8 41.76 41.46 41.16 40.9 40.56 39.18 38.2 37.12 35.86 34.04 33.48 33.74 36.2 34.4 33.66 33.12 34.4 34.02 34.3 33.42 34.7 35.46 37.66 38.88 39.54 40.24
-9999 -9999 -9999 -9999 -9999 -9999 -9999 -9999 -9999 -9999 -9999 -9999 -9999 -9999 -9999 -9999 -9999 -9999 -9999 40.28 40.52 41.26 41.5 42.34 42.18 41.9 42.18 41.28 40.12 39.62 38.64 38.74 38.22 38.34 39.38 40.12 40.18 40.26 40.24 41.42 41.24 41.42 42.4 42.22 42.4 42.5 43.56 42.7 43.52 43.58 43.5 44.24 44.24 43.12 43.02 41.84 40.28 39.38 37.42 36.16 35.16 33.5 32.88 32.08 33.96 32.96 34 35.1 35.1 35.8 35.56 36.56 37.32 38.84 39.72 40.9 41.88
-9999 -9999 -9999 -9999 -9999 -9999 -9999 -9999 -9999 -9999 -9999 -9999 -9999 -9999 -9999 -9999 -9999 -9999 40.16 41.48 41.82 42.52 43.26 43.66 43.2 43.32 43.08 42.76 41.96 41.46 40.58 40.6 40.92 40.96 40.98 41.22 41.24 42.24 42.18 42.2 43.3 43.18 44.16 44.26 43.44 44.38 44.4 44.44 45.52 45.34 46.18 45.86 45.88 44.86 44.88 43.76 42.12 41.22 39.14 37.98 36.06 35.58 34.96 34.6 34.78 34.16 35.16 36.6 37.12 37.34 37.28 38.36 38.92 39.66 40.98 42.06 42.96
