shamba/rasters/climate/pet_4.txt
ncols         720
nrows         360
xllcorner     -180
yllcorner     -90
cellsize      0.5
NODATA_value  -9999
[rows 102 to 135 of 360, columns 539 to 615 of 720]
28.64 31.7 29.98 35.62 35.6 35.1 34.66 34.6 34.32 34.14 34.56 34.42 29.84 23.2 26.14 20.96 22.28 22.34 22.14 22.2 26.88 32.08 33.06 32.94 32.52 33.18 33.92 35.06 34.92 35.68 36.38 37.5 37.28 37.64 37.16 37.02 37.12 37.22 37.14 37.2 37.26 37.64 37.66 37.24 35.76 35.56 37.58 36.14 36.08 39.5 39.52 39.96 40.36 40.46 40.82 40.9 -9999 -9999 -9999 -9999 -9999 -9999 -9999 -9999 -9999 -9999 -9999 -9999 -9999 -9999 -9999 30.54 31.1 30.42 30.1 30.1 30.4
30.14 37.02 36.02 35.32 34.46 34.12 33.76 33.68 33.16 32.98 32.82 29.76 22.64 20.5 21.28 21.48 22.1 20.54 22.04 21.62 22.44 25.26 27.82 31.54 31.42 32.28 32.94 34.38 34.3 34.82 35.44 36.14 36.62 36.58 36.28 35.8 36.6 36.52 36.78 37.02 37.08 37.42 38.04 36.14 36.4 36.32 37.4 36.46 37.44 39.38 40 39.74 39.98 40.48 40.74 40.66 40.22 -9999 -9999 -9999 -9999 -9999 -9999 -9999 -9999 -9999 -9999 -9999 -9999 -9999 -9999 29.7 30.34 30.06 30.24 30.58 30.84
26.88 29.66 31.74 32.98 32.66 32.8 32.74 32.5 32.58 32.42 32.7 32.48 31.78 26.34 22.46 24.42 23.56 20.9 23.28 22.82 22.14 25.02 25.12 27.76 25.72 30.04 31.3 32.36 32.04 32.54 34 35.14 35.32 35.24 35.22 35.42 35.68 35.66 35.92 36.64 36.72 37.68 38.18 36.18 35.74 37.36 37.74 36.76 37.44 38.18 39.72 39.88 40.14 40.24 40.66 40.64 40.22 39.92 39.16 -9999 -9999 -9999 35.28 -9999 -9999 -9999 -9999 -9999 -9999 -9999 -9999 -9999 -9999 29.76 30.68 30.88 30.22
28.66 30.46 25.22 25.22 30.08 30.12 31.62 31.8 32 32.34 32.44 32.84 32.52 31.86 32.94 32.6 32.4 27.24 26.82 29.64 30.78 31.24 29.46 26.8 27.52 29.28 28.36 28.94 30 30.36 32.26 33.22 33.78 33.24 33.56 33.76 33.86 33.98 34.64 34.94 35.76 37.5 37.14 35.7 36.8 37.56 37.32 36.2 35.92 38.56 39.72 39.7 39.8 40.64 41.38 41.7 40.98 40.82 39.9 -9999 -9999 34.58 34.06 34.54 32.48 29.04 -9999 -9999 -9999 -9999 -9999 -9999 -9999 -9999 30.2 30.08 29.58
21.02 26.98 24.36 24.8 27.94 27.56 28.12 28.38 29.28 30.9 31.92 32.16 32.56 33.22 33.7 33.7 32.86 32.18 29.56 29 30.08 -9999 31.24 30.6 30.48 29.02 28.7 28.84 30.08 31.18 32.16 30.92 31.48 31.56 31.8 32.6 33.02 33.38 33.6 35.2 35.68 36.26 36.02 35.16 36.54 35.72 37.04 36.44 36.64 38.5 38.98 39.36 39.28 40.88 42.2 41.94 40.46 40.28 40 38.52 35.54 33.44 32.46 32.7 -9999 -9999 -9999 -9999 -9999 -9999 -9999 -9999 -9999 -9999 29.14 29.5 30.3
20.76 18.9 16.64 21.26 23.24 24.8 24.42 24.14 24.84 25.92 27.44 28.28 29.14 30.58 30.82 32.9 32.58 31.42 25.26 25.36 30.56 31.04 31 30.72 29.76 29.06 29.1 29.2 30.22 29.76 29.64 29.32 29.28 30.1 30.3 31.24 31.58 32.32 33.16 33.48 34.18 35.1 35.02 34.94 36.7 35.7 36.04 35.94 36.2 38.28 38.34 38.4 38.66 39.4 40.1 39.7 40.06 38.98 37.56 35.88 33 31.22 -9999 -9999 -9999 -9999 -9999 -9999 -9999 -9999 -9999 -9999 -9999 -9999 28.48 29.28 30.42
20.4 20.3 20.86 21.42 20.52 21.44 22.18 22.86 23.62 24.16 25.18 26.22 26.34 26.54 26.48 26.56 29.32 28.42 25.76 24.76 27.6 30.54 30.52 30.14 29.28 28.92 28.56 28.44 28.04 28.38 27.92 27.9 28.28 28.12 29.2 30.14 30.72 31.28 31.78 32.84 33.66 34.4 34.48 35.6 35.3 35.24 35.56 34.76 35.96 37.14 37.6 37.52 37.68 38.08 38.72 38.86 39.2 37.54 34.6 31.66 29.9 -9999 -9999 -9999 -9999 -9999 -9999 -9999 -9999 -9999 -9999 -9999 -9999 -9999 29 27.46 27.78
20.34 22.88 22.14 21.62 22.06 22.38 21.66 20.78 21.8 23.1 24.16 24.78 25.34 24.18 24.3 25.06 25.96 25.98 26.12 26.2 28.6 29.82 29.76 28.26 29.22 28.84 28 27.42 27.1 27.16 26.8 26.48 27.08 27.16 27.8 28.82 28.96 29.58 30.22 30.9 32.02 33.8 34.32 33.98 34.06 34.78 35.96 36.14 36.84 37 36.56 36.88 36.94 37.04 37.28 37.18 37.08 36.48 33.72 30.36 -9999 -9999 -9999 -9999 -9999 -9999 -9999 -9999 -9999 -9999 -9999 -9999 -9999 -9999 28.78 27.24 27.48
21.6 23.48 22.08 19.76 19.98 21.96 21.38 20.24 21.2 22.56 23.46 23.16 22.42 21.8 24.14 25.88 26.66 26.04 25.78 21.6 27.54 27.78 29.74 29.58 29.58 29.1 28.4 27.18 26.56 26.08 25.8 26.78 26.74 26.66 27.02 27.76 27.14 28.9 30.1 30.94 32.04 32.62 32.96 32.7 33.78 35.38 35.96 34.74 35.36 35.38 35.78 35.52 35.7 36.04 36.54 36.58 36.54 35.82 33.42 30.9 -9999 -9999 -9999 -9999 -9999 -9999 -9999 -9999 -9999 -9999 -9999 -9999 -9999 -9999 27.7 28.2 30.6
21.18 20.02 20.26 20.56 22.28 21.02 19.86 20.06 21.2 22.56 21.78 21.82 22.12 19.28 20.92 20.26 22.76 25.58 26.06 23.04 27.96 28.98 29.16 29.48 29.54 27.2 28.46 27.38 26.42 25.48 25.2 26.5 26.24 25.48 25.96 25.8 26.46 28.08 28.78 29.42 29.46 29.86 30.86 31.14 31.56 33.06 32.92 32.88 33.78 34.38 34.32 35 35.36 35.48 35.42 35.54 35.18 34.6 32.76 31.48 29.78 29.52 -9999 -9999 -9999 -9999 -9999 -9999 -9999 -9999 -9999 -9999 -9999 -9999 -9999 -9999 -9999
18.74 22.3 21.1 21.08 21 20.5 20.2 20.94 21.94 21.54 18.58 17.94 22.92 23.66 22.38 25.5 23.24 25.3 22.8 25.54 28.24 28.86 29 29.36 29.4 29.38 28 27.78 27.12 26.44 27.28 26.86 26.74 26.28 25.02 24.56 24.72 25.62 26.5 27.08 27.74 29.06 29.64 29.8 29.36 30.08 31.32 32.42 32.58 33.02 33 33.84 34.18 34.48 34.8 34.8 34.18 33.54 32.46 31.64 30.18 29.38 -9999 -9999 -9999 -9999 -9999 -9999 -9999 -9999 -9999 -9999 -9999 -9999 -9999 -9999 -9999
22.26 22.94 21.22 20.5 21.56 21.6 21.44 21.7 22.66 21.26 22.54 20.76 20.2 24.56 26.62 26 27.18 28.36 23.62 24 28.12 27 26.4 24.9 28.64 29.18 28.64 28.56 27.6 26.62 27.36 27 26.94 26.24 25.16 25.36 25.58 25.84 25.94 26.82 27.38 28.62 28.86 29.98 30.4 30.36 30.48 31.02 31.5 32.08 32.2 32.6 33.16 33.72 33.64 34.02 33.38 32.66 31.82 30.9 30.12 29.36 28.32 -9999 -9999 -9999 -9999 -9999 -9999 -9999 -9999 -9999 -9999 -9999 27.72 -9999 -9999
22.56 21.68 21.1 21.42 21.6 21.82 22.12 21.88 21.56 20.2 24 24.88 22.56 25.66 21.9 24.08 24.72 21.58 25.54 25.02 25.5 26.94 26.32 28.08 27.96 29.72 29.2 28.66 28.46 27.28 27.38 27.48 26.42 24.74 24.16 23.98 23.74 25.94 26.9 27.54 27.26 28.38 29.76 30.1 30.62 30.5 30.18 30.4 30.56 31.34 31.48 31.98 32.06 32.56 32.86 32.7 32.22 31.58 30.74 30.42 29.64 28.66 27.84 -9999 -9999 -9999 -9999 -9999 -9999 -9999 -9999 -9999 -9999 -9999 -9999 -9999 -9999
23.46 20.6 20.58 20.76 21.16 20.94 21.28 22.86 23.12 21.54 24.1 24.76 25.98 25.72 26.66 24.48 24.38 23.38 23.84 26.3 26.28 27.44 26.36 23.9 30.52 31.04 30.16 29.58 28.52 26.94 26.6 26.54 26.3 25.14 24.76 24.62 25.06 25.04 25.64 25.86 27.06 27.64 27.4 27.56 28.6 29.5 30.42 29.1 29.96 30.86 30.7 30.92 30.94 31.62 31.8 31.92 31.16 30.66 29.7 29.36 28.8 27.72 26.86 26.08 -9999 -9999 -9999 -9999 -9999 -9999 -9999 -9999 -9999 -9999 -9999 -9999 -9999
22.04 20.38 21.12 21.1 21 20.9 21.8 23.2 23.28 23.56 24.02 25.34 22.94 25.22 24.7 25.04 23.82 24.4 24.28 28.6 29.84 29.1 27.58 25.34 31.82 31.2 30.08 28.4 27.36 26.62 26.62 26.62 26.66 25.52 25.58 25.98 26.22 25.44 25.38 26.12 25.6 27.38 27.34 26.56 27.48 29.06 29.42 29.56 29.76 29.44 29.88 29.6 29.18 30.66 30.72 30.92 30.2 29.54 28.96 28.36 27.92 27.64 26.72 26.22 25.46 -9999 -9999 -9999 -9999 -9999 -9999 -9999 -9999 -9999 -9999 -9999 -9999
23.62 21.18 22.12 22.36 21.92 22.14 23 23.9 23.7 24.14 24.86 25.36 23.28 23.02 23.86 23.8 22.94 26.58 28.82 29.68 27.66 29.9 29.02 30.64 31.64 30.68 28.76 28.16 26.34 26.32 26.12 25.9 26.08 26.12 25.72 26 26.44 26.16 26.72 26.64 26.76 27.28 27.28 26.68 27.48 28.1 27.86 27.92 29.06 29.36 29.7 28.98 27.64 28.5 29.26 29.44 29.12 28.7 28.16 27.66 26.98 -9999 26.86 26.8 25.74 -9999 -9999 -9999 -9999 -9999 -9999 -9999 -9999 -9999 -9999 -9999 -9999
24.18 22.96 23.84 24.12 24.02 24.3 24.14 24.6 24.66 25 25.56 25.52 21.24 23.18 22.2 24.16 27.78 29.06 28.76 30.02 29.62 30.66 30.24 30.18 30.48 29.3 28.02 27.04 26.4 25.26 25.44 25.98 26.02 26.28 26.2 26.52 26.64 26.34 26.48 26.26 26.32 26.08 26.06 26.8 27.42 27.16 27.42 27.76 28.34 28.26 28.96 28.88 27.46 26.9 28.66 28.56 27.98 27.22 27.06 26.92 26.78 27.28 26.94 26.62 -9999 -9999 -9999 -9999 -9999 -9999 -9999 -9999 -9999 -9999 -9999 -9999 -9999
24.06 25.04 25.5 26.1 26.12 25.26 25.46 25.16 25.08 25 25.72 25.86 22.44 22.52 25.24 27.06 27.02 28.84 29.14 29.72 28.66 28.52 29 30.48 29.1 27.82 27.4 27.12 26.36 25.46 25.56 26.02 26.5 26.46 26.06 26.44 26.56 24.66 24.14 24.92 25.28 24 24.04 25.74 26.56 26.36 26.92 27.44 27.92 28.08 28.36 28.46 27.42 27.9 28.4 27.52 26.5 26.24 26.14 26.26 26.64 27.34 27.5 26.46 -9999 -9999 -9999 -9999 -9999 -9999 -9999 -9999 -9999 -9999 -9999 -9999 -9999
26.54 26.58 27.02 28.82 27.58 26.44 25.48 25.72 25.34 25.3 25.54 26.64 26.22 23.5 24.18 25.82 27.76 28.72 29.94 29.3 27.12 28.58 31.22 31.72 29.3 29.08 27.74 26.72 28.12 26.94 27.16 27.46 27.16 27.36 26.76 25.94 24.16 23.8 23.66 25.02 24.64 24.62 24.8 25.94 26.28 26.44 26.6 27.08 27.32 27.64 27.48 27.1 27.52 27.58 27.74 27.08 27.04 26.76 26.24 26.46 26.68 27.14 26.46 24.7 23.46 -9999 -9999 -9999 -9999 -9999 -9999 -9999 -9999 -9999 -9999 -9999 -9999
27.12 27.12 28.52 28.48 28.5 27.16 26.58 26.04 25.62 25.32 25.48 27.72 26.58 26.08 26.2 26.86 27.18 27.84 27.9 29.98 29.84 24.34 32.38 32.82 27.1 29.72 28.3 26.64 27.92 28.38 28.52 28.18 27.98 27.62 26.34 24.12 24.7 24.32 23.38 24.42 24.76 24.78 24.22 25.38 25.74 26.32 26.54 26.76 25.84 26.24 27.06 26.78 27.36 28.02 28.4 28.04 27.74 26.58 26.38 27.56 27.4 26.72 25.88 22.98 22.06 -9999 -9999 -9999 -9999 -9999 -9999 -9999 -9999 -9999 -9999 -9999 -9999
26.32 26.34 27.02 27.42 27.62 27.08 26.72 26.42 25.64 26.22 30.7 27.82 27.82 26.2 26.06 26.52 26.78 27.2 27.32 29.02 29.52 21.74 31.58 33.62 31.98 30.18 30.56 27.24 26.22 28.1 29.56 28.32 27.14 25.52 24.68 22.98 25.24 23.52 23.28 24.04 24.64 24.82 24.46 24.76 25.04 25.48 26.12 25.96 25.28 25.68 25.62 26.48 27.34 27.92 27.92 28.18 27.54 27.76 27.64 26.78 27.62 25.5 23.34 21.86 -9999 -9999 -9999 -9999 -9999 -9999 -9999 -9999 -9999 -9999 -9999 -9999 -9999
25.9 25.86 26.08 26.54 26.98 26.86 26.74 27.16 27.84 28.88 32.82 31.48 32.98 28.92 26.72 25.92 26.36 26.76 26.94 28.14 29.56 25.7 32.2 35.18 35.74 36.08 33.26 30.38 26.66 28.4 28.68 26.86 25.72 25.32 24.42 24 23.58 23.66 23.52 23.74 24.1 24.28 23.38 23.46 23.44 24.4 25.2 25.6 24.78 24.58 26.46 27.02 27.4 27.02 27.44 27.9 27.82 27.84 25.82 26.6 27.28 24.74 22.26 20.6 -9999 -9999 -9999 -9999 -9999 -9999 -9999 -9999 -9999 -9999 -9999 -9999 -9999
24.72 27.18 26.04 28.58 27.56 26.3 27.32 29.64 31.88 32.74 34.02 35.98 37.06 36.62 26.78 31.98 32.38 30.06 27.36 29.62 29.26 31 32.52 35.42 35.92 37.54 33.3 32.42 29.72 28.8 27.62 26.18 24.9 24.72 25.12 23.56 22.84 23.02 22.38 24.86 24.8 23.66 22.7 22.92 23.52 24.3 24.38 25.2 24.96 25.3 26.68 27.24 26.72 26.8 26.8 26.24 25.54 27.14 27.76 24.1 23.94 24.2 21.96 -9999 -9999 -9999 -9999 -9999 -9999 -9999 -9999 -9999 -9999 -9999 -9999 -9999 -9999
24.9 30.68 30.66 33.9 30.02 28.36 32.42 32.1 33.74 37.38 36.7 35.14 35.06 35.48 31.88 33.78 37.42 29.6 29.14 29.14 30.66 30.94 33.66 35.7 37.62 35.94 35.56 33.82 33.08 30.94 29 27.16 25.3 24.98 25.72 24.86 23.5 23.32 23.22 24.16 24.82 22.86 23.3 23.8 23.62 23.56 23.48 24.58 23.96 24.52 26.42 27.12 26.5 26.2 27.36 26.52 27.24 27.02 26.56 23.66 24.1 22.46 -9999 -9999 -9999 -9999 -9999 -9999 -9999 -9999 -9999 -9999 -9999 -9999 -9999 -9999 -9999
40.5 41.78 40.16 40.18 39.34 41.02 41.6 39.72 39.14 38.22 35.6 29.94 30.62 35.34 36.08 32.6 38.6 32.24 28.38 29.34 29.88 31.72 34.52 39.18 41.34 38.8 37.74 37.16 35.1 32.28 29.78 28.06 27.48 26.2 25.38 24.46 24.94 23.8 23.02 23.98 23.86 23.3 24.1 23.98 24.02 23.54 23.84 24.2 23.52 24.2 26.46 26.46 26.02 26.68 25.12 26.42 27.18 27.32 25.16 24.96 25.14 -9999 -9999 -9999 -9999 -9999 -9999 -9999 -9999 -9999 -9999 -9999 -9999 -9999 -9999 -9999 -9999
46.24 44.02 43.18 42.56 41.88 41.44 41.02 38.52 38.26 35.92 32.64 29.46 35.44 38.72 40.46 35.76 38.92 31.66 29.56 30.74 31.4 37.1 39.54 38.04 41.88 41.7 36.92 37.44 36.02 33.88 31.74 31.62 29.98 28.64 26.8 25.14 25.32 23.14 23.76 24.26 22.8 20.28 21.46 23.54 23.48 22.12 23.72 24.72 23.2 23.58 25.9 27.02 27.2 27.24 26.44 27.36 27.2 26.78 25.72 25.4 -9999 -9999 -9999 -9999 -9999 -9999 -9999 -9999 -9999 -9999 -9999 -9999 -9999 -9999 -9999 -9999 -9999
47.38 44 41.4 38.84 36.32 36.16 38.44 39.3 37.18 32.58 30.78 31.5 40.04 37.32 39.68 38.88 39.66 33.32 31.6 32.02 32.76 36.86 39.3 39.52 44.88 38.96 38.94 38.28 38.08 34.58 32.6 32.92 31.34 30.58 28.16 27.54 24.76 24.84 24.86 24.4 23.06 22.72 22.6 22.52 22.94 23.74 23.8 23.52 23.32 24.46 27.3 26.58 27.54 27.76 26.6 27 27.16 26.16 25.34 25.38 -9999 -9999 -9999 -9999 -9999 -9999 -9999 -9999 -9999 -9999 -9999 -9999 -9999 -9999 -9999 -9999 -9999
48.66 44.84 43.8 40.36 37.84 37 35.38 37.62 32.94 33.14 33.36 41.44 42.38 41.68 41.52 44.14 38.12 33.26 32.98 35.54 36.9 37.88 39.8 40 40.7 40.16 39.14 39 38.04 35.72 33.52 31.7 32.36 32.28 31.4 29.06 26.84 26.86 24.72 25.12 23.88 24.44 22.08 23.12 22.9 22.7 23.16 23.52 24.86 25.72 27.16 27.52 27.76 27.12 26.36 26.4 25.9 26.94 27.04 -9999 -9999 -9999 -9999 -9999 -9999 -9999 -9999 -9999 -9999 -9999 -9999 -9999 -9999 -9999 -9999 -9999 -9999
50.18 47.86 46.48 45.48 44.64 42.86 41.8 40.08 36.3 35.86 41.64 43.42 41.58 42.94 43.82 44.58 35.76 35.58 36.84 36.28 36.62 39.76 40.14 40.58 40.66 39.92 39 39.48 37.14 37.24 35.84 35.34 33.16 32.08 30.8 30.44 28.68 27.96 26.44 25.98 24.42 23.6 23.58 23.48 22.54 23.24 23.42 23.76 26.2 25.8 26.86 28.3 28.48 28.62 27.66 26.86 27.38 27.58 28.18 -9999 -9999 -9999 -9999 23.14 27.96 -9999 -9999 -9999 -9999 -9999 -9999 -9999 -9999 -9999 -9999 -9999 -9999
50.9 48.92 47.8 46.82 46.46 43.84 41.7 38.36 37.22 40.82 44.26 44.34 43.1 45.08 46.12 45.26 38.16 38.36 37.12 39.28 36.5 40.28 40.08 39.54 41.72 40.42 38.96 39.62 37.84 36.86 35.24 35.06 33.72 32.98 32.24 30.9 28.44 27.58 26.84 26.5 25.56 23.56 23.3 23.34 23.58 23.58 24.44 25.5 26.82 26.72 27.54 28.84 29.9 29.1 28.02 26.5 27.24 -9999 -9999 -9999 -9999 -9999 27.78 17.04 27.36 -9999 -9999 -9999 -9999 -9999 -9999 -9999 -9999 -9999 -9999 -9999 -9999
50.54 49.3 48.28 47.14 46.14 44.62 39.68 36 35.66 43.82 45.88 47.22 46.92 47.32 47 43.28 41.68 41.42 41.68 39.22 38.48 39.16 40.44 39.62 41.28 39.88 38.78 37.12 35.76 34.82 34.82 33.04 32.82 33.44 34.46 31.9 29.82 28.36 27.7 26.86 25.84 25.3 25.72 25.46 25.66 25.64 25.68 26.88 27 28.18 28.72 28.56 28.88 29.06 28.52 28.68 -9999 -9999 -9999 -9999 -9999 32.84 22.22 19.98 -9999 -9999 -9999 -9999 -9999 -9999 -9999 -9999 -9999 -9999 -9999 -9999 -9999
50.98 49.04 47.94 47.16 46.84 46.82 42.8 36.52 36.78 47.28 47.42 49.32 49.66 48.56 47.52 41.56 44.38 42.38 42.56 40.86 39.96 40.48 40.52 39.06 38.5 38.56 38.58 36.86 33.2 34.12 34.76 33.66 32.94 30.84 31.6 31.06 30.48 29.36 27.98 26.84 26.64 26.8 27.12 26.8 26.18 25.92 26.64 27.84 28.22 29.12 29.04 28.16 28.62 29.08 -9999 -9999 -9999 -9999 -9999 -9999 -9999 35.1 23.86 26.46 -9999 -9999 -9999 -9999 -9999 -9999 -9999 -9999 -9999 -9999 -9999 -9999 -9999
50.72 48.82 47.78 46.96 47.96 48.42 44.54 37.8 39.88 47.86 49.66 51.06 51.86 47.78 45.06 44.24 45.96 41.96 42.7 40.56 40.52 41.5 41.86 39.14 38.7 38.14 36.44 37.72 39.74 38.36 37.88 36 32.78 32.56 31.94 31.6 30.76 29.54 28.2 27.78 26.8 26.46 26.98 26.46 26.54 26.18 26.76 28.22 29.42 29.38 29.04 29.6 -9999 -9999 -9999 -9999 -9999 -9999 -9999 -9999 -9999 37.06 25.84 -9999 -9999 -9999 -9999 -9999 -9999 -9999 -9999 -9999 -9999 -9999 -9999 -9999 -9999
50.38 48.48 47.66 -9999 47.16 47.36 44.74 38.12 42.26 48.12 51.56 52.26 53.58 51.58 48.78 47.14 45.06 44.5 44.18 43.82 41.32 40.68 41.8 41.24 38.9 39.26 39.98 39.3 39.98 40.7 39.7 36.5 33.8 31.4 31.76 31.34 30.06 29.1 28.04 27.3 27.06 27.24 28.3 26.54 26.28 26.44 27.04 27.6 -9999 -9999 -9999 -9999 -9999 -9999 -9999 -9999 -9999 -9999 -9999 -9999 -9999 -9999 35.2 -9999 -9999 -9999 -9999 -9999 -9999 -9999 -9999 -9999 -9999 -9999 -9999 -9999 -9999
