shamba/rasters/climate/pet_4.txt
ncols         720
nrows         360
xllcorner     -180
yllcorner     -90
cellsize      0.5
NODATA_value  -9999
[rows 204 to 237 of 360, columns 385 to 461 of 720]
-9999 -9999 31.32 27.8 27.36 26.84 28.06 27.92 28.4 30 30.6 30.44 30.6 31.2 31.86 32.42 32.84 33.78 33.74 33.98 33 31.8 31.1 31.04 30.8 31.64 31.32 30.96 31.16 30.86 30.84 31.24 32.5 32.86 32.26 31.94 31.2 30.92 32.36 32.02 31.46 31.68 30.36 -9999 32.24 30.98 31.38 32.22 32.54 33.2 33.46 33.52 32.62 33.38 33.96 35.12 -9999 -9999 -9999 -9999 -9999 -9999 -9999 -9999 -9999 -9999 -9999 -9999 -9999 -9999 -9999 -9999 -9999 41.84 -9999 -9999 -9999
-9999 31.8 30 28.98 27.54 27.66 28 28.82 29.62 30.8 31.1 30.82 31.08 31.9 32.5 32.8 33.4 34.02 34.12 34.02 33.36 31.94 31.68 31.32 31.38 31.76 31.44 31.42 31.18 31.22 30.72 31.48 32.66 32.48 32 31.64 30.46 30.64 32.9 32.34 31.48 31.96 31.72 34.62 33.14 29.84 29.84 32.16 33.42 33.42 33.14 32.82 32.56 32.56 33.96 35.9 -9999 -9999 -9999 -9999 -9999 -9999 -9999 -9999 -9999 -9999 -9999 -9999 -9999 -9999 -9999 -9999 -9999 37.1 40.06 -9999 -9999
31.86 30.44 30.04 30.02 28.94 28.72 29.12 29.9 30.68 31.2 31.14 31.02 31.64 32.32 32.96 33.3 34.22 34.3 35.06 34.6 34 33.2 32.22 31.68 31.46 31.52 31.72 31.78 31.82 32.12 32.4 32.84 32.6 32.38 31 30.4 30.04 31.54 32.9 32.82 32.46 33.28 32.2 35.18 34.6 30.68 31.6 33.12 33.18 32.62 32.34 32.14 31.66 32.32 34.08 35.04 -9999 -9999 -9999 -9999 -9999 -9999 -9999 -9999 -9999 -9999 -9999 -9999 -9999 -9999 -9999 -9999 36.64 36.2 36.78 -9999 -9999
30.72 29.84 30.96 29.04 28.94 29.5 30.28 30.82 31.06 31.38 31.66 31.16 31.92 32.68 33.32 33.68 34.24 34.6 35.08 35.76 34.92 34.34 33.32 32.02 31.82 32.32 31.96 32.14 32.32 32.86 33.18 33.06 33.04 32.6 31.26 31.22 31.92 31.68 32.44 32.08 31.72 32.3 31.1 34.68 -9999 32.52 32.96 33.36 32.38 32.26 32.36 32.2 32.54 33.58 34.44 35.06 -9999 -9999 -9999 -9999 -9999 -9999 -9999 -9999 -9999 -9999 -9999 -9999 -9999 -9999 -9999 34.72 31.84 29.32 32.96 -9999 -9999
31.1 30.84 30.94 29.96 30.5 31.3 31.14 31.04 31.52 31.22 31.16 31.4 32.1 33.22 33.68 34.14 34.58 35.32 36.08 36.02 36.44 35.94 34.52 33.56 32.52 32.64 32.98 32.62 32.78 33 33.74 33.82 33.68 32.76 32.54 32.4 32.26 31.58 31.42 31.74 32.46 31.38 31.08 29.8 35.86 33.92 33.2 33.58 33.18 33.42 33.18 33.32 33.14 33.58 34.54 36.4 37.68 -9999 -9999 -9999 -9999 -9999 -9999 -9999 -9999 -9999 -9999 -9999 -9999 -9999 -9999 34.16 27.44 26.32 30.58 -9999 -9999
30.92 29.84 29.38 30.68 31.66 32.16 32.08 31.88 31.88 31.38 31.2 31.78 32.44 33.52 33.78 34.24 34.86 35.8 36.34 37.16 37.62 37.46 36.44 34.62 33.52 32.8 32.86 32.96 32.96 33.12 33.3 33.28 33.9 34.6 34.56 32.72 31.78 31.72 31.46 32.62 34.04 32.66 30.6 30.08 31.98 33.74 32.54 32.64 32.74 32.12 32.12 32.56 32.86 33.48 34.7 35.76 37.42 -9999 -9999 -9999 -9999 -9999 -9999 -9999 -9999 -9999 -9999 -9999 -9999 -9999 39.46 35.66 27.52 27.28 29.86 32.98 -9999
32.02 30.4 30.44 31.58 32.92 33.68 33.4 33.46 33.12 32.7 32.56 32.88 33.38 33.64 33.38 33.88 34.84 35.5 36.36 37.7 38.58 39.16 37.74 35.58 34.64 33.96 33.7 33.14 33.5 33.16 33.64 32.88 32.64 33.58 32.76 34.78 32.86 32.84 32.58 34.28 35.26 35.26 33.82 31.54 32.16 31.8 31.04 30.22 30.4 29.04 31 31.5 32.38 33.96 35.08 36 -9999 -9999 -9999 -9999 -9999 -9999 -9999 -9999 -9999 -9999 -9999 -9999 -9999 39.76 38.54 35.58 29.9 28.48 30.5 31.3 -9999
31.7 32.24 31.34 32.08 33.74 34.46 34.7 34.22 34.08 34.22 33.72 33.62 34.04 34.16 33.92 34.08 34.38 35.08 35.84 37.3 38.04 38.18 37.5 36.18 35 34.54 34.06 34.4 34.12 33.68 34.18 33.62 34.22 35.18 34.28 35.1 35.08 35.04 35.36 35.94 36.04 37.18 36.66 34.34 34.18 29.54 27.46 28.54 29.4 30.14 31.02 31.84 33.14 34.38 35.6 36.52 -9999 -9999 -9999 -9999 -9999 -9999 -9999 -9999 -9999 -9999 -9999 40.2 39.52 38.64 37.34 34.48 30.5 28.24 32.22 32.06 -9999
30.24 30.1 31.44 32.74 34.14 35.08 35.6 35.7 35.74 35.42 35.18 35.5 35.04 34.74 34.18 34.6 34.8 35.46 35.74 36.4 37.26 37.26 36.66 35.52 35.28 34.72 34.8 34.58 33.84 33.66 33.8 35 36.76 34.78 34.06 34.64 34.14 34.7 33.46 34.58 35.88 37.14 38.06 35.92 34.56 31.36 28.28 29.56 30.28 31.1 32.12 32.78 33.8 34.94 35.84 -9999 -9999 -9999 -9999 -9999 -9999 -9999 -9999 -9999 39 38.92 38.58 38.84 38.7 37.7 35.28 29.24 28.36 28.9 31.7 -9999 -9999
28.98 30 31 32.76 34.4 35.58 35.86 36.18 36.5 36.66 36.46 36.18 35.48 35.02 34.54 34.56 35.06 35.14 34.92 35.58 35.62 35.66 35.68 35.44 35.06 35.08 34.98 34.16 32.92 32.98 37.46 37.26 36.88 34.16 31.84 31.24 29.74 30.08 31.68 33.6 34.82 36.32 36.12 35.92 34.5 33.38 30.78 30.44 31.24 32.1 32.6 33.34 33.92 35.04 -9999 -9999 -9999 -9999 -9999 -9999 -9999 -9999 -9999 -9999 37.96 36.82 36.62 37.7 37.84 35.6 31.06 29.28 27.7 29.22 32.38 -9999 -9999
26.64 28.42 30.94 32.74 34.22 35.52 36.84 36.4 36.74 36.9 36.9 36.68 36.1 35.84 35.26 34.62 34.68 34.42 34.78 34.64 34.78 35.18 34.9 34.86 35.48 35.9 35.38 34.46 33.4 36.04 38.26 37.24 36.88 35.46 32.84 30.56 28.74 29.98 31.18 31.3 32.82 33.32 33.46 34.46 34.52 33.14 31.48 31.86 32 32.74 32.96 33.62 -9999 -9999 -9999 -9999 -9999 -9999 -9999 -9999 -9999 -9999 -9999 37.8 36.46 35.46 34.22 35.8 35.44 31.44 30.96 29.06 28.76 30.9 -9999 -9999 -9999
26.04 27.68 29.6 32.1 33.88 35.64 36.12 36.76 37.28 37.52 37.44 37.24 36.34 35.9 35.26 34.9 34.46 33.94 34.02 34.18 34.22 34.76 34.42 34.3 35.38 36.26 36.56 36.1 36.3 38.34 36.52 36.64 37.44 37.18 34.76 31.82 29.44 29.24 29.36 30.3 29.32 31.18 32.16 33.44 33.88 34.02 32.92 32.96 32.94 33.24 -9999 -9999 -9999 -9999 -9999 -9999 -9999 -9999 -9999 -9999 -9999 -9999 -9999 37.22 36.34 34.96 33.86 33.36 31.52 30.6 28.44 29.2 27.78 30.44 -9999 -9999 -9999
25.32 27.24 28.74 31.54 33.2 35.5 36.86 37.76 37.38 37.62 37.48 37.08 36.72 36.64 36.16 35.8 34.74 34.06 33.56 33.74 33.92 34.32 34.54 34.9 34.92 35.52 36.1 36.14 36.8 36.06 35.62 36.44 36.46 36.76 36.12 33.2 30.42 29.24 28.28 26.92 26.54 31.22 32 33.36 34.46 33.52 33.86 33.32 33.06 -9999 -9999 -9999 -9999 -9999 -9999 -9999 -9999 -9999 -9999 -9999 -9999 -9999 -9999 37.36 35.44 34.3 31.16 30.78 29.3 28.34 28.22 27.9 28.5 30.98 -9999 -9999 -9999
24.44 26.46 28.36 30.8 33.64 35.68 37.58 38.54 38.72 38.44 37.32 36.88 36.68 36.14 35.66 35.52 34.52 34.06 33.44 33.72 33.9 34.18 34.66 34.9 34.6 35.08 35.26 35.58 34.86 34.8 35.12 35.48 35.62 35.44 35.32 33.16 30.92 29.16 28.88 27.78 26.64 31.02 32.54 34.08 34.02 33.62 33.94 33.98 -9999 -9999 -9999 -9999 -9999 -9999 -9999 -9999 -9999 -9999 -9999 -9999 -9999 -9999 -9999 37.64 35.48 34.84 31.48 30.58 29.02 28.26 27.4 27.96 29.96 -9999 -9999 -9999 -9999
23.12 26.02 28.66 30.9 32.74 35.32 37.78 38.82 38.8 37.98 36.36 35.44 36.72 36.26 35.82 35.5 34.9 34.38 34.12 34.04 34.28 34.6 34.5 34.64 34.94 34.98 35.04 35.1 34.52 34.58 34.92 34.52 34.72 33.96 32.54 31.24 30.02 29.6 30.42 29.6 27.94 30.5 32.84 34.56 34.14 34.08 -9999 -9999 -9999 -9999 -9999 -9999 -9999 -9999 -9999 -9999 -9999 -9999 -9999 -9999 -9999 -9999 -9999 -9999 36.62 35.46 31.58 31 28.08 26.12 26.12 27.74 30.1 -9999 -9999 -9999 -9999
-9999 25.7 28.2 30.66 33.36 35.22 37.2 38.32 37.84 36.42 35.4 35.12 35.86 35.9 35.28 34.72 34.52 34.24 34.04 33.94 34.36 34.54 34.56 34.48 34.8 34.6 34.74 34.82 34.32 34.18 34.28 33.38 33.96 32.12 31.16 31.76 30.58 29.82 30.3 31.5 26.86 30.48 34.16 34.72 34.46 -9999 -9999 -9999 -9999 -9999 -9999 -9999 -9999 -9999 -9999 -9999 -9999 -9999 -9999 -9999 -9999 -9999 -9999 -9999 37.16 36.16 32.9 29.86 26.72 25.44 25.68 28.32 29.88 -9999 -9999 -9999 -9999
-9999 25.42 27.9 30.7 33.8 35.84 37.74 37.98 36.76 36.16 35.7 35.28 34.86 34.4 33.98 33.46 34.06 33.92 33.88 33.92 34.34 34.54 34.32 34.36 34.86 34.7 34.66 34.5 33.62 32.98 32.3 32.38 33.18 32.54 31.74 32.12 31.24 30.76 31.18 31.78 29.3 33.3 33.54 34.12 34.68 -9999 -9999 -9999 -9999 -9999 -9999 -9999 -9999 -9999 -9999 -9999 -9999 -9999 -9999 -9999 -9999 -9999 -9999 38.12 36.78 35.46 33.44 28.94 26.68 25.6 25.76 27.84 -9999 -9999 -9999 -9999 -9999
-9999 -9999 27.76 30.58 33.6 36.5 37.74 37.44 36.36 36.9 36.4 35.66 35.06 34.42 34.18 33.78 33.86 33.66 33.64 33.64 34.1 34.02 34.06 34.22 34.64 34.56 34.56 34.34 33.24 32.1 31.78 31.66 32.58 32.74 31.96 32.52 31.9 31.56 32.16 32.24 32.06 32.9 33.66 34.34 34.6 -9999 -9999 -9999 -9999 -9999 -9999 -9999 -9999 -9999 -9999 -9999 -9999 -9999 -9999 -9999 -9999 -9999 -9999 37.34 35.62 34.04 32.58 28.88 26.1 25.28 26.62 28.78 -9999 -9999 -9999 -9999 -9999
-9999 -9999 26.78 30.16 33.16 36.54 38.12 37.36 37.76 36.76 34.98 34.22 34.64 34.28 33.62 33.52 33.16 32.96 32.92 32.92 33.1 33.02 33.66 33.9 34 34.22 34.08 33.94 33 32.68 32.52 33.34 33.88 34.38 34.16 34 33.04 31.88 32.48 33.06 33.62 33.56 33.76 34.16 34.2 -9999 -9999 -9999 -9999 -9999 -9999 -9999 -9999 -9999 -9999 -9999 -9999 -9999 -9999 -9999 -9999 -9999 37.52 36 34.62 33.04 31.8 29.52 26.7 26.02 27.72 28.84 -9999 -9999 -9999 -9999 -9999
-9999 -9999 -9999 28.64 32.74 36.84 38.74 38.26 37.2 35.92 34.16 33.64 34.2 33.76 33.36 33.3 32.84 32.5 32.38 32.62 32.76 32.62 33.44 33.46 33.58 33.7 33.52 33.8 33.38 33.92 33.84 34.88 35.38 35.8 35.78 34.9 33.62 32.86 32.5 33.2 33.92 34.22 33.78 33.6 33.58 34.14 -9999 -9999 -9999 -9999 -9999 -9999 -9999 -9999 -9999 -9999 -9999 -9999 -9999 -9999 -9999 -9999 37.04 35.3 35.1 34.28 30.5 29.52 26.78 26.18 28.58 -9999 -9999 -9999 -9999 -9999 -9999
-9999 -9999 -9999 -9999 31.94 37.44 39.92 39.26 36.94 33.92 33.56 34.1 33.68 33.24 33.06 32.88 32.78 32.48 32.28 32.34 32.42 32.54 33 33.14 33.34 33.58 33.44 33.48 33.3 35.1 35.52 35.8 36.44 36.74 37.02 35.78 34.18 34.04 33.7 33.94 34.24 34.16 33.62 33.42 33.56 33.94 -9999 -9999 -9999 -9999 -9999 -9999 -9999 -9999 -9999 -9999 -9999 -9999 -9999 -9999 -9999 37.14 35.42 33.68 32.7 32.04 29.22 28.86 26.64 27.84 29.66 -9999 -9999 -9999 -9999 -9999 -9999
-9999 -9999 -9999 -9999 31.08 38.22 39.86 37.46 35.26 33.74 34.58 34.54 33.84 33.52 33.24 32.9 32.64 32.26 32.24 32.26 31.9 32.08 32.84 32.8 33.1 33.18 33.36 33.8 34.5 35.94 35.8 36.42 35.72 34.96 34.38 32.7 32.24 33.38 34.3 34.1 33.82 34.36 33.58 33.5 33.6 33.48 -9999 -9999 -9999 -9999 -9999 -9999 -9999 -9999 -9999 -9999 -9999 -9999 -9999 -9999 -9999 -9999 34.46 32.12 31.84 30 28.78 28 27.74 29.04 30.3 -9999 -9999 -9999 -9999 -9999 -9999
-9999 -9999 -9999 -9999 33.96 40.34 41.34 38.9 36.32 36.18 35.8 35.2 34.66 34.1 33.64 33.3 32.68 32.3 32.06 31.82 31.64 32.38 32.3 32.54 32.2 32.54 32.96 33.78 35.04 36.62 37 35.96 34.56 32.9 31.98 32.28 32.62 33.88 34.32 34.6 34.2 34.3 33.58 33.08 33.06 33.14 -9999 -9999 -9999 -9999 -9999 -9999 -9999 -9999 -9999 -9999 -9999 -9999 -9999 -9999 -9999 -9999 35.92 33.92 32.66 31.42 29.66 26.46 27.56 29.04 30.3 -9999 -9999 -9999 -9999 -9999 -9999
-9999 -9999 -9999 -9999 36.18 42.74 42.1 38.42 37.04 37.88 36.54 35.9 35.12 34.56 34.2 33.72 33.12 32.34 31.86 31.72 31.42 31.92 32.04 32.22 32.04 32.22 32.36 33.4 34.66 36.22 36.62 35.1 34.28 31.72 30.36 31.7 33.44 34.26 34.26 34.86 34.26 33.86 33.24 32.58 32.38 32.9 -9999 -9999 -9999 -9999 -9999 -9999 -9999 -9999 -9999 -9999 -9999 -9999 -9999 -9999 -9999 -9999 35.78 34.36 33.22 31.36 28.88 27.14 26.42 28.48 -9999 -9999 -9999 -9999 -9999 -9999 -9999
-9999 -9999 -9999 -9999 34.76 39.96 41.28 37.96 38.44 38.76 38.34 37.38 36.64 35.94 35.28 34.64 33.88 33.02 32.32 31.86 31.76 31.38 31.5 31.4 31.2 31.16 31.2 32.5 33.74 35.26 33.4 32.68 33.3 32.52 31.4 30.34 33.28 34.36 34.54 34.22 33.66 33.12 32.36 31.86 32.1 32.36 -9999 -9999 -9999 -9999 -9999 -9999 -9999 -9999 -9999 -9999 -9999 -9999 -9999 -9999 -9999 -9999 34.6 33.12 31.88 30.88 29.74 30.34 27.12 28.96 -9999 -9999 -9999 -9999 -9999 -9999 -9999
-9999 -9999 -9999 -9999 32.76 37.88 39.42 37.2 37.74 37.88 38.82 37.54 37.06 36.5 35.86 35.18 34.36 33.26 32.56 32.04 31.74 31.54 31.38 31.3 31.08 30.56 30.32 31.26 32.26 33.32 32.6 32.76 34.16 35.26 31.7 30.3 25.98 32.5 33.58 33.44 33.4 32.18 31.34 31.56 31.52 -9999 -9999 -9999 -9999 -9999 -9999 -9999 -9999 -9999 -9999 -9999 -9999 -9999 -9999 -9999 -9999 -9999 -9999 32.96 32.18 31.3 30.62 30.82 27.58 29.86 -9999 -9999 -9999 -9999 -9999 -9999 -9999
-9999 -9999 -9999 -9999 -9999 34.86 36.58 36.46 36.08 37.68 38.34 38.1 37.8 37.36 36.88 36.48 35.26 34.16 33.06 32.4 31.96 31.58 31.6 31.42 31.32 30.84 30.94 31.02 31.7 32.78 32.82 32.88 33.16 33.94 29.64 26.12 26.42 30.72 33.02 32.98 32.74 31.74 -9999 -9999 -9999 -9999 -9999 -9999 -9999 -9999 -9999 -9999 -9999 -9999 -9999 -9999 -9999 -9999 -9999 -9999 -9999 -9999 -9999 -9999 32.14 31.02 30.92 30.68 -9999 -9999 -9999 -9999 -9999 -9999 -9999 -9999 -9999
-9999 -9999 -9999 -9999 -9999 32.3 34.3 34.64 34.58 36.86 37.78 37.84 37.68 37.26 36.92 36.44 36.34 35 33.48 32.32 31.9 31.78 31.6 31.4 31.84 31.42 30.88 29.92 29.76 31.04 30.44 29.96 30.32 30.12 28.18 26.06 27.16 28.9 31.72 32.3 32.32 -9999 -9999 -9999 -9999 -9999 -9999 -9999 -9999 -9999 -9999 -9999 -9999 -9999 -9999 -9999 -9999 -9999 -9999 -9999 -9999 -9999 -9999 -9999 -9999 -9999 -9999 -9999 -9999 -9999 -9999 -9999 -9999 -9999 -9999 -9999 -9999
-9999 -9999 -9999 -9999 -9999 29.26 32.26 33.42 33.96 35.48 37.94 38.28 37.5 38.32 37.1 37.64 37.26 35.66 34.74 33.14 32.6 32.34 32.06 32 31.96 31.9 31.36 30.52 30.24 29.2 27.86 28.2 28.68 28.6 27.08 26 25.78 27.84 31.3 32.34 32.26 -9999 -9999 -9999 -9999 -9999 -9999 -9999 -9999 -9999 -9999 -9999 -9999 -9999 -9999 -9999 -9999 -9999 -9999 -9999 -9999 -9999 -9999 -9999 -9999 -9999 -9999 -9999 -9999 -9999 -9999 -9999 -9999 -9999 -9999 -9999 -9999
-9999 -9999 -9999 -9999 -9999 26.78 30.28 31.44 32.32 35.26 37.82 38.04 37.82 37.74 37.66 37.98 37.4 36.86 35.64 34.58 33.46 32.7 32.22 31.7 31.88 32.08 31.66 30.88 31.32 30.4 29.94 28.86 27.92 27.74 27.02 26.26 26.76 28.48 31.66 32.3 32.24 -9999 -9999 -9999 -9999 -9999 -9999 -9999 -9999 -9999 -9999 -9999 -9999 -9999 -9999 -9999 -9999 -9999 -9999 -9999 -9999 -9999 -9999 -9999 -9999 -9999 -9999 -9999 -9999 -9999 -9999 -9999 -9999 -9999 -9999 -9999 -9999
-9999 -9999 -9999 -9999 -9999 25.58 28.4 30.64 31.98 34.92 36.92 36.72 35.54 37.16 37.76 37.82 37.26 36.92 36.34 34.76 33.62 32.4 31.58 31.66 33.02 32.7 32.14 31.64 30.92 29.88 29.2 28.28 27.74 27.22 26.44 25.72 26.88 27.84 31.4 31.76 31.12 -9999 -9999 -9999 -9999 -9999 -9999 -9999 -9999 -9999 -9999 -9999 -9999 -9999 -9999 -9999 -9999 -9999 -9999 -9999 -9999 -9999 -9999 -9999 -9999 -9999 -9999 -9999 -9999 -9999 -9999 -9999 -9999 -9999 -9999 -9999 -9999
-9999 -9999 -9999 -9999 -9999 -9999 27.18 29.88 31.56 33.56 36.58 35.98 36.44 37.24 38 38.08 37.6 36.56 35.98 34.98 33.4 32.04 30.92 31.62 33.3 32.66 32.22 31.94 30.66 29.06 28.3 27.66 26.98 26.26 26.96 28.24 26.88 27.6 30.58 31.06 -9999 -9999 -9999 -9999 -9999 -9999 -9999 -9999 -9999 -9999 -9999 -9999 -9999 -9999 -9999 -9999 -9999 -9999 -9999 -9999 -9999 -9999 -9999 -9999 -9999 -9999 -9999 -9999 -9999 -9999 -9999 -9999 -9999 -9999 -9999 -9999 -9999
-9999 -9999 -9999 -9999 -9999 -9999 -9999 28.36 30.78 33.52 36.5 37.44 37.34 37.9 37.66 37.52 37.18 36.64 36.1 34.74 33.1 31.62 30.86 32.32 33.32 32.24 31.6 30.58 29.62 28.78 27.72 26.6 26.38 26.28 28.24 28.4 27.82 28.24 31.78 30.82 -9999 -9999 -9999 -9999 -9999 -9999 -9999 -9999 -9999 -9999 -9999 -9999 -9999 -9999 -9999 -9999 -9999 -9999 -9999 -9999 -9999 -9999 -9999 -9999 -9999 -9999 -9999 -9999 -9999 -9999 -9999 -9999 -9999 -9999 -9999 -9999 -9999
-9999 -9999 -9999 -9999 -9999 -9999 -9999 -9999 28.14 32.02 35.88 37.58 37.8 37.8 37.62 37.56 37.46 36.14 35.94 34.38 33.28 32.06 31.88 32.62 32.58 31.7 30.7 29.46 28.78 27.98 26.9 25.14 20.86 27.18 29.52 28.88 27.48 28 30.56 -9999 -9999 -9999 -9999 -9999 -9999 -9999 -9999 -9999 -9999 -9999 -9999 -9999 -9999 -9999 -9999 -9999 -9999 -9999 -9999 -9999 -9999 -9999 -9999 -9999 -9999 -9999 -9999 -9999 -9999 -9999 -9999 -9999 -9999 -9999 -9999 -9999 -9999
