shamba/rasters/climate/pet_1.txt
ncols         720
nrows         360
xllcorner     -180
yllcorner     -90
cellsize      0.5
NODATA_value  -9999
[rows 34 to 67 of 360, columns 77 to 153 of 720]
-9999 -9999 -9999 -9999 -9999 -9999 -9999 -9999 -9999 -9999 -9999 -9999 -9999 -9999 -9999 -9999 -9999 -9999 -9999 -9999 -9999 -9999 -9999 -9999 -9999 -9999 -9999 -9999 -9999 -9999 -9999 -9999 -9999 0.48 0.46 0.84 0.84 0.74 0.7 1.3 0.66 0.64 0.62 0.22 0.2 0.16 0.16 0.16 0.4 0.34 0.32 0.26 0.24 0.24 0.22 -9999 0.16 0.16 0.12 0.2 -9999 -9999 0.2 0.16 0.16 -9999 -9999 0.16 0.16 0.18 0.18 0.18 0.2 -9999 -9999 -9999 -9999
-9999 -9999 -9999 -9999 -9999 -9999 -9999 -9999 -9999 -9999 -9999 -9999 -9999 -9999 -9999 -9999 -9999 -9999 -9999 -9999 -9999 -9999 -9999 -9999 -9999 -9999 -9999 -9999 -9999 -9999 -9999 -9999 0.64 0.66 0.6 0.6 0.56 0.9 0.86 0.86 0.86 0.82 0.48 -9999 -9999 -9999 0.24 0.16 0.48 0.38 0.34 0.32 0.3 0.24 0.24 0.24 0.2 0.2 0.14 0.24 0.24 0.24 0.22 0.18 0.18 0.18 -9999 0.22 0.24 0.24 0.16 0.24 0.2 -9999 -9999 -9999 -9999
-9999 -9999 -9999 -9999 -9999 -9999 -9999 -9999 -9999 -9999 -9999 -9999 -9999 -9999 -9999 -9999 -9999 -9999 -9999 -9999 -9999 -9999 -9999 -9999 -9999 -9999 -9999 -9999 -9999 -9999 -9999 -9999 -9999 -9999 0.68 0.64 1.04 1.02 1.6 0.68 0.7 0.68 -9999 -9999 -9999 0.4 0.26 0.24 0.16 0.16 0.46 0.38 0.34 0.32 0.3 0.28 0.24 0.2 0.2 0.2 0.22 0.2 0.18 0.18 0.18 0.2 0.28 0.26 0.26 0.28 0.28 0.26 0.2 0.16 -9999 -9999 -9999
-9999 -9999 -9999 -9999 -9999 -9999 -9999 -9999 -9999 -9999 -9999 -9999 -9999 -9999 -9999 -9999 -9999 -9999 -9999 -9999 -9999 -9999 -9999 -9999 -9999 -9999 -9999 -9999 -9999 -9999 -9999 -9999 -9999 -9999 -9999 -9999 0.76 0.8 0.38 -9999 -9999 -9999 -9999 -9999 -9999 -9999 -9999 0.3 0.22 0.22 0.18 0.48 0.4 0.34 0.34 0.32 0.3 0.3 0.28 0.26 0.22 0.18 0.18 0.16 0.16 0.24 0.26 0.26 0.28 0.3 0.36 0.34 0.34 0.28 -9999 -9999 -9999
-9999 -9999 -9999 -9999 -9999 -9999 -9999 -9999 -9999 -9999 -9999 -9999 -9999 -9999 -9999 -9999 -9999 -9999 -9999 -9999 -9999 -9999 -9999 -9999 -9999 -9999 -9999 -9999 -9999 -9999 -9999 -9999 -9999 -9999 -9999 -9999 -9999 -9999 -9999 -9999 -9999 -9999 -9999 -9999 -9999 -9999 -9999 0.5 0.3 0.28 0.22 0.2 0.16 0.4 0.4 0.42 0.38 0.34 0.32 0.3 0.26 0.2 0.24 0.26 0.26 0.32 0.36 0.34 0.34 0.36 0.36 0.34 0.3 0.28 0.26 0.18 -9999
-9999 -9999 -9999 -9999 -9999 -9999 -9999 -9999 -9999 -9999 -9999 -9999 -9999 -9999 -9999 -9999 -9999 -9999 -9999 -9999 -9999 -9999 -9999 -9999 -9999 -9999 -9999 0.52 0.48 -9999 -9999 -9999 -9999 -9999 -9999 -9999 -9999 -9999 -9999 -9999 -9999 -9999 -9999 -9999 -9999 -9999 -9999 -9999 -9999 -9999 0.26 0.22 0.18 0.16 0.18 0.48 0.48 0.48 0.42 0.38 0.34 0.28 0.28 0.28 0.26 0.32 0.36 0.36 0.36 0.34 0.34 0.32 0.3 0.24 0.2 0.2 0.16
-9999 -9999 -9999 -9999 -9999 -9999 -9999 -9999 -9999 -9999 -9999 -9999 -9999 -9999 -9999 -9999 -9999 -9999 -9999 0.44 0.48 0.42 0.42 0.66 0.58 0.74 1.12 1.1 0.8 0.54 -9999 -9999 -9999 0.64 -9999 -9999 -9999 0.78 0.86 0.9 0.4 -9999 -9999 -9999 -9999 -9999 -9999 -9999 -9999 0.44 0.34 0.2 0.18 0.16 0.16 0.52 0.48 0.46 0.46 0.4 0.36 0.4 0.42 0.26 0.32 0.32 0.32 0.36 0.38 0.38 0.38 0.34 0.34 0.28 0.24 0.22 0.18
2.96 2.82 2.38 1.54 0.96 0.98 -9999 -9999 -9999 -9999 -9999 0.48 0.38 0.42 0.42 0.46 0.5 0.48 0.42 0.42 0.42 0.34 0.36 0.62 0.72 0.98 1.08 1.42 1.1 0.58 0.54 0.58 0.56 0.64 0.7 0.72 0.7 0.68 0.7 1 0.68 0.78 0.76 0.66 0.56 0.36 -9999 -9999 -9999 -9999 -9999 0.3 0.24 0.24 0.16 0.16 0.1 0.1 0.56 0.48 0.4 0.32 0.34 0.28 0.3 0.28 0.26 0.3 0.34 -9999 0.38 0.34 0.3 0.28 0.24 0.22 0.2
2.24 2.3 1.78 1.12 1.02 0.98 0.92 0.9 0.7 0.68 0.52 0.44 0.42 0.28 0.28 0.24 0.3 0.28 0.3 0.32 0.3 0.34 0.4 0.38 0.72 0.8 0.8 0.8 0.8 0.92 0.92 0.66 0.66 0.64 0.68 0.76 0.76 0.76 0.76 0.88 0.84 0.8 0.78 0.58 0.82 0.74 0.7 0.6 0.54 0.48 0.4 0.28 0.22 0.22 -9999 -9999 0.12 0.14 0.1 0.54 0.48 0.38 0.38 0.42 0.34 -9999 -9999 -9999 0.32 0.34 0.34 0.36 -9999 0.32 -9999 -9999 -9999
1.58 1.14 0.92 0.9 0.86 0.88 0.8 0.64 0.78 0.66 0.56 0.52 0.34 0.28 0.16 0.14 0.14 0.18 0.16 0.2 0.26 0.7 0.66 0.7 0.72 0.78 0.76 0.84 0.92 1.02 1.02 0.72 0.74 0.72 0.72 0.8 0.8 0.84 0.76 0.76 0.8 0.72 0.7 0.38 0.84 0.78 0.68 0.56 0.52 0.44 0.36 0.36 0.26 0.26 0.2 -9999 -9999 -9999 -9999 -9999 -9999 -9999 -9999 -9999 -9999 -9999 0.38 0.34 0.3 0.28 0.28 0.28 0.34 0.32 -9999 -9999 -9999
1.06 0.92 0.92 0.92 0.82 0.66 0.8 0.62 0.64 0.46 0.4 0.4 0.4 0.32 0.22 0.2 0.18 0.22 0.48 0.24 0.54 0.56 0.58 0.66 0.7 0.72 0.74 0.74 0.9 1 1.06 0.7 0.8 0.74 0.7 0.8 0.88 0.86 0.8 0.74 0.72 0.68 0.56 0.46 0.78 0.7 0.62 0.54 0.5 0.48 0.44 0.34 0.36 0.28 0.2 0.22 0.24 -9999 0.1 0.1 0.08 0.44 0.44 0.36 0.4 -9999 -9999 0.32 0.22 0.22 0.22 0.16 0.16 0.12 0.16 0.16 0.14
0.92 0.88 0.86 0.72 0.82 0.72 0.68 0.62 0.48 0.58 0.38 0.4 0.32 0.24 0.16 0.18 0.18 0.18 0.14 0.34 0.46 0.48 0.52 0.56 0.56 0.64 0.64 0.78 0.86 0.94 1.04 0.72 0.76 0.78 0.76 0.74 0.78 0.86 0.84 0.76 0.66 0.6 0.56 0.5 0.42 0.72 0.64 0.62 0.52 0.4 0.36 0.34 0.26 0.26 0.18 0.1 0.08 0.08 0.06 0.02 0.02 0.38 0.34 0.36 0.34 0.3 0.3 0.3 0.22 0.2 0.24 0.22 0.18 0.16 0.14 0.14 0.12
0.84 0.76 0.96 0.86 0.72 0.62 0.58 0.5 0.4 0.48 0.38 0.36 0.3 0.28 0.22 0.18 0.12 0.08 0.08 0.1 0.34 0.44 0.5 0.56 0.52 0.56 0.6 0.7 0.9 0.98 0.68 0.72 0.78 0.82 0.78 0.74 0.74 0.74 0.76 0.76 0.74 -9999 -9999 0.48 0.42 0.76 0.62 0.58 0.48 0.36 0.24 0.2 0.16 0.16 0.12 0.08 0.06 0.46 0.42 0.32 0.26 0.26 0.3 0.3 0.26 0.24 0.18 0.2 0.14 0.16 0.18 0.2 0.26 0.2 0.16 0.16 0.14
0.88 0.74 0.76 0.68 0.6 0.6 0.5 0.46 0.38 0.4 0.32 0.28 0.24 0.22 0.26 0.18 0.08 0.08 0.08 0.08 0.08 0.12 0.42 0.54 0.56 0.46 0.62 0.76 1 0.82 0.86 0.86 0.84 0.84 0.82 0.8 0.78 0.76 0.72 0.62 -9999 -9999 -9999 -9999 -9999 -9999 -9999 0.52 0.42 0.3 0.22 0.18 0.18 0.18 0.16 0.14 0.12 0.04 0.42 0.34 0.3 0.28 0.26 0.28 0.3 0.22 0.18 0.22 0.18 0.22 0.26 0.26 0.28 0.26 0.24 0.2 0.18
0.8 0.66 0.72 0.6 0.56 0.46 0.42 0.46 0.44 0.38 0.32 0.28 0.2 0.18 0.2 0.14 0.16 0.16 0.14 0.18 0.28 0.32 0.38 0.2 0.46 0.58 0.66 0.68 0.82 0.88 0.92 0.92 0.88 0.84 0.8 0.76 0.74 0.72 -9999 -9999 -9999 -9999 -9999 0.38 0.4 0.6 0.58 0.5 0.44 0.34 0.26 0.22 0.24 0.16 0.16 0.06 0.06 0.06 0.02 0.36 0.34 0.28 0.24 0.3 0.24 0.24 0.22 0.26 0.22 0.28 0.26 0.26 0.3 0.28 0.2 0.2 0.18
0.74 0.62 0.7 0.62 0.62 0.5 0.56 0.46 0.36 0.34 0.32 0.22 0.24 0.22 0.3 0.26 0.22 0.18 0.18 0.18 0.22 0.38 0.38 0.38 0.52 0.64 0.76 0.7 0.98 1.04 1.06 0.98 0.92 0.8 0.74 0.72 0.7 -9999 -9999 -9999 0.44 0.4 0.44 0.72 0.6 0.6 0.54 0.46 0.4 0.32 0.28 0.22 0.22 0.18 0.1 0.08 0.06 0.08 0.08 0.06 0.06 0.32 0.32 0.34 0.32 0.3 0.28 0.28 0.26 0.3 0.28 0.28 0.3 0.3 0.28 0.28 0.26
0.56 0.68 0.68 0.62 0.5 0.6 0.5 0.44 0.38 0.3 0.26 0.26 0.22 0.28 0.3 0.26 0.26 0.24 0.22 0.22 0.28 0.38 0.42 0.52 0.64 0.78 0.9 0.72 0.86 1.02 1.1 0.98 0.88 0.86 0.72 0.74 0.68 0.62 0.6 0.58 0.5 0.42 0.68 0.62 0.58 0.58 0.56 0.5 0.4 0.38 0.3 0.3 0.24 0.22 0.22 0.2 0.2 0.12 0.12 0.12 0.06 0.08 0.08 0.1 0.06 0.32 0.32 0.28 0.34 0.32 0.32 0.34 0.38 0.34 0.32 0.3 0.28
0.52 0.58 0.48 0.68 0.54 0.46 0.54 0.46 0.4 0.28 0.26 0.24 0.28 0.3 0.26 0.3 0.3 0.32 0.3 0.28 0.32 0.38 0.5 0.32 0.48 0.56 0.74 0.84 0.94 0.98 0.98 0.96 0.94 0.94 0.68 0.6 0.6 0.56 0.52 0.52 0.44 0.36 0.32 0.64 0.62 0.6 0.52 0.5 0.46 0.38 0.32 0.28 0.32 0.28 0.26 0.24 0.22 0.2 0.22 0.18 0.14 0.08 0.12 0.1 0.1 0.06 0.1 0.1 0.38 0.38 0.36 0.4 0.38 0.4 0.4 0.36 0.34
0.48 0.38 0.48 0.42 0.42 0.46 0.46 0.44 0.42 0.38 0.22 0.22 0.18 0.22 0.24 0.24 0.24 0.18 0.22 0.22 0.18 0.22 0.3 0.48 0.6 0.74 0.76 0.6 0.94 0.96 0.64 0.64 0.92 0.84 0.78 0.6 0.46 0.48 0.52 0.42 0.4 0.34 0.28 0.3 0.24 0.26 0.26 0.46 0.46 0.44 0.4 0.36 0.34 0.32 0.28 0.28 0.24 0.26 0.22 0.24 0.2 0.22 0.16 0.12 0.1 0.12 0.12 0.14 0.16 0.1 0.38 0.42 0.42 0.46 0.46 0.42 0.4
0.38 0.38 0.38 0.42 0.46 0.44 0.48 0.42 0.32 0.28 0.3 0.34 0.34 0.46 0.24 0.28 0.3 0.3 0.26 0.26 0.28 0.3 0.26 0.26 0.46 0.58 1 1.38 1 0.76 0.68 0.68 0.62 0.82 0.78 0.6 0.5 0.46 0.46 0.44 0.36 0.34 0.34 0.32 0.32 0.28 0.24 0.18 0.18 0.48 0.42 0.4 0.36 0.46 0.4 0.42 0.4 0.36 0.32 0.34 0.28 0.28 0.22 0.18 0.18 0.16 0.18 0.18 0.18 0.2 0.14 0.14 0.48 0.5 0.48 0.48 0.46
0.18 0.14 0.28 0.38 0.48 0.46 0.52 0.5 0.5 0.52 0.36 0.44 0.52 0.52 0.38 0.26 0.28 0.24 0.2 0.2 0.2 0.22 0.36 0.46 0.64 0.74 0.9 1.28 1.5 1.12 1.36 0.88 0.64 0.54 0.46 0.62 0.56 0.54 0.52 0.46 0.4 0.42 0.36 0.32 0.4 0.28 0.26 0.2 0.24 0.22 0.28 0.24 0.22 0.18 0.2 0.22 0.14 0.1 0.08 0.1 0.12 0.12 0.04 0.06 0.32 0.22 0.2 0.22 0.22 0.24 0.22 0.22 0.22 0.5 0.52 0.52 0.5
0.38 0.14 0.32 0.34 0.52 0.62 0.56 0.5 0.62 0.6 0.7 0.6 0.66 0.72 0.44 0.32 0.46 0.24 0.16 0.18 0.16 0.16 0.2 0.32 0.36 0.7 1.04 1.12 1.04 1.24 1.48 1.06 0.64 0.64 0.58 0.5 0.48 0.38 0.32 0.24 0.46 0.4 0.36 0.38 0.36 0.32 0.4 0.34 0.38 0.44 0.4 0.4 0.38 -9999 -9999 0.38 0.38 0.28 0.2 0.14 0.18 0.18 0.14 0.08 0.32 0.28 0.26 0.28 0.26 0.26 0.26 0.24 0.28 0.26 0.26 0.24 0.24
0.56 0.5 0.5 0.56 0.68 0.7 0.64 0.64 0.64 0.64 0.94 0.9 1 0.8 0.58 0.54 0.4 0.3 0.26 0.22 0.28 0.22 0.28 0.42 0.58 0.44 0.66 0.88 0.72 0.7 0.36 0.62 0.48 0.5 0.46 0.56 0.52 0.46 0.34 0.34 0.28 0.34 0.28 0.26 0.24 0.2 0.14 0.12 0.26 0.32 0.24 0.32 0.34 -9999 -9999 -9999 -9999 0.14 0.38 0.34 0.2 0.2 0.14 0.1 0.1 0.08 0.32 0.3 0.32 0.34 0.36 0.34 0.34 0.34 0.28 0.24 0.3
1.02 0.96 0.96 0.74 0.86 0.8 0.86 0.92 0.92 1.1 0.96 1.22 1.16 1 0.76 0.74 0.5 0.32 0.26 0.18 0.2 0.26 0.24 0.26 0.32 0.44 0.52 0.52 0.54 0.52 0.46 0.5 0.44 0.58 0.28 0.46 0.44 0.24 0.2 0.18 0.42 0.2 0.18 0.18 0.14 0.06 0.04 0.02 0.38 0.46 0.56 -9999 -9999 -9999 -9999 -9999 0.36 0.26 0.16 0.1 0.36 0.26 0.26 0.22 0.18 0.16 0.14 0.12 0.36 0.34 0.36 0.38 0.38 0.4 0.4 0.44 0.38
0.96 0.98 1.06 1.08 1.04 0.98 1.06 1.12 1.28 1.16 1.34 1.44 1.72 1.22 1.06 0.68 0.46 0.38 0.28 0.28 0.22 0.2 0.18 0.18 0.26 0.2 0.3 0.4 0.28 0.32 0.4 0.38 0.34 0.6 0.22 0.34 0.2 0.08 0.26 0.26 0.28 0.26 0.28 0.3 0.22 0.18 0.1 0.12 0.2 0.34 0.44 0.6 0.52 0.46 0.4 0.3 0.58 0.4 0.3 0.22 0.12 0.12 0.1 0.3 0.32 0.22 0.26 0.2 0.18 0.4 0.38 0.4 0.4 0.44 0.46 0.44 0.46
0.74 0.96 1.1 1.1 1.16 1.18 1.2 1.3 1.26 1.24 1.28 1.36 1.3 1.18 1.06 0.7 0.48 0.32 0.24 0.38 0.38 0.32 0.22 0.26 0.2 0.16 0.3 0.36 0.3 0.28 0.2 0.44 0.24 0.32 0.16 0.16 0.06 0.16 0.16 0.1 0.12 0.2 0.24 0.22 0.22 0.12 0.1 0.26 0.26 0.42 0.56 0.62 0.6 0.52 0.46 0.36 0.36 0.28 0.46 0.32 0.26 0.2 0.24 0.26 0.16 0.3 0.32 0.3 0.24 0.24 0.22 0.26 0.26 0.28 0.28 0.28 0.54
-9999 0.52 0.6 0.64 0.8 0.96 0.9 0.96 1.22 1.2 1.22 1.34 1.44 1.44 1.16 0.84 0.66 0.42 0.38 0.26 0.4 0.42 0.34 0.32 0.12 0.1 0.18 0.22 0.22 0.22 0.24 0.56 0.48 0.24 0.08 0.08 0.06 0.1 0.08 0.08 0.12 0.22 0.3 0.32 0.3 0.26 0.32 0.28 0.26 0.26 0.62 0.64 0.6 0.62 0.66 0.52 0.44 0.38 0.28 0.26 0.2 0.38 0.34 0.26 0.22 0.18 0.16 0.36 0.38 0.38 0.4 0.34 0.36 0.4 0.4 0.44 0.44
-9999 -9999 -9999 -9999 -9999 0.78 0.72 1.14 1.02 1.36 1.08 1.32 1.42 1.08 1.02 0.72 0.68 0.54 0.46 0.36 0.46 0.42 0.4 0.38 0.28 0.32 0.3 0.3 0.3 0.3 0.62 0.7 0.7 0.58 0.16 0.08 0.06 0.12 0.12 0.2 0.16 0.26 0.22 0.26 0.26 0.32 0.34 0.26 0.48 0.5 0.36 0.64 0.72 0.74 0.66 0.36 0.32 0.58 0.44 0.4 0.4 0.3 0.28 -9999 -9999 0.3 0.34 0.32 0.28 0.26 0.26 0.48 0.5 0.52 0.5 0.5 0.54
-9999 -9999 -9999 -9999 -9999 -9999 -9999 0.96 1.32 1.24 1.32 1.4 1.26 1.34 1.06 0.9 0.52 0.7 0.46 0.4 0.44 0.42 0.58 0.46 0.42 0.36 0.32 0.28 0.4 0.52 1 0.98 1.02 1.18 0.6 0.12 0.06 0.08 0.16 0.14 0.28 0.48 0.42 0.32 0.52 0.42 0.42 0.58 0.48 0.36 0.28 0.64 0.64 0.7 0.34 0.32 0.56 0.4 0.3 0.32 0.28 0.46 0.44 0.36 0.24 0.22 0.42 0.44 0.42 0.46 0.44 0.44 0.42 0.4 0.42 0.38 0.3
-9999 -9999 -9999 -9999 -9999 -9999 -9999 -9999 -9999 -9999 2.58 2.72 2.8 2.88 1.74 0.84 0.82 0.7 0.74 0.7 0.66 0.5 0.46 0.54 0.54 0.48 0.3 0.44 0.24 0.32 0.7 0.8 1.44 1.84 1 0.3 0.16 0.14 0.24 0.34 0.24 0.36 0.4 0.6 0.54 0.64 0.68 0.6 0.6 0.56 0.42 0.42 0.5 0.58 0.5 0.54 0.44 0.6 0.44 0.44 0.38 0.36 0.24 0.2 0.42 0.44 0.4 0.4 0.32 0.32 0.36 0.38 0.34 0.54 0.52 0.54 -9999
-9999 -9999 -9999 -9999 -9999 -9999 -9999 -9999 -9999 -9999 3.68 3.34 3.52 3.34 2.1 1.18 1.12 0.8 1 0.72 0.76 0.64 0.64 0.62 0.52 0.58 0.4 0.38 0.26 0.52 0.38 0.36 0.86 1.08 1.42 0.84 0.28 0.34 0.4 0.56 0.62 0.56 0.74 0.82 0.76 0.84 0.64 0.64 0.76 0.74 0.6 0.54 0.66 0.58 0.76 0.48 0.54 0.64 0.52 0.52 0.4 0.44 0.4 0.38 0.28 0.3 0.52 0.58 0.64 0.68 0.64 0.6 0.46 0.46 0.42 0.36 0.64
-9999 -9999 -9999 -9999 -9999 -9999 -9999 -9999 -9999 -9999 -9999 4.82 3.9 3.94 3.14 -9999 1.22 0.96 1 1.04 0.96 0.84 0.72 0.8 0.66 0.7 0.62 0.4 0.42 0.44 0.58 0.38 0.2 0.42 0.82 1 0.94 0.66 0.94 0.86 0.72 0.94 0.9 0.98 0.86 1 1.08 1.08 0.84 0.84 0.88 0.8 0.94 0.8 0.8 0.74 0.52 0.7 0.54 0.54 0.38 0.28 0.28 0.54 0.58 0.54 0.5 0.5 0.6 0.6 0.48 0.46 0.4 0.3 0.58 0.48 0.46
-9999 -9999 -9999 -9999 -9999 -9999 -9999 -9999 -9999 -9999 -9999 -9999 -9999 4.52 3.92 2.98 2.06 1.12 0.88 1 0.88 0.98 0.78 0.6 0.82 0.76 0.48 0.48 0.56 0.56 0.22 0.34 0.16 0.2 0.2 0.58 0.9 1.08 1.24 1.36 0.92 0.96 1.24 1.14 0.98 1.04 1.1 0.92 1.18 0.9 0.96 1.14 1.08 1.22 1.1 0.7 0.68 0.7 0.48 0.38 0.4 0.32 0.62 0.56 0.52 0.52 0.5 0.5 0.42 0.38 0.38 0.64 0.6 0.52 0.42 0.3 0.58
-9999 -9999 -9999 -9999 -9999 -9999 -9999 -9999 -9999 -9999 -9999 -9999 -9999 -9999 -9999 4.04 3.1 2.12 1.4 1.04 1.12 1.02 0.88 0.76 0.74 0.76 0.66 0.62 0.58 0.4 0.32 0.38 0.3 0.24 0.18 0.52 0.88 1.06 1.22 1.22 1.34 1.56 1.32 1.12 1.2 1.04 1.12 1.06 1.18 1.22 1.26 1.18 1.4 1.2 1.18 0.88 0.72 0.7 0.7 0.62 0.5 0.58 0.48 0.5 0.52 0.52 0.5 0.72 0.78 0.68 0.56 0.5 0.46 0.4 0.56 0.56 0.46
