shamba/rasters/climate/pet_11.txt
ncols         720
nrows         360
xllcorner     -180
yllcorner     -90
cellsize      0.5
NODATA_value  -9999
[rows 204 to 237 of 360, columns 385 to 461 of 720]
-9999 -9999 33.3 30.06 29.82 29.04 30.48 30.22 30.56 32.22 32.56 32.34 32.4 32.28 33.02 33.52 34.54 35.94 36.66 36.98 35.94 34.42 33.16 32.82 32.74 33.86 34.24 34.38 34.72 35.32 36.06 36.96 39.16 39.76 40.18 40.04 40.8 41.36 44.12 43.96 44.42 45.6 47 -9999 47.5 47.18 47.54 48.9 48.74 49.3 48.82 48 46.24 46.78 46.92 46.96 -9999 -9999 -9999 -9999 -9999 -9999 -9999 -9999 -9999 -9999 -9999 -9999 -9999 -9999 -9999 -9999 -9999 54.9 -9999 -9999 -9999
-9999 34 32.68 32 30.74 30.04 30.54 31.46 32.3 33.7 33.68 33.24 33 33.22 33.62 34.5 35.38 36.58 37 37.42 36.42 35.3 35.02 34.34 33.84 34.02 34.46 34.76 35.18 36.32 36.94 37.84 39.8 40.98 40.28 40.06 40.48 41.58 45.6 45.18 44.48 44.68 46.04 49.02 48.54 45.6 45.92 48.24 49.28 48.96 48.08 46.46 45.26 45.26 46.08 47.66 -9999 -9999 -9999 -9999 -9999 -9999 -9999 -9999 -9999 -9999 -9999 -9999 -9999 -9999 -9999 -9999 -9999 46.76 50.46 -9999 -9999
33.78 33.2 33.46 33.82 32.62 32.26 32.98 33.58 34.4 34.9 34.56 33.86 33.72 33.84 34.5 35.26 36 36.86 37.8 37.92 37.64 36.78 36.32 35.5 35 34.32 34.48 34.72 36.6 38.26 39.56 40.88 41.62 41.56 40.28 39.64 40 42.72 45.72 46.36 45.7 46.36 46.2 49.84 49.76 46.48 47.04 48.82 48.38 47.58 46.42 45.24 43.7 44.46 46.62 47.18 -9999 -9999 -9999 -9999 -9999 -9999 -9999 -9999 -9999 -9999 -9999 -9999 -9999 -9999 -9999 -9999 44.04 44.42 45 -9999 -9999
33.78 33.68 35.06 33.94 33.76 34.46 35 35.64 35.98 36.02 35.98 35.16 35.08 35.26 35.34 35.58 36.88 37.72 38.56 38.96 39.04 38.22 37.56 36.9 36.28 35.46 35.36 35.8 37.34 39.64 41.54 42.88 43.46 42.9 41.42 41.9 42.6 43.22 45.66 46.08 45.58 46.3 46.86 50.34 -9999 48.28 48.32 48.9 47.54 47.02 47.02 45.84 45.56 47.28 48.22 48 -9999 -9999 -9999 -9999 -9999 -9999 -9999 -9999 -9999 -9999 -9999 -9999 -9999 -9999 -9999 41.26 38.26 35.44 39.58 -9999 -9999
34.08 35.38 36.52 35.9 36.48 37.24 37.26 37.8 37.7 37.3 36.94 36.66 36.32 36.36 37 37.14 37.8 38.76 39.94 40.4 41.2 40.7 39.44 38.48 37.44 37.08 37.42 37.86 39.34 41.04 42.96 45.18 45.66 44.38 43.72 44.02 43.22 42.8 44.44 46.14 46.94 46.18 47.86 45.54 51.52 49.3 48.02 48.48 48.5 48.48 48.3 48.24 48.02 48.6 49.36 50.12 50.62 -9999 -9999 -9999 -9999 -9999 -9999 -9999 -9999 -9999 -9999 -9999 -9999 -9999 -9999 40.12 32.46 31.48 36 -9999 -9999
35.04 35.46 36.36 37.74 38.64 39.54 39.86 39.32 39.34 38.74 38.18 38.3 37.9 37.72 38.12 38.18 39.1 39.38 40.7 42.16 43.16 42.6 41.24 39.76 38.92 38.06 38.92 39.58 40.26 42.08 43.62 43.94 46.08 48.1 47.58 45.12 44.88 44.12 45.06 47.28 50.16 48.38 46.28 45.48 48.06 49.18 47.6 47.66 47.92 47.02 47.32 48.18 48.7 49.64 50.76 50.42 50.92 -9999 -9999 -9999 -9999 -9999 -9999 -9999 -9999 -9999 -9999 -9999 -9999 -9999 45.78 40.98 32.52 31.96 34.9 38.08 -9999
36.4 36.68 37.96 39.58 41.3 42.14 42.74 41.96 41.8 41.32 40.88 40.7 39.9 39.3 38.98 38.88 39.56 40.22 41.76 42.98 43.98 44.4 43.12 41.92 41 41.16 40.98 40.92 42.28 42.68 44.62 44.12 44.7 47 46.36 48.94 46.78 47.14 47.96 50.62 52.74 52.5 51 47.72 48.28 47.46 45.58 44.62 45.1 43.12 46.04 47.56 48.68 50.7 51.26 51.2 -9999 -9999 -9999 -9999 -9999 -9999 -9999 -9999 -9999 -9999 -9999 -9999 -9999 47.88 45.4 41.42 34.96 33.02 35.52 36.06 -9999
36.4 38.88 39 40.64 42.94 44.3 45.36 44.36 43.8 44.32 43.3 42.02 41.5 40.52 40.3 39.42 39.8 41.14 42.28 43.44 43.92 44.5 44.06 43.16 42.8 43 42.82 44 44.88 45.82 46.2 46.18 48.32 50.38 49.22 50.42 51.22 51.18 52.34 53.86 54.42 55.68 55.22 51.44 51.46 44.48 41.1 42.1 43.62 44.92 46.42 47.68 49.3 50.56 50.98 51.46 -9999 -9999 -9999 -9999 -9999 -9999 -9999 -9999 -9999 -9999 -9999 51.06 49.08 47.36 44.68 40.66 35.6 33.32 37.68 37.26 -9999
36.08 37.74 40.4 42.24 44.56 46.74 47.2 46.9 46.56 46.78 45.94 44.74 43.88 43.06 41.98 41.52 41.32 42.36 42.54 43.4 44 44.32 44.56 44.44 44.6 44.88 44.94 45.02 44.9 46.3 47.44 49.6 52.72 49.8 48.84 50.94 50.86 51.9 51.16 52.02 54.32 56.14 57.2 53.5 51.96 47.02 42.08 43.54 44.94 46.18 47.78 48.12 48.86 50.16 50.66 -9999 -9999 -9999 -9999 -9999 -9999 -9999 -9999 -9999 49.76 49.38 48.9 48.82 48.28 46.22 42.46 34.88 33.48 33.84 37.36 -9999 -9999
35.5 38.04 40.22 43.38 46.22 47.92 49.14 49.3 48.14 48.28 47.58 46.7 45.18 44.24 43.18 43 42.52 42.76 43.34 43.2 44 44.96 45.24 45.94 45.8 46.2 46.3 45.08 44.38 45.16 52.76 53.46 53.36 49.56 46.28 46.1 44.18 44.8 47.86 50.42 51.88 54.48 53.52 53.56 51.46 49.42 45.7 45.22 46.92 47.68 47.68 48.24 48.32 49.26 -9999 -9999 -9999 -9999 -9999 -9999 -9999 -9999 -9999 -9999 47.94 46.88 46.56 47.28 47.08 43.68 37.84 35.76 32.98 34.88 37.82 -9999 -9999
33.94 37.5 41.02 43.88 46.7 48.72 51.1 50.26 50.4 50.18 49.52 48.7 46.82 45.8 44.6 44.1 43.58 43.6 43.14 43.96 44.52 45.68 46.46 46.64 47.84 48.58 47.86 46.66 46 50.58 53.84 53.72 53.46 50.92 47.34 45.4 42.2 44.68 46.68 46.28 48.66 49.28 49.94 51.16 50.7 49.16 46.38 47.46 47.5 47.96 47.92 48.04 -9999 -9999 -9999 -9999 -9999 -9999 -9999 -9999 -9999 -9999 -9999 48.12 46.5 45.08 43.64 45.06 44.24 39 38.04 35.52 34.7 37 -9999 -9999 -9999
33.56 37.02 40.52 43.8 47.46 49.8 50.88 51.54 51.82 51.66 50.44 49.64 48.74 47.6 45.78 45.36 44.74 44.14 44 44.64 45.12 46.06 46.36 47.38 48.44 50.02 49.4 49.38 50.5 54.82 52.2 52.72 53.66 53.22 49.8 45.7 42.84 42.54 42.84 44.1 42.44 44.66 46.82 48.48 49.14 49.72 48.02 48.88 48.86 48.3 -9999 -9999 -9999 -9999 -9999 -9999 -9999 -9999 -9999 -9999 -9999 -9999 -9999 47.92 46.68 44.64 42.88 42.34 39.62 38.42 35.7 36.2 33.88 36.9 -9999 -9999 -9999
33.3 36.8 40.16 43.72 47.64 50.7 52.18 53.14 52.68 52.6 52.04 50.86 50.18 48.56 47.66 46.84 46.4 45.74 44.56 45.06 45.98 47.14 48.08 48.48 48.72 49.72 49.98 51.2 52.7 51.88 51.36 51.78 51.44 52 50.86 46.96 43.78 41.46 39.64 38.4 37.12 44.9 45.4 47.36 49.04 47.42 48.24 48.1 47.88 -9999 -9999 -9999 -9999 -9999 -9999 -9999 -9999 -9999 -9999 -9999 -9999 -9999 -9999 47.68 45.42 43.82 40.08 39.3 37.32 35.9 35.78 34.84 34.82 37.36 -9999 -9999 -9999
32.26 36.6 39.92 43.84 48 51.18 53.96 55.6 54.58 54.24 53.24 52.1 51.64 49.98 48.96 48.38 47.44 47.06 46.34 46.66 47.1 48.1 48.64 49.26 49.22 49.44 50.62 50.68 50.2 51.02 51.14 51.16 50.88 49.94 48.76 46.4 43.44 41.5 41.34 40.02 37.86 44 45.46 47.58 47.18 47.04 47.66 47.58 -9999 -9999 -9999 -9999 -9999 -9999 -9999 -9999 -9999 -9999 -9999 -9999 -9999 -9999 -9999 48.1 45.78 45.2 40.48 39.68 37.08 35.98 34.84 35.02 37.04 -9999 -9999 -9999 -9999
30.34 35.48 40 44.38 47.34 51.28 55.14 56.44 56.18 54.06 52.98 50.96 52.02 51.16 50.4 49.9 49.16 48.56 48.28 48.84 49.74 49.52 49.92 49.78 50.32 50.1 50.72 51.24 50.58 50.62 51.1 49.26 48.68 47.48 45.36 43.98 42.78 42.24 43.6 42.48 39.24 42.22 45.38 47.36 46.42 46.32 -9999 -9999 -9999 -9999 -9999 -9999 -9999 -9999 -9999 -9999 -9999 -9999 -9999 -9999 -9999 -9999 -9999 -9999 47.2 45.76 40.9 40.4 36.38 34.2 33.52 34.92 37.5 -9999 -9999 -9999 -9999
-9999 34.72 39.6 43.8 47.92 51.88 54.46 56.12 54.82 52.76 51.5 51.58 52.26 51.98 51.42 50.38 49.82 49.9 49.34 50.16 50.34 50.96 50.6 50.32 50.84 50.62 50.68 51.02 51.06 50.04 49.38 47.48 47.54 45.04 44.58 45.32 44.24 42.92 42.82 45.36 37.22 42.26 47.48 46.94 46.38 -9999 -9999 -9999 -9999 -9999 -9999 -9999 -9999 -9999 -9999 -9999 -9999 -9999 -9999 -9999 -9999 -9999 -9999 -9999 47.94 46.66 43.14 39.32 35.08 33.52 33.52 35.84 37.22 -9999 -9999 -9999 -9999
-9999 33.54 38.9 43.94 48.68 52.74 55.36 56.24 55.14 54.06 53.56 53.3 52.64 51.98 51.4 50.62 50.62 50.86 50.78 50.86 51.52 51.82 51.34 51.58 51.38 51.7 51.9 51.36 49.98 48.8 46.94 46.4 45.88 45.94 45.54 47.14 45.44 44.92 45.26 46.48 41.2 46.84 46.84 46.08 46.34 -9999 -9999 -9999 -9999 -9999 -9999 -9999 -9999 -9999 -9999 -9999 -9999 -9999 -9999 -9999 -9999 -9999 -9999 49.44 47.72 46.32 44.02 38.66 35.64 33.76 33.96 35.68 -9999 -9999 -9999 -9999 -9999
-9999 -9999 37.16 43.4 48.36 53.58 56.54 56.02 55.4 55.96 55.36 54.1 53.12 52.5 51.74 51.06 51.98 51.38 51.4 51.6 51.76 51.8 52.2 52 51.54 51.86 51.92 51.14 49.46 47.88 47.1 46.86 47.4 47.38 46.58 47.72 46.88 46.22 47.88 48.6 46.48 46.9 46.6 46.54 46.44 -9999 -9999 -9999 -9999 -9999 -9999 -9999 -9999 -9999 -9999 -9999 -9999 -9999 -9999 -9999 -9999 -9999 -9999 48.56 47.24 44.84 43.4 38.88 35.22 34.28 35.08 36.4 -9999 -9999 -9999 -9999 -9999
-9999 -9999 35.2 41.8 47.84 53.7 57.28 56.54 58.2 56.42 55.22 54.06 53.6 53.06 52.4 52.48 51.96 51.56 50.86 51.68 51.58 51.42 52.06 52.06 52.48 51.8 51 51.12 49.64 48.9 48.62 49.16 49.7 49.64 49.32 49.62 48.58 46.78 48.82 49.52 49.34 48.12 47.54 46.82 45.86 -9999 -9999 -9999 -9999 -9999 -9999 -9999 -9999 -9999 -9999 -9999 -9999 -9999 -9999 -9999 -9999 -9999 48.84 47.24 45.7 44.16 42.76 40.1 36.86 35.9 36.94 36.64 -9999 -9999 -9999 -9999 -9999
-9999 -9999 -9999 38.5 46.3 54.4 59.14 59.3 58.1 56.32 55.12 54.26 54.6 54.16 53.02 53.14 52.5 52.26 51.88 51.64 51.76 52.44 52.42 51.74 52.08 51.8 51.1 50.06 49.46 49.74 50.5 51.2 52.06 52.38 52.36 51.46 49.52 48.86 48.62 49.36 49.24 49 47.46 45.94 45.36 45.54 -9999 -9999 -9999 -9999 -9999 -9999 -9999 -9999 -9999 -9999 -9999 -9999 -9999 -9999 -9999 -9999 47.94 46.68 46.34 45.64 41.5 40.14 37.1 36.02 38.34 -9999 -9999 -9999 -9999 -9999 -9999
-9999 -9999 -9999 -9999 43.78 54.68 60.94 61.68 58.32 55.24 54.94 55.84 55.22 54.8 53.96 53.52 54.08 53.42 52.88 53.22 52.76 52.7 52.44 52.24 52.48 51.7 51.06 50.42 49.78 51.76 52.06 52.78 53.22 53.42 53.3 52.52 51.06 50.64 50.08 50.16 49.5 48.76 47.4 46.06 45.24 45.28 -9999 -9999 -9999 -9999 -9999 -9999 -9999 -9999 -9999 -9999 -9999 -9999 -9999 -9999 -9999 48.46 46.86 44.8 43.64 42.98 40.08 39.7 36.74 38.1 39.7 -9999 -9999 -9999 -9999 -9999 -9999
-9999 -9999 -9999 -9999 40.74 54.16 60.1 59.8 56.54 55.36 56.96 56.84 56.12 56.48 56.08 55.38 54.76 53.9 53.9 53.74 53.4 53.32 53.24 53.04 52.5 51.88 51.52 50.3 50.76 52.68 52.94 53.28 52.46 51.04 49.28 46.78 47.4 50.24 50.96 50 49.8 48.76 47.14 45.86 45.12 44.74 -9999 -9999 -9999 -9999 -9999 -9999 -9999 -9999 -9999 -9999 -9999 -9999 -9999 -9999 -9999 -9999 45.48 43 42.82 40.92 39.48 38.34 38.02 39.94 40.24 -9999 -9999 -9999 -9999 -9999 -9999
-9999 -9999 -9999 -9999 43.58 56.9 62.8 61.7 58.76 60.4 60.12 59.82 59.22 58.28 57.5 56.9 55.58 55.52 55.04 54.22 53.56 54.12 53.54 53.04 52.08 51.72 51.36 51.16 51.78 53.5 54.52 53.02 51.2 48.32 45.94 45.38 47.8 49.8 50.28 50.54 49.28 48.46 47.28 45.34 44.34 43.72 -9999 -9999 -9999 -9999 -9999 -9999 -9999 -9999 -9999 -9999 -9999 -9999 -9999 -9999 -9999 -9999 47.46 45.22 43.82 42.2 40.66 36.46 38.22 39.52 40.54 -9999 -9999 -9999 -9999 -9999 -9999
-9999 -9999 -9999 -9999 46.3 59.98 64.36 62.08 61.62 63.4 63.2 62.64 61.84 60.8 59.76 59.12 58.02 56.5 55.98 55.38 54.98 54.5 53.84 53.46 52.4 52.06 51.2 52.72 53.66 55.1 54.5 51.98 50.26 46.04 42.82 43.96 47.2 49.12 49.78 49.92 48.82 47.92 46.64 44.78 43.56 42.8 -9999 -9999 -9999 -9999 -9999 -9999 -9999 -9999 -9999 -9999 -9999 -9999 -9999 -9999 -9999 -9999 47.06 45.38 44.66 42.14 39.3 37.36 36.42 38.84 -9999 -9999 -9999 -9999 -9999 -9999 -9999
-9999 -9999 -9999 -9999 45.9 59.08 64.9 62.3 64 66.2 66.6 65.46 64.44 63.6 62.38 61.24 59.9 58.44 57.34 56.3 55.5 54.56 54.08 53.52 52.48 52 51.68 52.66 54.1 54.78 51.06 50.2 49.38 47.88 44.74 41.94 45.78 47.72 48.88 48.18 47.88 46.68 45.82 44.04 43.02 42.88 -9999 -9999 -9999 -9999 -9999 -9999 -9999 -9999 -9999 -9999 -9999 -9999 -9999 -9999 -9999 -9999 45.56 44.1 42.92 42.12 40.34 41.26 37.24 39.52 -9999 -9999 -9999 -9999 -9999 -9999 -9999
-9999 -9999 -9999 -9999 44.08 56.66 63.12 62.4 64.1 65.72 67.52 67.2 66.34 65.58 64.82 63.3 61.12 59.68 58.68 57.9 57.18 56.22 55.1 53.88 53.06 51.9 51.18 52.04 52.92 53.82 51.64 50.2 51.66 51.74 45.9 43.08 36.16 45.08 47.12 46.72 46.28 45.64 44.12 43.34 42.28 -9999 -9999 -9999 -9999 -9999 -9999 -9999 -9999 -9999 -9999 -9999 -9999 -9999 -9999 -9999 -9999 -9999 -9999 43.92 42.88 42.28 41.28 41.54 37.22 40.8 -9999 -9999 -9999 -9999 -9999 -9999 -9999
-9999 -9999 -9999 -9999 -9999 52.62 59.4 61.16 62.08 65.36 66.98 67.1 67 66.38 65.26 65.36 63.24 61.86 60.3 59.06 58.42 57.7 56.76 55.26 54.04 52.48 52.54 51.78 51.54 53.4 52.46 51.62 50.98 50.5 43.2 37.1 36.74 42.94 45.32 45.04 44.48 43.76 -9999 -9999 -9999 -9999 -9999 -9999 -9999 -9999 -9999 -9999 -9999 -9999 -9999 -9999 -9999 -9999 -9999 -9999 -9999 -9999 -9999 -9999 42.7 41.66 41.56 41.6 -9999 -9999 -9999 -9999 -9999 -9999 -9999 -9999 -9999
-9999 -9999 -9999 -9999 -9999 48.46 55.54 58.44 60.56 64.84 67.28 67.9 67.88 67.74 66.98 66.16 66.1 63.28 61.68 60.38 59.2 58.82 57.84 57.2 56.08 54.72 53.24 50.62 49.86 50.36 49.34 47.72 46.66 45.54 40.98 37.22 38 39.44 43.4 43.04 42.44 -9999 -9999 -9999 -9999 -9999 -9999 -9999 -9999 -9999 -9999 -9999 -9999 -9999 -9999 -9999 -9999 -9999 -9999 -9999 -9999 -9999 -9999 -9999 -9999 -9999 -9999 -9999 -9999 -9999 -9999 -9999 -9999 -9999 -9999 -9999 -9999
-9999 -9999 -9999 -9999 -9999 43.66 51.7 56.5 58.2 62.84 67.36 68.38 69.34 69.14 68.58 68.88 68.12 65.4 63.82 61.24 60.82 59.64 58.88 57.66 56.94 55.76 53.78 52.18 51 48.8 45.78 45.18 44.02 43.12 40.64 37.84 35.66 37.1 41.98 42.76 41.92 -9999 -9999 -9999 -9999 -9999 -9999 -9999 -9999 -9999 -9999 -9999 -9999 -9999 -9999 -9999 -9999 -9999 -9999 -9999 -9999 -9999 -9999 -9999 -9999 -9999 -9999 -9999 -9999 -9999 -9999 -9999 -9999 -9999 -9999 -9999 -9999
-9999 -9999 -9999 -9999 -9999 39.18 47.66 52.58 56.28 62.74 66.86 69.18 68.78 68.92 68.84 69.84 68.48 67.14 65.8 63.02 61.66 60.46 59.42 58.38 57.98 56.34 55.14 53.26 53.12 51.52 49.86 46.78 44.24 42.9 40.46 38.1 37.06 37.72 43.1 43.56 42.74 -9999 -9999 -9999 -9999 -9999 -9999 -9999 -9999 -9999 -9999 -9999 -9999 -9999 -9999 -9999 -9999 -9999 -9999 -9999 -9999 -9999 -9999 -9999 -9999 -9999 -9999 -9999 -9999 -9999 -9999 -9999 -9999 -9999 -9999 -9999 -9999
-9999 -9999 -9999 -9999 -9999 36.84 44.4 50.74 55.24 61.04 65.88 66.72 65.72 68.56 70.52 70.86 69.26 68.06 66.42 64.54 62.78 60.78 58.62 59.8 61.22 58.56 56.9 56.36 54.64 52.28 49.4 46.9 44.22 42.48 40.08 37.96 38.64 38.42 42.72 43.46 41.8 -9999 -9999 -9999 -9999 -9999 -9999 -9999 -9999 -9999 -9999 -9999 -9999 -9999 -9999 -9999 -9999 -9999 -9999 -9999 -9999 -9999 -9999 -9999 -9999 -9999 -9999 -9999 -9999 -9999 -9999 -9999 -9999 -9999 -9999 -9999 -9999
-9999 -9999 -9999 -9999 -9999 -9999 40.54 47.46 53.06 58.54 64.88 66.54 67.3 69.66 71.48 71.48 70.34 68.64 66.62 65.16 63.2 60.94 58.88 60.74 62.84 60.62 58.7 56.76 54.76 51.1 48.2 44.92 43.44 41.14 41.98 42.48 38.84 38.38 41.28 42.06 -9999 -9999 -9999 -9999 -9999 -9999 -9999 -9999 -9999 -9999 -9999 -9999 -9999 -9999 -9999 -9999 -9999 -9999 -9999 -9999 -9999 -9999 -9999 -9999 -9999 -9999 -9999 -9999 -9999 -9999 -9999 -9999 -9999 -9999 -9999 -9999 -9999
-9999 -9999 -9999 -9999 -9999 -9999 -9999 43.14 49.74 57.3 64.48 67.6 69.38 70.72 70.7 71.04 69.82 69.72 67.68 66.68 63.94 61.08 60.6 62.8 63.62 61.22 58.84 56.9 54.34 51.1 47.76 43.58 42.4 41.26 43.78 42 39.7 39.02 42.6 41.26 -9999 -9999 -9999 -9999 -9999 -9999 -9999 -9999 -9999 -9999 -9999 -9999 -9999 -9999 -9999 -9999 -9999 -9999 -9999 -9999 -9999 -9999 -9999 -9999 -9999 -9999 -9999 -9999 -9999 -9999 -9999 -9999 -9999 -9999 -9999 -9999 -9999
-9999 -9999 -9999 -9999 -9999 -9999 -9999 -9999 43.62 53.9 63.84 68.96 69.88 70.46 69.8 70.62 70.64 69.58 69.04 67.26 64.96 62.8 62.8 64.48 63.84 61.58 59.16 56.42 53.94 50.96 47.86 42.62 33.58 42.82 44.76 42.52 38.56 38.02 41.84 -9999 -9999 -9999 -9999 -9999 -9999 -9999 -9999 -9999 -9999 -9999 -9999 -9999 -9999 -9999 -9999 -9999 -9999 -9999 -9999 -9999 -9999 -9999 -9999 -9999 -9999 -9999 -9999 -9999 -9999 -9999 -9999 -9999 -9999 -9999 -9999 -9999 -9999
