shamba/rasters/climate/pet_11.txt
ncols         720
nrows         360
xllcorner     -180
yllcorner     -90
cellsize      0.5
NODATA_value  -9999
[rows 136 to 169 of 360, columns 385 to 461 of 720]
44.68 44.86 45.24 45.94 45.86 47 46.86 46.78 46.3 46.44 46.06 46 46.04 45.52 45.5 45.58 45.72 45.44 45.58 45.4 45.88 45.86 45.8 45.28 45.4 45.14 45.46 46.52 47.56 48.56 49.08 49.7 50.08 50.14 49.94 50.12 49.26 48.48 48.96 48.08 47.82 46.92 45.3 42 39.38 34.94 33.62 32.34 33.32 -9999 -9999 -9999 -9999 41.04 40.94 38.94 39.92 39.86 40.22 38.98 39.5 40.16 39.34 39.46 39.18 38.16 38.06 39.02 39.26 40.04 39.8 40.78 41.14 41.24 41.48 41.82 42.22
46 46.7 46.3 47.14 47 48.2 48.34 48.66 48.5 48.2 47.42 47.38 47.22 46.4 46.22 46.66 46.72 46.72 46.6 46.44 46.68 46.94 46.78 46.44 46.24 46.82 47.34 47.94 49.02 49.22 49.6 50.84 50.96 51.1 50.6 50.76 50.26 49.56 49.16 48.6 48.3 47.3 45.68 42.3 39.32 36.74 34.42 32.66 33.56 -9999 -9999 -9999 -9999 40.16 40.14 35.86 37.48 38.1 39.04 37.56 38.88 39.66 39.74 39 38.98 38.86 38.66 38.78 39.84 40.08 40.38 41.36 41.1 41.4 41.56 42.24 41.84
47.08 47.76 47.9 48.12 48.22 48.6 49.38 49.14 49.76 49.96 49.1 49.04 47.88 47.7 47.68 47.82 47.9 47.92 47.78 47.44 47.96 47.8 47.76 47.48 47.36 47.5 48.78 49.34 49.5 50.42 50.54 50.82 50.96 51.42 51.48 52.06 51.72 51.22 50.06 49.7 48.52 47.42 46.64 43.14 40.02 37.98 35.6 33.98 32.06 -9999 -9999 -9999 -9999 -9999 40.7 37.5 35.38 36.12 37.02 37.6 37.46 38.62 38.66 39.46 39.58 39.58 39.58 39.74 39.7 40.72 40.64 41.36 40.84 41.26 41.66 42.02 41.96
49.24 49.28 49.28 50.04 50.16 49.76 50.16 50.22 49.76 50.22 49.52 49.86 49.08 49.08 49.34 49.06 49.16 48.98 48.98 48.8 48.5 48.92 48.82 48.44 48.42 48.78 49.14 50.5 50.6 50.8 51.86 52.04 52.22 52.58 52.68 53.54 52.98 52.84 52.34 51 49.74 48.88 47.38 43.3 40.94 38.7 36.84 34.9 31.66 37.1 -9999 -9999 -9999 -9999 -9999 40.78 39.56 34.88 34.94 36.38 36.66 37.86 38.5 38.84 39.12 38.88 39.56 39.5 39.98 40.38 40.78 40.88 41.3 41.24 41.84 41.62 41.42
50.3 50.34 51.18 51.22 51.12 51.14 51.24 50.92 50.76 50.92 50.26 50.76 50.12 50.12 50.22 49.88 50.76 50.68 50.58 49.8 49.62 49.06 49.06 49.04 49.48 50.58 50.88 51.14 51.6 52.16 52.62 53.96 54.36 54.44 54.24 54.7 55.28 54.68 53.26 52.56 50.46 49.98 47.4 45.12 42.66 40.02 37.68 35.4 33.66 37.14 -9999 -9999 -9999 -9999 -9999 -9999 41.86 40.68 33.96 32.86 34.9 35.98 37.1 36.8 37.1 38.2 38.6 39.42 39.66 40.22 40.08 40.02 40.5 41.3 41.42 41.4 41.58
52.08 51.98 51.92 51.96 52.86 52.8 52.58 52.32 52.06 51.68 51.5 51.18 51.34 51.2 51.12 50.9 51.7 51.66 51.54 50.88 50.36 50.16 50.32 50.24 50.62 51.04 52.18 52.24 52.12 52.74 53.64 54.34 55.5 55.5 55.86 55.98 56.38 55.82 55.38 54.78 52.86 50.26 48.14 46.46 43.82 41.16 38.66 36.46 34.38 37.42 -9999 -9999 -9999 -9999 -9999 -9999 -9999 41.54 37.78 31.66 33.68 35 35.74 35.88 36.68 37.92 38.24 38.6 39.56 39.9 39.8 40.42 40.4 41.18 41.2 41.56 41.4
53.94 53.82 53.72 53.72 53.66 53.76 52.92 52.7 52.6 52.48 52.32 52.72 52.1 52.8 52.64 52 51.92 52.84 51.94 52.56 51.86 50.88 50.7 51.14 51.56 52.28 52.6 52.66 53.16 53.72 53.78 54.82 55 55.94 56.48 57.14 57.72 58.22 58.06 56.1 53.74 51 48.32 47 45.74 42.58 40.46 38.3 35.52 37.66 -9999 -9999 -9999 -9999 -9999 -9999 -9999 41.6 38.62 31.76 31.44 33.5 33.96 34.32 36.02 37.02 38.08 38.34 38.62 38.58 39.62 40.14 40.36 40.6 40.72 41.32 40.94
55.48 55.36 55.38 55.36 54.44 54.78 54.72 53.78 53.78 53.48 53.42 52.86 52.96 53.26 53.2 52.98 53.02 52.92 52.84 52.66 52.42 52.26 51.08 51.26 51.72 52.36 52.66 53.48 53.64 53.78 54.7 55.04 56.06 56.1 56.72 58.24 58.76 58.3 58.7 55.96 53.38 50.1 48.74 46.66 46.18 43.7 41.84 40.3 38.48 38.2 40.2 40.9 -9999 -9999 -9999 -9999 -9999 -9999 39.08 30.78 29.44 30.52 32.38 33.68 35.72 36.92 37.64 38.12 38.64 38.82 39.44 40.18 40.28 40.8 41.08 40.8 40.64
57.34 57.44 56.38 55.82 56.06 55.28 54.5 54.38 53.52 53.58 53.42 54.14 54.38 53.96 53.92 53.78 54.18 53.22 53.86 53.12 52.66 51.38 50.72 52.16 52.54 51.88 53.08 53.26 53.4 54.14 54.4 55.68 55.9 57.02 57.56 58.32 58.44 57.46 57 55.02 51.88 49.78 47.82 47.22 45.54 43.74 42.54 40.96 40.36 40.84 37.18 35.9 41.62 -9999 -9999 -9999 -9999 -9999 -9999 39.54 33.38 31.22 31.32 34.3 35.28 36.76 37.44 38.24 38.56 38.9 38.94 40.1 40.22 40.24 40.28 40.5 40.04
58.96 58.92 58 57.56 56.58 56.24 55.32 54.56 54.46 54.18 54.02 54.54 54.68 54.4 54.78 55.12 54.52 54.52 54.22 52.78 52.66 51.82 52.08 52.28 52.56 52.7 52.96 53.2 54.22 54 55.22 55.64 56.7 56.94 57.6 58.06 57.44 56.88 56.08 54.36 51.5 49.14 47 45.44 45.46 44.2 43.72 42.48 42.22 41.86 38.52 36.5 40.62 -9999 -9999 -9999 -9999 -9999 -9999 -9999 37.38 28.94 28.94 31.36 33.88 36.54 36.98 37.62 38.6 38.96 39.14 38.88 39.76 39.84 39.88 39.72 38.94
60.4 59.76 59.76 58.02 57.64 57.36 55.24 55.06 54.06 54.56 54.7 54.5 54.68 55.46 55.04 55.64 55.1 55.34 55.12 53.68 52.6 52.88 52.02 51.82 52.18 52.24 52.52 52.42 53.72 53.56 54.78 55.34 56.52 56.68 57.94 57.94 56.74 55.7 55.62 54.02 51.94 48.56 46.1 45.78 46.32 45.42 44.5 44.02 43.6 42.88 41.52 36.82 38.9 -9999 -9999 -9999 -9999 -9999 -9999 -9999 40.56 29.74 28.36 30.38 32.88 35.9 36.94 37.3 37.44 37.74 37.74 37.28 37.66 37.92 37.46 36.66 37.38
61.98 61.36 60.7 59.06 58.18 57.74 56.14 54.64 53.78 54.54 54.54 54.62 54.48 55.46 55.14 55.96 56.28 55.6 55.26 54.78 53.66 52.56 51.64 52.3 52.04 51.66 51.42 51.66 52.74 52.9 54.12 55.72 56.18 57.24 57.22 56.8 56.62 56.4 56.06 55.52 53.46 49.96 48.56 47.52 47 45.34 44.94 45.04 44.6 45.38 41.92 37.74 39.86 42.58 -9999 -9999 -9999 -9999 -9999 -9999 42.54 33.26 28.44 29.34 33.06 34.32 35.8 36.26 36.36 36.78 36.94 36.92 37.44 38.88 39.46 36.44 37.28
63.42 62.64 61.8 59.96 58.78 57.2 55.48 54.9 54.12 54.3 54.34 54.62 54.56 55.48 55.34 56.54 56.34 57.12 56.02 55.24 53.98 53.94 52.38 51.42 50.34 50.24 50.22 50.64 51.62 51.94 53.42 54.94 56.26 56.08 56.12 56.86 55.84 57.5 57.66 57.44 55.46 52.84 50.5 49.24 47.92 48.02 46.52 46.36 44.8 45.74 45.98 41.52 36 41.82 -9999 -9999 -9999 -9999 -9999 -9999 42.7 36.78 29.22 29.08 30.54 34.02 35.22 36 36.54 37.36 37.78 37.38 37.18 37.46 37.32 38.02 37.94
65 64.06 62.26 60.5 58.36 57.4 55.98 54.68 53.84 52.74 52.9 54.22 54.34 55.46 56.42 56.62 56.3 56.4 56.36 54.62 54.46 53.18 51.54 50.62 49.38 48.22 48.88 49.96 50.9 51.1 52.66 54.52 55.58 54.86 55.8 55.9 56.28 57.64 57.78 58.12 57.3 54.5 52.02 51.02 50.2 49.34 48 47.2 46.06 44.44 44.6 41.88 33.86 37.78 41.94 42.92 -9999 -9999 -9999 -9999 43.52 39.34 31.04 27.78 29.54 31.86 33.56 35.54 37.16 37.28 36.72 36.14 34.72 34.62 35.48 38.16 41.38
66.02 64.74 62.36 60.78 58.02 56.12 54.9 53.2 52.3 52.54 52.84 52.46 53.5 54.52 55.46 56.74 57.48 56.8 56.02 54.56 54.24 53.42 51.78 49.24 48.04 47.22 47.08 49.12 50.82 51.92 53.26 54.54 54.62 54.8 54.28 56.48 57 57.36 58.08 58.08 57.36 54.88 53.84 51.04 50.52 49.9 48.28 47.9 47.18 45.7 44.26 39.72 35.58 33.98 37.14 43.3 43.84 -9999 -9999 -9999 -9999 42.16 33.2 28.92 29.12 31.46 32.46 34.96 37.48 36.66 37.56 35.9 36 42.22 45.14 -9999 -9999
67.14 65.1 62.96 59.72 57.84 54.98 53.34 51.52 50.56 50.94 50.98 52.32 52.24 54.28 55.18 56.4 57.32 57.06 56.54 54.82 54.26 53.58 51.1 48.86 47.3 45.22 46.44 48.78 50.34 51.5 52.64 53.84 54.72 53.9 54.2 56.36 56.7 56.08 56.76 57.82 57.04 54.82 52.82 51 49.76 49.98 49.18 48.18 47.76 46.16 44.92 39.56 36.28 33.04 36.06 44.24 43.24 43.02 -9999 -9999 -9999 43.8 34.66 28.86 28.4 29.34 29.84 33.86 36.1 37.22 41.5 41.36 42.94 -9999 -9999 -9999 -9999
67.9 64.96 -9999 59.04 55.32 53.44 50.84 49.82 48.74 48.9 49.32 50.58 51.82 51.96 54.26 55.86 56.94 56.42 55.14 54.72 53.78 52.42 50.5 48.28 47.08 45.1 46.28 48.34 50.9 52.34 53.42 54.5 54.1 54.26 54.42 54.44 55.3 56 56.6 56.44 55.74 53.84 52.58 50.28 49.32 49.7 49.22 48.14 47.38 42.12 43.14 39.7 38.86 36.46 35.06 44.5 46.18 43.94 44.12 -9999 -9999 45.06 34.92 30.24 31.96 32.08 34.06 38.24 42.72 43.4 -9999 -9999 -9999 -9999 -9999 -9999 -9999
66.44 63.36 -9999 -9999 -9999 51.04 48.94 46.64 45.6 45.78 47.3 48.66 49.9 49.76 51.72 53.72 53.98 54.18 54.48 53.7 52.84 52.8 50.88 47.3 46.86 46.46 47.12 50.08 51.5 51.66 53 54.24 54.86 53.76 53.56 53.72 53.98 55 55.5 54.98 54.26 52.1 48.06 47.64 48.5 47.54 47.46 46.48 44.7 41.82 39.18 35.46 38.52 36.5 36.38 43.18 45.84 44.86 41.14 45.34 -9999 45.74 38.66 32.72 39.24 41.16 43.08 -9999 -9999 -9999 -9999 -9999 -9999 -9999 -9999 -9999 -9999
64.92 62.08 58.6 -9999 52.2 47.92 46.94 44.72 43.48 43.42 43.8 45.12 45.86 48.22 49.72 51.06 51.38 51.56 52 51.5 52.06 51.92 51.62 49.08 49.6 50.58 50.32 51.76 51.96 52.58 54.04 55.74 54.8 53.64 53.52 52.92 53.18 53.78 53.14 53.14 53.2 50.92 49.06 49.7 47.76 47.3 46.48 44.4 41.64 38.44 36.68 36.68 36.82 35.1 37.88 44.1 43.38 43.08 42.28 42.36 44.28 -9999 43.02 42.56 43.84 -9999 -9999 -9999 -9999 -9999 -9999 -9999 -9999 -9999 -9999 -9999 -9999
61.82 59.22 57.04 54.06 50.14 46.46 44.92 43.66 41.14 41.06 42.3 43.5 43.32 45.76 47.14 48.46 48.82 49.02 50.3 50.5 49.88 49.92 51.18 51.58 53.24 53.7 52.68 53.04 52.3 52.84 53.12 54.64 54.08 52.56 51.86 51.94 51.84 51.74 52.1 51.98 52 50.34 48.5 47.26 45.2 45.54 44.2 40.98 39.38 37.66 34.78 35 34.94 32.42 38.04 42.94 43.02 41.66 41.36 41.28 39.18 41.06 -9999 -9999 -9999 -9999 -9999 -9999 -9999 -9999 -9999 -9999 -9999 -9999 -9999 -9999 -9999
59.3 57.36 55.82 53.66 50.66 47.24 44.94 43.66 42.34 41.34 42.28 43.16 43.1 44.02 45.22 46.22 46.78 47.26 47.82 47.48 48.14 48.48 50.1 51.92 54.56 54.32 52.92 52.94 52.24 52.96 52.2 52.98 52.32 51.06 50.16 50.52 49.6 48.74 50.18 50.8 51.82 48.96 46.74 43.64 43.02 42.72 40.62 37.18 35.76 36.22 33.84 31.56 32.84 31.2 35.66 40.34 42.76 43.32 42.32 41.7 39.9 -9999 -9999 -9999 -9999 -9999 -9999 -9999 -9999 -9999 -9999 -9999 -9999 -9999 -9999 -9999 47.22
58.02 56.98 56.5 55.1 51.82 48.52 46.02 44.02 42.82 42.7 42.4 43.52 43.36 44.4 44.5 45.22 45.06 45.4 45.98 46.26 46.82 46.9 48.3 51.2 52.4 52.22 51.58 51.56 52.16 51.8 51.08 50.7 49.74 50.14 48.16 47.84 47.66 47.7 48.74 48.94 48.92 46.5 45.3 43.32 42.3 40.44 39.1 37.02 34.4 31.52 33.28 33.84 33.7 29.72 31.94 40 43.38 42.86 44.1 42.84 40.06 41.48 -9999 -9999 -9999 -9999 -9999 -9999 -9999 -9999 -9999 47.56 47.62 46.42 43.14 47.56 48.04
56.36 55.76 57.06 57.84 53.86 49.86 46.66 45.08 43.5 43.3 43.64 43.96 44.4 44.68 44.7 44.62 44.38 44.08 44.64 44.34 44.66 45.92 47.04 47.78 49.84 50.8 50.92 50.9 50.3 50.54 49.56 48.98 48.28 47.48 47 46.34 46.24 45.94 45.84 46.96 46 44.72 43.84 42.3 38.94 39.38 35.34 36.42 33.56 31.72 29.1 30.44 31.24 29.22 30.62 40.5 43.14 43.38 44.28 43.82 42.8 44.56 47.3 -9999 -9999 -9999 50.64 50.54 49.32 40.3 39.94 40.94 42.4 45.98 44.42 48.02 49.72
53.04 53.34 55.04 56.8 53.64 50.66 47.56 45.44 43.68 43.74 44.86 44.66 45.02 44.64 44.74 43.7 43.46 43.38 43 42.8 42.48 43.5 44.68 46.24 46.94 48.12 47.76 48.16 48.36 48.4 47.14 46.96 46.56 45.78 45.22 44.66 44.08 43.92 43.64 44 43.98 43 42.16 39.9 36.88 38.3 37.06 35.38 35.56 34.64 31.12 32.76 34.48 33.58 30.94 40.96 42.72 44.4 45.66 45.22 42.88 43.84 47.22 50.04 51.2 49.54 49.44 46.34 47.1 40.86 42.18 43.38 44.68 47.4 49.1 51.56 51.42
48.76 48.96 49.68 51.32 51.6 49.8 46.72 45.08 43.92 44.4 45.2 45.82 45.66 44.84 43.92 43.82 42.84 42.64 42.24 42.34 41.44 41.52 42.32 43.08 44.4 44.94 44.26 44.94 44.94 45.14 44.7 44.6 44.18 43.74 43.4 43.1 42.58 42.18 41.98 42.28 42.74 42.78 41.92 39.28 35.84 33.56 34.82 35 33.72 32.7 34.08 32.98 32.42 32.04 31.66 41.8 43.36 44.94 45.64 43.62 42.4 43.12 46.78 48.84 46.62 44.58 45.26 44.26 45.72 45.74 45.54 44.44 46.66 48.08 48.58 51.36 52.68
43.82 43.22 45.26 47.76 49.38 48 45.76 43.86 43.86 44.3 45.28 46.5 46.04 44.68 43.98 43.12 42.74 42.1 41.8 41.02 40.38 40.24 40.38 41.46 42.36 41.82 42.2 42.68 42.92 42.86 42.64 42.42 42 41.7 41.4 41.08 40.82 40.56 40.38 40.72 41.18 41.42 41.48 36.68 35.08 34.68 33 35.42 33.34 31.58 33 30.22 31.18 31.44 35.76 41.58 38.96 37.78 37.28 41.28 42.54 44.12 48.02 49.22 49.24 48.78 47.84 46.8 47.6 48.96 48.46 47.84 48.62 49.66 49.08 51.7 53.62
41.52 41.38 42.26 43.76 45.04 44.76 43.42 42.54 42.84 44.04 44.56 45.76 45.28 44.26 43.62 42.4 41.8 41.08 40.42 39.92 38.92 38.6 39.1 39.48 39.2 40 40.4 40.4 40.16 39.72 39.28 39.28 38.92 39.66 39.52 39.6 39.36 39.2 39.06 40.18 40.44 40.94 40.58 38.7 35.06 35.62 33.36 33.52 33.32 33.6 31.56 31.2 33.74 35.36 37.74 36.36 37.7 40.36 41.82 43.98 44.96 46.66 47.56 48.88 49.64 49.62 48.82 47.76 47.6 49.26 50.36 50.82 51.36 50.64 49.82 53.04 -9999
38.68 39.24 39.5 41.46 42.84 43.02 42.28 41.72 42.62 43.38 43.98 44.24 44.1 43.46 42.72 41.9 41.04 39.88 39.32 38.6 38.78 37.78 37.56 38.1 37.44 38.3 38.6 38.4 38 37.52 37.14 36.92 36.84 36.92 37.68 37.88 37.82 37.6 38.76 39.14 39.42 39.78 40.14 39.6 38.08 35.06 33.34 32.14 32.84 33.14 34.82 30.7 35.08 34.24 32.36 35.98 38.24 41.32 43.9 45.46 46.46 47.62 48.02 48.48 49.64 49.98 49.4 48.9 48.62 47.8 46.46 48.86 49.48 51.56 52 -9999 -9999
37.2 36.7 37.74 39.3 41.12 41.76 41.68 42.14 41.74 42.52 42.28 42.84 42.42 42.06 41.62 40.78 39.98 38.82 38.02 37.52 37.88 37.16 36.86 37.26 36.62 36.76 36.92 37.1 36.5 35.92 35.38 34.88 35.14 36.32 36.06 36.32 36.46 37.36 37.66 38.08 39.28 39.6 40.9 41.04 39.24 32.68 31.86 31 31.86 32.8 34 34.32 35.58 29.9 32.18 34.32 36.18 39.88 42.92 44.64 46.42 47.18 48.5 48.18 48.76 49.52 49.62 49.58 49.12 48.18 48.42 47.54 48.68 50.22 52.8 -9999 -9999
35.48 35.16 35.98 38.28 39.96 40.76 41.48 41.48 41.44 41.04 41.54 41.08 41.1 40.94 40.66 40.28 39.54 38.34 37.16 37.2 36.78 36.54 36.12 36.26 36.4 36.06 35.88 36.2 35.98 35.44 34.36 34.56 34.64 34.72 34.98 35.86 36.08 36.3 36.38 37.8 39 39.42 40.74 41.04 40.46 36.88 33.18 33.34 32.72 34.52 35.96 35.58 33.64 30.08 28.62 30.9 34.28 38.48 41.3 45.1 45.46 46.48 47.02 47.92 48.22 49.62 49.6 49.62 49.5 49.5 49.16 48.68 49.82 51.58 -9999 -9999 -9999
33.94 34.46 35.04 36.8 38.66 40.84 41.56 41.64 40.76 40.7 40.44 39.84 39.52 39.88 39.42 39.06 39.02 38.12 36.82 36.52 36.14 36.02 35.88 35.28 35.44 35.02 35.14 35.08 35.06 34.72 34.2 34.58 34.72 34.9 34.8 34.9 34.88 35.14 36.08 37.38 38.74 40 40.06 40.5 40.58 36.74 33.84 37.76 36.1 37.94 35.44 36.68 31.74 28.12 26.04 29.96 36.2 39.36 42.16 46.12 46.6 46.86 46.26 47.68 46.94 48.24 48.04 48.26 48.92 49.28 49.7 49.44 49.56 51.16 -9999 -9999 -9999
33.02 33.2 34.5 36.38 38.08 40.68 41.88 41.58 40.28 39.28 39.04 38.64 38.76 38.76 38.5 38.94 38.16 37.8 36.52 36.08 35.7 35.38 34.96 35.26 35.12 34.86 35.02 34.52 34.76 34.48 34.8 34.6 34.98 35.16 34.82 34.64 34.64 34.76 35.1 36.42 38.76 40 40.1 40.8 40.56 38.12 37.6 37.78 35.54 33.6 35.96 34.46 33.3 33.64 34.68 33.72 35.86 41.9 40.98 45.58 46.88 47.56 47.5 47.32 48.16 46.9 47.36 48.56 49.22 48.78 48.38 48.48 49.12 -9999 -9999 -9999 -9999
31.84 32.4 32.98 34.52 36.92 39.4 40.96 40.18 39.52 38.38 37.88 37.72 37.54 37.22 37.7 38.14 38.02 37.12 36.3 35.82 35.62 35.56 35.08 35.32 34.76 35.08 35 34.58 34.42 34.72 34.62 34.6 34.62 34.42 34.4 34.28 33.38 33.4 34.38 36.1 38.62 41.04 41.6 43.44 42.2 40.72 43.34 42.88 39.18 35.38 36.76 34.62 34.56 34.66 35.56 37.1 41.5 41.2 43.78 44.22 46.4 48.32 48.86 47.96 48.3 47.02 47.88 49.36 49.22 48.52 47.3 47.02 47.18 -9999 -9999 -9999 -9999
30.98 31.22 31.28 32.5 34.44 36.6 38.62 38.42 38.18 37.22 37 36.48 35.8 35.86 35.94 36.3 36.76 36.22 35.88 35.42 35.16 35.34 35.14 34.62 34.96 35.04 35.2 34.64 35.08 34.86 34.94 35 35.3 35.24 34.98 34 33.04 32.6 33.08 35.68 39.12 41.6 42.98 44.6 45.28 46.38 47.12 46.22 41.74 41.5 39.06 34.4 36.1 37.52 34.22 37.24 38.42 42.4 45.2 46.04 46.82 47.08 48.36 48.44 48.7 47.72 47.4 48.48 48.34 47.64 47.4 45.68 -9999 -9999 -9999 -9999 -9999
