shamba/rasters/climate/pet_5.txt
ncols         720
nrows         360
xllcorner     -180
yllcorner     -90
cellsize      0.5
NODATA_value  -9999
[rows 34 to 67 of 360, columns 77 to 153 of 720]
-9999 -9999 -9999 -9999 -9999 -9999 -9999 -9999 -9999 -9999 -9999 -9999 -9999 -9999 -9999 -9999 -9999 -9999 -9999 -9999 -9999 -9999 -9999 -9999 -9999 -9999 -9999 -9999 -9999 -9999 -9999 -9999 -9999 5.78 5.82 5.68 5.68 5.6 5.34 5.38 5.44 5.48 5.16 5.6 5.9 5.94 5.96 5.76 5.36 5.32 5.38 5.24 5.18 4.94 5.02 -9999 5.16 5.1 4.94 5.42 -9999 -9999 5.26 5.08 5.2 -9999 -9999 4.82 4.9 4.76 5.18 4.98 5.22 -9999 -9999 -9999 -9999
-9999 -9999 -9999 -9999 -9999 -9999 -9999 -9999 -9999 -9999 -9999 -9999 -9999 -9999 -9999 -9999 -9999 -9999 -9999 -9999 -9999 -9999 -9999 -9999 -9999 -9999 -9999 -9999 -9999 -9999 -9999 -9999 6.3 5.86 5.74 5.72 5.76 5.64 5.36 5.64 5.48 5.44 6.08 -9999 -9999 -9999 5.74 5.72 5.34 5.48 5.16 5.3 5.24 5.12 5.32 4.94 4.88 5.24 5.12 5.24 5.14 5.3 5.14 5.12 5.14 5.3 -9999 5.28 4.68 5.02 5.16 5.2 5.24 -9999 -9999 -9999 -9999
-9999 -9999 -9999 -9999 -9999 -9999 -9999 -9999 -9999 -9999 -9999 -9999 -9999 -9999 -9999 -9999 -9999 -9999 -9999 -9999 -9999 -9999 -9999 -9999 -9999 -9999 -9999 -9999 -9999 -9999 -9999 -9999 -9999 -9999 5.98 5.52 5.2 5.22 5.26 5.92 5.96 6.3 -9999 -9999 -9999 6.3 5.68 6 5.78 5.8 5.74 5.52 5.22 5.58 5.34 5.26 5.14 5.3 5.18 5.3 5.3 4.98 4.76 4.92 4.76 5.3 5 5.12 4.86 5.04 5 5.22 5.24 4.84 -9999 -9999 -9999
-9999 -9999 -9999 -9999 -9999 -9999 -9999 -9999 -9999 -9999 -9999 -9999 -9999 -9999 -9999 -9999 -9999 -9999 -9999 -9999 -9999 -9999 -9999 -9999 -9999 -9999 -9999 -9999 -9999 -9999 -9999 -9999 -9999 -9999 -9999 -9999 6 5.9 5.92 -9999 -9999 -9999 -9999 -9999 -9999 -9999 -9999 5.98 5.78 6.04 5.9 5.5 5.68 5.74 5.74 5.46 5.36 5.24 5 5.14 5.06 4.92 4.9 4.56 5 5.24 4.7 4.82 4.74 4.74 5.16 5.14 4.76 4.94 -9999 -9999 -9999
-9999 -9999 -9999 -9999 -9999 -9999 -9999 -9999 -9999 -9999 -9999 -9999 -9999 -9999 -9999 -9999 -9999 -9999 -9999 -9999 -9999 -9999 -9999 -9999 -9999 -9999 -9999 -9999 -9999 -9999 -9999 -9999 -9999 -9999 -9999 -9999 -9999 -9999 -9999 -9999 -9999 -9999 -9999 -9999 -9999 -9999 -9999 6.16 5.96 6.04 5.84 6.12 5.94 5.9 5.76 5.8 5.6 5.7 5.58 5.3 4.98 4.68 5 5.06 5.18 5.26 5.14 5.1 5.1 5.08 5.06 5.1 5.1 4.92 4.98 5.22 -9999
-9999 -9999 -9999 -9999 -9999 -9999 -9999 -9999 -9999 -9999 -9999 -9999 -9999 -9999 -9999 -9999 -9999 -9999 -9999 -9999 -9999 -9999 -9999 -9999 -9999 -9999 -9999 7.18 7.12 -9999 -9999 -9999 -9999 -9999 -9999 -9999 -9999 -9999 -9999 -9999 -9999 -9999 -9999 -9999 -9999 -9999 -9999 -9999 -9999 -9999 6.38 5.98 6.28 6.12 5.9 5.86 6 5.94 5.62 5.66 5.14 5.48 4.96 5.14 5.14 5.3 5.12 5.48 5.42 5.2 5.34 5.2 5.2 5.16 5.14 5.18 5.04
-9999 -9999 -9999 -9999 -9999 -9999 -9999 -9999 -9999 -9999 -9999 -9999 -9999 -9999 -9999 -9999 -9999 -9999 -9999 8.52 8.18 8.08 8.42 6.7 7.32 6.7 6.34 5.82 6.68 8.32 -9999 -9999 -9999 6.94 -9999 -9999 -9999 7.72 7.4 7.38 7.34 -9999 -9999 -9999 -9999 -9999 -9999 -9999 -9999 6.34 6.16 6.42 5.96 6.14 6.04 5.88 5.76 5.88 5.92 5.58 5.66 5.72 5.28 5.16 5.18 5.48 5.06 5.26 5.64 5.34 5.74 5.3 5.12 5.02 5.04 5.1 5.32
6.28 6.24 6.52 6.82 7.94 8.96 -9999 -9999 -9999 -9999 -9999 10.12 10.22 10.18 10.18 9.76 9.14 9.18 9.62 9.94 10.12 10.14 10.06 7.02 7.32 7.04 7.14 6.6 7.14 9.06 8.68 8.62 8.5 8.08 8.28 8.14 8.28 7.82 7.16 6.66 6.86 6.84 7.28 6.98 7.38 7.5 -9999 -9999 -9999 -9999 -9999 6.76 6.76 6.54 6.68 6.4 6.08 5.98 5.8 6.04 5.88 5.78 5.88 5.84 5.66 5.36 5.56 5.72 5.78 -9999 5.64 5.8 5.26 5.46 5.48 5.68 5.66
7.4 7.22 6.88 7.68 7.78 8.48 8.92 9.56 10.18 11.02 11.64 11.66 11.72 11.92 11.84 12.14 12.06 11.78 11.28 11.18 11.72 11.62 11.4 11.02 11.02 11 11.36 10.76 10.54 10.38 10.08 9.66 9.58 9.38 9.1 8.96 8.92 9.02 8.84 8.74 8.62 8.68 8.32 7.34 7.02 7.04 6.9 7.02 7.04 6.94 7.28 7.18 7.2 7.18 -9999 -9999 6.6 6.48 6.56 6.36 6.14 6.26 6.32 6.4 5.82 -9999 -9999 -9999 5.86 5.94 5.66 5.82 -9999 5.64 -9999 -9999 -9999
8.96 8.34 8.6 9.42 9.32 9.52 9.58 9.66 10 10.48 10.68 11.98 13.26 13.72 14.54 14.88 14.82 13.94 13.64 13.56 13.44 12.96 13.12 13.24 13.24 13.42 13.56 12.62 12.16 12.14 11.7 11.22 11.24 10.86 10.64 10.46 10.32 10.14 10.44 10.02 9.84 9.58 8.94 7.84 7.24 7.64 7.38 7.64 7.22 7.26 7.12 7.24 7.6 7.36 7.56 -9999 -9999 -9999 -9999 -9999 -9999 -9999 -9999 -9999 -9999 -9999 6.66 6.48 6.48 6.12 5.96 6 5.94 5.96 -9999 -9999 -9999
10.2 10.48 10.76 11.48 11.8 12 11.58 11.92 10.66 10.56 11 13.14 15.54 16.06 16.7 16.84 16.58 16.14 15.48 15.74 15.32 15.52 15.08 15.66 15.46 15.36 15.54 14.46 14.26 13.98 13.54 13.64 12.7 12.52 12.22 12.28 12.02 11.64 11.24 11.08 10.74 10.42 10.32 8.74 8.92 8.48 8.26 8.12 7.86 7.58 7.6 7.94 8.12 8.02 8 7.6 7.4 -9999 7.46 7.42 7.3 6.9 7.28 7.02 6.66 -9999 -9999 6.48 6.22 6.46 6.22 5.72 5.72 5.62 5.78 5.6 5.48
13.96 13.02 12.78 12.42 12.48 12.76 13.14 14.96 15.22 14.72 12.9 15.46 16.94 18.54 18.56 18.88 18.52 18.1 18.06 17.6 17.4 17.28 17.5 16.94 17.1 17.58 17.8 16.96 16.32 16.18 15.92 15.4 14.56 14.2 14 13.94 13.52 13.1 12.94 12.6 12.4 12 11.44 11.06 10.56 10 9.78 9.2 9.2 8.76 8.66 8.58 8.86 8.66 8.42 7.94 7.88 7.52 7.74 7.38 7.52 7.3 7.4 7.1 7.46 7.38 6.96 7.38 6.78 6.82 6.56 6.28 6.32 6.06 5.8 5.58 5.84
14.8 13.36 13.34 13.62 13.48 14.18 15.46 16.5 17.1 16.68 15.54 15.7 18.7 19.84 20.34 20.38 20.26 20.04 19.8 19.54 19.5 19.58 19.64 19.66 19.74 19.84 19.96 19.48 18.78 18.5 17.7 16.94 16.7 16.24 15.86 15.14 15.34 14.86 14.52 14.58 14.58 -9999 -9999 13.14 12.72 11.96 11.7 11.24 9.92 9.88 9.66 9.22 9.26 8.94 8.8 8.26 8.28 7.88 7.68 7.74 7.46 7.5 7.62 7.5 7.32 7.18 7.44 7.2 7.5 7.2 7.3 6.9 6.64 6.76 6.38 6.22 5.84
17.28 14.64 13.68 13.36 14.14 15.72 17.42 18.56 18.48 17.94 17.72 16.68 18.5 20.18 21.28 21.84 21.72 21.48 21.36 21.4 21.48 21.2 21.42 21.54 22.08 22.5 21.92 21.72 21.08 20.84 20.32 19.12 18.62 18.84 18.42 17.7 17.9 17.66 16.9 16.32 -9999 -9999 -9999 -9999 -9999 -9999 -9999 12.78 11.86 11.34 10.88 10.92 10.32 10.48 9.94 9.76 9.36 9.62 8.92 8.68 8.72 8.58 8.16 8.18 8.42 8.42 8.14 8.26 8.06 8.22 7.86 7.66 7.6 7.1 7.14 6.64 6.64
17.94 15.66 15.1 14.72 15.38 16.16 18.24 18.26 18.66 19.56 20.26 20.16 21.32 21.32 20.9 20.76 20.98 20.22 19.52 20.38 20.84 20.38 21.86 22.86 23.4 23.5 23.64 23.32 22.02 22.06 21.18 20.48 20.32 20.12 19.76 19.36 18.84 18.36 -9999 -9999 -9999 -9999 -9999 16.34 15.98 15.22 15 13.44 13.26 13.08 12.72 12.3 12.2 12.04 11.86 11.3 10.8 10.8 10.22 9.8 9.78 9.34 9.44 9.54 9.36 9.52 9.26 9.52 9.28 8.7 8.76 8.18 8.04 7.98 7.48 6.98 7.1
18.56 17.6 16.14 16.74 17.18 17.96 18.16 18.38 18.58 18.58 19.24 19.98 20.94 20.52 19.7 18.56 17.94 17.06 17.16 17.94 18.16 16.84 17.26 19.24 19.88 21.36 21.36 23.94 24.56 24.42 23.16 23.3 23.36 22.16 21.6 21.58 20.54 -9999 -9999 -9999 18.2 17.8 18.56 17.54 16.42 15.88 15.72 14.8 15.04 14.58 14.4 14.2 13.86 13.56 13.26 13.2 12.68 12.06 12.02 11.4 10.92 10.8 10.4 11.02 10.88 10.66 10.72 10.4 10.48 10.08 9.54 9.48 9.1 8.42 8.44 7.92 7.42
19.56 20.22 17.44 17.02 16.92 17.96 18.44 17.52 18.72 18.58 18.52 17.66 17.5 17.68 17.1 16.56 16.6 16.28 15.46 15.76 16.26 15.26 15.36 16.28 16.16 16.08 16.36 17.14 19.1 22.9 24.64 24.3 24.54 24.5 22.8 22.4 22.18 21.56 21.16 21.34 20.72 19.82 18.58 17.6 17.16 17.94 18.22 17.72 17.36 17.08 17.1 15.98 15.82 15.32 15.16 14.62 13.96 13.76 13.42 13.2 12.9 12.8 12.34 12.34 12.26 12.12 11.76 11.84 11.44 11.3 10.9 10.16 10.14 9.48 9.02 8.88 8.36
19.58 19.44 20.48 19.14 20.28 20.1 19.82 19.56 19.54 19.66 20.34 20.5 20.4 19.68 19.26 18.02 17.72 18.16 16.9 16.92 16.76 16.2 15.64 17.2 16.66 17.1 17.18 17.7 19.24 21.28 22.86 23.84 24.86 25.78 23.16 21.9 22.84 23.14 22.38 22.22 21.86 20.92 19.98 19.32 19.1 19.06 18.5 19.36 19.36 19.08 19.14 18.06 17.44 17.3 16.7 15.96 15.76 15.24 15.2 14.8 14.54 14.18 14.08 14 13.98 13.9 13.46 13 12.74 12.22 11.8 11.58 11.04 10.3 10.12 9.38 9.24
19.66 19.8 20.1 21.16 22.1 23.5 24.08 24.64 24.14 23.52 24.48 24.7 23.28 23.22 22.62 22.74 22.28 19.66 19.3 18.82 18.02 17.96 18.12 17.46 17.18 16.98 18.28 18.52 18.04 19.06 21 22.2 23.88 24.98 25.66 25.46 23.94 23.78 23.56 23.18 22.92 22.74 21.66 21.12 20.22 20.14 20.94 20.64 20.8 21 21.48 20.5 20.1 19.28 18.96 18.16 17.54 16.52 16.28 16.08 16 15.86 15.38 15.28 15.06 15.3 14.82 14.38 14.2 13.8 13.26 12.56 12.36 11.46 10.98 10.68 10.38
20.46 20.4 21.04 21.58 23.5 24.02 25.2 25.32 26.1 25.66 25.64 24.48 23.54 23.36 23.8 21.48 21.1 21.04 20.78 19.28 18.72 18.88 18.02 17.58 18.28 17.92 17.44 16.86 17.22 19.48 20.94 21.42 22.18 23.18 24.4 26.94 25.08 24.52 24.4 24.36 24.14 23.66 23.18 23.42 23.02 22.78 22.62 22.34 22.46 22.76 23.26 22.82 22.1 21.6 21.04 20.06 19.52 18.82 18.04 17.54 17.74 17.66 17.26 17.36 17.26 16.8 16.06 15.96 15.5 15 14.34 13.98 13.32 13.42 12.28 11.44 10.8
22.12 21.84 21.36 21.78 23.02 22.92 22.88 25.76 26.62 26.26 26.76 27.22 26.46 25.54 23.08 21.9 22.3 21.74 20.62 20.18 20.78 19.22 18.92 17.84 18.14 17.86 17.16 16.84 16.36 17.1 17.06 18.4 19.2 22.54 24.88 26.32 27.88 26.3 25.82 26.3 25.84 25.7 25.28 24.72 24.42 24.14 23.74 23.44 23.5 23.66 24.9 24.66 24.72 24.14 23.4 22.1 21.28 20.4 20.2 19.64 20.4 20.44 19.88 20.3 19.94 18.62 17.76 17.2 16.62 16.14 15.54 15.08 14.2 13.88 12.94 12.68 12.14
18.32 20.98 22.7 24.54 24.06 24.26 24.26 24.46 23.84 25.36 27.42 27.48 26.24 26.06 23.34 22.48 21.5 23 21.4 21.48 21.64 21.06 19.84 19.42 17.32 18.22 17.26 17.74 17.86 16.8 17.18 17.94 18.98 21.44 23.16 25.3 28.72 27.82 27.26 27.92 27.28 25.26 23.34 22.8 22.72 23.12 24.26 25.16 25.36 25.48 25.34 25.28 25.48 -9999 -9999 24.34 23.6 23.18 22.64 22.72 22.36 21.8 21.28 20.72 20.44 19.88 19.14 18.68 17.98 17.54 17.24 16.42 15.92 14.98 14.52 13.84 13.14
15.88 17.02 18.58 21.3 21.9 21.52 22.04 23.88 25.42 23.8 25.2 25.32 26.08 26.92 24.32 22.86 21.84 21.02 21.08 21.62 21.7 20.58 19.64 20.7 18.86 18.78 19.3 18.5 18.52 19.44 21.28 20.76 20.86 20.4 22.1 22.34 25.42 27.32 26.76 28.66 28.54 28.36 27.8 26.36 26.38 26.38 26.78 26.46 26.52 26.28 26.02 25.64 25.86 -9999 -9999 -9999 -9999 25.06 24.78 24.3 23.44 22.82 21.94 21.62 21.46 21.14 20.3 20.32 19.6 19.42 18.52 17.92 17.38 16.44 15.74 14.78 14.24
10.24 10.26 9.78 16.28 19.74 21 20.9 21.8 22.16 22.54 23.42 24.4 26.68 24.94 24.26 22.56 22.16 22.2 20.08 19.42 19.38 19.98 18.48 20.78 21.96 19.22 19.5 19.18 19.36 20.8 21.46 22.28 21.94 20.24 21.9 23.12 26.22 27.98 28.42 28.6 28.54 28.58 28.8 28.42 28.34 28.38 27.5 27.5 27.82 27.4 26.8 -9999 -9999 -9999 -9999 -9999 25.8 26.1 26.18 25.9 24.96 24.32 23.42 23 22.88 22.34 22.12 21.3 21.14 20.56 19.88 19.5 18.64 17.84 16.96 16.08 15.24
11.9 9.76 9.44 10.72 12.74 14.62 17.84 19.78 21.46 21.22 21.1 21.6 23.38 24.28 24.1 23.16 22.6 22.64 22.54 22.1 21.02 19.88 21.12 22.68 23.2 22.86 23.62 22.18 22.14 21.74 23 22.68 23.04 20.96 22.34 26.3 28.76 26.7 25.98 26.7 27.16 27.04 27.26 27.54 27.9 27.82 27.6 27.82 27.72 27.82 27.7 25.88 26.1 26.64 26.6 26.78 27.06 27.46 27.8 27.5 26.84 26.06 25.36 25.12 24.62 24.1 23.24 22.08 21.86 21.22 20.94 20.62 20.08 19.12 18.74 17.84 17
13.44 12.84 12.52 11.98 13.8 13.44 15.04 17.08 16.64 17.62 18.32 19.72 19.18 22.6 23.54 23 21.74 22.34 21.44 20.26 19.58 20.08 20.84 23.36 24.16 24.78 24.6 23.68 24.08 23.7 24.56 23.18 25.02 22.98 24.78 27.76 28.7 28.34 27.66 27.3 26.78 27.08 27.14 28.2 27.46 27.44 27.2 26.6 26.84 28.38 28.6 27.56 27.24 27.42 27.22 27.46 27.86 28.4 29.06 29.34 28.28 27.42 26.62 26.4 25.62 25.4 24.68 23.48 22.86 22.64 22.22 22.26 21.18 20.4 19.8 18.84 17.7
-9999 22.38 21.76 20.78 18.3 17.4 17.74 16.64 18.76 14.98 15.96 16.74 18.48 17.86 18.26 20.4 19.14 19.16 21.46 20.1 17.98 17.58 17.76 21.2 22.64 24.8 25.14 25.72 26.22 26.18 24.24 22.7 23.04 26.06 28.46 28.38 27.8 27.74 27.84 28.36 28.76 28.66 28.78 27.86 28 27.84 27.28 26.98 29.04 29.7 28.78 27.66 26.04 26.46 27.88 28.12 28.28 29.1 30.04 29.84 29 28.22 27.62 27.2 26.9 27.02 26.32 25.62 25.06 24.72 24.46 23.52 22.7 22.34 21.42 20.44 19.22
-9999 -9999 -9999 -9999 -9999 20.34 20.92 15.18 14.5 14.28 17.44 20.16 20.92 15.28 15.74 17.66 17.78 17.66 20.2 20.48 18.66 19.34 17.9 19.12 20.02 21.32 21.52 24.42 23.8 22.72 22.74 23.58 24.18 25.28 27.44 27.5 28.24 28.78 28.48 28.12 28.1 27.88 29.88 29.3 29.82 29.4 29.96 30.18 30.14 28.88 27.36 25.18 24.5 24.9 25.6 28.88 29.7 29.78 30.28 30.42 29.5 28.72 28.86 -9999 -9999 29.06 28.52 27.74 27.3 26.78 26.26 25.72 25.26 24.36 23.16 22.02 21.08
-9999 -9999 -9999 -9999 -9999 -9999 -9999 17.46 9.46 15.88 21.7 20.14 23.32 20.56 17.86 21.06 20.82 20.96 20.52 20.62 19.18 19.86 19.96 19.62 18.48 19.12 20.04 21.48 22.5 20.54 18.24 20.2 21.08 21.32 24.16 26.48 27.62 29.2 30.02 29.74 30.12 30.56 31.26 31.94 31.64 31.34 31.24 30.58 30.32 29.9 28.82 27.62 27.2 27.98 29.46 30.38 30.44 30.6 30.62 30.74 30.18 30.12 29.88 29.5 29.02 27.76 27.4 26.88 26.64 26.16 26.52 27.08 25.84 24.96 23.96 23.08 22.18
-9999 -9999 -9999 -9999 -9999 -9999 -9999 -9999 -9999 -9999 20.8 21.7 21.56 21.08 21.78 20.1 17.64 17.72 17.74 19.4 19.08 23.02 20.96 19.22 18.58 19.8 19.74 19.08 20.08 20.64 19.68 19.72 17.92 16.84 20.46 24.5 25.92 28.3 28.88 30.4 31.06 31.52 31.58 30.9 30.98 30.94 31.14 31.28 31.26 31.46 32 31.82 31.9 31.66 31.68 31.56 31.06 29.76 30.28 31.04 30.8 30.54 29.96 29.58 29.02 27.98 27.32 26.92 26.4 26.74 27.1 27.1 26.42 25.52 24.72 24.1 -9999
-9999 -9999 -9999 -9999 -9999 -9999 -9999 -9999 -9999 -9999 19.12 17.24 18.2 19.48 19.12 20.98 16.74 17.02 14.38 18.06 19.4 19.28 20.42 19.46 19.3 18.76 19.6 19.24 19 18.42 20.72 21.2 19.84 18.68 18.52 21.54 25.16 25.82 27.52 29.06 29.88 30.32 30.02 28.68 29.6 30.66 30.68 31.02 31.96 32.02 29.56 29.02 31.06 30.92 30.56 29.36 28.16 27.32 27.96 30.52 31.34 30.8 29.96 28.76 28.16 27.8 27.26 26.78 26.7 27.26 27.68 27.02 26.08 26.02 25.56 25.12 24.2
-9999 -9999 -9999 -9999 -9999 -9999 -9999 -9999 -9999 -9999 -9999 19.9 16.48 18.94 19.52 -9999 19.16 17.12 10.88 16.18 13.98 16.32 19.22 17.36 18.08 18.06 18.58 19.38 19.14 19.36 18.48 19.34 22.8 20.42 18.8 19.94 22.1 25.12 27 28.16 29.48 29.68 29.28 30.42 29.62 29.34 30 31.34 32.96 32.32 31.1 29.4 31.94 31.42 29.36 28.36 28.38 29.14 30.04 32.38 32.1 30.26 29.84 28.8 29.16 28.56 27.94 27.54 26.82 27.62 27.98 27.62 27.1 27 26.28 25.46 24.92
-9999 -9999 -9999 -9999 -9999 -9999 -9999 -9999 -9999 -9999 -9999 -9999 -9999 16.96 21.06 22.96 22.56 23.46 18.48 19.54 20.9 21.34 19.74 20 20.88 20.54 20.84 20.56 19.3 19.18 18.46 19.9 21.9 22.06 21.94 21.12 21.96 24.88 27.88 29.42 30.62 31.82 30.98 30.02 30.02 30.58 31.56 32.64 33.94 31.92 31.08 31.18 32.24 30.54 29.72 30.1 30.42 30.78 31 32.06 32.86 31.7 31.26 30.48 30.28 29.52 29.26 28.54 27.84 27.68 27.68 27.26 27.8 27.56 26.82 26.24 26.2
-9999 -9999 -9999 -9999 -9999 -9999 -9999 -9999 -9999 -9999 -9999 -9999 -9999 -9999 -9999 22.16 22.7 24.12 22.3 19.74 20.5 22.78 20.78 18.46 23.98 22.2 20.7 20.9 20.06 20.5 19.18 20 21.16 21.62 24.62 21.38 22.48 24.54 27.5 30.78 31.88 33.96 32.58 33.4 33.82 34.02 33.08 33.48 34.36 32.84 31.94 32.06 31.98 31.02 30.7 30.44 30.5 31.06 31.74 31.12 30.34 32.16 32.08 31.34 31.3 30.14 29.58 29.28 29.04 28.54 28.46 28.06 28.14 28.24 27.56 27.12 26.98
