shamba/rasters/climate/pet_3.txt
ncols         720
nrows         360
xllcorner     -180
yllcorner     -90
cellsize      0.5
NODATA_value  -9999
[rows 34 to 67 of 360, columns 539 to 615 of 720]
0.9 0.92 0.82 0.86 0.8 0.76 0.62 0.52 0.96 0.88 0.88 0.92 0.78 0.7 0.7 0.68 0.62 0.62 0.54 0.94 0.92 0.9 0.9 0.9 0.8 0.76 0.72 0.7 0.7 0.7 0.72 0.76 0.78 0.74 0.74 0.76 0.74 0.7 0.72 0.78 0.8 0.82 0.8 0.82 0.76 0.72 0.66 0.62 0.5 0.5 0.5 0.5 0.5 0.52 0.5 0.46 0.72 0.72 0.68 0.58 0.94 0.96 0.56 0.86 0.48 1.02 1.04 0.74 0.68 0.72 0.7 0.22 0.18 0.16 0.58 0.54 0.52
0.68 0.7 1.04 0.96 1.04 0.96 0.96 0.92 0.78 0.68 0.68 0.68 0.7 1.02 1 1 0.88 0.78 0.8 0.76 0.76 0.76 0.66 0.6 0.54 0.58 0.98 0.96 0.56 0.88 0.92 0.94 0.86 0.8 0.8 0.68 0.68 0.7 0.78 0.78 0.86 0.88 0.9 0.88 0.8 0.78 0.72 0.74 0.7 0.7 0.62 0.56 0.54 0.6 0.58 0.56 0.54 0.54 0.44 0.4 0.72 0.68 0.64 0.96 0.56 0.84 0.8 0.8 0.96 1.52 0.94 0.86 0.86 0.26 0.2 0.56 0.52
0.92 0.92 0.78 0.68 0.74 0.74 0.7 1.02 1.04 1 1.04 0.9 0.86 0.88 0.86 0.78 0.78 0.7 1 0.96 0.92 0.88 0.86 0.8 0.74 0.72 0.66 0.58 0.94 1.34 1.26 1.22 1.1 1.2 1.22 0.76 0.74 1.24 1.24 0.9 0.98 1.02 0.6 0.64 0.64 0.6 1.22 1.16 1.14 0.82 0.82 0.82 0.74 0.74 0.74 0.66 0.62 0.62 0.84 0.82 0.78 0.78 0.74 0.7 0.7 0.66 0.88 0.8 0.8 0.74 0.72 0.96 1.68 1.3 0.78 0.6 0.54
0.74 1 1.04 0.96 1.02 1.02 1 1.04 0.94 0.86 0.82 0.78 1.16 1.04 1.02 1 0.94 0.92 0.88 0.86 0.74 1.12 1.08 0.86 0.8 1.06 0.68 1.06 1.04 0.98 1.44 1.34 0.88 1.32 1.42 1.44 1.4 1.26 1.28 1.34 1.34 1.26 1.32 0.78 0.8 0.76 1.06 0.88 1 1.34 0.94 0.94 0.56 0.9 0.82 0.78 0.76 0.74 0.68 1.06 0.98 0.88 0.8 0.8 0.74 1.06 0.88 1.64 1.62 1.56 1.58 1.18 1.5 1.64 0.94 0.96 1.26
1.1 0.94 1.14 1.16 1.04 1.02 1.32 1.24 0.94 0.88 1.16 0.9 0.94 1.2 1.22 1.18 1.14 1.04 0.94 0.82 1 1.4 1.58 1.48 2.1 1.8 1.52 1.12 1.18 1.24 1.52 1.44 1.42 1.78 1.66 1.7 2.04 2.3 2.26 1.96 2.04 1.7 1.72 1.78 1.12 0.96 0.94 0.78 0.84 0.76 1.1 0.7 0.66 1 1.38 0.88 0.8 0.74 1.22 0.74 1.16 1 0.96 0.86 1.18 0.76 1.14 1.34 1.38 1.4 0.68 0.64 0.62 0.78 0.72 0.68 0.98
1.3 1.86 2.5 2.88 3.02 3.12 3.32 3.12 3.34 2.84 2.38 2.32 2 2.68 2.34 1.56 1.52 1.88 1.68 2.06 2.04 1.64 1.6 1.34 1.52 1.5 1.36 0.92 0.94 0.84 1.34 1.94 1.76 1.44 1.8 1.96 2.26 2.2 2.38 2.52 2.12 1.8 1.9 1.66 1.48 0.84 1.22 1.06 1.04 1.02 0.96 0.86 0.86 1.14 1.02 1.02 1.06 1.04 0.96 0.98 1.28 1.12 1.14 1.76 1.72 0.84 0.82 0.82 0.76 0.72 0.76 0.74 0.68 0.64 0.84 1.06 1.62
2.12 2.52 2.78 3.58 3.1 2.56 2.72 2.86 2.92 3.14 3 2.82 2.9 3.04 3.12 2.88 2.9 2.7 2.6 2.6 2.34 2.26 2.3 1.78 1.3 1.32 1.04 1.04 1.36 1.62 1.96 2.14 2.42 2.5 2.42 2.42 2.62 2.64 2.62 2.44 2.48 1.74 1.84 1.84 1.6 1.34 1.38 1.6 1.16 1.22 1.1 1.14 1.04 1.4 1.24 1.2 1.12 1.18 1.44 1.38 1.38 1.54 1.48 1.44 1.44 1.18 0.74 0.7 0.74 0.68 0.66 0.6 0.6 0.66 1.22 1.64 1.36
1.58 3.04 3.28 3.68 3.52 2.88 2.76 2.72 2.9 2.86 2.54 2.14 2.24 2.34 2.36 2.52 2.3 2.36 2.78 2.58 2.24 2.2 2.16 1.68 1.72 1.22 0.86 0.98 1.02 1.16 1.82 1.68 2.16 2.42 2.42 2.16 2.08 2.12 1.78 2.16 2.18 1.82 1.88 1.98 1.7 2 1.74 1.84 1.56 1.26 1.22 1.24 1.42 1.16 1.18 1.46 1.32 1.36 1.48 1.46 1.44 1.66 1.66 1.64 1.32 1 0.96 0.82 0.5 0.46 0.5 0.72 0.92 1.2 1.72 1.44 1.08
2.08 2.56 2.78 2.7 2.56 3.1 3.5 3.32 3.26 3.42 3 2.56 2.54 2.62 2.64 2.92 2.84 2.46 2.36 2.72 3 2.32 2.26 1.96 1.6 1.06 1.2 1.3 1.28 0.96 0.96 0.9 1.4 1.18 1.42 1.44 1.34 1.34 1.38 1.36 1.68 1.58 1.58 1.94 1.7 1.96 1.86 1.82 1.36 1.62 1.6 1.4 1.62 1.64 1.62 1.32 1.54 1.62 1.48 1.64 1.64 1.54 1.34 1.34 1.3 0.92 0.8 0.72 0.68 0.66 0.82 1.26 1.06 1.34 1.98 1.56 1.24
2.04 1.9 2.76 3.18 3.06 3.64 3.44 3.56 3.64 3.5 3.28 3.28 3.14 3.22 2.94 2.98 3.12 3.2 3.06 2.9 2.68 2.52 1.76 1.84 1.52 1.04 1.04 1.4 1.64 1.38 1.4 1.46 1.62 1.72 1.36 1.5 1.18 1.52 1.3 1.18 1.52 1.5 1.78 2.12 1.86 1.68 1.72 1.7 1.94 1.9 1.54 1.76 1.5 1.44 1.42 1.46 1.44 1.54 1.94 1.82 1.46 1.4 1.4 1.44 1.44 1.12 1.06 0.98 0.5 0.86 1.12 1.66 1.48 1.96 1.58 1.38 1.04
3.44 3.38 3.64 3.36 2.76 3.22 3.72 3.8 3.68 3.34 3.2 3.58 3.16 3.24 2.92 3.3 3.22 3.16 2.92 2.62 2.54 2.34 2.02 1.3 1.44 1.38 1.34 1.02 1.94 1.7 1.94 1.94 2 1.82 1.94 2.1 1.8 1.86 1.84 1.96 2.04 2.48 2.12 2.2 2.16 1.96 2.42 2.08 1.96 2.14 1.92 1.92 1.6 1.26 1.62 1.9 2 1.88 1.86 1.72 2.04 1.76 1.6 1.58 1.6 1.18 1.02 0.98 0.82 0.76 0.98 1.4 1.38 2.18 1.74 1.5 1.4
3.02 2.86 2.4 2.64 3.2 3.24 2.96 3.24 3.56 3.06 3.32 2.94 2.92 2.9 3.28 3.4 3.2 3.26 3.26 2.7 2.7 2.24 1.8 1.8 1.62 1.76 1.84 1.84 1.82 1.82 2.24 2.26 2.16 2.2 1.94 1.96 2 1.98 1.94 1.92 2 2.1 2.22 2.52 2.62 2.24 2.18 2.2 2.52 2.04 2.48 2.12 2.1 2.12 2.2 2.02 2.04 2.02 2.16 2.16 2.16 1.9 2.2 1.8 1.84 1.54 1.2 1.2 1.12 1.02 1.16 1.54 1.48 2.36 1.82 1.54 1.24
2.38 3.02 2.84 2.44 2.94 3.24 3.42 3.14 2.66 2.88 3.22 3.2 3.44 2.84 3.5 3.54 3.22 2.92 3 3.12 3.16 2.66 2.22 2.5 2.24 1.94 1.92 1.9 2.52 2.52 2.6 2.44 2.34 2.72 2.38 2.68 2.38 2.76 2.8 2.76 2.04 2.36 2.18 2.58 2.74 2.54 2.82 2.6 2.7 2.7 2.56 2.24 2.26 2.12 2.14 2.12 2.02 2 1.94 1.94 1.9 2.14 2.16 1.82 1.78 1.52 1.54 1.14 1.08 0.96 1.42 1.54 2.02 2.08 1.84 1.6 1.3
3.12 2.8 2.72 2.68 3.14 3.04 3 3.24 3.38 2.84 3.42 3.58 3.54 3.22 3.36 3.06 3 3.18 2.78 3.2 2.86 2.72 2.7 2.5 2.54 2.46 2.42 2.18 2.22 2.4 2.58 2.58 2.8 2.72 2.64 2.74 2.68 2.88 3.08 2.78 2.94 2.42 2.48 2.72 2.84 2.64 2.32 2.24 2.56 2.3 2.38 2.54 2.62 2.34 2.24 2.36 2.16 2.2 1.94 2.18 2.18 2.08 2.04 1.98 2.08 1.72 1.36 1.36 1.28 1.24 1 1.44 1.98 2.52 2.14 1.9 1.62
2.5 2.98 2.82 2.72 2.74 3.32 2.82 2.66 3.18 3.42 2.88 3.22 3.1 3.08 3.04 3.26 3.26 2.7 2.72 2.7 2.32 2.64 2.6 2.52 2.64 2.66 2.82 2.84 2.52 2.42 2.6 2.66 2.54 2.46 2.48 2.72 2.72 2.88 3.28 3 3 2.96 3.04 2.92 2.78 2.84 3.02 2.98 2.96 2.54 2.58 2.3 2.7 2.58 2.54 2.34 2.42 2.1 2.04 2.12 2.06 2.06 2 2 2.1 2 1.7 1.6 1.16 1.36 1.32 1.2 1.54 2.12 2.52 2.18 1.98
3.24 3.2 3.7 3.54 3.56 3.26 3.04 3.06 2.86 2.98 3.54 3.36 2.88 3.34 3.52 3.2 3.2 2.9 3.1 2.9 2.66 2.5 2 2.28 2.28 2.38 2.34 2.84 3.14 2.98 3.02 2.64 2.64 2.72 2.62 2.36 2.88 2.68 2.62 2.6 3 3 2.98 2.6 2.88 2.9 2.9 2.8 2.84 2.7 2.84 2.66 2.74 2.78 2.5 2.44 2.5 2.54 2.54 2.12 2.12 2.04 2.34 2.3 2.32 1.92 1.9 1.44 1.4 1.34 1.26 1.48 1.42 1.7 2.08 2.36 2.14
3.16 3.16 3.04 3.5 3.54 3.1 3.12 3.08 3.14 3.1 3.34 3.42 3.02 3.1 2.76 3.16 3.2 3.26 3.2 2.74 2.54 2.5 2.54 2.58 2.36 2.48 2.4 2.62 2.78 2.56 2.74 2.72 2.88 2.66 2.86 2.64 2.66 2.88 2.92 2.7 2.52 2.9 2.86 2.88 2.68 2.52 2.8 2.66 2.62 2.66 2.84 2.86 2.62 2.54 2.52 2.52 2.48 2.46 2.38 2.46 2.5 2.46 2.32 2.34 2.26 2.1 1.98 1.72 1.7 1.62 1.44 1.36 1.56 1.82 2 2.72 2.12
3.26 3.46 3.28 3.62 3.5 3.3 3.08 3.22 3 3.34 3.14 3.26 3.06 3.24 3.48 3.22 3.12 2.92 3.22 2.82 2.86 2.54 2.46 2.42 2.44 2.46 2.76 2.54 2.58 2.6 2.76 2.64 2.9 2.88 2.64 3.1 2.92 2.86 2.9 2.68 2.6 2.92 2.78 2.82 2.96 2.96 2.86 2.84 2.88 2.86 2.92 2.68 2.56 2.62 2.64 2.5 2.82 2.86 2.74 2.36 2.62 2.38 2.42 2.32 2.28 2.48 2.02 1.96 1.94 1.52 1.74 1.7 1.58 1.32 1.44 1.74 2.48
3.32 3.32 3.66 3.26 3.56 3.42 3.38 3.56 3.58 3.42 3.66 3.46 3.46 3.34 3.18 3.54 3.12 3.26 3.02 3.22 3.18 2.76 2.92 2.64 2.84 2.94 2.88 2.58 2.5 2.64 2.96 2.88 2.64 2.76 2.68 2.74 2.82 3.14 3.18 2.62 2.72 3.06 3 2.98 2.76 2.72 2.98 2.88 2.86 2.84 2.98 2.94 2.82 2.86 2.9 2.8 2.84 2.8 2.78 2.86 2.9 2.62 2.48 2.52 2.48 2.22 2.08 2 1.96 1.82 1.7 1.86 1.72 1.7 1.66 1.58 1.46
3.46 3.68 3.58 3.36 3.62 3.82 3.9 3.64 3.92 3.76 3.84 3.72 3.76 3.82 3.5 3.52 3.52 3.58 3.34 3.3 3.32 3.06 3.14 3.28 3.3 3.02 2.72 2.84 2.94 2.94 2.72 2.82 2.84 2.86 2.84 2.54 2.88 2.94 3.24 2.96 3.06 3.08 3.08 3.06 3.16 3.1 3 2.96 2.92 2.98 3.06 2.84 2.76 2.82 2.96 2.9 3.2 3.2 3.14 2.86 3.12 2.78 2.78 2.68 2.44 2.38 2.22 2.1 1.96 1.84 1.7 1.96 1.78 1.76 1.72 1.7 1.68
3.68 3.5 3.8 3.6 3.84 3.72 3.98 4 4.08 3.94 4.2 3.84 4.18 3.88 3.8 3.7 3.62 3.68 3.56 3.38 3.38 3.28 3.16 3.1 3.04 3.24 3.14 3.1 3.14 3.24 3.08 3.2 3.02 3.16 3.12 3.28 3.18 3 3.02 3.4 3.34 3.12 3.04 3.02 3.18 3.16 3.06 2.82 2.88 2.94 2.9 2.84 3.14 3.2 3.16 3.36 3.28 3.2 3.08 3.32 3 2.9 2.82 2.98 2.96 2.64 2.52 2.1 2.02 1.96 1.86 1.72 1.94 1.94 1.86 1.8 1.72
3.7 4 3.96 3.86 3.76 3.72 4.06 4.02 4.12 4.14 4.1 4.44 4.4 4.42 4.22 4.06 4.1 3.66 3.68 3.64 3.54 3.6 3.38 3.36 3.5 3.34 3.34 3.46 3.42 3.34 3.34 3.26 3.04 3.4 3.36 3.12 3.02 3.02 3.14 3.38 3.2 3.2 3.24 3.14 3.22 3.18 3.02 3.24 3.12 3.1 3.26 3.26 3.04 3.18 3.56 3.44 3.54 3.5 3.28 3.24 3.28 3.04 3.22 3.18 2.9 2.8 2.4 2.08 2.02 1.9 2.04 1.94 1.76 1.68 1.7 1.88 1.84
3.88 3.84 3.96 4.02 3.88 3.86 4.02 4.32 4.06 4.32 4.34 4.46 4.4 4.48 4.46 4.28 3.98 3.88 3.86 3.72 3.84 3.8 3.76 3.5 3.6 3.6 3.62 3.56 3.8 3.72 3.66 3.66 3.64 3.66 3.7 3.3 3.16 3.38 3.4 3.34 3.26 3.4 3.52 3.56 3.38 3.28 3.26 3.28 3.32 3.24 3.32 3.48 3.54 3.52 3.48 3.64 3.72 3.6 3.36 3.18 3.18 3.1 3.1 3.16 3.18 3.04 2.62 2.48 2.26 2 2 2.06 2.04 2.02 2.04 1.96 1.88
4.26 4.2 4.18 4.16 4.18 4.2 4.12 4.24 4.54 4.4 4.42 4.56 4.6 4.46 4.52 4.2 4.12 4.26 4.02 4.08 4.12 3.9 3.74 4.02 4 3.98 3.88 3.86 3.78 3.76 3.7 3.66 3.68 3.76 3.54 3.7 3.56 3.68 3.66 3.5 3.54 3.78 3.5 3.4 3.76 3.66 3.34 3.6 3.36 3.42 3.44 3.52 3.6 3.5 3.52 3.84 3.78 3.72 3.58 3.44 3.52 3.44 3.12 3.26 3.12 2.8 2.7 2.44 2.2 2.08 2.06 2.06 2.14 1.86 2 2.08 1.94
4.36 4.26 4.28 4.54 4.32 4.44 4.4 4.34 4.56 4.5 4.48 4.7 4.58 4.66 4.36 4.5 4.44 4.22 4.34 4.42 4.2 4.18 4.06 4.08 4.14 3.94 4.04 3.98 3.86 4.1 4.04 3.98 3.94 3.92 3.68 3.8 3.64 3.86 3.72 3.7 3.62 3.88 3.76 3.74 3.72 3.68 3.64 3.42 3.48 3.46 3.56 3.66 3.76 3.52 3.54 3.72 3.8 3.82 3.56 3.48 3.52 3.44 3.4 2.96 2.92 2.9 2.72 2.44 2 2 2.06 2 1.94 2.1 2.24 2.32 2.34
4.76 4.74 4.38 4.46 4.54 4.68 4.5 4.7 4.8 4.7 4.7 4.74 4.72 4.54 4.5 4.54 4.54 4.6 4.34 4.4 4.48 4.4 4.4 4.16 4.02 4.26 4.06 4.22 4.06 4.18 4.06 4.02 3.96 3.88 3.82 3.82 4 3.96 4.08 3.84 3.9 3.82 3.76 3.8 3.88 3.9 3.82 3.64 3.48 3.72 3.62 3.66 3.98 3.84 3.64 3.6 3.78 3.72 3.68 3.52 3.56 3.56 3.44 3.12 2.8 2.94 2.68 2.76 2.34 2.24 2.26 1.98 2.26 2.16 2.44 2.52 2.48
4.82 4.86 4.74 4.78 4.8 4.72 4.94 4.92 4.82 4.94 4.9 4.8 4.74 4.9 4.7 4.62 4.68 4.58 4.5 4.42 4.52 4.56 4.28 4.52 4.54 4.38 4.28 4.12 4.26 4.12 4.08 4.1 4.18 3.94 4.2 4.08 4 3.84 3.88 4.08 4.06 4 4.04 3.82 3.92 3.74 3.56 3.74 3.82 3.66 3.76 4.06 4.08 4.02 4.02 3.78 3.64 3.64 3.76 3.78 3.64 3.64 3.5 3.14 3.14 3.06 2.84 2.78 2.72 2.36 2.12 2.18 2.28 2.22 2.48 2.4 2.5
5.3 5.04 4.9 4.98 4.9 4.98 5.02 5.1 4.92 5.1 4.98 5.04 4.98 4.98 4.86 4.98 5.08 4.96 4.9 4.74 4.7 4.64 4.58 4.64 4.4 4.44 4.48 4.5 4.24 4.3 4.14 4.32 4.16 4.32 4.1 4.08 4.12 4.12 4.06 4.1 4.04 3.98 3.94 4 4.02 3.92 3.82 3.88 4.06 3.92 4.22 4.12 3.98 4.16 4.1 4 4.04 4.14 3.7 3.66 3.62 3.56 3.62 3.46 2.98 3.16 2.94 2.9 2.66 2.54 2.46 2.38 2.46 2.42 2.64 2.84 3.04
5.56 5.54 5.38 5.42 5.24 5.16 5.3 5.32 5.48 5.26 5.32 5.34 5.14 5.36 5.08 5.22 4.98 5.04 5.12 4.86 4.86 4.96 4.64 4.72 4.72 4.68 4.62 4.52 4.62 4.38 4.26 4.28 4.3 4.6 4.56 4.44 4.2 4.26 4.32 4.4 4.3 4.18 4.12 4.06 4.04 3.92 4 4 4 4.12 4.12 4.14 4.16 4.22 4.18 3.92 3.98 4.04 4.02 3.84 3.56 3.66 3.64 3.36 3.06 2.96 3.26 3.28 2.74 2.72 2.54 2.72 2.86 2.94 2.92 2.8 2.98
5.68 5.66 5.58 5.88 5.62 5.62 5.72 5.8 5.8 5.72 5.66 5.64 5.58 5.46 5.56 5.52 5.48 5.24 5.32 5.18 5.22 5.02 4.9 5.08 4.82 4.8 4.8 4.58 4.56 4.72 4.5 4.4 4.42 4.44 4.54 4.7 4.52 4.22 4.12 4.38 4.38 4.46 4.2 4.08 4.34 4.32 4.24 4.22 4 4.14 4.02 4.12 4.26 4.24 4.38 4.38 4.14 3.98 4.16 4.3 3.9 3.64 3.68 3.62 3.56 3.12 3.24 3.26 2.76 2.94 2.98 3.16 3.38 3.16 3.18 3.34 3.42
5.8 5.98 5.94 5.9 5.88 5.82 6.1 6.08 5.92 6 5.92 5.8 5.98 5.7 5.72 5.58 5.54 5.52 5.38 5.32 5.3 5.14 5.14 5.2 5 4.9 4.82 4.8 4.66 4.72 4.86 4.68 4.54 4.54 4.66 4.7 4.54 4.36 4.68 4.5 4.66 4.48 4.46 4.5 4.56 4.26 4.3 4.34 4.12 3.98 3.96 4.2 4.22 4.34 4.44 4.44 4.4 4.32 4.28 4.42 4.34 4.12 4.22 4.26 3.76 3.64 3.62 3.32 2.98 3.12 3.4 3.62 3.6 3.26 3.78 3.98 4.02
6.28 6 6.16 6.32 6.3 6.14 6.46 6.5 6.58 6.1 6.28 6.3 6.14 6.04 6.04 6.06 5.96 5.72 5.56 5.62 5.66 5.38 5.32 5.3 5.26 5.02 5.16 5.26 5.14 4.84 4.92 5.08 4.78 4.9 4.9 4.86 4.86 4.68 4.7 4.78 4.82 4.66 4.92 4.6 4.56 4.52 4.54 4.44 4.2 4.26 4.58 4.32 4.32 4.5 4.32 4.58 3.88 4.4 4.42 4.38 4.34 4.36 4.18 4.1 3.92 3.88 3.76 3.72 3.52 3.28 3.14 3.4 3.54 3.74 3.98 4.4 4.54
6.52 6.42 6.64 6.38 6.78 6.4 6.6 6.7 6.56 6.38 6.26 6.2 6.06 6.22 6.24 6.26 6.2 5.92 5.86 5.7 5.52 5.5 5.36 5.2 5.34 5.2 5.28 5.3 5.3 5.18 5.34 5.22 5.08 4.98 4.98 4.88 4.82 4.86 4.86 5 5.02 5.04 4.84 4.92 4.92 4.72 4.84 4.78 4.5 4.82 4.68 4.56 4.62 4.48 4.6 3.94 4.4 4.36 4.58 4.46 4.54 4.7 4.54 4.2 4.42 4.08 4.1 4.26 4.2 3.88 3.32 3.58 3.98 4.02 4.28 4.2 4.7
6.64 6.56 6.78 6.8 6.8 6.74 7.14 7.44 6.9 6.68 6.36 6.38 6.34 6.2 6.28 6.14 6.12 6.24 6.16 5.96 5.9 5.84 5.68 5.48 5.56 5.48 5.44 5.4 5.38 5.32 5.46 5.2 5.1 5.24 4.98 4.96 5.02 5.22 5.2 5.14 5.22 5.4 5.22 5.1 4.82 4.8 4.92 4.76 4.94 4.58 4.62 4.86 4.82 4.86 5.02 4.56 4.5 4.82 4.76 4.96 4.88 4.72 4.86 4.52 4.3 4.28 4.38 4.26 4.3 4.46 3.98 3.9 4.2 4.38 4.68 4.66 4.74
