shamba/rasters/climate/pet_9.txt
ncols         720
nrows         360
xllcorner     -180
yllcorner     -90
cellsize      0.5
NODATA_value  -9999
[rows 34 to 67 of 360, columns 77 to 153 of 720]
-9999 -9999 -9999 -9999 -9999 -9999 -9999 -9999 -9999 -9999 -9999 -9999 -9999 -9999 -9999 -9999 -9999 -9999 -9999 -9999 -9999 -9999 -9999 -9999 -9999 -9999 -9999 -9999 -9999 -9999 -9999 -9999 -9999 3.36 3 3.26 3.18 3.1 3.22 3.32 3.12 3.3 3.14 3.18 3.18 3.34 3.48 3.02 3.28 3.28 3.04 3.58 3.14 3.4 3.04 -9999 3.32 3.2 3.2 3.48 -9999 -9999 3.04 3.08 2.84 -9999 -9999 2.72 2.72 2.8 2.68 2.52 2.9 -9999 -9999 -9999 -9999
-9999 -9999 -9999 -9999 -9999 -9999 -9999 -9999 -9999 -9999 -9999 -9999 -9999 -9999 -9999 -9999 -9999 -9999 -9999 -9999 -9999 -9999 -9999 -9999 -9999 -9999 -9999 -9999 -9999 -9999 -9999 -9999 3.48 3.56 3.04 3.36 3.44 3.58 3.38 3.38 3.22 3.44 3.56 -9999 -9999 -9999 3.38 3.36 3.38 3.38 3.4 3.2 3.64 3.64 3.32 3.52 3.6 3.42 2.94 3.28 3.56 3.1 3.04 3.06 3.08 2.96 -9999 3.2 2.9 2.72 2.74 2.9 2.9 -9999 -9999 -9999 -9999
-9999 -9999 -9999 -9999 -9999 -9999 -9999 -9999 -9999 -9999 -9999 -9999 -9999 -9999 -9999 -9999 -9999 -9999 -9999 -9999 -9999 -9999 -9999 -9999 -9999 -9999 -9999 -9999 -9999 -9999 -9999 -9999 -9999 -9999 3.66 3.5 3.58 3.72 3.86 3.84 3.82 4.2 -9999 -9999 -9999 4.06 3.78 4 3.78 3.96 3.82 3.66 3.8 3.72 3.58 3.64 3.44 3.58 3.42 3.42 3.46 3.62 3.2 3.26 3.26 3.3 3.2 3.26 3.36 2.94 2.74 2.96 3.22 3.14 -9999 -9999 -9999
-9999 -9999 -9999 -9999 -9999 -9999 -9999 -9999 -9999 -9999 -9999 -9999 -9999 -9999 -9999 -9999 -9999 -9999 -9999 -9999 -9999 -9999 -9999 -9999 -9999 -9999 -9999 -9999 -9999 -9999 -9999 -9999 -9999 -9999 -9999 -9999 4.08 4.12 4.32 -9999 -9999 -9999 -9999 -9999 -9999 -9999 -9999 4.12 4.24 4.24 4 3.96 4.28 3.78 4.04 3.86 4.12 3.92 3.84 3.88 3.74 3.28 3.14 3.14 3.16 3.06 3.36 3.32 3.02 3.08 3.12 3.1 3.12 3.34 -9999 -9999 -9999
-9999 -9999 -9999 -9999 -9999 -9999 -9999 -9999 -9999 -9999 -9999 -9999 -9999 -9999 -9999 -9999 -9999 -9999 -9999 -9999 -9999 -9999 -9999 -9999 -9999 -9999 -9999 -9999 -9999 -9999 -9999 -9999 -9999 -9999 -9999 -9999 -9999 -9999 -9999 -9999 -9999 -9999 -9999 -9999 -9999 -9999 -9999 4.8 4.36 4.64 4.68 4.56 4.64 4.5 4.26 4.5 4.34 4.36 4.04 3.98 4.04 3.6 3.3 3.26 3.32 3.52 3.38 3.46 3.48 3.44 3.48 3.44 3.5 3.24 3.2 3.22 -9999
-9999 -9999 -9999 -9999 -9999 -9999 -9999 -9999 -9999 -9999 -9999 -9999 -9999 -9999 -9999 -9999 -9999 -9999 -9999 -9999 -9999 -9999 -9999 -9999 -9999 -9999 -9999 6.2 6.12 -9999 -9999 -9999 -9999 -9999 -9999 -9999 -9999 -9999 -9999 -9999 -9999 -9999 -9999 -9999 -9999 -9999 -9999 -9999 -9999 -9999 5.18 5 4.8 4.62 4.88 5.1 4.66 4.7 4.82 4.42 4.26 4.02 3.38 3.38 3.66 3.4 3.38 3.82 3.68 3.66 3.84 3.66 3.66 3.46 3.48 3.32 3.3
-9999 -9999 -9999 -9999 -9999 -9999 -9999 -9999 -9999 -9999 -9999 -9999 -9999 -9999 -9999 -9999 -9999 -9999 -9999 8.34 8.14 7.86 8.02 6.64 6.54 6.64 5.94 5.68 5.6 6.36 -9999 -9999 -9999 5.84 -9999 -9999 -9999 5.8 5.88 5.86 6.32 -9999 -9999 -9999 -9999 -9999 -9999 -9999 -9999 5.82 5.58 5.3 5.28 5.08 5.34 4.92 4.6 4.46 4.7 4.74 4.4 4.42 3.8 3.5 3.52 3.46 3.78 3.82 4.2 3.88 4.18 3.8 4 4.08 3.92 3.84 3.34
5.72 5.84 5.58 5.58 6.18 6.88 -9999 -9999 -9999 -9999 -9999 8.86 8.94 8.84 8.66 8.72 8.78 8.68 8.68 8.56 8.46 8.48 8.34 6.74 6.78 6.2 6.26 6 6.06 7.04 6.72 6.58 6.58 6.48 6.46 6.26 6.12 6.1 6.08 5.6 6 6.24 6.42 6.42 6.38 6.4 -9999 -9999 -9999 -9999 -9999 6.14 5.9 5.68 5.7 5.68 5.52 5.18 5.38 5.02 4.64 4.94 4.48 3.96 3.78 3.76 4 4.38 4.68 -9999 4.8 4.36 4.42 4.08 4.22 3.68 3.78
6.14 5.86 5.94 5.98 6.32 6.8 7.18 7.72 8.24 8.36 8.94 9.06 9.24 8.86 8.74 8.54 8.54 8.58 8.6 8.54 8.6 8.42 8.46 8.16 8.12 8.12 7.96 7.4 7.22 7.36 7.14 7.14 7.02 6.88 6.8 6.54 6.56 6.6 7.12 6.92 6.88 6.84 7.08 6.42 6.38 6.28 6 6.48 6.52 6.56 6.44 6.16 6.52 6.48 -9999 -9999 6 5.8 6.12 5.68 5.24 5.54 5.06 5.28 5.02 -9999 -9999 -9999 5.16 4.86 4.84 4.66 -9999 4.9 -9999 -9999 -9999
6.94 6.66 6.68 7.1 7.32 7.5 7.42 7.46 7.64 7.84 7.84 8.16 9.34 9.3 8.84 8.42 8.38 8.64 8.8 8.68 8.78 8.84 9.1 8.82 8.88 8.94 8.72 8.36 8.14 7.96 7.66 7.68 7.38 7.4 7.14 7.32 7.38 7.4 7.22 7.14 7.58 7.4 7.5 6.94 6.56 6.74 6.58 6.52 6.74 6.56 6.6 6.72 6.78 6.86 6.84 -9999 -9999 -9999 -9999 -9999 -9999 -9999 -9999 -9999 -9999 -9999 5.64 5.38 5.4 5.48 5.28 5.38 5.06 5.28 -9999 -9999 -9999
7.28 7.32 7.4 7.82 7.7 8.3 8.02 7.86 7.68 7.66 7.4 8.16 9.04 8.78 8.78 8.74 8.7 8.74 8.92 9.36 9.32 9.3 9.34 9.32 9.36 9.46 9.06 8.88 8.7 8.74 8.72 8.44 8.02 8.12 8.12 7.74 7.66 7.9 7.64 7.94 7.78 7.78 7.72 7.06 7.3 7.02 6.84 6.98 6.82 6.86 7.1 7.02 7.5 7.26 7.46 7.24 7.24 -9999 7.06 7.04 6.78 6.8 6.06 5.98 5.96 -9999 -9999 5.46 5.46 5.3 5.3 4.72 4.68 4.74 4.5 4.76 4.56
8.62 8.3 8.12 8.2 8.08 8.02 8.12 8.52 8.62 8.42 7.74 8.5 8.48 8.76 9 9.02 9.24 9.24 9.6 9.66 9.62 9.9 9.86 9.8 9.86 9.84 10 9.68 9.52 9.32 9.12 9.04 8.78 8.72 8.46 8.46 8.22 8.28 8.22 8.2 8.28 8.3 7.96 8 8.02 7.62 7.36 7.26 7.56 7.6 7.28 7.5 7.58 7.48 7.58 7.32 7.18 7.16 6.88 6.98 6.78 6.54 6.38 6.28 6.1 6.12 6.32 6.56 5.94 5.48 5.74 5.4 5 5.26 4.94 4.76 4.56
8.56 8.32 8.2 8.3 8.08 8.24 8.86 9.08 9.14 8.66 8.2 8.3 8.9 9.18 9.1 9.4 9.44 9.78 10.02 10.3 10.2 10.34 10.4 10.68 10.4 10.66 10.6 10.6 10.5 10.1 9.86 9.26 9.46 9.26 9.02 8.9 8.88 9.02 8.92 9.1 9.16 -9999 -9999 8.9 8.84 8.52 8.2 8.2 7.26 7.5 7.54 7.32 7.46 7.18 6.82 7.16 6.94 6.74 6.46 6.48 6.26 6.4 6.28 6.2 6 6.14 5.94 6 6.26 5.78 5.52 5.66 5.62 5.44 5.62 5.26 5
9.4 8.5 8.24 8.06 8.08 8.74 9.24 9.68 9.34 9.18 8.94 8.24 8.82 8.84 9.56 9.88 10.04 10.16 10.2 10.58 10.68 10.76 10.82 11.06 11.34 11.48 11.06 11.08 11.18 11 10.68 10.32 10.32 10.22 10.1 9.74 10.1 9.88 9.66 9.74 -9999 -9999 -9999 -9999 -9999 -9999 -9999 8.9 7.9 8 7.72 7.74 7.76 7.68 7.54 7.58 7.16 7.12 7.3 7.22 7.04 7.16 6.92 7.1 6.92 6.4 6.64 6.66 6.6 6.66 6.24 6.28 6.4 5.92 5.68 5.94 5.68
9.66 8.74 8.6 8.12 8.6 8.52 9.22 9.16 9.12 9.42 9.42 9.38 9.5 9.76 9.4 9.32 9.7 9.46 9.32 9.98 10.08 10.16 10.72 11.28 11.48 11.5 11.68 11.48 11.06 11.24 10.82 10.4 10.28 10.3 10.12 10.08 10.04 9.94 -9999 -9999 -9999 -9999 -9999 9.8 9.92 9.78 9.7 8.68 8.8 8.5 8.58 8.42 8.42 8.24 7.98 7.98 7.94 7.72 7.4 7.52 7.5 7.24 7.2 7.48 7.14 7.36 7.12 6.76 6.92 6.7 6.72 6.62 6.46 6.44 6.18 5.98 5.96
9.84 9.34 8.9 9.06 9.2 9.14 9.06 9.14 9.32 9.06 9.2 9.26 9.44 9.3 9.1 8.94 8.72 8.5 8.7 9.02 9.12 8.8 8.94 9.82 9.98 10.4 10.66 11.66 12.1 12.3 11.46 11.54 11.4 11.06 10.9 10.54 10.54 -9999 -9999 -9999 10.1 10.04 10.28 10 9.7 9.76 9.66 9.14 8.96 8.78 8.78 8.7 8.6 8.5 8.5 8.82 8.66 8.54 8.44 8.02 7.86 8.24 8.02 8.4 8.18 7.74 7.94 7.78 7.28 7.48 7.1 6.96 6.9 6.8 6.78 6.5 6.28
10.08 10.2 9.32 8.98 8.82 9.2 9.22 9 9.24 9.1 8.94 8.82 8.78 8.7 8.64 8.44 8.38 8.34 8.48 8.44 8.76 8.48 8.32 8.64 8.82 8.72 8.62 9.14 9.9 11.22 12.02 11.66 11.96 11.76 11.08 10.68 10.82 10.62 10.7 11 11.06 10.62 10.46 9.88 9.76 10.3 10.7 10.54 9.94 9.84 9.58 9.44 9.3 9.32 9.28 9.14 9.08 9.04 8.72 8.72 8.94 8.98 8.68 8.78 8.48 8.5 8.3 8.16 8.12 7.98 7.88 7.7 7.3 7.52 7.1 7.34 6.8
9.76 9.8 10.18 9.56 9.8 9.66 9.64 9.62 9.42 9.56 9.5 9.42 9.48 9.16 9.18 9.02 8.94 9.14 8.82 8.86 8.8 8.78 8.68 8.84 8.92 8.86 8.86 9.16 9.72 10.46 11.38 11.6 11.76 12.02 10.9 10.5 11.02 11.1 10.88 11.22 11 11.02 10.52 10.58 10.64 10.44 10.44 10.74 10.96 10.48 10.36 9.66 9.8 9.58 9.62 9.66 9.8 9.62 9.38 9.54 9.48 9.12 9.42 9.32 9.08 9.12 9.28 8.8 8.5 8.7 8.3 8.26 8.06 8.12 8.06 7.48 7.76
9.78 9.84 9.76 10.12 10.54 11.04 11.08 11.4 10.94 10.64 10.62 10.74 10.34 10.4 10.42 10.58 10.42 9.66 9.48 9.26 9.16 9.14 9.32 8.98 8.96 8.9 9.12 9.2 9.22 9.84 10.38 10.8 11.28 11.68 11.78 11.66 11.06 11.2 11.18 11.32 11.52 11.66 11.14 11.38 11.06 10.96 11.4 11.28 11.22 11.22 10.84 10.62 10.7 10.84 10.68 10.7 10.6 10.26 9.66 9.76 9.62 9.74 9.86 9.84 9.6 9.56 9.58 9.42 9.04 8.88 9.06 8.68 8.76 8.48 8.3 8.36 8.3
10.14 9.86 10.18 10.62 11.28 11.5 11.74 11.88 11.74 11.56 11.6 11.04 11.04 10.86 11.16 10.26 10.26 10.28 10.22 9.64 9.58 9.5 9.24 9 9.18 9.26 8.9 8.68 8.94 9.64 10.36 10.62 10.76 11.16 11.48 12.14 11.34 11.58 11.64 11.86 11.76 11.82 11.62 12.04 12.2 12.28 12.16 12.18 11.9 11.86 11.86 11.72 11.86 11.84 11.72 11.54 11.32 10.64 10.36 10.14 10.12 10.22 10.48 10.7 10.72 10.34 10.12 10 9.6 9.72 9.78 9.32 9.14 9.66 9.16 8.94 8.96
10.52 10.46 10.64 11 11.56 11.46 11.56 12.32 12.44 12.16 12.38 12.6 12.34 11.98 11.22 10.92 10.72 10.76 10.18 10.1 10.24 9.66 9.64 9.12 9.12 8.84 8.82 8.8 8.76 9.24 8.94 9.58 9.98 11.06 11.9 12.18 12.44 12.26 12.16 12.6 12.64 12.56 12.52 12.6 12.66 12.76 12.68 12.76 12.52 12.74 13.04 13.1 13.12 13.16 12.9 12.22 12 11.34 11.08 10.94 11.52 11.68 11.84 12.14 12.24 11 10.52 10.16 10.24 10 9.74 9.46 9.42 9.48 9.36 9.6 9.6
9.6 10.3 11.16 11.92 12.16 12.22 12.34 12.4 11.84 12.3 13.08 13.14 12.88 13 11.5 11.44 10.82 11 10.72 10.58 10.48 10.48 10.02 9.78 8.7 9.12 8.94 9.12 9.36 9.1 9.28 9.7 10.24 10.92 11.56 12.54 13.74 13.24 13.08 13.38 13.02 12.22 11.7 11.68 11.92 12.12 12.9 13.4 13.58 13.72 13.58 13.86 13.9 -9999 -9999 13.28 12.76 12.62 12.22 12.22 12.08 11.94 11.88 11.66 11.8 11.52 11.06 10.48 10.42 10.44 10.08 10.24 10.16 9.68 9.96 10 9.82
8.58 9.18 10.1 11.34 11.74 11.66 11.82 12.2 12.7 12.26 12.58 13 13.46 13.58 12.5 11.66 11 10.58 10.8 10.86 10.86 10.4 10.12 10.28 9.76 9.58 9.56 9.24 9.76 9.92 10.78 10.78 10.84 10.94 11.56 11.64 13.28 13.74 13.32 13.84 13.48 13.58 13.5 13.22 13.54 13.86 14.34 14.44 14.3 14.48 14.58 14.4 14.54 -9999 -9999 -9999 -9999 13.02 12.96 12.54 11.94 11.68 11.52 11.74 11.72 11.62 11.24 11.04 11.02 11 10.84 10.88 10.34 10.6 10.16 10.34 10.68
7.22 7.18 7.36 9.44 11.08 11.6 11.48 11.88 11.52 11.84 12.48 13.12 14.4 13.38 12.86 11.62 11.3 11.24 10.56 9.94 10.04 10.14 9.78 10.4 11 9.9 10.02 9.74 10.04 10.84 11.06 11.52 11.66 11.16 11.78 12.5 13.98 14.42 14.06 13.96 13.7 13.84 14.04 14.02 14.5 14.56 14.64 14.82 15.34 15.22 15.24 -9999 -9999 -9999 -9999 -9999 13.42 13.4 13.3 12.9 12.48 12.3 11.94 11.86 12.14 11.84 11.78 11.6 11.34 11.44 11.34 10.96 11.14 11 10.74 11.08 10.6
7.18 6.74 6.98 7.36 7.92 8.9 10.1 10.56 11.48 11.42 11.6 12.14 13.44 13.62 13.22 12.14 11.66 11.52 11.4 11.12 10.62 10.28 10.74 11.36 11.82 11.64 11.72 11.2 11.2 11.2 12.02 11.78 12.22 11.68 12.24 14.16 14.98 14.22 13.44 13.3 13.58 13.44 13.56 13.88 14.02 14.52 14.5 14.96 14.9 15.2 15.52 15.62 15.02 14.34 14.2 13.68 13.44 13.38 13.38 13.52 13.34 12.72 12.76 12.68 12.52 12.2 11.88 11.5 11.28 11.38 11.28 11.36 11.38 11.46 11.52 11.8 11.58
7.38 7.14 7.3 7 7.82 7.8 8.72 9.42 9.06 9.66 10.28 11.04 10.84 12.26 12.46 11.92 11.22 11.4 11.14 10.4 10.32 10.32 10.5 11.62 12.36 12.8 12.38 11.88 12.22 12.14 12.56 12.44 13.32 12.5 13.48 14.6 15.2 14.58 14.28 13.94 13.62 13.58 13.66 14.12 13.9 14.12 14.18 14.12 14.32 15.18 15.32 15.14 15.18 14.66 14.28 14 13.58 13.68 14.16 14.06 13.5 13.02 13.08 13.12 12.72 12.84 12.4 11.92 11.7 11.62 11.76 11.92 11.82 11.9 11.96 11.84 11.84
-9999 11.7 11.22 10.96 9.82 9.26 9.74 9.04 10.3 7.98 8.9 9.32 10.18 9.72 9.96 10.94 10.32 10.34 11.16 10.5 9.46 9.34 9.3 10.74 11.74 12.66 12.64 12.72 13.16 13.24 12.7 12.1 12.68 13.86 14.7 14.9 14.72 14.38 14.22 14.06 14.42 14.54 14.62 14.08 14.3 14.2 14.24 14.3 15.08 15.44 15.06 14.58 13.86 14.02 14.14 14.08 13.88 14 14.26 13.94 13.74 13.54 13.4 13.5 13.48 13.26 13.12 13.14 12.94 12.86 12.76 12.5 12.58 12.74 12.72 12.88 12.36
-9999 -9999 -9999 -9999 -9999 10.9 11.12 8.14 7.82 7.74 9.44 10.62 10.94 8.18 8.32 9.34 9.76 9.44 10.7 10.8 9.78 10 9.26 9.62 10.38 10.92 11.3 12.28 12.22 11.98 12.32 12.4 12.78 13.56 14.46 14.36 14.62 14.98 14.38 14 14.46 14.32 15.18 14.5 14.96 15.08 15 15.38 15.34 15.04 14.34 13.18 12.7 12.82 13.04 14.46 14.62 14.66 14.32 14.52 14.34 13.7 14.08 -9999 -9999 14.68 14.68 14.48 14.52 14.36 13.94 13.76 13.96 13.9 13.54 13.38 13.26
-9999 -9999 -9999 -9999 -9999 -9999 -9999 9.5 6.28 8.36 11.84 10.8 12.38 10.36 9.06 10.94 10.8 10.86 10.74 10.66 10.06 10.22 10.14 10.08 9.68 10.02 10.48 11.16 11.86 11.24 10.34 11.18 11.82 12.2 12.92 13.9 14.52 14.76 15.24 15.24 15.28 15.58 15.56 15.64 15.78 15.62 15.9 15.52 15.42 15.22 15.02 14.1 13.82 14.28 14.98 15.5 15.46 15.14 15.16 14.86 14.64 14.64 14.82 14.74 14.42 14.08 14.02 13.98 14.02 14.02 14.36 14.9 14.5 14.3 13.86 13.88 13.88
-9999 -9999 -9999 -9999 -9999 -9999 -9999 -9999 -9999 -9999 11.1 11.72 11.18 10.66 10.84 10.32 9 9.34 9.38 10.1 9.9 11.52 10.88 9.9 9.74 10.46 10.24 10.16 10.66 11.16 11.02 11.04 10.56 10.26 11.58 13.02 13.52 14.68 15.04 15.72 16.06 16.4 16.42 15.74 15.66 15.86 16.34 16.26 16.52 16.72 16.74 16.2 16.18 16.38 16.48 16.02 15.76 15.16 15.02 15.52 15.3 15.26 14.74 14.78 14.48 14.22 14.46 14.28 14.26 14.68 14.98 15.04 14.6 14.34 14.34 14.48 -9999
-9999 -9999 -9999 -9999 -9999 -9999 -9999 -9999 -9999 -9999 10.5 9.2 9.66 10 9.86 10.68 8.56 8.98 7.72 9.36 9.98 10.02 10.38 10.14 10.04 9.92 10.52 10.44 10.4 10.18 11.26 11.52 11.06 10.72 10.92 12.08 13.74 14.08 14.96 15.82 16.22 16.42 15.96 15.16 15.58 16.28 16.56 16.94 17.38 17.28 15.94 15.32 16.42 16.32 15.9 15.16 14.44 13.84 13.94 15.4 15.96 15.46 14.92 14.26 14.44 14.32 14.42 14.8 15.02 15.5 15.56 15.52 15.06 14.86 14.82 14.84 14.54
-9999 -9999 -9999 -9999 -9999 -9999 -9999 -9999 -9999 -9999 -9999 10.66 8.7 9.94 10.08 -9999 10 9.08 5.76 8.44 7.22 8.44 9.86 9.16 9.56 9.48 9.92 10.22 10.5 10.52 10.4 10.9 12.22 11.26 10.96 11.56 12.56 13.86 15.08 15.8 16.48 16.48 16.16 16.16 16 15.92 16.44 17.42 18.22 17.62 16.68 15.76 16.86 16.92 15.68 14.98 15.02 15.34 15.56 16.66 16.28 15.32 15.06 14.86 15.52 15.16 15.44 15.58 15.58 16.58 16.3 15.74 15.62 15.42 15.48 15.46 15.04
-9999 -9999 -9999 -9999 -9999 -9999 -9999 -9999 -9999 -9999 -9999 -9999 -9999 9.02 11.5 12.34 12.02 12.66 9.54 10.34 10.82 10.58 10.12 10.14 10.82 10.68 11.08 10.86 10.26 10.64 10.36 10.94 11.72 12.16 11.98 11.9 12.76 14.2 15.62 16.84 17.36 17.82 17.44 16.66 16.7 16.68 17.3 18.26 19.04 17.82 16.76 16.78 17.4 16.4 15.88 16.32 16.22 16.4 16.46 16.7 17.08 16.38 16.4 16.08 16.32 16.44 16.62 16.5 16.56 16.46 16.2 16.36 16.22 16.22 16 15.52 15.62
-9999 -9999 -9999 -9999 -9999 -9999 -9999 -9999 -9999 -9999 -9999 -9999 -9999 -9999 -9999 12.7 12.7 13.64 12.6 10.56 10.94 11.8 10.62 9.82 12.26 11.62 10.76 11.16 10.98 11 10.76 11.02 11.52 11.6 13.06 12.28 13.24 14.34 16.08 17.74 18.42 19.84 18.96 18.62 18.5 18.34 18.84 18.9 19.62 18.1 17.76 17.56 17.52 16.74 16.68 17.04 16.54 16.88 16.66 16.32 15.56 16.86 16.9 16.7 17.08 17.04 17.12 17.02 17.3 17.3 17.2 16.98 17.26 16.76 16.66 15.94 15.74
