shamba/rasters/climate/pet_9.txt
ncols         720
nrows         360
xllcorner     -180
yllcorner     -90
cellsize      0.5
NODATA_value  -9999
[rows 34 to 67 of 360, columns 385 to 461 of 720]
-9999 -9999 -9999 -9999 -9999 -9999 -9999 -9999 -9999 -9999 -9999 -9999 -9999 -9999 -9999 -9999 -9999 -9999 -9999 -9999 -9999 -9999 -9999 -9999 -9999 -9999 -9999 -9999 -9999 -9999 -9999 -9999 -9999 -9999 -9999 -9999 -9999 -9999 -9999 -9999 -9999 -9999 -9999 -9999 -9999 -9999 -9999 -9999 -9999 -9999 -9999 -9999 -9999 -9999 -9999 -9999 -9999 -9999 -9999 -9999 -9999 -9999 -9999 -9999 -9999 -9999 -9999 -9999 -9999 -9999 -9999 -9999 -9999 -9999 -9999 -9999 -9999
-9999 -9999 -9999 -9999 -9999 -9999 -9999 -9999 -9999 -9999 -9999 -9999 -9999 -9999 -9999 -9999 -9999 -9999 -9999 -9999 -9999 -9999 -9999 -9999 -9999 -9999 -9999 -9999 -9999 -9999 -9999 -9999 -9999 -9999 -9999 -9999 -9999 -9999 -9999 -9999 -9999 -9999 -9999 -9999 -9999 -9999 -9999 -9999 -9999 -9999 -9999 -9999 -9999 -9999 -9999 -9999 -9999 -9999 -9999 -9999 -9999 -9999 -9999 -9999 -9999 -9999 -9999 -9999 -9999 -9999 -9999 -9999 -9999 -9999 -9999 -9999 -9999
-9999 -9999 -9999 -9999 -9999 -9999 -9999 -9999 -9999 -9999 -9999 -9999 -9999 -9999 -9999 -9999 -9999 -9999 -9999 -9999 -9999 -9999 -9999 -9999 -9999 -9999 -9999 -9999 -9999 -9999 -9999 -9999 -9999 -9999 -9999 -9999 -9999 -9999 -9999 -9999 -9999 -9999 -9999 -9999 -9999 -9999 -9999 -9999 -9999 -9999 -9999 -9999 -9999 -9999 -9999 -9999 -9999 -9999 -9999 -9999 -9999 -9999 -9999 -9999 -9999 -9999 -9999 -9999 -9999 -9999 -9999 -9999 -9999 -9999 -9999 -9999 -9999
-9999 -9999 -9999 -9999 -9999 -9999 -9999 -9999 -9999 -9999 -9999 -9999 -9999 -9999 -9999 -9999 -9999 -9999 -9999 -9999 -9999 -9999 -9999 -9999 -9999 -9999 -9999 -9999 -9999 -9999 -9999 -9999 -9999 -9999 -9999 -9999 -9999 -9999 -9999 -9999 -9999 -9999 -9999 -9999 -9999 -9999 -9999 -9999 -9999 -9999 -9999 -9999 -9999 -9999 -9999 -9999 -9999 -9999 -9999 -9999 -9999 -9999 -9999 -9999 -9999 -9999 -9999 -9999 -9999 -9999 -9999 -9999 -9999 -9999 -9999 -9999 -9999
-9999 -9999 -9999 -9999 -9999 -9999 -9999 -9999 -9999 -9999 -9999 -9999 -9999 -9999 -9999 -9999 -9999 -9999 -9999 -9999 -9999 7.84 7.72 7.58 7.96 8.02 7.46 7.56 7.52 7.66 7.9 7.98 8.04 8.04 7.8 -9999 -9999 -9999 -9999 -9999 -9999 -9999 -9999 -9999 -9999 -9999 -9999 -9999 -9999 -9999 -9999 -9999 -9999 -9999 -9999 -9999 -9999 -9999 -9999 -9999 -9999 -9999 -9999 -9999 -9999 -9999 -9999 -9999 -9999 -9999 -9999 -9999 -9999 -9999 -9999 -9999 -9999
-9999 -9999 -9999 -9999 -9999 -9999 -9999 -9999 -9999 -9999 -9999 -9999 -9999 -9999 -9999 -9999 9.1 8.42 8.6 9.14 9.36 7.98 8.5 8.34 8.48 7.9 7.84 7.92 7.82 8.1 8.14 8.08 8.2 8.14 8.48 8.08 -9999 -9999 -9999 -9999 -9999 -9999 -9999 -9999 -9999 -9999 -9999 -9999 -9999 -9999 -9999 -9999 -9999 -9999 -9999 -9999 -9999 -9999 -9999 -9999 -9999 -9999 -9999 -9999 -9999 -9999 -9999 -9999 -9999 -9999 -9999 -9999 -9999 -9999 -9999 -9999 -9999
-9999 -9999 -9999 -9999 -9999 -9999 -9999 -9999 -9999 -9999 -9999 -9999 8.34 9.08 9.24 10.36 11.52 9.42 9.5 9.24 9.96 9.86 9.46 8.88 9.14 8.3 8.5 8.56 8.16 8.16 8.16 8.28 8.32 8.3 8.38 8.22 8.42 8.48 8.82 8.86 9.1 -9999 -9999 -9999 -9999 -9999 -9999 -9999 -9999 -9999 -9999 -9999 -9999 -9999 -9999 -9999 -9999 -9999 -9999 -9999 -9999 -9999 -9999 -9999 -9999 -9999 -9999 -9999 -9999 -9999 -9999 -9999 -9999 -9999 -9999 -9999 -9999
-9999 -9999 -9999 -9999 -9999 -9999 -9999 -9999 -9999 10.66 10.5 8.84 8.62 9.08 10.6 11.6 11.46 10.88 9.76 8.92 9.66 9.82 9 8.6 8.72 8.34 8.52 8.42 8.1 7.98 8.1 8.12 8.02 8.38 8.22 8.54 8.66 8.94 9.18 9.38 9.54 9.76 9.64 9.28 9.48 9.28 -9999 -9999 -9999 -9999 -9999 -9999 -9999 -9999 -9999 -9999 -9999 -9999 -9999 -9999 -9999 -9999 -9999 -9999 -9999 -9999 -9999 -9999 -9999 -9999 -9999 -9999 6.94 7.06 7.14 -9999 -9999
-9999 -9999 -9999 -9999 13 13.08 13.16 12.2 11.44 11.42 11.2 11.52 11.34 11.46 10.92 11.34 10.36 10.2 10.22 9.52 9.28 9.08 8.9 8.84 9.02 8.7 8.54 8.34 8.34 8.1 8 8.06 8.14 8.08 8.38 8.54 8.96 8.88 9.2 9.26 9.74 10.1 9.8 9.66 9.64 9.62 9.54 9.72 9.24 9.14 -9999 -9999 -9999 -9999 -9999 -9999 -9999 -9999 -9999 -9999 -9999 -9999 -9999 -9999 -9999 -9999 -9999 -9999 -9999 -9999 -9999 -9999 7.12 7.24 -9999 -9999 -9999
-9999 -9999 -9999 -9999 13.34 12.7 12.4 12.08 12.22 12.34 13.12 13.76 12.02 11.24 10.24 9.78 9.74 9.72 9.66 9.42 9.3 8.98 9.08 8.98 9.04 8.9 8.74 8.3 8.22 8.04 8.1 8.26 8.32 8.72 8.74 8.7 8.98 9.26 9.56 9.96 9.84 9.88 10.08 9.7 9.76 9.88 9.76 9.8 9.54 9.88 9.32 9.1 9 -9999 -9999 -9999 -9999 -9999 -9999 -9999 -9999 -9999 -9999 7.38 7.6 7.3 7.3 7.24 -9999 -9999 -9999 -9999 -9999 -9999 -9999 -9999 8.06
-9999 -9999 -9999 -9999 -9999 13.24 12.88 13.62 14.52 14.52 15.88 13.44 11.72 9.86 9.38 9.46 9.32 9.38 9.26 9.08 9.1 9.18 8.9 8.84 8.62 8.64 8.64 8.46 8.18 8.08 8 8.06 8.12 8.46 8.42 8.8 9.26 9.34 9.74 10.14 9.98 10.02 10.6 10.24 10.46 9.98 9.98 9.92 9.82 9.84 9.68 9.5 9.54 9.5 9.08 8.76 8.52 -9999 -9999 -9999 -9999 -9999 -9999 7.9 7.7 7.72 7.64 7.68 -9999 -9999 -9999 -9999 7.86 7.7 7.92 7.92 8.22
-9999 -9999 -9999 -9999 13.1 13.1 13.02 16.22 15.08 16.16 18.08 12 11.04 9.82 9.38 9.54 9.76 9.64 9.1 9.18 8.98 9.18 9.38 9.18 9.14 9.12 8.94 8.78 8.7 8.38 8.16 8.2 7.8 8.18 8.42 8.98 8.94 9.38 9.44 9.72 9.9 10 9.96 10.14 9.9 10.36 10.2 10 10 10.02 10.14 9.86 10.04 10.06 9.74 9.22 9.1 8.92 -9999 -9999 -9999 -9999 -9999 8.18 7.9 7.7 -9999 -9999 -9999 -9999 7.74 7.82 8.12 8.18 8.28 8.32 8.28
-9999 -9999 13.04 14.42 14.32 14.3 14.38 14.3 14.26 13.7 12.42 11.5 11.02 10.26 9.9 9.42 9.8 9.34 9.36 9.54 9.48 9.34 9.28 9.32 9.64 9.62 9.54 9.4 9 8.6 8.36 8.24 8.38 8.44 8.7 8.58 8.78 9.18 9.42 9.76 9.7 9.9 10.02 10.3 10.28 10.28 10.62 10.34 10.56 10.42 10.38 10.26 10.48 10.06 10 9.9 9.56 -9999 -9999 -9999 -9999 -9999 -9999 -9999 8.06 8.32 8.26 8.14 8.5 8.4 8.18 8.18 8.44 8.56 8.54 8.46 8.44
-9999 12.88 12.8 13.46 13.4 14.06 14.42 13.42 12.44 12.02 11.54 11.24 10.76 10.5 10.14 9.72 9.78 9.92 9.68 9.9 9.68 9.58 9.62 9.88 9.86 9.96 9.92 9.68 9.42 8.96 8.56 8.58 8.44 8.38 8.72 8.76 9.08 9.42 9.76 9.72 10.04 10.02 10.36 -9999 -9999 -9999 -9999 -9999 10.76 10.62 10.92 10.78 10.42 10.38 10.28 -9999 -9999 -9999 9.68 9.18 8.96 9.16 8.84 8.98 9.04 8.72 8.44 8.46 8.42 8.64 8.78 8.74 8.6 8.52 8.7 9.16 9.22
12.58 12.72 13.02 13.8 13.6 13.8 13.44 12.32 11.86 11.32 11.3 10.9 10.88 10.84 10.58 10.4 10.44 10.34 10.64 10.32 10.24 9.96 -9999 9.88 10.3 10.38 10.34 9.92 9.48 9.24 9.1 8.92 8.74 8.7 8.8 9.18 9.24 9.44 9.86 9.88 10.06 10.38 10.5 10.66 10.74 -9999 -9999 -9999 -9999 -9999 -9999 -9999 -9999 -9999 -9999 10.7 10.4 10.12 10.02 10.08 9.48 9.42 9.12 9.16 9.2 9.08 8.86 8.98 9.1 8.9 8.94 9.18 8.98 9.24 9.28 9.34 9.3
12.4 12.46 13.1 13.7 12.88 13.22 13.06 12.26 11.72 11.28 11.12 10.58 10.9 11.16 10.96 11.08 11.34 11.4 -9999 -9999 -9999 -9999 -9999 -9999 -9999 10.9 10.38 10.26 9.88 9.5 9.5 9.42 9.34 9.2 9.28 9.34 9.56 9.72 10.04 10.36 10.36 10.78 10.76 11.06 -9999 -9999 -9999 -9999 -9999 -9999 -9999 -9999 -9999 -9999 -9999 11.14 10.7 10.72 10.26 10.18 10.18 10 9.92 9.84 9.76 9.64 9.46 9.7 9.36 9.38 9.26 9.48 9.32 9.32 9.62 9.56 9.6
12.68 12.18 12.52 12.88 13.02 12.9 12.22 12.16 11.66 11.24 11.16 11.3 11.2 11.46 11.7 12.08 12.02 12.6 -9999 -9999 -9999 -9999 -9999 -9999 10.68 11.14 10.54 10.3 10.16 10.1 9.98 9.98 9.68 9.58 9.72 9.76 9.82 10.04 10.1 10.54 10.58 10.86 10.98 11.38 11.6 -9999 -9999 -9999 11.68 11.7 11.86 11.76 11.7 -9999 -9999 11.4 11.18 10.92 10.86 10.8 10.54 10.26 10.2 10.08 9.98 9.78 9.9 9.96 9.8 9.86 9.96 9.76 9.82 9.9 9.74 9.94 9.84
12.36 12.28 12.42 12.54 12.88 12.7 12.4 12.02 11.76 11.52 11.66 11.62 11.8 11.88 11.88 12.34 13.06 13.48 -9999 -9999 -9999 -9999 11.06 10.88 10.52 10.38 10.4 10.44 10.5 10.54 10.68 10.44 10.38 10.32 10.04 10.22 10.22 10.12 10.38 10.62 10.92 11.18 11.28 11.36 11.64 11.68 11.9 -9999 -9999 -9999 -9999 12.24 12.14 12 11.76 11.64 11.56 11.26 10.94 11.36 11.14 10.7 10.54 10.5 10.44 10.38 10.04 10.22 10.18 10.24 10.12 10.28 10.14 10.1 10.06 9.88 10.14
12.22 12.04 12.1 12.4 12.54 12.6 12.96 12.6 12.54 12.04 12.12 12.14 11.98 12.34 12.48 12.64 -9999 -9999 -9999 -9999 13.22 11.52 10.92 10.66 10.28 10.46 10.06 10.44 10.6 10.94 11.18 10.76 10.54 10.36 10.3 10.44 10.58 10.5 10.66 10.72 11 11.14 11.62 11.7 12.02 12.16 11.9 12.04 12.28 12.24 12.36 12.54 12.5 12.18 12 12.04 11.86 11.56 11.5 11.26 11.28 11.18 10.84 10.76 10.74 10.68 10.64 10.3 10.28 10.56 10.66 10.52 10.32 10.18 10.5 10.64 10.46
12.12 12.32 12.14 12.16 12.74 12.5 12.64 12.62 12.76 12.72 12.44 12.6 12.64 -9999 -9999 -9999 -9999 -9999 13.14 12.52 12.1 10.94 10.94 10.76 10.58 10.46 10.58 10.68 10.82 11.2 11.6 11.36 11.06 10.94 11.04 10.7 10.72 10.64 10.66 11.1 11.52 11.6 11.62 11.98 12.1 12.16 12.28 12.4 12.58 12.4 12.72 12.74 12.54 12.42 12.38 12.18 12.28 11.86 11.8 11.42 11.42 11.32 11.34 11.4 11.06 10.86 10.86 10.82 10.88 10.86 10.78 10.84 10.78 10.78 10.8 10.94 10.96
12.5 11.76 12.44 12.22 12.26 12.44 12.76 12.72 13.18 13.22 13.28 13.22 -9999 -9999 -9999 -9999 -9999 13.82 12.8 12.12 11.5 11.08 10.58 10.64 10.52 10.42 10.76 10.68 10.86 11.34 11.56 11.64 11.38 11.38 11.26 10.96 11 11 11.12 11.24 11.58 11.72 11.78 12.26 12.04 12.5 12.6 12.74 12.64 12.6 13 12.84 12.7 12.82 12.56 12.46 12.38 12.3 12.18 11.86 12.14 11.76 11.78 11.56 11.3 11.36 11.18 11.06 11.38 11.44 11.1 10.98 11 11.08 11.36 11.4 11.38
12.54 12.22 12.26 12.38 12.3 12.62 12.5 12.98 13.08 13.9 -9999 -9999 -9999 -9999 -9999 -9999 -9999 -9999 12.78 12 11.44 11.22 10.78 10.74 11 11.08 10.94 10.78 11.02 11.1 11.6 11.5 11.66 11.82 11.7 11.28 11.22 11.14 11.26 11.54 11.72 11.84 12.1 12.08 12.5 12.46 -9999 12.98 13.1 13.14 13.1 13.1 13.06 12.76 12.92 12.78 12.52 12.3 12.24 12.26 12.36 12.02 11.98 11.76 11.84 11.64 11.66 11.76 11.68 11.6 11.52 11.54 11.26 11.4 11.46 11.62 11.66
12.72 12.66 12.4 12.56 12.6 12.58 12.6 12.74 12.94 14.08 -9999 -9999 -9999 -9999 -9999 -9999 -9999 -9999 13.12 12.4 11.98 11.42 11.32 11.38 11.36 11.44 11.4 11.34 11.32 11.14 11.46 11.7 11.6 12.16 11.9 11.68 11.62 11.58 11.58 11.74 12.18 12.14 12.06 12.34 -9999 -9999 -9999 12.98 13.04 13.12 13.18 13.14 13.4 13.2 13.12 13.14 12.62 12.82 12.48 12.52 12.58 12.26 12.58 12.06 12.12 12.12 11.94 12 12.04 12.1 12.06 11.94 11.86 11.7 11.76 11.92 12.22
13.46 13.1 13.12 13.08 12.72 12.74 12.46 12.74 13.18 -9999 -9999 -9999 -9999 -9999 -9999 -9999 -9999 -9999 13.68 12.84 12.54 12.22 12.04 11.76 11.98 11.84 11.86 11.92 11.88 12.04 12.22 11.96 12.02 12.22 12.06 -9999 -9999 -9999 -9999 12.22 12.16 12.44 12.58 12.46 12.66 13.08 -9999 13.52 13.4 13.48 13.38 13.52 13.4 13.62 13.28 13.16 13.34 13.1 13.12 12.78 12.98 12.92 12.54 12.48 12.36 12.24 12.54 12.3 12.54 12.28 12.48 12.26 12.3 12 11.92 12.22 12.28
14 13.74 13.64 13.38 13.32 13.32 12.5 12.54 13.3 14.64 -9999 -9999 -9999 -9999 -9999 -9999 -9999 -9999 14 13.06 13.08 12.94 12.1 11.82 12.3 12.22 12.26 12.74 13.42 13.28 13 12.76 12.5 12.74 12.52 12.4 -9999 -9999 -9999 -9999 -9999 12.66 12.92 12.6 12.92 13.24 13.54 13.54 13.84 13.82 13.72 13.78 13.94 13.48 13.9 13.56 13.4 13.26 13.38 13.36 13.18 13.24 12.98 12.9 12.94 12.84 13.04 12.66 12.86 12.64 12.82 12.76 12.68 12.4 12.38 12.62 12.48
14.52 14.5 14.18 14.1 13.86 13.46 12.88 12.34 13.34 14.96 16 16.84 -9999 -9999 -9999 -9999 -9999 -9999 -9999 14.14 13.98 13.24 12.32 12.1 12.7 13.26 12.98 -9999 -9999 -9999 -9999 -9999 -9999 13.02 12.94 12.98 12.92 -9999 12.9 -9999 12.96 13.04 13.06 13.16 13.24 13.32 13.66 13.8 13.86 14.16 13.86 13.82 13.94 13.96 13.84 13.9 13.7 13.82 13.5 13.72 13.8 13.48 13.4 13.54 13.38 13.38 13.24 13.2 13.16 13.2 13.18 13.18 13.1 13 12.86 13.04 13.06
15.34 15.1 15.08 14.82 14.34 13.98 13.46 13.58 14.2 15.22 16.06 16.94 17.48 -9999 -9999 -9999 -9999 -9999 -9999 -9999 -9999 -9999 -9999 -9999 -9999 -9999 -9999 -9999 -9999 -9999 -9999 -9999 13.5 13.4 13.4 13.36 13.44 13.2 13.3 13.2 13.38 13.44 13.66 13.6 13.56 13.84 13.88 14.28 14.3 14.14 14.16 14.44 14.18 14.12 14.16 14.24 14.3 14.08 13.94 13.84 14.02 14.08 13.76 13.96 13.82 13.56 13.62 13.56 13.86 13.66 13.8 13.7 13.68 13.34 13.34 13.24 13.32
15.78 16 -9999 15.36 15.1 15 14.92 14.86 15.22 15.7 16.62 16.76 -9999 -9999 -9999 -9999 -9999 -9999 -9999 -9999 -9999 -9999 14.62 14.68 14.68 14.4 14.28 14.44 14.36 14.06 14.24 13.82 13.8 13.84 13.74 13.8 13.76 13.62 13.66 13.58 13.66 13.8 13.78 13.96 14.1 14.16 14.46 14.46 14.56 14.66 14.88 14.76 14.56 14.44 14.58 14.48 14.44 14.42 14.5 14.26 14.34 14.34 14.34 14.32 14.42 14.24 14.22 14.44 14.2 14.32 14.34 14.08 13.88 13.86 13.78 13.88 13.76
-9999 -9999 15.86 15.62 16.02 15.78 16.1 16.28 16.46 16.78 -9999 -9999 -9999 -9999 -9999 -9999 -9999 -9999 -9999 -9999 15.84 -9999 15.42 15.54 15.22 15.02 14.72 14.44 14.38 -9999 14.1 14.36 14.3 14.32 14.3 14.34 14.06 14.18 14.12 14.16 13.84 14.34 14.26 14.28 14.38 14.48 14.74 14.82 14.56 14.88 14.92 15.02 14.9 14.86 14.78 14.78 15.04 15.04 14.74 14.76 14.74 14.96 14.62 14.82 14.82 15.08 15.08 14.96 15.04 15.06 14.88 14.9 14.72 14.4 14.62 14.6 14.52
16 15.82 15.54 16 16.18 16.62 16.96 17.28 17.4 -9999 -9999 -9999 -9999 -9999 -9999 -9999 -9999 -9999 -9999 16.28 15.92 -9999 -9999 15.84 15.54 15.14 14.96 14.36 14.38 14.62 14.68 14.8 14.68 14.82 14.86 14.74 14.64 14.58 14.44 14.44 14.44 14.54 14.64 14.76 14.78 14.92 15 15.04 14.82 15 15.22 15.5 15.38 15.46 15.22 15.42 15.48 15.12 15.08 15.26 15.32 15.14 15.18 15.36 15.36 15.72 15.72 15.64 15.62 15.6 15.44 15.36 15.44 15.3 15 14.98 14.94
15.98 16.12 15.7 15.86 16.36 16.88 17.16 17.64 -9999 -9999 -9999 -9999 17.28 -9999 -9999 -9999 -9999 -9999 -9999 16.4 -9999 -9999 -9999 -9999 15.76 15.44 15 14.82 14.48 14.74 14.8 15.32 15.14 15.02 15.18 14.82 14.94 14.78 14.92 14.72 14.78 14.76 15.04 14.86 15.02 15.38 15.26 15.28 15.42 15.64 15.84 15.86 15.88 15.92 15.46 15.94 15.76 15.86 15.5 15.9 15.92 15.66 16.02 15.84 15.98 16.1 16.34 16.28 16.44 16.34 16.28 16.24 16.16 15.94 15.76 15.68 15.96
16.44 16.06 16.06 16.36 16.7 17.2 17.94 17.96 -9999 -9999 -9999 17.84 -9999 -9999 -9999 -9999 -9999 -9999 17.28 16.24 15.76 16 -9999 16.74 16.12 15.54 15.24 14.92 14.66 14.84 15.12 15.4 15.36 15.16 15.14 15.26 15.24 15.22 15.28 14.96 14.88 15.24 15.38 15.28 15.48 15.42 15.94 15.88 15.8 15.78 16.04 16.22 16.2 16.28 16.18 16.22 16.26 16.22 16.26 16.22 16.2 16.42 16.3 16.46 16.9 16.74 17.08 17.14 17.12 16.98 17.08 16.94 16.96 16.88 16.8 16.52 16.82
16.72 16.14 16.58 17.1 17.6 17.92 18.16 18.38 18.36 -9999 -9999 -9999 -9999 -9999 -9999 -9999 -9999 17.94 16.92 16.06 15.94 15.92 16.58 16.5 16.28 15.74 15.24 15.32 15.24 15.5 15.28 15.18 15.34 15.36 15.34 15.54 15.32 15.3 15.36 15.26 15.58 15.72 15.5 15.66 15.78 16.18 16.3 16.24 16.18 16.4 16.6 16.6 16.46 16.54 16.62 16.74 17.02 16.86 16.78 16.78 17.12 17.1 17.04 17.4 17.32 17.72 17.86 18 17.88 17.94 17.84 17.66 17.5 17.5 17.48 17.3 17.56
17.32 16.68 17.06 17.64 18.18 18.74 18.68 -9999 -9999 -9999 -9999 -9999 -9999 -9999 -9999 -9999 -9999 18.04 16.86 15.98 15.52 15.96 16.28 16.48 16.02 15.8 15.62 15.82 15.46 15.58 15.76 15.52 15.44 15.5 15.46 15.64 15.86 15.64 15.66 15.74 15.9 15.9 16.1 16.24 16.44 16.42 16.36 16.76 16.76 16.92 17.04 16.96 16.94 17.24 17.2 17.36 17.38 17.28 17.54 17.54 17.74 17.68 17.76 18.14 18.24 18.4 18.62 18.7 18.6 18.64 18.64 18.58 18.48 18.52 18.42 18.3 18.16
