shamba/rasters/climate/pet_5.txt
ncols         720
nrows         360
xllcorner     -180
yllcorner     -90
cellsize      0.5
NODATA_value  -9999
[rows 34 to 67 of 360, columns 539 to 615 of 720]
8.86 9.02 8.86 9.28 9.16 9.12 9.54 9.72 9.66 9.66 9.44 9.34 9.52 9.6 9.46 9.58 9.64 9.38 9.38 9.58 9.7 9.4 9.46 9.46 9.44 9.54 9.9 9.54 9.4 9.96 9.78 10.12 9.74 10.04 10.04 10.2 10.7 10.3 10.56 10.88 10.82 11.06 11.08 11.38 11.52 11.46 11.56 11.64 11.76 12.1 12.04 12.06 12.22 12.42 12.62 12.86 12.86 13.28 13.46 13.34 13.46 13.34 13.78 13.88 13.86 14 14.1 13.92 14.32 14.26 14.6 14.44 14.94 15 15.26 15.4 15.54
9.26 9.32 9.24 9.4 9.88 9.82 9.78 9.78 9.94 10.06 9.78 9.68 9.84 9.94 10 9.86 9.82 10.14 10.08 9.92 10.04 9.96 9.78 9.84 10 9.64 9.74 10 9.82 9.98 10.44 10.28 10.34 10.34 10.42 10.9 10.98 11.1 11.12 11.24 11.24 11.34 11.42 11.68 11.54 11.82 11.88 11.76 12 12.18 12.3 12.42 12.76 12.96 13.12 13.3 13.48 13.32 13.62 13.66 13.66 13.9 14.1 13.92 14.36 14.36 14.32 14.48 14.6 14.84 14.94 14.9 14.9 15.06 15.36 15.52 15.92
9.58 9.96 9.82 10.28 10.12 10.14 10.14 10.3 10.28 10.22 10.4 10.44 10.14 10.18 10.46 10.26 10.24 10.28 10.22 10.16 10.32 10.3 10.18 10.2 10.14 9.92 10.4 10.66 10.52 10.76 10.94 10.68 10.96 10.84 11.12 11.32 11.44 11.52 11.5 11.54 11.78 11.98 12.08 12.08 12.32 11.98 12.24 12.52 12.4 12.58 12.9 13.14 12.92 13.2 13.34 13.36 13.8 13.76 13.92 14.26 14.46 14.24 14.24 14.42 14.44 14.5 14.84 14.62 15.04 14.96 15.08 15.32 15.3 15.6 15.7 16.22 16.22
10.5 10.48 10.36 10.44 10.42 10.68 10.7 10.6 10.58 10.74 10.98 10.6 11.04 10.76 10.64 10.94 10.8 10.66 10.86 10.68 10.54 10.78 10.7 10.42 10.66 10.68 10.84 10.66 10.68 11.16 10.9 11.26 11.42 11.32 11.58 11.6 11.62 11.98 12.06 12 12.2 12.08 12.46 12.54 12.52 12.46 12.54 12.82 12.7 12.9 13.44 13.38 13.76 13.78 14.12 14.22 14.18 14.2 14.52 14.76 14.88 14.5 14.58 14.68 14.88 15.14 15.02 15.04 15.18 15.22 15.6 15.66 15.58 15.96 16.32 16.34 16.52
10.8 10.7 10.86 11.16 11.26 11.24 11.26 11.44 11.5 11.38 11.4 11.34 11.2 11.42 11.6 11.52 11.54 11.38 11.3 11.28 11.36 11.22 11.1 11.18 11.46 11.3 11.42 11.34 11.3 11.36 11.62 11.54 11.72 11.7 12.02 12 12.28 12.3 12.36 12.42 12.54 12.86 12.88 12.64 12.94 13.04 13.12 13.2 13.14 13.6 13.48 13.56 13.9 14.24 14.28 14.64 14.8 14.7 14.96 15.16 15.04 15.04 15.26 15.38 15.18 15.46 15.4 15.58 15.66 15.8 15.86 16.18 16.48 16.36 16.78 16.88 16.94
11.5 11.92 11.9 12.38 12.42 12.42 12.82 12.44 12.5 12.36 12.32 12.38 12.04 12.3 12.04 12 12.2 12 12.18 12.22 12.04 11.82 11.4 11.62 11.46 11.6 11.54 11.34 11.74 11.92 11.84 12.04 12.08 12.36 12.38 12.6 12.48 12.54 12.86 12.84 12.94 13.18 13.2 13 13.08 13.44 13.56 13.62 13.94 13.72 14.04 14.1 14.32 14.72 14.9 14.76 15.04 15.16 15.32 15.54 15.5 15.58 15.6 15.6 15.68 15.8 15.8 15.92 16.06 16.08 16.58 16.66 16.94 16.86 17.06 17.2 17.18
12.12 12.24 12.46 12.86 13.64 14.52 13.86 13.6 13.74 12.92 13.38 13.76 13.12 13.04 12.88 12.88 13.04 13.1 12.78 12.54 12.42 12.56 12.1 12.22 11.96 11.86 11.94 11.62 12.1 12.08 12.28 12.54 12.62 12.92 12.7 13.06 12.96 13.2 13.3 13.34 13.4 13.32 13.48 13.64 13.52 13.96 14.04 13.86 14.18 14.24 14.54 14.68 14.94 15.08 15.44 15.58 15.52 15.52 15.7 15.82 16.08 15.74 15.92 16.14 15.98 16.2 16.14 16.2 16.34 16.7 17.08 17.2 17.38 17.6 17.4 17.12 17.38
12.64 12.88 13.14 13.36 13.66 14.16 14.44 14.48 14 14.08 14.66 15.3 14.86 14.58 14.52 13.92 14.14 14.04 13.38 13.1 12.64 12.58 12.44 12.52 12.36 12.18 12.26 12.16 12.54 12.78 12.44 12.78 12.98 13.04 13.08 13 13.18 13.24 13.46 13.76 13.86 13.8 13.96 14.14 13.84 14.06 14.4 14.44 14.7 14.76 14.94 15.32 15.46 15.84 15.78 16.1 16.24 16.2 16.12 16.46 16.26 16.36 16.62 16.4 16.72 16.52 16.76 16.54 16.78 17.1 17.4 17.64 17.56 17.76 17.44 17.14 17.48
13 13.22 13.14 13.5 13.48 13.44 13.88 13.98 14.34 13.92 14.28 14.66 14.74 14.38 14.12 14.08 13.86 14.42 14.24 13.8 13.62 13.4 12.96 12.66 12.66 12.6 12.5 12.68 13.06 12.86 13.04 13.58 13.42 13.56 13.5 13.52 13.76 13.78 14.1 14.28 13.9 14.18 14.2 14.32 14.64 14.58 14.7 14.9 15.12 15.1 15.52 15.98 16.22 16.26 16.38 16.44 16.86 17.04 17 16.84 17.12 16.9 16.98 17.24 17.1 17.42 17.34 17.36 17.3 17.44 17.66 17.68 18.08 18.16 18.14 17.88 17.86
13.84 13.78 13.88 13.96 14.12 14.46 14 14.26 14.18 14.14 14.24 14.3 14.5 14.18 14.3 14.26 14.22 13.86 14.14 13.94 14.28 13.72 13.48 13.42 13.32 13.18 13.28 13.42 13.52 13.44 13.92 13.6 13.7 13.98 13.96 14.06 14.38 14.18 14.26 14.56 14.52 14.52 14.7 15.04 15 15.18 15.62 15.66 15.94 15.76 16.22 16.38 16.64 17.02 16.9 17.3 17.58 17.52 17.5 17.56 17.52 17.74 17.7 17.82 17.54 18.08 17.98 17.94 17.76 18.1 18.22 18.22 18.02 18.24 17.76 18.1 18.24
14.38 14.42 14.54 14.2 14.28 14.36 14.42 14.64 14.52 14.54 14.62 14.48 14.38 14.44 14.8 14.62 14.8 14.64 14.38 14.42 14.42 14.02 14.1 14.24 14.08 14.1 13.96 13.88 13.92 14.02 14.2 14.04 14.34 14.32 14.5 14.64 14.56 14.8 14.9 14.74 15.14 15.18 15.3 15.28 15.26 15.4 15.8 16.04 16.44 16.52 16.66 17 17.22 17.7 17.78 17.68 17.86 17.8 18.34 18.32 18.08 18.64 18.42 18.2 18.34 18.16 18.46 18.6 18.64 18.52 18.78 18.58 18.62 18.38 18.18 18.3 18.34
14.52 14.98 15.02 14.88 14.8 14.94 14.82 15.04 14.76 15.1 15.06 14.98 14.76 14.98 15.14 14.98 15.18 15.12 15.04 15.2 14.78 14.88 14.64 14.82 14.86 14.84 14.78 14.44 14.46 14.5 14.86 14.68 14.84 14.84 14.8 14.94 15.26 15.38 15.28 15.42 15.36 15.4 15.68 15.72 15.78 16 16.4 16.52 16.6 17 17.24 17.38 17.92 17.9 18.26 18.26 18.46 18.76 18.68 18.92 18.7 18.82 19.02 18.62 19.04 18.98 19.06 19.12 19.24 19.16 19 18.96 19.14 18.84 18.56 18.46 18.74
15.36 15.56 15.6 15.72 15.42 15.28 15.24 15.4 15.54 15.46 15.62 15.54 15.38 15.66 15.64 15.48 15.4 15.44 15.28 15.6 15.42 15.66 15.38 15.12 15.22 15 15.06 15.24 15.06 14.98 15.2 15.1 14.94 15.28 15.52 15.5 15.56 15.38 15.6 15.66 15.84 15.82 16.38 15.92 16.3 16.48 16.56 16.68 17.1 17.24 17.54 18.14 18.24 18.72 18.96 18.94 19.44 19.56 19.48 19.76 19.76 19.96 19.96 19.58 19.74 19.84 19.6 19.68 19.9 19.68 19.78 19.78 19.36 18.82 18.82 18.6 18.78
15.7 16.02 16.02 15.94 15.96 15.68 15.98 15.98 15.76 16.02 15.88 16.22 15.92 15.88 15.96 16.16 16.24 16.02 15.94 16 16.02 16.14 15.9 15.68 16.04 15.66 15.82 15.64 15.8 15.64 15.44 15.64 15.52 15.76 15.6 15.96 15.88 16.12 15.76 16.06 16.14 16.34 16.64 16.54 16.8 16.86 16.98 17.38 17.62 18.18 18.56 18.74 18.82 19.14 19.3 19.76 20.36 20.34 20.48 20.5 20.48 20.44 20.46 20.24 20.26 20.52 20.24 20.6 20.22 20.48 20.42 20.28 19.98 19.48 19.38 19.3 19.28
16.94 16.76 16.58 16.38 16.58 16.32 16.34 16.16 16.38 16.4 16.4 16.68 16.44 16.6 16.42 16.46 16.8 16.74 16.86 16.9 16.84 16.64 16.68 16.62 16.34 16.36 16.38 16.06 16.18 16.34 16.2 16.38 16.24 16.58 16.48 16.26 16.3 16.36 16.28 16.48 16.46 16.76 16.76 16.86 16.92 17.3 17.62 17.6 17.96 18.6 18.86 19.24 19.64 19.66 19.82 20.34 20.6 21.06 21.26 21.18 21.18 21.22 21.34 21.14 21.32 21.2 21.22 21.38 21.08 21.16 21.02 21.1 21 20.2 20.08 19.54 19.88
17.22 16.92 17.02 16.62 16.8 16.92 17.1 17.2 17.38 17.16 17.04 17.04 17.42 16.94 17.1 17.08 17.42 17.44 17.48 17.42 17.3 17.64 17.66 17.7 17.28 17.26 16.86 16.58 16.46 16.48 16.38 16.86 16.6 16.78 16.92 16.94 17.08 17.14 17.18 17.14 17.06 17.22 17.5 17.62 17.78 17.8 17.88 18.3 18.7 18.9 19.48 19.74 20.06 20.56 20.92 21.14 21.48 21.64 21.84 22.08 22 22.1 22.14 22.18 21.8 21.96 21.96 21.98 22.18 21.96 22 21.9 21.88 21.22 20.76 20.48 20.12
17.58 17.84 17.56 17.26 17.24 17.54 17.6 17.56 17.56 17.96 17.66 17.64 18.04 18.2 18.14 17.56 17.86 17.8 17.94 18.5 18.56 18.34 18.38 18.44 18.28 17.56 17.56 17.42 17.1 17.24 17.22 17.12 17.3 17.32 17.34 17.38 17.5 17.64 17.68 17.64 18.04 18.14 18.08 18.3 18.38 18.64 18.86 18.9 19.28 19.86 20.04 20.1 20.44 21.38 21.64 21.96 22.08 22.32 22.56 22.66 23.06 22.96 22.68 22.68 22.76 22.54 22.6 22.82 22.64 22.72 22.8 22.72 22.54 21.36 21.48 20.72 20.46
18.18 17.94 18.06 17.94 18 18.22 18.24 18.32 18.42 18.26 18.38 18.26 18.46 18.44 18.22 18.36 18.8 19.04 18.82 18.98 19.18 19.22 19.24 18.8 18.48 18.64 18.38 18.06 18.02 17.84 17.76 18.26 18.1 17.86 17.96 17.94 18.1 18.04 18.3 18.34 18.6 18.48 18.52 18.58 18.9 18.98 19.08 19.38 19.6 19.92 20.24 21.18 21.42 21.9 22.36 22.48 22.62 22.98 23.2 23.3 23.26 23.6 23.74 23.72 23.64 23.32 23.26 23.28 23.28 23.04 23.32 23.44 23.32 23.18 23.14 22.4 21.76
19.06 18.8 18.9 18.76 18.96 18.44 18.64 18.56 18.7 18.68 18.68 19.18 18.94 19.12 19.02 19 19.36 19.4 19.54 19.66 19.66 19.86 19.38 19.4 19.14 18.92 18.66 18.98 18.98 18.78 18.6 18.68 18.86 18.68 19 18.58 18.7 18.26 18.5 19.06 18.92 19 19.04 19.14 19.22 19.5 19.6 19.96 20.32 20.54 20.9 21.08 21.7 22.2 22.76 22.98 23.26 23.38 23.56 23.8 23.94 24.44 24.38 24.7 24.74 24.42 23.84 23.98 23.98 23.72 23.76 23.72 23.42 24.04 23.9 23.8 23.8
19.86 19.36 19.34 19.32 19.1 18.92 18.86 18.94 18.94 19.18 19.24 19.6 19.5 19.54 19.62 19.4 19.82 19.82 20.28 20.34 20.34 20.2 19.5 19.32 19.3 19.58 19.56 19.02 19.14 19.32 19.48 19.62 19.44 19.4 19.58 19.86 19.66 19.72 19 19.68 19.7 19.48 19.5 19.74 19.82 20.02 20.02 20.34 20.52 21.04 21.26 22.06 22.52 23.02 23.16 23.62 23.72 24.16 24.04 24.14 24.3 24.36 24.38 24.48 24.6 24.48 24.44 23.96 24.16 24.06 23.84 24.06 24.06 24.16 24.26 24.26 24.28
20.78 20.28 20.16 19.7 19.64 19.74 19.5 19.3 19.26 19.62 19.7 19.78 19.96 19.72 19.86 20.22 20.28 20.4 20.68 20.52 20.68 20.76 20.58 20.66 20.26 19.88 19.54 19.42 19.62 19.72 19.38 19.48 20.14 19.64 19.78 19.64 19.9 20.24 20.24 19.56 19.7 19.82 20.34 21.02 20.56 20.72 20.78 20.78 21.26 21.38 22.02 22.48 23.04 23.28 23.56 24.06 24.3 24.2 24.36 24.12 24.36 24.48 24.48 24.36 24.32 24.16 24.18 24.38 24.14 24.24 24.2 24.12 24.24 24 24.18 24.44 24.3
21.52 21 20.86 20.82 21.06 20.88 20.12 20.02 20.44 20.42 20.3 20.3 20.28 20.26 20.34 20.8 20.96 20.86 21.1 20.88 21 20.82 20.72 20.78 20.7 20.66 20.34 20.18 19.88 19.82 19.72 20.08 20.32 19.9 19.86 20.24 20.52 20.76 20.82 20.48 20.2 20.58 20.96 21.26 20.74 20.82 21.12 21.1 21.68 22.22 22.24 22.9 23.18 23.7 23.96 24.54 25 24.76 24.88 24.54 24.34 24.34 24.28 23.94 24.14 24.28 24.36 24.34 24.6 24.6 24.62 24.62 24.46 24.5 24.48 24.4 24.52
22.46 22.06 22.04 21.94 21.44 21.44 21.46 21.46 20.92 20.94 21 21.46 21.04 21.16 21.04 21.56 21.54 21.64 21.68 21.58 21.56 21.72 21.02 20.68 20.74 20.7 20.4 20.38 20.3 20.26 20.36 20.32 20.14 20.1 20.36 20.96 21.18 20.84 20.7 21.12 20.98 20.4 20.48 20.6 20.64 20.94 21.78 21.26 21.88 21.92 22.14 22.96 22.92 23.36 24.26 24.86 25.02 24.84 24.98 24.8 24.72 25.14 24.58 24.56 24.06 23.76 23.88 23.88 23.84 24.36 24.28 24.84 24.82 25 24.98 24.8 24.96
23.12 22.62 22.24 21.86 22.12 22.08 22.38 21.78 21.38 21.86 21.48 21.44 21.56 22.1 22.44 22 22.42 22.06 22.36 21.8 22.04 21.72 21.48 21.36 21.3 21.2 21.16 21 20.96 20.76 20.68 20.54 20.5 21.08 21.12 21.24 21.56 21.38 21.52 21.34 21.58 21.04 21.12 21.12 21.18 21.22 21.6 21.74 22.1 22.46 22.86 23.26 23.32 23.86 24.2 24.4 24.44 24.56 24.66 24.6 24.38 24.6 24.72 23.98 23.72 24.04 23.92 23.9 23.84 24.06 24.12 24.68 24.72 24.68 24.76 24.96 25.08
23.94 23.24 22.36 21.78 21.98 22.4 22.48 22.78 22.54 23.04 22.78 22.36 22.28 22.62 22.88 23.18 22.54 22.66 22.3 22.2 22.3 22.28 22.04 21.74 21.96 22.38 21.8 21.54 21.28 21.36 21.4 21.22 21.06 21.1 21.6 21.44 22.08 21.36 21.56 21.52 21.46 21.38 21.42 21.38 21.48 21.48 21.6 21.84 22.68 22.74 23.12 23.26 23.38 23.96 24.1 24.56 24.12 24.44 24.6 24.38 24.02 24.74 24.66 24.92 24.4 24.5 24.12 24.5 24.54 24.38 24.4 24.72 24.14 23.92 23.82 23.9 24.18
24.6 24.58 23.38 22.52 22.18 22.64 22.48 22.18 22.14 22.52 22.82 22.72 22.8 22.54 23.5 23.36 22.92 23.6 23.36 23.5 23.26 23.46 23.2 23.5 23.22 23.28 22.82 22.54 22.38 21.8 21.6 21.66 21.68 21.56 21.56 21.66 22.4 22.02 21.96 22.02 21.56 21.74 21.82 22.04 22.04 22.28 22.34 22.68 22.96 23.26 23.2 22.92 23.08 23.66 24.16 24.7 24.4 24.28 24.5 24.44 24.52 24.84 24.7 24.68 24.28 23.18 24.32 23.38 23.76 23.96 23.5 23.6 23.58 23.14 23.56 23.54 23.72
25.2 25.24 25.26 24.32 24.18 23.38 22.42 22.68 22.86 23.12 23.12 22.86 23.36 23.16 23.92 23.48 24.1 23.84 23.86 23.84 24.3 24.1 24.06 24.08 23.34 23.42 23.76 23.54 22.96 22.76 22.5 22.38 22.24 22.66 22.48 22.4 22.54 22.46 22.32 22.82 22.5 22.68 22.86 22.66 23.02 23.14 23.3 23.1 22.8 22.66 22.66 21.58 22.12 22.16 23.32 23.68 24.1 24.48 24.52 24.66 24.48 24.44 24.32 24.34 24.06 23.42 23.06 23.06 23.06 23.46 23.34 23.2 23.32 23.6 23.66 23.72 24.22
25.94 25.92 25.86 25.78 25.38 24.42 23.62 24.22 24.22 24.28 24.4 24.46 24.2 23.86 24.58 24.62 24.62 24.4 24.62 24.82 25.02 24.86 24.56 24.72 24.64 24.1 24.2 24.04 23.86 23.56 23.12 22.64 22.42 22.78 22.62 22.94 22.88 23.06 22.9 23.22 23.34 23.44 23.84 23.8 23.64 23.62 23.74 22.4 22.02 21.46 21.14 21.68 22.4 21.66 22.26 22.8 22.72 23.12 24.24 24.42 24.58 24.44 24.06 24.4 24.36 23.52 23.4 22.76 22.7 23.1 23.24 22.94 23.46 23.38 23.52 23.36 23.52
27.28 26.66 26.14 26.56 26.58 25.96 25.54 24.94 24.56 24.6 25.34 24.96 25.42 25.26 25.34 25.8 25.6 25.72 25.64 25.7 25.46 25.34 25.44 25.68 25.72 25.4 25.38 24.86 24.78 23.82 23.4 23.14 23.14 23.52 23.3 23.22 23.16 23.64 23.6 23.78 24.42 24.32 24.22 24.04 23.86 23.38 23.12 22.42 22.14 21.68 21.78 21.78 22.34 22.86 22.72 23.48 23.7 24.26 23.82 23.78 24.52 24.84 24.78 24.42 24.56 23.9 22.8 22.06 22.44 22.68 22.28 21.94 21.72 21.8 22.38 23.72 23.9
27.84 27.44 27.5 27.02 26.94 26.82 27 26.62 26.42 25.96 25.98 26.24 25.56 25.76 26.1 26.5 26.02 26 26.06 26.06 26.48 26.32 26.04 25.82 26 26.2 26.08 25.22 24.68 24.46 24.5 24.12 24.04 24.12 23.74 23.66 23.58 24.12 24.5 24.76 25.32 24.94 24.7 24.64 23.78 23.22 23.08 22.86 22.5 22.36 22.34 22.54 23.04 22.34 22.48 21.7 22.58 24.02 23.24 22.14 23.32 23.64 23.6 23.38 23.62 24.04 23.5 22.36 22.7 22.6 21.68 20.94 20.32 21.96 22.48 23.06 22.98
28.46 28.06 27.96 27.62 27.6 27.56 27.62 27.36 27.32 27.3 27.38 27.6 26.76 26.66 26.82 26.74 26.94 26.34 26.5 27 27.2 26.68 27.14 26.8 26.72 27.12 26.64 25.78 25.54 25.44 25.1 25 24.5 24.6 24.64 24.6 24.86 25.1 25.24 25.18 24.78 24.2 23.98 23.96 23.5 23.44 23.64 23.04 23.64 23.54 23.26 23.62 23.26 23 22.54 21.66 22.3 22.04 22.14 21.84 22.18 22.26 22.26 21.54 23.2 22.14 21.86 22.6 22.9 21.8 21.08 20.52 20.68 22.16 21.92 21.84 22.26
29.3 28.64 28.98 28.34 28.14 28.26 27.7 28.46 27.74 27.58 28.2 28.24 27.6 27.38 27.38 27.4 27.36 27.26 27.44 27.52 27.56 27.52 27.42 27.76 27.68 27.84 26.92 27.38 26.68 26.48 25.7 25.26 25.06 25.2 25.56 25.84 25.92 25.84 25.42 24.62 23.82 24.36 23.64 23.64 23.94 23.94 23.74 23.16 23.54 23.26 22.68 23.7 23.52 23.46 23.64 21.56 20.78 21.04 21.68 22.08 21.78 22.16 22.54 22.7 22.72 22.12 22.2 22.26 22.88 22.64 22.78 21.54 21.88 22.02 22.2 21.92 21.5
29.6 29.8 29.3 28.96 28.82 28.36 28.14 28.7 28.74 27.6 27.52 28.04 28.32 27.96 28.14 28.2 28.04 27.78 27.52 27.5 26.92 27.34 27.64 27.74 27.96 28.06 27.52 27.48 27.76 26.58 27.04 26.02 26.16 25.82 25.58 25.98 26.18 26.46 25.38 24.62 24.52 24.48 23.8 23.48 23.62 23.84 23.14 22.46 21.8 22.44 23.08 23.64 24.26 24.12 22.48 21.74 21.66 23.04 21.94 21.08 21.02 21.62 22.44 23.72 22.88 23.22 23.14 21.7 21.3 22.06 23.94 22.12 21.98 23.08 22.02 22.62 22
30.36 30.44 29.8 29.18 29.02 28.48 28.8 29.5 29.02 28.06 28.3 28.68 28.96 29 28.66 28.7 28.26 28.08 28.02 28.48 28.42 28 28.22 28.56 28.94 29.46 28.56 28 27.86 27.18 27.54 26.28 26.1 26.06 25.94 26.3 27.28 26.28 25.32 24.78 23.98 24.46 23.76 24.06 24.52 25.2 23.84 23.32 22.66 24.08 24.7 25.42 26.2 25.3 23.94 22.48 22.28 22.18 21.82 21.88 22.26 22.52 22.58 23.5 24 23.9 23.18 22.34 22.18 22.34 23 22.84 23.22 23.34 23 22.9 22.74
