shamba/rasters/climate/pet_9.txt
ncols         720
nrows         360
xllcorner     -180
yllcorner     -90
cellsize      0.5
NODATA_value  -9999
[rows 204 to 237 of 360, columns 385 to 461 of 720]
-9999 -9999 29.62 33.3 35.84 38.04 39.76 41.34 42.04 42.52 42.5 42.46 42.46 42.62 43.28 43.82 45.38 46.52 47.36 47.82 47.26 45.36 44.3 42.58 42.22 43.6 43.98 43.74 43.48 43.52 43.3 45 47.6 48.64 48.26 47.96 48 48.06 48.14 47.66 47.92 48.7 49.36 -9999 44.9 45.14 45.76 46.48 46.68 46.78 46.04 45.18 43.64 44.22 43.96 43.52 -9999 -9999 -9999 -9999 -9999 -9999 -9999 -9999 -9999 -9999 -9999 -9999 -9999 -9999 -9999 -9999 -9999 58.52 -9999 -9999 -9999
-9999 29.18 31.22 34.26 38.04 40.38 42.3 42.88 43.5 43.84 43.32 42.86 42.52 43.22 43.76 44.24 46.02 46.92 48.18 48.74 47.72 46.3 44.72 42.84 42.42 43.24 43.78 44.36 44.6 44.68 44.2 45.52 50.56 50.78 49.22 48.38 47.8 48.34 48.52 47.58 46.88 45.56 46.14 47 46.36 45.72 45.92 46.98 47.52 46.14 45.02 43.52 42.08 42.18 43.36 43.56 -9999 -9999 -9999 -9999 -9999 -9999 -9999 -9999 -9999 -9999 -9999 -9999 -9999 -9999 -9999 -9999 -9999 49.52 51.66 -9999 -9999
28.68 31.04 33.68 36.36 39.82 42.12 44.06 44.28 44.7 44.36 43.72 43.76 43.46 43.08 43.38 44.48 46.28 47.62 49.64 50.6 50.02 48.4 45.26 42.36 43.22 43.68 45.02 45.48 46.2 47.12 48.36 50.96 53.68 51.9 50.06 48 48.16 48.56 48.82 48.9 46.92 44.7 45.24 47.54 48 47.44 47.26 47.98 47.36 45.94 44.36 42.96 40.88 41.2 43.3 43.68 -9999 -9999 -9999 -9999 -9999 -9999 -9999 -9999 -9999 -9999 -9999 -9999 -9999 -9999 -9999 -9999 44.04 45.14 45.02 -9999 -9999
30.28 33.22 35.9 39.66 42.22 43.4 45.14 45.68 45.84 44.9 44.3 44.18 43.52 43.04 43.44 44.64 46.74 48.72 51.2 52.24 53.02 51.46 47.68 43.02 43.82 44.3 45.74 46.96 47.6 48.92 51.12 54.26 55.16 53.2 50.62 49.66 48.8 48.32 48.78 49.08 48.36 45.66 46.22 49.1 -9999 48.16 48.46 48.18 46.94 46 44.62 43.48 42.76 43.78 44.56 44.18 -9999 -9999 -9999 -9999 -9999 -9999 -9999 -9999 -9999 -9999 -9999 -9999 -9999 -9999 -9999 41.72 39.86 36.88 38.54 -9999 -9999
31.32 35.18 38.2 41.96 42.94 44.72 45.82 45.94 46.24 45.06 44.38 44.42 44.22 44.18 44.56 45.54 47.3 49.94 52 54.96 56.08 55.64 52.14 48.34 45.92 45.62 46.32 47.72 48.76 50.42 52.4 56.06 56.38 53.68 51.96 50.44 49.44 48.08 48.94 48.78 48.72 47.84 50.9 47.94 50.44 49.08 48.5 48.54 47.6 46.32 45.5 44.86 44.98 45.22 45.54 45.44 45.52 -9999 -9999 -9999 -9999 -9999 -9999 -9999 -9999 -9999 -9999 -9999 -9999 -9999 -9999 43.1 35.9 33.78 35.16 -9999 -9999
32.1 38.24 42.58 43.84 44.74 45.5 46.26 47 47.06 45.58 44.62 44.66 45.04 44.78 45.1 46.08 47.46 50.18 53.34 57.12 60.86 61.34 57.02 51.36 47.1 46.7 47.48 47.96 48.98 50.32 51.38 51.22 52.66 54 53.26 50.34 49.58 48.56 48.56 49.54 50.52 50 49.16 47.68 49.68 49.88 48.58 47.86 47.22 45.52 45 45.24 45.58 46.04 46.04 45.44 45.24 -9999 -9999 -9999 -9999 -9999 -9999 -9999 -9999 -9999 -9999 -9999 -9999 -9999 52.44 45.06 35.58 33.64 33.58 34.2 -9999
32.04 38.2 42.84 44.72 45.8 46.62 47.9 47.46 47.46 47.04 46.66 46.16 45.88 46.1 45.54 45.86 47.82 50.48 53.5 57.26 61.82 66.18 60.18 54.18 50.18 48.84 48.28 48.38 49.32 50.18 51.1 50.22 50.58 52.34 51.62 52.66 49.64 49.06 48.7 50.1 51.66 52.2 51.36 49.38 50.58 49.36 46.1 44.78 44.98 43.04 43.88 44.42 45.34 46.92 46.12 45.52 -9999 -9999 -9999 -9999 -9999 -9999 -9999 -9999 -9999 -9999 -9999 -9999 -9999 51.78 49.28 44.16 36.82 34.06 33.58 32.74 -9999
32.12 36.32 41.14 43.74 45.5 47.84 48.38 48.72 48.74 48.86 48.3 47.84 47.2 46.56 46.52 46.5 47.74 49.34 51.96 55.8 58.64 60.18 57.38 54.16 51.96 50.56 50.02 49.96 49.56 49.86 51.38 51.62 52.54 53.88 52.8 52.22 51.6 50.22 50.78 51.18 51.72 52.82 52.7 50.98 51.18 45.6 41.4 41.46 42.34 42.52 43.34 43.7 44.74 45.02 44.78 44.18 -9999 -9999 -9999 -9999 -9999 -9999 -9999 -9999 -9999 -9999 -9999 52.18 50.74 48.52 46.1 41.52 36.12 32.94 34.54 33.26 -9999
32.06 36.8 40.66 43.28 45.56 48.46 49.56 50.16 50.26 49.34 48.96 48.6 49 48.18 47.26 47.46 47.28 48.84 50.78 52.36 54.08 54.7 54.24 52.94 52.62 51.12 50.88 50.24 49.54 49.18 50.44 53.2 55.62 53.86 52.54 51.82 50.46 49.78 48.2 49.46 50.62 52.08 53.34 50.8 48.84 44.1 39.88 40.92 41.9 42.16 42.8 42.88 43.04 43.2 42.96 -9999 -9999 -9999 -9999 -9999 -9999 -9999 -9999 -9999 46.16 47.06 47.66 48.44 47.62 45.8 42.42 36.3 33.62 33.02 33.6 -9999 -9999
32.12 35.9 39.9 43.02 45.64 48.8 49.94 50.72 51.16 51.24 50.02 49.78 49.16 48.58 48.84 48.16 47.76 48.38 48.34 49.38 50.6 52 51.86 51.62 52.02 52.14 51.64 50.48 48.24 48.48 54.42 55.38 56.56 53.54 50.82 48.74 45.26 43.78 45.06 47.26 48.82 50.02 49.44 48.78 46.6 44.74 41.92 41.12 42.04 41.9 41 41.4 41.24 41.34 -9999 -9999 -9999 -9999 -9999 -9999 -9999 -9999 -9999 -9999 44.28 43.46 44 45.06 45.06 42.32 37.46 35 32.34 32.22 33.4 -9999 -9999
32.2 35.64 38.64 42.62 46.16 48.54 51.26 50.86 51.48 51.9 51.9 51.84 50.24 49.86 49.2 48.22 47.4 46.9 47.3 48.36 49.46 49.48 50.52 50.88 52.18 53.1 52.48 51.16 49.82 52.12 55.6 55.68 55.76 54.28 51.2 47.64 43.04 43.46 44.66 45.18 46.14 46.24 45.92 46.1 45.62 43.78 41.8 41.74 41.46 40.78 40.48 39.8 -9999 -9999 -9999 -9999 -9999 -9999 -9999 -9999 -9999 -9999 -9999 42.44 41.72 40.92 40.46 41.88 41.5 37.62 36 33.86 32.54 32.64 -9999 -9999 -9999
30.94 34.78 38.08 41.86 45.78 47.98 50.46 51.68 51.66 52.02 52.26 52.14 51.8 50.48 50.34 49.1 47.78 45.82 45.96 45.94 47.9 48.98 49.94 51.22 53.08 54.12 53.02 52.28 52.04 55.26 53.46 54.16 55.4 55.74 53.7 48.7 44.56 44.1 43.26 43.4 42.42 42.72 43.46 44.2 43.96 43.54 41.76 41.84 40.66 40.08 -9999 -9999 -9999 -9999 -9999 -9999 -9999 -9999 -9999 -9999 -9999 -9999 -9999 41.1 40.4 39.88 39 38.76 36.72 35.86 33.76 33.1 31.1 31.74 -9999 -9999 -9999
29.32 33.3 37.5 41.22 45.06 47.76 50.32 52 52.7 53.22 52.06 51.94 51.82 51.66 51.2 49.44 47.76 46.7 44.6 45.44 47.48 48.86 50.16 51.2 52.04 52.44 53.58 53.34 53.58 52.92 52.82 53.92 54.6 55.34 54.88 50.12 45.32 43.24 41.66 40.14 38.34 42.16 42.18 42.6 43 41.18 41.3 40.72 39.78 -9999 -9999 -9999 -9999 -9999 -9999 -9999 -9999 -9999 -9999 -9999 -9999 -9999 -9999 40.2 38.86 38.2 36.46 35.68 34.34 33.64 32.6 31.64 30.78 31.64 -9999 -9999 -9999
26.92 31.7 36.36 40.36 44.42 48.48 50.56 52.52 52.98 53.04 52.9 52.46 52.44 50.72 50.38 49.48 48.46 46.46 45.28 46.18 47.2 49.36 50.48 51.64 51.36 51.96 52.78 52.46 51.24 52.22 52.04 52.88 53.06 53.2 52.52 48.76 45.22 42.34 41.6 39.58 37.44 41.36 41.72 42 41.32 40.12 39.76 39.06 -9999 -9999 -9999 -9999 -9999 -9999 -9999 -9999 -9999 -9999 -9999 -9999 -9999 -9999 -9999 39.92 38.72 38.56 35.62 35.14 33.94 32.44 31.6 31.52 31.5 -9999 -9999 -9999 -9999
23.72 29.72 34.96 39.24 43.54 47.82 51.76 53.58 52.6 52.36 51.78 51.02 51.6 50.98 50.44 49.86 48.78 47.94 47.14 47.8 48.84 49.24 50.2 51.08 51.12 51.7 52.22 51.58 51.78 51.74 52.46 51.54 51.38 50.64 48.18 46.16 44.18 42.52 42.46 40.96 38.36 40.48 41.38 41.5 39.62 39.18 -9999 -9999 -9999 -9999 -9999 -9999 -9999 -9999 -9999 -9999 -9999 -9999 -9999 -9999 -9999 -9999 -9999 -9999 40 38.92 35.72 35.18 33.02 31.42 30.72 30.8 31.6 -9999 -9999 -9999 -9999
-9999 28.44 33.82 38.36 42.68 46.64 48.98 50.82 51.44 51.06 50.34 50.26 50.26 51.1 50.58 48.74 49.14 48.42 47.88 48.56 48.72 49.72 49.64 50.4 50.28 50.78 51.26 50.74 50.62 50.5 51.02 50.28 50.34 47.58 46.12 45.76 44.38 42.26 41.26 41.96 36.94 39.26 41.64 40.14 38.78 -9999 -9999 -9999 -9999 -9999 -9999 -9999 -9999 -9999 -9999 -9999 -9999 -9999 -9999 -9999 -9999 -9999 -9999 -9999 39.84 39.28 36.68 34.1 31.76 30.72 30.24 31.08 31.44 -9999 -9999 -9999 -9999
-9999 26.68 32.36 37.46 42.08 45.74 49.22 51.22 50.46 50.38 50.26 49.86 49.36 48.98 48.46 47.74 48.36 47.78 47.64 48.06 48.38 49.3 49.28 49.86 49.68 50.2 50.64 49.88 49.56 48.9 48.34 48.16 48.38 47.04 46.02 45.4 44.34 42.94 42.6 42.16 38.86 41.02 40.28 38.94 38.2 -9999 -9999 -9999 -9999 -9999 -9999 -9999 -9999 -9999 -9999 -9999 -9999 -9999 -9999 -9999 -9999 -9999 -9999 40.96 39.78 38.86 37.14 33.7 31.84 30.28 29.84 30.78 -9999 -9999 -9999 -9999 -9999
-9999 -9999 30.34 35.92 41.4 45.76 48.4 49.32 49.64 50.12 49.82 49.32 48.62 48.3 48.6 48.1 47.8 47.3 47.84 47.76 47.76 48.42 48.34 49.16 48.86 49.58 49 49.08 48.12 46.9 46.48 46.94 47.22 46.8 45.48 45.34 44.4 43.04 43.14 43.02 41.06 40.74 39.72 39.16 37.86 -9999 -9999 -9999 -9999 -9999 -9999 -9999 -9999 -9999 -9999 -9999 -9999 -9999 -9999 -9999 -9999 -9999 -9999 40.02 39.22 37.76 36.32 33.46 31.1 30.2 30.08 30.86 -9999 -9999 -9999 -9999 -9999
-9999 -9999 28.42 34.6 40.6 45.18 48.36 48.86 50.58 49.28 48.78 48.36 48.92 48.32 47.9 47.42 46.92 46.38 46.16 46.7 46.72 47.44 47.4 48.32 48.18 47.84 48.08 48.24 47.08 46.22 46.4 46.88 47.48 47.12 46.44 45.54 44.28 42.4 43.08 43.38 42.16 41.12 40.06 38.48 37.46 -9999 -9999 -9999 -9999 -9999 -9999 -9999 -9999 -9999 -9999 -9999 -9999 -9999 -9999 -9999 -9999 -9999 39.96 39.2 38.16 36.94 35.82 33.96 31.82 30.32 31.04 31.04 -9999 -9999 -9999 -9999 -9999
-9999 -9999 -9999 31.36 38.58 44.74 48.86 50.2 49.58 48.32 47.66 47.28 48.1 47.74 47.28 46.64 46.3 45.84 46.04 46.06 46.02 46.56 46.78 46.8 47.7 47.26 47.76 47.24 46.4 46.68 47.06 47.74 47.84 47.32 47.12 45.88 44.4 43.56 42.76 42.72 42.16 41.16 39.56 38.2 37.06 36.44 -9999 -9999 -9999 -9999 -9999 -9999 -9999 -9999 -9999 -9999 -9999 -9999 -9999 -9999 -9999 -9999 39.92 38.62 38.32 37.86 35.14 34.1 31.84 30.62 31.74 -9999 -9999 -9999 -9999 -9999 -9999
-9999 -9999 -9999 -9999 35.96 43.7 48.9 50.74 49.06 46.92 46.58 47.74 47.24 46.74 46.16 46.06 45.52 45.94 45.7 45.34 45.32 45.84 46.16 45.96 46.98 46.92 46.64 46.3 46.74 48 48.34 48.18 48.4 47.82 47.64 46.48 44.5 43.84 43.76 43.2 42.62 41.22 39.22 38.04 36.8 36.46 -9999 -9999 -9999 -9999 -9999 -9999 -9999 -9999 -9999 -9999 -9999 -9999 -9999 -9999 -9999 39.56 38.64 37.52 36.82 36.28 34.02 33.78 31.44 32.28 32.74 -9999 -9999 -9999 -9999 -9999 -9999
-9999 -9999 -9999 -9999 32.9 43.04 48.58 48.08 47.6 45.9 47.14 47.34 47 46.52 46.08 45.64 44.78 45.1 44.7 44.42 44.94 45.06 45.26 45.92 46.28 46.28 46.42 46.56 46.96 48.46 48.76 49.02 47.74 45.36 44.34 42.8 42.2 43.78 43.78 43.3 42 41.24 39.18 37.62 36.9 35.66 -9999 -9999 -9999 -9999 -9999 -9999 -9999 -9999 -9999 -9999 -9999 -9999 -9999 -9999 -9999 -9999 38.06 36.2 36.38 35.04 34.02 32.94 32.5 33.16 33.02 -9999 -9999 -9999 -9999 -9999 -9999
-9999 -9999 -9999 -9999 34.68 44.4 48.26 48.88 47.62 47.88 47.48 47.24 46.98 47.3 46.8 46 44.96 44.14 43.66 44.24 44.16 44.42 44.66 45.46 45.56 45.72 45.92 46.54 47.42 48.68 49.56 49.52 47.74 45.48 43.44 42.84 43.48 44.24 44.28 43.6 41.98 40.78 39.1 37.6 36.1 35.56 -9999 -9999 -9999 -9999 -9999 -9999 -9999 -9999 -9999 -9999 -9999 -9999 -9999 -9999 -9999 -9999 39.06 38.06 36.64 35.64 34.56 32.26 32.48 33.12 33.34 -9999 -9999 -9999 -9999 -9999 -9999
-9999 -9999 -9999 -9999 36.22 45.56 49.28 48.18 48.7 48.82 48.72 48.36 47.76 47.22 46.62 45.86 44.74 43.66 42.72 43.32 43.48 43.76 44.7 44.82 44.9 45.04 45.26 46.78 47.86 49.14 48.92 48.18 47.7 44.64 41.4 41.14 43.18 44.26 43.66 43.24 41.54 40.32 38.68 37.04 35.72 35.06 -9999 -9999 -9999 -9999 -9999 -9999 -9999 -9999 -9999 -9999 -9999 -9999 -9999 -9999 -9999 -9999 38.72 37.7 36.92 35.78 33.58 32.3 31.62 32.66 -9999 -9999 -9999 -9999 -9999 -9999 -9999
-9999 -9999 -9999 -9999 35.46 43.7 48.4 47.54 48.52 50.02 50.14 49.36 47.84 47.3 46.48 45.66 44.46 43.96 43.06 43.06 43.06 44.02 44.08 44.28 44 44.16 44.86 46.18 47.66 48.46 47.08 47.38 47.36 45.8 42.98 40.6 43 43.62 43.38 42.2 40.66 39.42 37.66 36.22 35.48 34.8 -9999 -9999 -9999 -9999 -9999 -9999 -9999 -9999 -9999 -9999 -9999 -9999 -9999 -9999 -9999 -9999 37.38 36.46 35.68 35.3 34.22 34.74 32.62 33.22 -9999 -9999 -9999 -9999 -9999 -9999 -9999
-9999 -9999 -9999 -9999 33.22 41.48 46.04 46.78 48.06 48.88 49.2 48.82 48.38 48.12 47.16 46.3 45.26 44.22 43.3 43.02 43.72 43.7 43.92 44.44 44.16 43.92 43.5 45.02 46.4 47.68 47.18 47.74 47.84 47.8 43.58 41.58 35.96 41.98 41.98 41.12 39.86 38.22 36.86 35.46 34.64 -9999 -9999 -9999 -9999 -9999 -9999 -9999 -9999 -9999 -9999 -9999 -9999 -9999 -9999 -9999 -9999 -9999 -9999 36.22 35.58 34.98 34.62 35.18 32.32 34.02 -9999 -9999 -9999 -9999 -9999 -9999 -9999
-9999 -9999 -9999 -9999 -9999 38.52 43.12 44.42 45.86 47.26 49.06 48.22 48.2 47.62 46.86 46.74 46.02 45.08 44.34 43.76 43.78 44.42 44.5 44.46 45.02 44.58 43.92 45.28 46.3 47.48 47.18 47.12 46.1 45.66 41.96 38.38 37.18 40.26 41.44 39.86 38.68 36.76 -9999 -9999 -9999 -9999 -9999 -9999 -9999 -9999 -9999 -9999 -9999 -9999 -9999 -9999 -9999 -9999 -9999 -9999 -9999 -9999 -9999 -9999 35.24 34.66 34.66 34.3 -9999 -9999 -9999 -9999 -9999 -9999 -9999 -9999 -9999
-9999 -9999 -9999 -9999 -9999 34.88 40.08 42.5 43.68 46.6 47.76 48.28 48.34 47.92 47.32 46.78 46.6 45.42 44.56 43.96 44.56 44.34 45.18 45.28 45.8 45.9 45.46 44.94 45.2 46.82 45.32 44.6 42.94 42.84 40.78 38.8 38.18 38.54 39.74 38.5 37.04 -9999 -9999 -9999 -9999 -9999 -9999 -9999 -9999 -9999 -9999 -9999 -9999 -9999 -9999 -9999 -9999 -9999 -9999 -9999 -9999 -9999 -9999 -9999 -9999 -9999 -9999 -9999 -9999 -9999 -9999 -9999 -9999 -9999 -9999 -9999 -9999
-9999 -9999 -9999 -9999 -9999 31.6 36.74 40.3 42.34 44.66 47.42 47.46 47.66 47.68 47.98 47.94 47.58 46.38 45.6 44.7 44.36 45.26 45.02 45.62 45.94 45.42 44.8 44.26 45 44.88 43.32 42.74 41.28 41.72 40.54 39.02 36.88 37.76 39.34 38.52 36.52 -9999 -9999 -9999 -9999 -9999 -9999 -9999 -9999 -9999 -9999 -9999 -9999 -9999 -9999 -9999 -9999 -9999 -9999 -9999 -9999 -9999 -9999 -9999 -9999 -9999 -9999 -9999 -9999 -9999 -9999 -9999 -9999 -9999 -9999 -9999 -9999
-9999 -9999 -9999 -9999 -9999 28.52 34.34 38.14 40.26 43.62 45.8 47.26 47.54 47.42 47.34 47.8 47.38 46.52 45.98 45.12 45.4 45.3 45.74 45.16 45.5 44.8 44.12 43.92 45.86 45.94 45.06 43 41.52 41.22 40.36 38.3 37.46 38.38 40.44 39.44 36.68 -9999 -9999 -9999 -9999 -9999 -9999 -9999 -9999 -9999 -9999 -9999 -9999 -9999 -9999 -9999 -9999 -9999 -9999 -9999 -9999 -9999 -9999 -9999 -9999 -9999 -9999 -9999 -9999 -9999 -9999 -9999 -9999 -9999 -9999 -9999 -9999
-9999 -9999 -9999 -9999 -9999 27.24 32.02 36.12 38.84 42.04 44.82 45.4 44.76 46.32 46.94 47.46 47.26 47.08 46.46 45.92 45.52 45.08 45.06 45.42 46.1 44.74 44.56 44.86 45.88 44.88 43.92 42.24 40.92 40.1 39.04 37.62 37.68 37.98 40.5 38.52 35.76 -9999 -9999 -9999 -9999 -9999 -9999 -9999 -9999 -9999 -9999 -9999 -9999 -9999 -9999 -9999 -9999 -9999 -9999 -9999 -9999 -9999 -9999 -9999 -9999 -9999 -9999 -9999 -9999 -9999 -9999 -9999 -9999 -9999 -9999 -9999 -9999
-9999 -9999 -9999 -9999 -9999 -9999 29.6 33.84 37.44 40.08 43.36 44.52 44.98 46.2 46.54 46.7 46.48 46.38 46.08 45.44 45.26 44.84 44.48 45.14 46.36 45.2 45.24 45.08 44.42 43.08 41.92 40.2 39.22 38.34 38.92 39.8 37.26 36.96 38.84 37.04 -9999 -9999 -9999 -9999 -9999 -9999 -9999 -9999 -9999 -9999 -9999 -9999 -9999 -9999 -9999 -9999 -9999 -9999 -9999 -9999 -9999 -9999 -9999 -9999 -9999 -9999 -9999 -9999 -9999 -9999 -9999 -9999 -9999 -9999 -9999 -9999 -9999
-9999 -9999 -9999 -9999 -9999 -9999 -9999 31.08 35.02 38.68 42.3 44.3 44.66 45.38 45.54 46.46 46.3 46.56 46.24 46.04 44.84 43.96 44.04 45.86 46.04 45.6 44.72 44.04 42.64 41.74 40.7 38.38 37.44 37.22 39.56 38.72 37.26 36.24 38.64 35.26 -9999 -9999 -9999 -9999 -9999 -9999 -9999 -9999 -9999 -9999 -9999 -9999 -9999 -9999 -9999 -9999 -9999 -9999 -9999 -9999 -9999 -9999 -9999 -9999 -9999 -9999 -9999 -9999 -9999 -9999 -9999 -9999 -9999 -9999 -9999 -9999 -9999
-9999 -9999 -9999 -9999 -9999 -9999 -9999 -9999 31.44 36.12 40.54 43.14 44.22 44.46 44.86 45.04 45.66 45.58 45.8 45.46 44.84 44.1 44.64 45.68 46.52 45.46 44.26 43.4 42.36 41.52 40.4 37.32 32.2 37.76 39.82 37.94 35.7 34.84 35.1 -9999 -9999 -9999 -9999 -9999 -9999 -9999 -9999 -9999 -9999 -9999 -9999 -9999 -9999 -9999 -9999 -9999 -9999 -9999 -9999 -9999 -9999 -9999 -9999 -9999 -9999 -9999 -9999 -9999 -9999 -9999 -9999 -9999 -9999 -9999 -9999 -9999 -9999
