shamba/rasters/climate/pre_5.txt
ncols         720
nrows         360
xllcorner     -180
yllcorner     -90
cellsize      0.5
NODATA_value  -9999
[rows 66 to 98 of 360, columns 370 to 443 of 720]
-9999 -9999 -9999 -9999 -9999 -9999 460.28 478.86 483.1 495.42 454.94 487.96 -9999 -9999 454.88 461.7 481.66 481.76 472.7 475.46 472.78 430.14 378.28 355.3 -9999 -9999 478.82 -9999 -9999 -9999 -9999 -9999 373.12 395.06 390.3 408.06 412 413.58 455.36 479.7 524.1 527.44 529.86 536.18 516.62 539.18 545.7 555.04 586.34 585.82 563.42 560.54 536.96 533.08 533.8 540.36 553.36 545.9 546.82 537.24 515.56 513.84 511.98 499.96 497.56 485 474.3 480.84 467.12 455.78 425.18 433.82 422.16 437.52
-9999 -9999 -9999 -9999 -9999 -9999 458.34 466.82 478.2 459.28 429.82 436.3 -9999 -9999 456.1 457.22 473.78 455.56 464.42 445.66 428.14 410.04 484.46 476.4 -9999 -9999 -9999 -9999 -9999 -9999 -9999 -9999 382.28 393.64 385.7 421.7 426.2 452.34 482.06 519.98 524.3 528.44 529.68 522.72 542.66 567.14 562.44 571.68 571.68 582.04 602.16 588.5 551.9 527.26 528.2 534.22 547.22 539.42 531.66 542.12 530.22 517.98 516.04 524.5 522.66 510.02 507.5 483.88 459.9 467.14 441.38 420.66 433.24 428.82
-9999 -9999 -9999 -9999 -9999 -9999 450.88 464.04 481.44 453.5 511.12 501.34 428.58 414.02 409.42 427.68 443.98 447.92 445.18 -9999 -9999 -9999 -9999 -9999 -9999 -9999 -9999 -9999 -9999 -9999 -9999 -9999 374.28 401.12 408.42 440.18 464.4 488 498.38 531.88 556.66 550.46 541.24 530.08 549.7 582.66 602.4 580.98 571.22 571.76 560.64 558.16 538.1 522.56 504.78 507.86 541.58 533.64 545.54 535.06 554.78 553.04 540.76 528.62 506.18 514.3 489.96 466.02 442.38 432.16 434.62 428.08 440.88 429.82
-9999 -9999 -9999 -9999 -9999 -9999 518.76 446.22 507.54 424.56 432.9 419.36 437.62 424.92 413.32 491.86 498.4 504.96 493.14 501.56 501.42 -9999 -9999 -9999 -9999 -9999 -9999 -9999 -9999 -9999 -9999 -9999 413.14 419.7 430.42 455.28 490.24 507.14 534.06 548.6 566.94 569.88 568.48 554.58 550.52 567.2 592.86 582.38 566.24 560.42 550.24 527.48 518.84 498.92 510.28 511.92 535.06 526.48 548.28 537.84 536.26 544.54 533.7 511.52 506.74 491.5 488.86 476.66 453.6 444.7 429.5 434.04 430.5 430.64
-9999 -9999 -9999 -9999 -9999 -9999 537.3 491.36 510.38 490.54 525.6 526.4 430.82 452.52 527.3 516.68 507.8 528.3 -9999 -9999 513.06 -9999 -9999 530.74 492.3 495.46 480 503.94 -9999 491.08 467.88 489.8 459.94 458.6 481.3 506.8 519.78 545.76 570 590.82 598.54 596.36 569.98 543.9 549.5 578.74 572.36 565.18 551.52 534.18 537.48 507.64 488.08 490.94 492.1 493.46 526.46 526.86 539.26 551.46 551.92 529.76 525.54 509.92 494.42 479.6 466.28 463.62 451.66 444.16 430.72 437.08 424.34 432.16
-9999 -9999 -9999 -9999 -9999 -9999 -9999 537.98 547.32 532.8 502.48 482.32 546.64 564.76 491.02 478.18 486.5 529.48 537.9 546.14 535.24 502.7 532.66 536.38 529.74 536.18 522.56 477.88 441.62 466.84 503.32 517.96 490.24 511.02 532.18 534.58 536.7 549.06 587.94 619.6 600.9 579.58 589.36 574.98 580.06 589.2 557.48 553.9 540.62 525.48 532.82 506.3 490.18 493.56 474.14 507.44 510.04 522.62 545.82 557.72 554.48 539.32 513.02 507.82 513.34 467.68 464.26 461.3 428.86 431.76 421.36 430.68 438.48 436.24
-9999 -9999 -9999 -9999 548.24 517.88 565.7 545.98 555.2 549.86 541.08 507 517.94 519.02 527.28 525.74 534.94 528.3 520.62 519.02 549.84 554.2 560.74 556.12 543.76 537.62 511.74 495.46 482.72 491.02 518.18 522.28 530.62 530.56 549.58 549.68 564.08 554.12 584.54 612.2 576.28 586.42 554.9 564.36 594.56 572.2 563.54 538.22 512.16 521.2 533.14 509.32 504.94 488.44 500.84 492.04 526.74 506.62 526.74 514.24 510.04 516.14 510.92 506.2 511.66 506.54 481.86 459.4 426.64 441.14 434.04 443 461.86 440.48
514.46 487.4 560.14 536.94 533.48 541 549.36 548.1 575.56 568.34 562.26 542.5 521.22 519.36 528.2 537.82 556.9 551.04 547.1 548.3 551.98 534.08 550.8 538.7 525.26 519.26 500.46 505.74 504.56 503.72 530.56 537.16 530.34 530.36 541.94 541.28 575.8 550.92 568.84 582.3 563.56 562.52 563.34 550.56 566.4 564.14 550.18 529.32 493.42 513.24 523.38 516.14 500.4 502.82 493.18 516.88 506.42 515.94 514.4 512.74 529.02 524.54 498.94 483.44 499.74 494.76 479.28 457.34 426.88 438.72 438.4 460.02 459.58 459.06
-9999 561.18 592.96 539.26 526.42 552.34 568.42 565.34 573.14 583.84 570.3 548.82 527.72 515.34 520.56 519.24 547.5 561.7 552.42 547.3 547.14 521.04 520.74 510.72 517.06 498.42 499.76 513.98 517.94 535.06 532.98 512.2 517.54 522.96 537.94 554.9 557.78 543.44 561.24 571.14 567.64 565.6 548 564.28 555.96 546.6 533.6 519.84 492.8 512.06 512.06 513.32 516.72 514.84 492.72 503.62 514.98 514.68 523.46 521.98 549.22 532.94 528.56 522.8 508.34 493.08 467.38 446 447 436.44 435.74 434.94 455 445.44
582.68 603.12 581.98 570.7 569.78 576.16 592.1 598.3 615.56 599.34 569.28 547.82 524.5 512.36 508.02 514.3 538.04 542.2 544.12 543.44 538.92 536.18 537.96 521.72 507.94 509.36 503.2 519.32 552.28 584.66 558.04 521.7 520.58 539.92 520.5 523.06 535.98 572.22 580.66 567.64 565.06 552.28 551.88 540.72 541.74 533.32 520.52 527.46 524.28 553.78 542.06 528.76 506.76 490.68 500.18 489.92 501.96 513.62 522.9 520.78 558.08 533.34 546.92 511.28 496.9 471.68 456.64 454.84 443.64 432.76 421.78 421.52 441.4 440.84
605.82 590.38 601.04 609.66 623.6 610.08 611.78 664.76 709.08 693 636.76 636.3 546.08 499.48 475.18 491.28 508.38 526.54 545.44 562.76 554.64 543.1 567.84 552.4 559.02 537.68 526.18 552.36 596.28 630.04 611.9 580.78 560.58 552.32 548.14 542.86 535.04 543.56 583.28 601.3 588.2 584.84 562 550.78 551.72 543.32 530.2 527.16 535.24 545.82 536.48 532.7 503.58 491.3 501.76 498.96 498.74 511.16 533.34 541.86 536.68 532.9 536.78 521.98 497.46 482.08 466.94 441.26 438.36 418.94 428.78 419.26 428.86 418.68
639.74 592.82 623.92 666.56 664.36 700.26 716.14 732.28 733.04 739.92 681.52 593.68 531.64 499.88 452.96 458.1 485.42 513.28 601.82 630.98 611.1 623.4 610.2 591.16 637.58 608.32 582.42 605.44 631.12 656.18 655.4 647.38 609.88 587.18 582.88 559.12 564.22 563.32 593.82 632.96 598.86 571.34 560.38 548.44 529.8 531.9 538.82 518.04 538.12 527.66 534.94 507.88 511.2 489.66 482.18 481.1 489.76 499.04 520.5 541.52 537.9 531.1 533.28 509.72 507.58 471.14 444.5 447.2 424.58 415.46 396.24 406.04 405.68 414.92
704.24 724.58 782.5 704.86 646.92 649.92 651.16 679.36 733.48 740.88 687.82 656.16 593.94 559.24 542.28 538.54 530.62 557.72 666.86 760.18 797.58 762.3 730.24 752.52 700.76 676.92 672.3 689.44 700.6 707.92 713.4 714.06 672.84 612.54 613.9 629.1 644.58 634.18 655.52 674.94 626.02 566.76 549.42 527.74 519.64 512.4 538.3 550.3 551.82 551.88 551.7 507.86 497.64 488.6 482.34 473.58 494.44 513.46 533.22 551.64 546.86 526.46 497.48 482.12 463.32 460.42 451.48 433.44 420.46 411.8 392.9 400.18 390.24 399.6
728.88 813.48 761.6 723.52 636.54 611.56 610.9 630.12 706.42 719.16 648.84 626.74 606.38 624.02 581.74 597.5 530.04 524.68 614.82 659.5 679.7 661.64 781.4 809.44 897.46 763.68 743.84 783 803.88 805.68 763.12 746.62 710.82 672.46 672.58 668.76 696.14 714.92 727.58 700.36 650.52 582.52 512.68 481.92 491.2 504.6 528.96 562.62 574.4 554.58 543.7 527.84 496.32 465.78 459.6 464.04 454.34 507.32 523.66 551.9 526.66 520.74 489.96 458.42 448.86 441.1 430.6 413.2 418.54 409.42 379.66 397.14 406.66 398.3
848.44 794.06 676.42 675.96 677.9 617.48 601.82 678.92 693.78 693.28 665.86 609.46 626.8 595.48 612.32 619.7 565.94 663.14 683.88 709.38 713.52 734.38 755.9 756.38 721.1 789.52 882.08 1008.34 1012.1 963.08 892.08 828.26 813.48 727.24 759.18 734.72 744.74 785.72 766.8 754.5 675.52 584.16 518 463.92 483.66 511.2 544.1 586.08 575.22 563.16 535.92 514.02 490.54 449.62 444.68 436.04 437.48 479.58 510.44 528.8 513.52 509.08 484.7 463.34 445.42 439.3 425.5 415.72 410.6 408.3 415.84 394.04 386.06 396.78
794.1 739.08 633.22 662.86 686.02 702.6 695.04 746.82 742.76 706.78 720.72 687 644.62 623.6 619.76 688.68 755.1 681.16 639.36 692.34 739.76 684.64 696.94 651.28 649.1 773.76 891.9 979.78 1005.22 1080.3 984.18 875.14 810.42 754.66 827.08 888.24 898.2 822.86 834.32 821.12 716.62 614.68 505.3 430.96 480 504.46 559.56 568.06 562.92 544.08 527.32 498.14 487.74 454.24 443.5 414.32 427.32 471.94 485.64 493.82 489.88 496.92 495 469.54 458.76 427.62 419.8 410.16 412.96 407.62 400.8 408.8 410.14 392.58
777.8 770.68 724.06 720.46 771.22 729.18 859.28 891.06 802.1 791.36 741.68 732 720.36 692.82 720 773.02 840.44 900.9 745.82 761.56 729.86 670.96 594.74 602.96 635.6 722.5 729.66 824.92 911.16 935.1 866.16 829.46 773.94 699.02 760.08 896.62 971.9 1046.44 984.88 831.76 793.44 678.86 576.52 490.54 470.66 498.32 522.3 556.16 541.4 533.48 519.4 493.02 473.5 464.26 458.12 461.2 455.16 481.06 485.28 471.68 468.12 483 484.6 492.24 476.86 457.66 428.76 423.64 411.66 414.02 404.4 395.06 397.6 402.36
819.2 837.62 841.46 898.96 939.74 920.38 1086.56 998.06 955.14 873.82 859.74 865.4 802.12 759.88 839.98 960.7 994.66 944.96 806.8 813.4 800.66 718.16 650.04 625.94 643.78 602.24 589.12 614.06 631.28 632.7 664.82 634.26 635.18 636.74 654.3 696.58 799.64 957.86 1100.22 1020.9 845.28 740.08 672.56 558.66 529.28 499.76 521.58 534.32 536.44 521.58 488.54 477.1 463.92 481.7 455.84 449.6 444.82 470.06 485.34 479.94 467.94 485.44 498.26 497.04 492.94 490.22 464.22 477.12 484.16 453.06 431.56 417.56 424.64 404.24
901.66 915.24 940.7 1052.54 1034.62 1169.34 1172.14 1053.14 922.08 997.92 1112.26 1146.42 1033.28 1037.98 1123.98 1298.98 1345.14 1321.46 1219.28 1087.22 1052.34 987.44 776.8 643.9 589.24 534.3 557.66 613.04 617.22 602.44 569.64 562.48 570.66 588.36 618.36 616.24 749.18 913.58 995.52 1088.7 962.66 857.06 692.44 623.7 567.74 555.44 549.22 538.98 523.72 509.94 476.46 451.46 439.4 445.34 455.3 439.68 434.26 438.24 451 444.8 458.22 504.22 515.34 513.64 518.92 506.64 499.8 504.16 499.38 510.28 491.94 458.5 449.08 427
866.56 972.78 1089.74 1164.84 1191.28 1253.72 1307.04 1291.1 1364.46 1490.28 1634.36 1536.6 1356.54 1262.22 1274.68 1354.58 1352.98 1380.22 1335.84 1240.9 1046.22 912.22 770.48 680.44 611.64 605.16 579.38 553.66 547.62 535.78 523.26 536.46 572.58 577.1 644.92 741.16 737.84 789.1 819.3 925.64 1022.84 936.46 742.52 644.5 622.66 603.12 589.96 543.64 501.62 477.64 453.94 435.08 442.86 435.4 454.58 458.2 454.52 436.7 435.58 423.54 437.18 488.94 534.72 522.2 506.62 479.26 485.02 508.7 532.26 535.76 524.58 470.72 457.72 456.32
828.82 966.08 1173.7 1173.32 1426.58 1583.86 1837.98 1963.34 1956.28 1788.74 1766.36 1544.86 1296 1319.06 1327.92 1317.88 1302.5 1364.64 1182.7 1067.62 921.88 814.4 707.74 686.7 640.92 607.76 570.92 552.9 525.8 498.76 496.42 528.62 561.2 600.76 695.66 886.52 893.76 712.62 706.42 765.52 929.94 920 850.5 672.5 665.36 649.26 560.02 543.32 479.58 444.14 410.54 408.52 412.8 453.88 482.24 483.52 449.74 413.06 402.44 402.26 406.1 434.72 462.44 464.5 498.32 509.72 509.72 528.94 565.2 554.64 540.48 518.72 484.04 467.26
835.74 996.6 836.28 1240.5 1703.72 1819.26 1769.24 1719.38 1696.52 1703.78 1551.96 1424.26 1127.72 1252.46 1266.62 1409.76 1627.64 1370.08 1427.54 1100.46 1032.72 903.6 813.34 738.32 674.48 627.44 580.64 550.14 523.42 487.9 474.68 524.86 575.7 650.62 733.5 843.68 1006.1 726.48 692.14 721.38 760.3 775.64 799 744.02 644.32 610.92 538.78 515.36 429.6 395.58 370.6 443.44 -9999 427 515.7 493.46 449.24 407.14 379.94 358.16 445.4 449.98 -9999 -9999 -9999 534.06 513.34 555.34 582.82 582.3 577.84 559.3 538.26 508.38
866.84 908.18 1073.98 1505.56 1640.32 1588.18 1452.84 1486.68 1347.42 1189.82 1107.48 1013.16 934.56 840.78 851.08 916.48 1011.3 1169.68 1273.28 1140.6 1029.74 865.14 827.06 791.58 772.12 714.72 618.38 571.52 536.34 511.12 495.98 533.24 580 632.88 818.5 884.5 865.16 1049.36 821.98 895.32 793.62 750.62 879.32 841.96 598.64 544.74 523.14 487.94 372.9 312.52 417.3 -9999 -9999 -9999 -9999 418.26 430.94 397.04 371.48 340.1 -9999 -9999 -9999 -9999 -9999 485.72 540.66 570.68 599.3 621.22 618.94 608.2 586.26 580.2
958.9 944.24 1285.06 1441.6 1378.98 1182.84 1130.04 1100.56 936.94 846.2 778.54 729.12 678.62 626.3 590.42 890.3 -9999 791.88 972.46 1163.62 1157.96 937.76 919.78 869.32 867.94 808.48 711.56 635.02 588.44 552.68 536.82 572.94 614.44 750.26 928.12 1208.72 927.38 1078.38 930.94 938.74 1018.3 936.06 778.02 690.24 560.98 508 503.74 446.72 347.62 243.32 -9999 -9999 -9999 -9999 403.94 409.96 418.5 385 380.98 360.7 340.34 345.22 373.4 402.74 460.94 536.58 571.4 609.12 647.6 675.2 686.88 672.32 670.12 666.7
1000.92 1123.1 1216.82 1283.94 1113.54 904 957.7 919.52 982.46 844.52 698.04 616.74 602.36 542.1 509.1 796.9 -9999 927.28 936.4 972.54 1140.02 1114.76 1006.56 1004.58 941.36 881.86 803.72 820.76 660.48 614.96 624.8 646.16 665.08 777.86 835.34 740.84 702.96 721.92 696.96 678.78 678.86 661.2 640.4 607.1 577.54 517.92 495.84 418.54 445.32 406.8 -9999 -9999 -9999 -9999 -9999 -9999 383.44 413.54 496.14 411.56 467.66 451.34 -9999 -9999 540.58 571.16 676.02 714.86 723.44 747.64 770.48 778.7 785.4 766.76
848.86 858.06 989.28 1085 989.7 910.48 810.44 761.46 770.28 724.38 707.28 619.18 608.28 560.04 472.46 715.54 -9999 -9999 -9999 825.98 774.82 922.88 1027.92 1035.96 954.2 940.28 867.36 894 867.94 827.08 772.38 735.2 710.76 865.02 780.56 642.54 651.38 645.92 629.54 630.58 639.76 640.92 632.26 606.6 579.82 538.68 475.88 516.32 -9999 -9999 -9999 -9999 -9999 -9999 -9999 -9999 -9999 495.98 510.26 -9999 -9999 -9999 -9999 -9999 -9999 -9999 663.22 727.08 894.78 1002.74 981.56 949.44 959.28 913.22
615.5 662.64 702.94 689.42 612.32 598.22 647.88 -9999 -9999 620.84 600.16 539.36 532.7 583.36 621.54 572.56 507.88 722.72 -9999 -9999 717.06 590.86 754.62 862.64 927.58 998.36 949 908.14 894.36 917.26 865.88 809.04 745 843.4 786.74 698.6 617.48 606.86 610.18 626.62 618.76 625.24 643.04 643.3 605.1 542.28 467.06 498.9 -9999 -9999 -9999 -9999 -9999 -9999 -9999 -9999 -9999 -9999 -9999 -9999 -9999 -9999 -9999 -9999 -9999 -9999 -9999 -9999 747.7 1008.06 1235.74 1335.66 1233.2 1149.14
665.74 517.36 502.24 569.96 -9999 -9999 -9999 -9999 -9999 573.54 525.28 488.06 448.88 469.46 549.86 613.16 606.78 478.16 -9999 -9999 -9999 -9999 631.46 630.28 773.68 834.48 913.08 989.36 984.82 921.92 924.24 913.48 836.56 753.14 817.88 855.54 777.92 711.38 672.18 670.98 668.32 654.38 653.08 620.22 579.1 503.44 543.8 502.18 -9999 -9999 -9999 -9999 -9999 -9999 -9999 -9999 -9999 -9999 -9999 -9999 -9999 -9999 -9999 -9999 -9999 -9999 -9999 -9999 -9999 699.96 1000.2 1143.58 1230.88 1329.28
-9999 -9999 -9999 -9999 -9999 -9999 -9999 548.54 480.28 481.84 442.4 375.18 382.52 409.98 437.42 547.68 691.74 540.84 547.74 -9999 -9999 -9999 -9999 583.62 585 722.64 825 925.18 961.48 997.36 973.78 807.46 771.74 752.2 806.2 821.1 809 818.64 825.98 854.54 843.82 766.22 734.72 627.06 551.12 448.46 -9999 -9999 -9999 -9999 -9999 -9999 -9999 -9999 -9999 -9999 -9999 -9999 -9999 -9999 -9999 -9999 -9999 -9999 -9999 -9999 -9999 -9999 -9999 -9999 -9999 727.2 995.2 1016.04
-9999 -9999 -9999 -9999 -9999 -9999 -9999 479.42 561.76 402.88 374.88 335.66 358.08 355.06 392.38 501.62 619.6 596.9 435.26 479.16 463.2 -9999 -9999 -9999 -9999 -9999 537.12 623.04 802.36 934.54 879.08 836.92 726.28 683.14 771.64 784.4 870.06 880.38 691.5 620.34 641.56 607.82 596.44 559.42 531.9 443.86 -9999 -9999 -9999 -9999 -9999 -9999 -9999 -9999 -9999 -9999 395.08 430.54 460.74 459.2 460.38 -9999 -9999 -9999 -9999 -9999 -9999 -9999 -9999 -9999 -9999 -9999 -9999 837.72
-9999 -9999 -9999 -9999 -9999 -9999 -9999 408.72 419.42 -9999 -9999 -9999 -9999 -9999 350.4 425.14 435.24 405.62 512.62 432.52 362.06 405.12 454.4 -9999 -9999 -9999 -9999 -9999 514.4 794.12 799.52 815.32 744.68 618.46 609.86 716.84 811.04 755.42 832.46 836.12 694.9 603.96 565.72 535.96 513.62 521.56 482.76 -9999 -9999 -9999 -9999 -9999 -9999 -9999 408.84 638.62 771.6 714.66 684.98 644.9 482.62 521.06 520.88 -9999 -9999 -9999 -9999 -9999 -9999 -9999 -9999 -9999 -9999 841.2
-9999 -9999 -9999 -9999 -9999 -9999 433.16 401.28 316.76 307.56 -9999 -9999 -9999 -9999 -9999 340.94 358.76 373.9 407.62 421.54 417.76 369 371.3 410.68 405.16 -9999 -9999 -9999 466.68 710.9 746.5 691.8 632.04 653.04 672.54 569.14 560.02 613.34 654.38 654.94 634.24 614.28 492.82 509.32 481.5 416.06 389.6 362.88 368.28 447.34 431.54 427.82 444.2 527.78 879.2 843.24 766.22 738.68 710.38 674.1 583.58 605.34 553.9 521.94 569.52 574.7 -9999 -9999 626.6 579.78 565.62 622.74 755.56 755.14
-9999 -9999 -9999 -9999 -9999 -9999 308.96 343.46 380.24 278.04 -9999 -9999 -9999 -9999 -9999 298.82 307.62 -9999 371.16 414.94 455.12 449.06 390.26 376.1 365.92 332.16 381.1 -9999 440.46 584.36 708.12 689.8 679.82 636.72 536.58 470.9 483.74 480.92 542.92 441.08 461.82 492.78 411.6 468.36 455.26 440.22 -9999 456.64 387.66 478.84 512.44 620.62 635.6 738.1 759.06 787.72 740.46 665.54 624.66 584.82 622.9 602.86 651.6 674.9 734.98 758.44 803.58 764.7 748.66 732.72 721.3 822.52 853.44 759.86
