shamba/rasters/climate/pre_12.txt
ncols         720
nrows         360
xllcorner     -180
yllcorner     -90
cellsize      0.5
NODATA_value  -9999
[rows 99 to 131 of 360, columns 370 to 443 of 720]
-9999 -9999 -9999 -9999 -9999 -9999 980.04 811.2 738.46 697.16 -9999 -9999 -9999 -9999 -9999 -9999 -9999 -9999 -9999 827.32 953.84 1020.52 1055.26 1039.68 1392.04 1069.74 1149.12 1474.94 1430.52 1776.54 1497.4 1246.58 1034.42 798.7 676.54 1036.86 661.92 780.04 1018.24 -9999 -9999 1099.96 1081.98 1129.84 1157.26 1123.82 1141.06 1129.3 1163.86 840.9 709.94 713.22 693.8 626.38 656.98 663.38 590.34 492.36 494.2 542 526.1 483.56 470.76 494.82 531.5 552.64 572.6 560.26 483.36 432.22 478.64 538.04 422.08 362.56
-9999 -9999 -9999 -9999 -9999 -9999 932.5 820.94 754.2 827.9 -9999 -9999 -9999 -9999 -9999 -9999 -9999 -9999 -9999 -9999 1020.22 1066.36 1150.42 1384.88 -9999 1383.42 1423.36 -9999 -9999 1346.36 1944.58 1610.24 1231.34 988.42 722 666.16 1079.22 1085.48 -9999 -9999 1105.12 -9999 1156.08 1258.18 1257.04 1136.82 1127.98 1107.94 1202.94 1056.14 675.4 551.42 541.84 472.04 454.6 457.02 475.54 514.18 479.08 600.02 555.04 480.42 444.98 448.6 469.76 498.22 548.58 635.38 648.76 686.28 658.22 546.84 408.5 359.7
-9999 -9999 -9999 -9999 -9999 -9999 979.14 805.24 758.8 857.66 -9999 -9999 -9999 -9999 -9999 -9999 -9999 -9999 -9999 -9999 -9999 1211.36 1218.26 1215.16 1320.6 -9999 -9999 -9999 -9999 1287.06 1276.94 1704.1 1460.22 1127.74 868.84 775.82 1167 1144.86 -9999 -9999 -9999 1171.68 1257.04 1336.14 1315.28 1180.34 1179.66 1267.44 1268.4 1017.02 753.74 576.12 463 432.18 381.84 406.48 472.84 563.22 503.44 490.94 483.8 456.76 469.72 470.28 465.72 493.9 652.18 755.94 837.78 859.6 1081.5 875.34 681.66 623.72
-9999 -9999 -9999 -9999 -9999 -9999 984.56 1043 997.08 -9999 -9999 -9999 -9999 -9999 -9999 -9999 785.54 -9999 887.54 964.7 1027.96 1181.28 1185.68 1270.18 1254.16 -9999 -9999 -9999 -9999 -9999 -9999 1206.9 1513.18 1220.5 1033.3 909.16 995.02 1061.94 1203.52 1199.86 -9999 1236.56 1222.94 1192.78 1438.86 1284.3 1197.7 1260.56 1082.08 833.36 707.12 591.44 581.34 459.76 348.14 343.9 423.44 449.32 459.2 456.16 405.54 434.4 511.28 528.8 515.76 541.32 687.8 790.66 670.08 772.62 891.8 932.8 879.62 938.68
-9999 -9999 -9999 -9999 -9999 -9999 -9999 -9999 -9999 -9999 -9999 -9999 -9999 -9999 797.08 809.04 829.34 825.02 885 973.86 1017.02 1073.2 1128.38 1191.14 -9999 -9999 -9999 -9999 -9999 -9999 1247.1 1234.92 1148.4 1253.5 1124.58 1016.62 983.86 938.08 867.18 1317.34 -9999 1226.62 1221.32 1425.44 1443.08 1384.38 1305.3 1142.2 876.7 709.78 733.18 807.1 790.58 602.48 392.42 359.72 370.72 398.52 386.2 432.46 489.12 577.62 682.34 698.38 636.36 640.46 632.88 683.14 728.64 803.2 815.96 832.44 890.94 1143.98
-9999 -9999 -9999 -9999 -9999 -9999 -9999 963.52 -9999 -9999 -9999 -9999 -9999 -9999 799.16 829.86 833.68 847.66 871.5 914.84 965.16 1045.94 1090.32 -9999 -9999 -9999 -9999 -9999 -9999 -9999 -9999 1221.94 1531.8 1354.62 1339.4 1213.52 948.12 1186.36 1226.68 1259.82 1249.36 -9999 1243.88 1259.56 1476.3 1579.42 1586.8 1406.04 969.56 737.36 748.66 892.2 940.02 934.36 703.78 495.88 378.4 346.5 394.56 461.48 655.58 950.24 1005.16 977.58 808.9 813.58 987.12 892.38 883.62 885.62 810.1 838.46 836.3 974.22
-9999 -9999 873.2 903.74 889.02 916.86 -9999 984.06 778 735.24 873.1 839.04 876.7 -9999 -9999 -9999 771.92 829.26 862.64 903.56 930.06 -9999 -9999 -9999 -9999 -9999 -9999 -9999 -9999 -9999 -9999 -9999 -9999 1425.36 1383.88 1283.2 1202.74 -9999 1264.42 1284.56 1318.88 1307.66 -9999 1217.68 1188.7 1632.54 2183.92 1859.56 1230.22 880.8 762.42 1393.28 1293.22 1237.9 1152.3 830.88 473.8 475.3 584.92 909.54 1421.28 1282.92 1264.16 1193 1007.28 879.6 857.3 823.08 778.82 813.58 778.1 860.6 899.46 956.64
789.44 786.5 782.26 809.54 836.78 852.56 846.58 813.08 754.22 695.64 623.14 642.82 760.26 745.72 745.02 -9999 -9999 -9999 772.82 879.7 868.78 -9999 -9999 -9999 -9999 -9999 -9999 -9999 -9999 -9999 -9999 -9999 -9999 1180.38 1344.94 1227.76 1207.1 -9999 1313.88 1322.04 1341.22 1303.58 1272.88 -9999 1151.84 1091.46 1782.4 2144.18 1663.24 1096.72 1026.22 2533.9 927.78 2001.64 1438.94 1194.14 859.36 798.16 1065.04 1284.38 1386.8 1326.8 1311.22 1139 850.14 704.28 651.8 618.12 620.82 620.54 602.2 550.52 646.16 758.66
605.24 615.3 625.34 642.88 663.1 687.72 701.84 690.46 630.54 574.44 518 665.22 -9999 -9999 -9999 -9999 -9999 -9999 735.96 -9999 -9999 -9999 -9999 -9999 -9999 -9999 -9999 -9999 -9999 -9999 -9999 -9999 -9999 -9999 1174.12 1223.62 1214.88 -9999 -9999 -9999 1390.56 1341.44 -9999 -9999 -9999 1065.96 1024.66 -9999 1069 1739.6 2096.08 -9999 -9999 -9999 1864.26 1368.1 1166.58 1127.02 1053.56 -9999 -9999 1229.9 1378.88 996.12 609.48 537.02 492.82 464.14 459.26 492.66 499.06 414.32 524.94 635.6
487.3 474.56 474.1 496.34 510.42 513.72 521.86 537.76 509.28 454.8 409.3 452.16 554.48 -9999 -9999 588.24 -9999 -9999 708.28 728.2 -9999 -9999 -9999 -9999 -9999 -9999 -9999 -9999 -9999 -9999 -9999 -9999 -9999 -9999 -9999 -9999 1233.38 1300.42 1365.9 -9999 -9999 -9999 -9999 -9999 1118.14 1050.12 -9999 -9999 -9999 -9999 -9999 -9999 -9999 -9999 -9999 -9999 -9999 -9999 1071.92 -9999 -9999 1717.8 1335.94 884.3 570.1 430.42 371.62 356.7 343.62 339.08 343.74 351.24 400.72 466.22
381.36 350.44 357.06 372.14 390.68 383.82 381.58 400.78 386.42 349.8 363.46 396.34 493.56 -9999 -9999 560.78 -9999 -9999 -9999 -9999 -9999 -9999 -9999 -9999 -9999 -9999 -9999 -9999 -9999 -9999 -9999 -9999 -9999 -9999 -9999 -9999 -9999 1261.04 1339.66 1441.36 1275.38 1164.4 1235.42 1141.5 1075.68 -9999 -9999 -9999 -9999 -9999 -9999 -9999 -9999 -9999 1022.52 1174.74 808.52 910.1 1117.7 -9999 -9999 1149.14 1220.66 701.4 498.14 378.28 314.48 286.4 298.86 258.06 233.02 265.28 320.64 378.46
285.44 248.06 256.26 261.68 292.06 291.6 291.86 287.72 283.08 306.04 315.76 339.9 424 -9999 -9999 -9999 -9999 -9999 -9999 -9999 -9999 -9999 -9999 -9999 -9999 -9999 -9999 -9999 -9999 -9999 -9999 -9999 -9999 -9999 -9999 -9999 -9999 -9999 -9999 1397.7 1400.32 -9999 -9999 -9999 -9999 -9999 -9999 -9999 -9999 -9999 -9999 -9999 1143.36 993.24 1068.98 1055.16 929.3 1125.24 -9999 -9999 -9999 1145.1 1163.5 703.44 491.46 357.9 260.22 227.16 195.16 180.12 186.8 220.8 256.64 322.1
225.46 225.8 212.34 217.72 217.76 236.06 241.06 226.78 242.1 273.08 322.22 -9999 -9999 -9999 -9999 -9999 -9999 -9999 -9999 -9999 -9999 -9999 -9999 -9999 -9999 -9999 -9999 -9999 -9999 -9999 -9999 -9999 -9999 -9999 -9999 -9999 -9999 -9999 -9999 -9999 -9999 -9999 -9999 -9999 -9999 -9999 -9999 -9999 -9999 -9999 -9999 -9999 -9999 -9999 -9999 -9999 -9999 -9999 -9999 -9999 -9999 1504.84 1177.2 762.14 454.36 276.42 186.7 162.2 182.58 190.62 178.98 185.98 211.36 247.58
183.88 192.6 185.94 165.5 173.44 198.68 198.9 203.7 219.96 239.44 259.9 302.34 329.72 -9999 -9999 -9999 -9999 -9999 -9999 -9999 -9999 -9999 -9999 -9999 -9999 -9999 -9999 -9999 -9999 -9999 -9999 -9999 -9999 -9999 -9999 -9999 -9999 -9999 -9999 -9999 -9999 -9999 -9999 -9999 -9999 -9999 -9999 -9999 -9999 -9999 -9999 -9999 -9999 -9999 -9999 -9999 -9999 -9999 -9999 -9999 1304.5 1307.12 991.56 508.8 287.16 222.78 185.82 169.38 169.82 167.6 183.04 178.8 203.5 220.52
148.58 152.32 136.12 144.74 142.98 170.28 178.54 195.74 200.42 219.8 256.88 279.9 318.62 301.68 -9999 -9999 -9999 -9999 -9999 -9999 -9999 -9999 -9999 -9999 -9999 -9999 -9999 -9999 -9999 -9999 -9999 -9999 -9999 -9999 -9999 -9999 -9999 -9999 -9999 -9999 -9999 -9999 -9999 -9999 -9999 -9999 -9999 -9999 -9999 -9999 -9999 -9999 -9999 -9999 -9999 -9999 -9999 -9999 -9999 -9999 1518.16 1169.88 635.9 265.82 153.52 135.08 155.1 146.96 145.1 170.6 176.02 180.94 169.28 177.54
117 110.02 102.58 103.78 113.16 123.08 143.3 161.88 179.02 182.72 223.14 236.32 271.42 305.3 354.54 407.82 476.8 475.48 483.22 -9999 -9999 -9999 -9999 -9999 -9999 -9999 -9999 -9999 -9999 -9999 -9999 825.28 855.18 892.84 910.48 798.62 919.18 -9999 -9999 -9999 -9999 -9999 -9999 -9999 -9999 -9999 -9999 -9999 -9999 -9999 -9999 -9999 -9999 -9999 -9999 -9999 -9999 -9999 -9999 1148.86 1304.64 947.46 460.18 340.84 137.64 99.9 121.14 130.2 137.4 134.38 159.44 146.6 143.7 152.18
92.32 94.76 86.24 87.82 98.98 98.38 130.88 141.54 162.32 157.88 183.26 202.08 239.9 274.72 312.06 325.64 357.88 372.82 413.82 439.34 463.42 -9999 -9999 -9999 -9999 -9999 -9999 -9999 -9999 661.38 700.28 757.26 755 763.64 741.2 664.46 510.6 787.88 740.16 708.12 -9999 -9999 -9999 -9999 -9999 -9999 -9999 -9999 -9999 -9999 -9999 -9999 -9999 -9999 -9999 -9999 -9999 -9999 980.92 1417.72 1266.44 864.52 316.3 217.32 99.44 99.56 92.32 111.86 109.5 116.98 123.84 111.72 109.12 108.56
64.66 55.32 56.5 57.7 81.74 93.06 103.76 114.52 124.96 143.6 151.38 168.04 187.76 221.62 235.52 260.68 289.98 306.94 318.98 361.74 405.8 -9999 -9999 -9999 -9999 -9999 -9999 -9999 -9999 572.22 587.18 592.88 588.52 575.8 565.3 484.48 389.02 242.64 209.84 237.04 557.12 551.08 534.78 -9999 -9999 -9999 -9999 -9999 -9999 -9999 -9999 -9999 692.62 -9999 -9999 -9999 -9999 -9999 830.08 1136.52 921.92 611.46 376.92 139.34 65.88 58.22 60.54 51.24 80.78 79.1 87.04 94.62 73.78 73.14
33.76 34.58 35.3 47.76 48.06 48.28 59.38 70.58 93.8 114.52 112.04 130.58 149.08 172.14 187.04 198.84 209.34 233.52 264.08 299.1 326.26 376.46 387 427.74 445.72 -9999 -9999 -9999 -9999 -9999 477.12 472.9 463.5 450.82 426.94 363.94 261.9 188.62 148.32 155.5 162.42 231.28 271.36 282.5 284.52 471.32 477.86 503.92 -9999 557.1 500.34 296.26 183.86 175.14 675.64 686.58 706.8 722.58 492.58 405.06 450.4 478.5 299.46 142.06 54.94 19.04 29.78 50.84 50.92 50.14 58.94 67.22 56.22 55.4
22.9 23.36 23.64 35.96 24.26 48.78 48.88 60.4 72.2 82.76 80.92 101.54 110.26 128.28 150.92 163.54 175.42 194.22 217.52 248.68 266.22 296.3 326.9 345.88 352.22 359.14 376.26 403.44 -9999 400.98 382.42 373.06 353.68 344.86 309.4 247.7 198.18 148.18 106.86 105.56 122.34 161.46 190.92 211.38 223.36 271.88 312.88 344.2 337.18 363.36 305.16 168.36 74.04 72.72 70 110.02 146.38 143.2 168.5 165.3 157.8 267.2 192.4 111.82 44.94 9.36 0 20.14 40.64 40.52 39.84 38.96 38.1 37.36
11.04 11.4 11.68 11.98 24.3 24.64 24.96 24.9 49.34 60.72 71.04 80.16 77.46 85.7 94.4 116.46 128.5 150.54 178.3 192 196.98 226.48 247.3 265.96 282.48 299.12 297.22 305.96 296.68 308.1 311.04 278.04 260.62 241.24 196.8 165.92 136.74 97.72 76.82 56.82 74.26 93.58 131.64 152.32 163.56 177.26 205.44 233.88 252 248.7 198.04 98.84 54.58 40.02 29.38 38.5 94.54 74.4 64.04 80.72 82.36 103.5 72.34 50.5 35.12 0 0 0 0 20.24 20.1 19.8 19.34 28.26
9.92 0 0 10.74 11 11.32 23.12 11.78 24.08 23.88 46.68 56.78 66.42 75.4 83.2 92.48 103.92 115.38 123.94 132.12 159.1 166.8 177.58 205.54 223.4 222.16 231.9 242.36 243.98 235.98 218.22 212.14 184.4 154.34 128.18 116.32 86.38 67.14 38.32 18.66 27.54 46.1 65.3 75.42 95.3 116.84 140.18 146.54 173.26 167.82 127.08 81.94 33.52 43.6 20.98 0 47.62 35.96 53.34 61.1 50.24 41.76 24.5 24.76 25.78 0 0 0 0 0 0 10.08 19.54 19.22
0 0 0 0 0 10.38 10.82 11.3 23.36 23.26 22.66 33.14 42.98 41.86 60.88 68.68 59.36 70.34 90.02 98.78 98.46 98.58 127.68 147.28 167.06 167.28 187.46 188.6 179.9 181.06 162.46 134.3 104.98 72.84 69.64 68.34 47.88 37.92 18.96 9.32 9.02 9.1 27.74 28.06 37.82 57.76 88.56 102.54 106.88 100 45.96 11.78 10.8 33.2 10.8 0 30.28 77.7 83.92 35.42 53.54 35.44 8.66 8.34 17.16 0 0 0 0 0 0 10 19.88 29.16
0 0 0 0 0 0 0 10.76 11.2 22.64 21.92 21.4 20.88 30.46 29.6 38.14 36.96 56.42 47.12 65.12 64.94 65.9 87.46 97.32 107.54 118.36 128.82 129.52 130.26 131.02 111.84 72.46 52.56 31.26 29.98 29.48 19.2 9.52 9.46 0 0 9.26 8.94 9.12 18.66 38.16 39.04 49.96 41.98 43.76 44.36 22 10.76 22.06 77.2 0 0 88.84 75.26 26.96 82.1 46.18 9.04 0 0 0 0 0 0 0 0 9.96 9.92 19.7
0 0 0 0 0 0 0 10.24 10.72 21.78 21.26 20.74 20.18 19.6 28.52 27.7 26.8 35 26.54 34.8 43.24 45.06 47.1 58 68.24 78.34 88.52 79.16 79.24 69.88 60.52 40.92 31.48 10.44 10.02 9.78 0 0 0 0 0 0 8.96 18.12 18.1 18.62 28.68 29.52 29.92 20.28 20.58 10.22 21.14 21.72 43.22 32.34 0 19.94 57 0 18.54 37.14 9.4 0 0 0 0 0 0 0 0 9.9 9.86 19.6
0 0 0 0 0 0 0 0 10.32 10.5 10.26 10.08 9.7 9.44 18.32 17.68 17.16 16.5 24.68 16.14 24.7 26.38 36.84 47.86 58.3 58.58 58.64 58.9 49.14 39.54 29.94 30.42 10.34 0 0 0 0 0 0 0 0 0 0 0 17.9 18.32 18.62 9.7 0 0 0 0 22.1 21.64 42.16 52.34 10.44 20.1 28.54 -9999 0 9.42 18.88 28.32 18.8 0 0 0 0 0 9.94 10 19.92 19.8
0 0 0 0 0 0 0 0 0 10.14 9.8 9.54 9.28 9.02 8.74 8.52 8.22 7.86 7.46 7.46 15.84 17.22 17.98 27.86 48.58 39.02 39.18 29.5 19.7 9.94 10.02 10.18 0 0 0 0 0 0 0 0 0 0 0 0 18.18 17.98 9.24 9.84 9.9 10.26 10.18 0 25.36 25.2 24.32 57.76 64.62 20.3 -9999 -9999 -9999 0 0 9.44 28.6 28.64 9.36 0 0 10.02 39.92 40.08 30.22 29.96
0 0 0 0 0 0 0 0 0 0 0 0 0 0 0 0 0 0 0 0 0 8.38 8.6 9.18 19.06 19.32 9.84 9.96 9.82 9.94 9.96 0 0 0 0 0 0 0 0 0 0 0 0 0 9.02 18.08 9.5 9.38 9.82 9.76 20.14 10.4 10.76 24.62 24 22.62 42.78 40.28 -9999 -9999 -9999 0 0 0 19.24 0 9.54 9.5 9.42 9.92 40.14 60.38 20.18 20.2
0 0 0 0 0 0 0 0 0 0 0 0 0 0 0 0 0 0 0 0 0 0 0 0 0 0 0 0 0 0 0 0 0 0 0 0 0 0 0 0 0 0 0 9.02 9 9.32 18.58 19.24 19.28 29 19.44 19.5 20.06 23.52 0 11.2 31.9 40.16 9.86 -9999 -9999 -9999 0 0 9.64 9.72 0 19.6 19.26 19.58 49.96 60.38 20.32 30.28
0 0 0 0 0 0 0 0 0 0 0 0 0 0 0 0 0 0 0 0 0 0 0 0 0 0 0 0 0 0 0 0 0 0 0 0 0 0 9.3 0 0 9.28 9.14 9.24 9.24 9.18 9.5 18.96 18.98 18.96 18.8 18.66 18.82 19.88 22.42 10.88 20.84 20.02 39.26 0 -9999 -9999 -9999 0 0 0 0 0 19.82 29.4 29.98 40.2 40.16 30.16
0 0 0 0 0 0 0 0 0 0 0 0 0 0 0 0 0 0 0 0 0 0 0 0 0 0 0 0 0 0 0 0 0 0 0 0 0 9.48 9.48 9.48 9.48 9.48 9.36 18.18 18.14 18.76 18.82 18.84 9.72 18.8 9.5 17.8 18.12 19.14 21.44 10.46 20.12 19.92 39.62 9.74 -9999 -9999 -9999 -9999 0 9.82 9.68 0 29.72 29.86 39.54 39.8 39.7 39.9
0 0 0 0 0 0 0 0 0 0 0 0 0 0 0 0 0 0 0 0 0 0 0 0 0 0 0 0 0 0 0 0 0 0 0 0 0 0 0 9.7 9.7 9.56 18.72 27.9 18.8 18.78 18.66 18.78 18.64 18.46 9.08 8.46 17.72 18.52 9.46 9.98 9.64 19.66 29.72 29.44 0 -9999 -9999 -9999 0 39 49.02 48.96 29.54 39.06 49.18 39.14 49.34 49.34
0 0 0 0 0 0 0 0 0 0 0 0 0 0 0 0 0 0 0 0 0 0 0 0 0 0 0 0 0 0 0 0 0 0 0 0 0 0 0 9.88 29.12 28.54 37.66 28.44 18.86 19.02 9.64 9.36 18.62 9.18 0 8.64 8.72 8.86 9.38 0 9.6 9.56 19.56 39.42 9.62 0 -9999 -9999 -9999 9.8 29.12 38.88 38.9 48.82 48.8 48.96 39.08 49.34
