shamba/rasters/climate/pre_12.txt
ncols         720
nrows         360
xllcorner     -180
yllcorner     -90
cellsize      0.5
NODATA_value  -9999
[rows 33 to 65 of 360, columns 444 to 517 of 720]
-9999 -9999 -9999 -9999 -9999 -9999 -9999 -9999 -9999 -9999 -9999 -9999 -9999 -9999 -9999 -9999 -9999 -9999 -9999 -9999 -9999 -9999 270 280 270 260 250 250 260 270 250 -9999 -9999 -9999 -9999 -9999 -9999 -9999 -9999 -9999 -9999 -9999 -9999 -9999 -9999 -9999 -9999 -9999 -9999 -9999 -9999 -9999 -9999 -9999 -9999 170 170 176.54 166.62 176.54 -9999 -9999 -9999 -9999 205.08 205.08 215.02 215.02 224.8 -9999 -9999 -9999 -9999 -9999
-9999 -9999 -9999 -9999 -9999 -9999 -9999 -9999 -9999 -9999 -9999 -9999 -9999 -9999 -9999 -9999 -9999 -9999 -9999 -9999 280 290 270 260 260 260 260 260 260 -9999 -9999 -9999 -9999 -9999 -9999 -9999 -9999 -9999 -9999 -9999 -9999 -9999 -9999 -9999 -9999 -9999 -9999 -9999 -9999 -9999 -9999 -9999 -9999 -9999 170 170 180 170 180 180 190 210 -9999 -9999 210 220 240 240 -9999 -9999 -9999 260 -9999 270
-9999 -9999 -9999 -9999 -9999 -9999 -9999 -9999 -9999 -9999 -9999 -9999 -9999 -9999 -9999 -9999 -9999 -9999 -9999 301.5 301.5 291.56 281.58 271.64 261.72 261.72 271.96 272.34 -9999 -9999 -9999 -9999 -9999 -9999 -9999 -9999 -9999 -9999 -9999 -9999 -9999 -9999 -9999 -9999 -9999 -9999 -9999 -9999 -9999 -9999 -9999 -9999 -9999 179.94 179.94 179.94 180.04 189.16 179.16 199.12 199.12 209.02 -9999 -9999 -9999 238.96 238.96 248.9 -9999 258.88 268.8 280.18 280.14 290.18
-9999 -9999 -9999 -9999 -9999 -9999 -9999 -9999 -9999 -9999 -9999 -9999 -9999 -9999 -9999 -9999 -9999 -9999 302.86 282.7 292.92 282.98 283.08 283.2 283.3 273.4 283.98 274.44 -9999 -9999 -9999 -9999 -9999 -9999 -9999 -9999 -9999 -9999 -9999 -9999 -9999 -9999 -9999 -9999 -9999 -9999 -9999 -9999 -9999 -9999 -9999 -9999 179.72 179.72 179.72 179.78 190.04 190.28 188.28 188.28 208.14 218.12 227.9 227.9 237.88 237.88 247.76 -9999 257.78 267.62 278.86 280.36 290.42 290.42
-9999 -9999 -9999 -9999 -9999 -9999 -9999 -9999 -9999 -9999 -9999 -9999 -9999 -9999 -9999 -9999 -9999 -9999 -9999 324.78 314.9 284.52 284.62 284.74 294.94 295.36 285.88 286.66 287.26 -9999 -9999 -9999 -9999 -9999 -9999 -9999 -9999 -9999 -9999 -9999 -9999 -9999 -9999 -9999 -9999 -9999 -9999 -9999 -9999 169.4 169.62 179.7 179.7 179.7 189.64 189.82 190.08 200.32 198.68 207.24 217.04 226.98 226.98 236.84 236.84 246.66 256.54 256.54 266.46 277.64 279.08 280.54 290.6 300.6
-9999 -9999 -9999 -9999 -9999 -9999 -9999 -9999 -9999 -9999 -9999 -9999 -9999 -9999 -9999 -9999 -9999 -9999 -9999 -9999 -9999 -9999 -9999 316.9 296.64 307.44 297.98 298.78 288.82 288.98 267.9 -9999 -9999 -9999 -9999 -9999 -9999 -9999 -9999 -9999 -9999 -9999 -9999 -9999 -9999 -9999 -9999 -9999 -9999 169.34 179.54 179.6 179.6 189.54 189.66 199.84 200.16 210.3 210.56 216.64 216.08 226.02 -9999 245.54 245.54 245.54 255.46 265.28 266.48 267.9 289.28 290.74 290.76 310.84
-9999 -9999 -9999 -9999 -9999 -9999 -9999 -9999 -9999 -9999 -9999 -9999 -9999 -9999 -9999 -9999 -9999 -9999 -9999 -9999 -9999 -9999 -9999 -9999 -9999 -9999 -9999 -9999 -9999 -9999 -9999 -9999 268.88 278.58 278.22 267.7 -9999 -9999 -9999 -9999 -9999 -9999 -9999 -9999 -9999 -9999 -9999 -9999 -9999 -9999 179.44 179.46 189.4 189.4 199.6 199.9 210.02 210.38 210.56 209.02 215.14 224.9 -9999 244.5 234.7 244.5 264.06 265.26 266.66 278 279.42 290.98 301.1 311
-9999 -9999 -9999 -9999 -9999 -9999 -9999 -9999 -9999 -9999 -9999 -9999 -9999 -9999 -9999 -9999 -9999 -9999 -9999 -9999 -9999 -9999 -9999 -9999 -9999 -9999 -9999 -9999 -9999 -9999 -9999 -9999 -9999 280.34 279.78 279.52 268.46 267.3 255.46 243.72 242.2 231.12 230.02 209.82 -9999 -9999 -9999 -9999 -9999 169.56 179.6 179.6 189.66 199.64 199.92 210.26 210.6 220.9 221.12 221.42 237.38 234.14 -9999 234.04 243.72 253.64 254.7 265.88 267.28 278.58 290.08 301.64 301.64 321.76
-9999 -9999 -9999 -9999 -9999 -9999 -9999 -9999 -9999 -9999 -9999 -9999 349.48 308.36 297.5 286.44 338.76 -9999 -9999 -9999 -9999 -9999 -9999 -9999 -9999 -9999 -9999 -9999 -9999 -9999 -9999 -9999 -9999 -9999 -9999 -9999 258.96 268.08 256.14 254.56 243.54 232.22 231.3 220.26 209.98 209.72 209.42 199.28 -9999 -9999 -9999 189.68 189.76 210.02 210.32 220.74 221.18 231.5 231.74 231.98 230.48 245.6 -9999 262.54 262.54 253.84 265.04 266.44 277.82 289.14 290.68 302.32 312.48 322.52
-9999 -9999 382.74 382.74 371.88 381.74 381.44 -9999 -9999 -9999 -9999 -9999 360.4 288.28 298.22 359.34 -9999 -9999 -9999 -9999 -9999 344.24 313.14 313.56 345.5 -9999 -9999 335.94 325.68 315.38 315.5 326.06 325.62 314.36 313.5 281.22 269.86 278.98 267.2 266.32 254.78 243.42 232.28 231.3 220.3 219.94 209.74 209.48 199.56 199.8 209.9 209.9 -9999 220.34 220.84 221.28 231.78 232 242.42 232.58 253.08 248.88 253.72 252.14 -9999 264.32 265.68 276.98 278.4 289.84 311.48 303.02 323.2 333.3
-9999 -9999 -9999 405.3 428.4 416.38 394.34 382.72 361.36 381.38 -9999 -9999 -9999 -9999 -9999 -9999 348.96 298.6 321.3 312.62 314.26 314.6 325.24 325.82 347.06 347.4 347.72 347.7 337.18 337.14 337.16 337.08 326.26 315.22 303.92 313.34 291.3 290.2 279.1 267.66 266.06 254.78 243.58 242.56 231.46 230.46 220.12 199.84 199.82 200.08 210.04 210.18 220.4 220.88 231.38 231.92 242.42 242.72 253.1 253.32 253.66 262.06 256.7 263.16 273.4 274.76 286 277.6 289.06 290.46 302.16 313.86 323.9 334.04
-9999 -9999 -9999 393.26 395.84 398.04 400.46 389.42 377.2 396.12 -9999 383.1 381.9 298.36 308.28 297.76 307.68 307.52 319.78 322.02 324.22 336.82 337.54 337.62 358.7 358.78 358.82 358.88 358.86 358.8 348.22 348.08 337.4 326.48 315.36 314.18 313.02 291.92 291.02 279.2 267.34 276.5 254.84 253.9 252.78 241.52 230.54 210.24 189.96 210.18 220.22 230.54 231.08 231.54 242.16 242.54 253.08 253.46 253.6 253.56 253.62 273.98 281.48 -9999 -9999 275.54 286.74 288.24 289.74 291.12 312.84 324.66 324.7 334.84
-9999 -9999 -9999 402.06 415.26 396.94 377.88 390.06 -9999 -9999 -9999 326.42 325.22 321.9 308.4 317.08 327.06 326.88 337.84 340.46 342.98 355.98 357.66 368.32 358.18 369.06 380.24 380.6 380.66 380.62 359.38 359.28 359.02 348.2 316.4 315.4 314.98 304.14 302.84 301.1 278.96 288.04 276.58 265.2 254 242.78 231.68 220.68 200.24 210.36 220.62 231.18 241.72 232.06 242.56 243 243.18 253.5 253.66 263.92 263.98 284.9 -9999 -9999 280.76 288.12 287.42 298.82 300.34 311.86 313.54 325.3 325.38 335.58
-9999 390.32 -9999 -9999 403.2 405.92 407.74 378.06 369.16 360.2 351.28 352.86 339.14 346.32 343.2 339.94 337.04 347.08 346.98 359.1 351.6 374.74 376.02 377.32 387.84 387.88 387.96 388.6 399.58 379.12 379.52 379.94 358.98 348.8 337.7 336.78 336.88 336.46 313.82 301.74 300.44 289.14 277.76 266.44 255.16 243.9 242.94 241.84 230.74 230.7 241.28 241.64 242.04 242.46 252.88 253.44 253.56 274.12 274.34 264.28 -9999 275.46 275.76 285.88 284.86 283.04 290.84 289.56 300.98 312.56 314.3 326.04 326.18 336.34
429.64 420.62 411.6 411.58 401.66 414.34 406.14 397.52 399.16 390.06 381 382.24 380.64 368.8 367.56 365.3 361.9 368.74 367.14 377.68 380.54 392.8 394.22 396.04 407.1 407.1 407.22 417.68 407.26 397.36 408.22 398.28 388.48 377.4 355.44 343.8 344.12 334.12 322.74 310.52 299.14 287.76 276.36 275.34 274.34 273.28 272.24 251.16 250.66 251.24 251.62 252.08 262.54 263.04 273.68 274.12 274.32 274.46 284.84 284.9 275.46 276.12 286.68 286.62 286.36 285.46 294.7 293.64 301.76 313.42 314.94 326.78 326.92 337.34
458.12 459.82 441.16 431.32 420.58 401.3 413.76 415.88 407.1 408.8 399.4 411.1 399.24 397.82 386.04 384.7 383.38 382.08 380.4 387.2 409.1 410.74 412.16 413.76 415.8 426.16 426.18 426.2 426.28 426.24 426.78 427.52 405.78 383.88 362.14 360.92 349.62 339.74 318.48 297.3 286.46 275.28 284.32 293.36 272.12 281.1 270.38 260.54 261.68 272.16 272.18 272.58 273.08 273.52 274.04 274.42 284.78 285.08 285.16 285.28 286.32 297.22 287.4 297.66 297.38 307.5 296.3 295.74 296.06 304.56 315.7 317.32 327.64 338.4
478.34 469.54 450.04 439.42 419.42 409.52 409.98 411.64 413.06 414.38 426.04 427.32 426.28 414.48 392.56 380.92 389.94 388.78 397.96 407.4 407.2 407.34 418.94 420.32 422.68 434.18 434.14 434.2 444.46 444.52 445.2 433.76 422.06 400.38 378.84 326.22 314.56 314.56 303.88 303.46 303.28 293.08 292.12 281.1 280.32 279.5 280.34 280.96 273.04 283.26 272.76 283.24 283.58 284.14 284.58 285.02 285.26 295.62 295.7 296.44 297.22 287.66 308.72 308.66 308.42 308.2 308.02 307.02 317.1 307.2 307.4 307.68 328.64 317.98
448.62 447.84 447.74 437.98 418.02 418.6 418.92 429.52 419.84 441.36 442.18 443 432.16 420.9 409.6 408.62 397.56 407.48 407.12 407.46 417.7 415.96 434.9 436.34 448.9 451.12 461.84 461.9 472.2 472.22 461.48 470.6 438.34 396.28 364.42 332.52 321.1 319.86 319.42 309.16 309.12 289.26 299.44 289.56 289.26 290.02 290.8 292.28 304.98 304.76 283.66 293.98 294.36 294.72 295.18 295.56 295.82 296 296.22 297.08 308.16 298.56 299.18 309.42 309.16 309.08 308.84 308.6 317.86 318.06 308.12 309.3 318.3 328.24
438.68 458.12 457.36 436.88 417.2 417.96 438.9 438.74 428.42 428.4 439.68 450.66 439.88 428.68 428.26 417.78 417.4 417.02 407.16 428.58 428.22 426.38 434.78 443.06 454.02 456.66 468.72 478.88 478.76 489.2 498.4 476.28 454.92 423.18 380.96 359.06 347.46 325.78 304.96 314.98 295.54 305.64 296 297.48 289.28 290.54 301.22 314 316.72 305.82 294.8 304.68 305 305.54 305.88 306.2 306.44 306.58 297.12 308.16 308.78 309.54 310.34 310.22 309.94 309.84 319.82 319.68 319.5 319.48 310.74 322.4 318.62 328.52
448 447.08 456.38 456.44 456.58 457.32 447.46 447.58 447.74 437.7 427.48 438.36 438.66 438.2 437.9 417.14 426.98 416.98 428.2 439.08 438.66 436.82 434.96 443.2 461.7 471.84 474.18 485.46 495.52 495.64 484.04 471.92 450.72 419.84 378.26 356.78 335.78 334.62 314.12 304.26 294.32 294.64 296.16 307.66 309.32 301.28 322.92 325.78 328.28 317.22 316.42 305.46 315.82 316.3 306.54 306.78 306.82 307.42 308.12 298.5 309.58 320.58 310.98 321.3 321.14 320.94 320.72 321.42 322.18 323.32 324.52 325.34 311.32 328.72
446.16 465.84 465.68 475.88 455.76 445.34 455.82 435.78 436.2 447.18 448.12 438.96 438.12 437.58 437.28 426.7 426.82 438.1 439.28 439.4 438.98 447.3 445.38 453.6 461.78 481.08 490.2 491.52 501.88 501.78 479.48 467.54 446.12 415.68 385.94 365.68 344.82 333.8 313.56 293.84 294.72 296.22 297.84 300.2 302.52 314.5 325.5 337.64 339.84 338.98 317.6 316.84 316.58 316.88 317.32 317.5 307.32 308.08 308.78 319.84 320.58 321.48 322.16 322.1 322.12 322.92 323.6 324.34 325.66 316.46 317.34 328.18 324.64 319.94
434.4 433.82 433.74 434 464.36 444.3 444.72 435.8 436.82 437.88 438.88 449.28 437.98 437.1 446.82 436.7 437.74 438.84 439.78 439.58 449.44 447.6 455.82 453.9 472.04 480.8 480.24 499.06 508.16 488.28 495.7 474.5 443.46 412.46 382.92 343.64 333.9 323.22 313 294.94 297.22 289.5 291.74 304.1 306.4 317.4 328.54 350.1 351.44 329.92 329.04 318.02 327.46 317.64 318.02 307.92 308.3 308.9 309.58 320.46 321.28 322.06 323.32 324.3 325.02 325.74 326.52 327.9 318.6 319.94 320.38 320.4 327.46 322.8
451.34 421.98 431.98 432.72 463.92 454.94 435.66 436.64 427.64 438.76 439.74 438.84 448.08 446.98 446.56 447.52 438.56 429.56 430.34 430.08 450.3 458.72 467.1 475.5 483.54 481.98 501.48 511.14 511.46 508.12 493.58 472.42 442.04 411.16 370.62 341.38 322 313.56 295.44 297.72 300 302.34 304.62 306.94 318.54 329.68 330.54 352.1 342.12 331.2 330.32 329.4 328.6 328.42 308.34 308.44 309.12 309.72 310.36 321.3 322.72 334.84 336.6 337.7 338.46 328.74 330.14 331.46 322.18 323.26 323.34 312.58 319.88 325.84
457.66 429.44 460.48 452.3 454.22 455.56 436.24 416.96 417.84 419.32 429.44 438.72 437.68 457.38 457.56 438.84 430.2 431.82 432.12 432.04 452.34 450.48 459.08 467.4 485.88 504.02 513.92 525.04 525.3 521.54 486.82 463.24 432.08 401.54 361.4 341.98 314.74 297.1 297.8 299.42 291.22 293.38 285.36 297.32 308.54 319.7 331.02 331.98 331.96 331.58 321.2 331.12 330.2 319.1 309.04 309.34 309.94 320.94 322.42 323.96 325.54 337.76 328.84 330 341.58 332.28 333.72 324.24 325.66 326.1 304.52 304.62 312.12 318.38
444.86 427.7 458.42 459.18 471.1 463 454.76 446.5 417.74 409.02 439.36 449.12 458.68 447.62 448.18 459.84 451.22 442.34 432.48 443.14 443.32 452.46 471.4 479.7 498.16 507.1 517.76 529.48 540.02 526.82 502.82 469.4 437.44 395.86 364.42 336.24 308.32 290.06 290.68 291.6 293.2 294.92 297 298.04 298.86 310.04 321.22 311.66 311.48 310.82 310.76 321.08 321.02 310.22 310 310.7 322.6 324.1 325.66 327.16 318.08 330.18 331.72 333.12 334.46 335.88 337.24 316.86 318.02 307.08 307.18 318.24 315.22 300.02
462.86 455.8 466.46 467.1 457.92 459.78 441.68 443.76 445.84 436.54 449.24 448.74 448.4 458.06 458.94 460.66 451.86 432.22 432.62 443.28 453.74 452.56 462.02 481.72 492.04 513.24 524.42 525.42 546.18 543.74 519.56 476.32 444.9 404.4 373.66 332.78 302.06 282.9 283.56 284.22 285.5 287.1 288.12 288.42 289.2 300.34 301.14 291.58 301.6 300.76 300.46 310.78 310.7 300.52 302.22 313.94 315.62 317.3 318.9 331.24 332.96 334.6 346.64 336.66 327.4 328.36 329.52 319.72 320.26 309.28 309.34 309.48 306.52 313.22
490.78 473.56 484.2 465.06 476.04 467.28 449.62 451.76 453.42 433.12 446.28 458.66 468.58 467.9 468.96 460.9 463 443.22 454.16 455.04 445.42 455.06 464.5 475.26 486.16 497.14 528.88 539.94 560.18 559.22 534.5 500.32 459.6 418.94 367.24 335.66 284.28 275.88 286.5 287.16 277.54 279.08 279.34 279.6 290.34 280.32 281.04 281.76 281.3 290.86 290.2 301.24 291.7 292.34 306.2 306.94 297.54 309.46 310.96 312.58 324.86 337.24 337.66 338.38 329.62 331.16 321.3 322.42 333.5 322.36 311.28 299.88 306.76 301.6
478.08 491.18 482.88 483.8 475.1 476.16 457.46 469.98 450.06 450.52 463.98 467.6 469.48 479.94 481.1 473.28 454.66 445.62 457.02 447.76 448.54 447.5 468.84 479.78 489.78 499.14 518.92 519.68 531.92 544.34 520.22 506.02 472.1 440.86 389.18 336.48 286.06 288.7 289.36 279.3 279.84 279.9 280.06 280.42 280.78 270.78 271.26 261.24 271.22 281.56 281.66 282.14 293.3 305.2 309.82 299.84 300.66 301.54 302.82 304.1 316.32 317.04 317.66 329 319.94 321.96 323.54 324.12 335.16 323.94 323.6 320.2 316.34 311.4
472.54 480.08 481.24 475.46 466.74 468.02 468.42 470.06 448.9 459.28 462.72 466.18 480.22 481.74 483.62 475.78 456.74 468.4 459.08 449.6 439.2 438.34 458.62 468.14 477.54 476.42 485.6 498.06 522.86 527.18 525.7 512.04 498.12 464.54 422.78 361.3 318.7 312.16 292 282.1 282.1 270.78 270.7 270.86 271.3 271.9 261.84 273.1 273.12 283.74 294.24 294.5 295.14 297.9 280.98 281.76 293.22 293.86 294.42 295.6 307.34 307.74 308.32 319.76 332.3 334.48 325.34 337.06 336.92 336.54 321.94 307.44 326.5 314.42
493.56 489.68 491.08 482.92 477.32 478.62 468.98 450.08 449.4 439.76 452.58 465.52 478.9 492.84 485.5 488.56 479.2 468.96 458.68 448.04 435.76 446.62 445.46 444.62 454.28 474.26 484.42 477.74 491.94 506.56 519.26 517.5 503.82 500.48 457.92 397.62 355.76 325.46 305.14 284.82 284.04 272.58 271.74 272.16 272.82 262.76 273.36 275.1 274.98 274.98 285.76 285.86 286.4 279.58 273.3 273.98 274.52 286.18 286.7 286.88 298.02 298.56 299.16 310.66 322.84 324.72 326.24 327.1 338.52 323.94 320.38 317.74 316.16 306.1
485.5 489.66 481.38 491.86 474.48 477.06 469.92 461.5 460.8 451.84 454.54 457.4 460.12 472.46 486.52 467.58 456.78 446.34 446.48 444.26 442.64 434.46 433.02 442.26 441.22 451.24 452.72 467.16 461.02 475.28 500.16 509.78 508.72 495.58 464.58 413.3 361.96 327.2 307.94 286.74 275.34 264.06 263.42 252.6 253 253.5 254.64 277.42 277.62 287.54 287.68 277.1 267.02 271.58 265.08 265.74 266.32 266.92 278.44 278.26 289.2 289.36 289.82 301.42 313.32 326.42 327.38 316.58 336.76 322.38 309.1 318.2 294.74 307.66
476.66 469.18 470.36 462.26 462.86 454.34 457.2 441.08 452.1 443.42 445.76 447 458.44 462.5 466.08 456.86 456.18 445.44 432.68 430.24 418.68 431.78 430.78 429.68 429.2 450.94 452.78 456.26 449.36 464.42 468.54 469.18 467.9 468.32 438.76 408.28 355.94 318.24 299.86 288.52 277.34 255.76 255.02 254.44 265.04 255.04 267.56 279.68 279.58 278.86 288.8 277.8 270.22 263.28 256.5 257.5 258 269.72 280.76 269.5 280.5 280.48 291.54 292.08 303.72 316.64 317.02 314.26 301.14 311.52 309.66 296.62 295.08 286.08
476.64 468.1 469.24 481.12 472.1 440.82 444.76 438.26 429.02 421.12 423.3 424.94 438.18 452.4 445.74 446.26 445.6 433.04 430.22 417.08 415.32 428.06 418.72 417.58 428.78 439.16 440 443.7 447.56 452.08 445.7 437.12 437.08 428.28 409.48 391.1 349.56 302.86 291.06 269.26 268.92 257.76 267.78 256.1 255.2 245.8 247.16 258.66 269.08 279.08 277.84 269.12 262.3 255.52 247.9 248.84 249.32 260.52 271.84 260.6 271.7 271.62 282.86 282.68 294.1 294.9 303.94 290.94 300.4 288.14 287.92 274.98 284.6 275.38
