shamba/rasters/climate/pre_10.txt
ncols         720
nrows         360
xllcorner     -180
yllcorner     -90
cellsize      0.5
NODATA_value  -9999
[rows 66 to 98 of 360, columns 600 to 674 of 720]
205.84 217.22 219.22 242.32 264.44 286.52 308.74 320.18 353.04 374.54 374.64 384.74 383.56 380.84 365.32 351.5 352.18 342.5 343.38 353.56 354.06 364.82 364.98 373.64 391.04 408.14 426.14 444.7 463.64 462.44 481.04 488.5 513.76 524.86 570.54 627.48 689.6 685.22 -9999 -9999 -9999 -9999 -9999 -9999 -9999 -9999 -9999 -9999 -9999 -9999 -9999 -9999 -9999 -9999 -9999 -9999 -9999 -9999 -9999 -9999 -9999 -9999 -9999 -9999 -9999 -9999 -9999 -9999 -9999 -9999 -9999 -9999 878.06 857.2 837.06
196.5 197.94 210.28 244.14 255.86 267.3 289.42 300.9 312.22 335.76 347.02 346.58 367.96 355.16 350.16 345.62 354.48 344.72 355.44 365.74 356.1 367.48 378.68 398.54 406.92 415.34 433.9 462.58 471.34 510.96 529.5 535.74 540.82 555.58 618.4 687.66 669.6 -9999 -9999 -9999 -9999 -9999 -9999 -9999 -9999 -9999 -9999 -9999 -9999 -9999 -9999 -9999 -9999 -9999 -9999 -9999 -9999 -9999 -9999 -9999 -9999 -9999 -9999 -9999 -9999 -9999 -9999 -9999 -9999 -9999 -9999 953.74 921.68 920.56 902.08
197.78 199.44 211.8 235.24 247.02 258.38 259.12 281.54 294.3 295.34 318.48 328.64 327.86 349.64 345.32 340.64 346.72 347.04 347.12 368.26 368.76 380.68 394.4 405.36 413.98 443.66 462.58 491.76 520.62 539.86 567.24 582.9 607.66 611.64 594.06 -9999 -9999 -9999 -9999 -9999 -9999 -9999 -9999 -9999 -9999 -9999 -9999 -9999 -9999 -9999 -9999 -9999 -9999 -9999 -9999 -9999 -9999 -9999 -9999 -9999 -9999 -9999 -9999 -9999 -9999 -9999 -9999 -9999 -9999 -9999 -9999 995.2 985.1 965.72 938.7
188.86 200.82 202.82 226.14 227.08 227.82 239.48 263.14 274.3 284.66 295.04 318.2 330.88 341.42 338.48 346.04 341.72 359.94 370.7 371.22 372.64 395.48 398.92 412.24 442.54 461.52 490.9 520.04 548.88 576.84 604.24 640.3 552.58 -9999 575.46 608.46 -9999 -9999 -9999 -9999 -9999 -9999 -9999 -9999 -9999 -9999 -9999 -9999 -9999 -9999 -9999 -9999 -9999 -9999 -9999 -9999 -9999 -9999 -9999 -9999 -9999 -9999 -9999 -9999 -9999 -9999 -9999 -9999 -9999 -9999 -9999 1037.94 1020.2 1020.22 1003.56
169.88 192.2 204.22 216.96 207.2 229.8 220.08 242.1 253.12 262.98 272.76 295.94 307.62 308.88 325.48 334.8 343.98 363.72 352.48 364.4 387.2 388.96 403.26 427.42 448.88 468.08 486.98 527.3 566.62 614.32 683.3 490.78 529.18 546.44 583.8 661.28 633.28 -9999 -9999 -9999 -9999 -9999 -9999 -9999 -9999 -9999 -9999 -9999 -9999 -9999 -9999 -9999 -9999 -9999 -9999 -9999 -9999 -9999 -9999 -9999 -9999 -9999 -9999 -9999 -9999 -9999 -9999 -9999 -9999 -9999 -9999 1070.74 1060.02 1064.22 1047.88
172 183.7 184.6 207.8 209 198.7 220.72 220.82 231.44 241.56 241.4 264.72 277.42 282.62 294.52 313.76 312.5 326.04 341.1 354.16 378.94 392.82 418.22 420.64 456.32 475.16 504.8 545.64 573.08 588.98 615.5 654.82 650.82 646.94 576.56 582.06 -9999 627.06 710.82 713.56 680.38 -9999 -9999 -9999 709.18 763.1 -9999 -9999 -9999 -9999 -9999 -9999 -9999 -9999 -9999 -9999 -9999 -9999 -9999 -9999 -9999 -9999 -9999 -9999 -9999 -9999 -9999 -9999 -9999 -9999 -9999 1096.44 1110.9 1100.96 1101.44
163.12 163.6 186.16 197.8 187.66 198.98 198.86 198.62 198.78 231.92 231.74 243.14 267.62 268.02 254.32 274.88 297.14 312.64 316.58 330.22 354.04 370.14 397.92 412.68 438.3 472 490.7 508.22 513.4 540.1 580.18 620.3 626.44 640.1 568.6 605.68 672.78 678.2 684.98 703.92 726.66 692.44 -9999 -9999 -9999 775.86 -9999 -9999 -9999 -9999 -9999 -9999 -9999 -9999 -9999 -9999 -9999 -9999 -9999 -9999 -9999 -9999 -9999 -9999 -9999 -9999 -9999 -9999 -9999 -9999 -9999 1150.54 1132.74 1132.16 1126.44
162.82 173.9 163.54 175.46 176.12 187.3 187.44 187.8 199.3 210.76 233.08 232.92 255.22 254.9 247.56 263.54 277.18 301.04 313.7 328.66 341.02 367.06 383.64 399.46 426.72 442.44 473.7 480.6 508.24 536.42 566.04 593.94 598.68 587.68 602.8 629.64 645.76 671.66 687.22 713.86 730.24 747.62 740.18 733.58 755.66 789.84 792.8 -9999 -9999 -9999 -9999 -9999 -9999 -9999 -9999 -9999 -9999 -9999 -9999 -9999 -9999 -9999 -9999 -9999 -9999 -9999 -9999 -9999 -9999 -9999 -9999 -9999 1145.02 1163.16 1175.22
142.84 152.22 163.72 164.34 164.62 175.72 186.9 176.38 187.92 199.42 222.18 233.84 243.06 248.2 252.52 248.56 269.48 294.04 307.38 320.5 331.32 362.86 389.12 393.94 420.92 414.92 440.46 470.8 488.96 498.02 527.58 553.04 556.16 557.58 585.14 612.18 649.22 673.82 697.28 710.04 723.44 737.06 732.38 749.98 761.7 805.54 848.5 -9999 -9999 -9999 -9999 -9999 -9999 -9999 -9999 -9999 -9999 -9999 -9999 -9999 -9999 -9999 -9999 -9999 -9999 -9999 -9999 -9999 -9999 -9999 -9999 -9999 1156.96 1173.98 1203.58
146.32 152.54 153.22 153.64 153.56 175.38 175.54 175.98 187.46 199 210.5 221.98 234.08 230.22 247.6 255.68 263.52 285.8 288.86 312.92 333.66 342.48 362.1 387.2 381.44 396.82 410.82 435.54 456.48 484.44 511.54 505.72 509.94 535.4 561.24 596.66 631.4 655.02 688.08 701.32 711.98 725.8 726.54 735.04 787.56 815.4 848.4 -9999 -9999 -9999 -9999 -9999 -9999 -9999 -9999 -9999 -9999 -9999 -9999 -9999 -9999 -9999 -9999 -9999 -9999 -9999 -9999 -9999 -9999 -9999 -9999 -9999 1257.3 1172.14 1202.22
150.1 156.56 142.6 142.96 164.82 164.76 175.74 175.86 186.98 187.34 198.7 210.08 222.36 222.82 243.36 251.9 259.92 288.9 302.1 310.78 330.12 338.92 348.2 350.78 363.8 378.04 402.68 418.94 453.52 458.68 485.3 489.74 505 517.4 544.04 589.56 613.58 646.64 690.86 709.54 724 733.76 778.82 773.12 825.92 873.64 901.66 -9999 -9999 -9999 -9999 -9999 -9999 -9999 -9999 -9999 -9999 -9999 -9999 -9999 -9999 -9999 -9999 -9999 -9999 -9999 -9999 -9999 -9999 -9999 -9999 -9999 -9999 1170.3 1184.52
154.16 149.26 144.2 143.12 154.04 165.08 165.16 176.12 165.14 176.08 187.02 198.44 210.56 222.56 245.16 254.76 274.76 294.44 302.52 309.04 306.62 315.44 335.08 338.02 349.16 359.04 395.96 401.56 426.8 453.9 469.42 473.92 499.44 511.2 535.64 581.7 614.86 651 696.64 716.14 746.34 754.2 -9999 -9999 868.88 896.48 934.76 -9999 -9999 -9999 -9999 -9999 -9999 -9999 -9999 -9999 -9999 -9999 -9999 -9999 -9999 -9999 -9999 -9999 -9999 -9999 -9999 -9999 -9999 -9999 -9999 -9999 -9999 1149.46 1193.34
143.24 150.92 134.9 142.02 142.2 153.52 164.9 165.24 165.24 176.3 187.24 198.5 210.06 221.88 245.08 254.88 274.84 272.52 291.76 309.42 315.98 323.98 311.7 334.48 346.3 346.44 368.44 395.1 420.28 449.12 453.94 469.56 503.98 515.36 547.38 579.34 634.98 670.24 707.2 717.92 748.1 775.12 -9999 -9999 895.38 919.46 933.2 980.68 -9999 -9999 -9999 -9999 -9999 -9999 -9999 -9999 -9999 -9999 -9999 -9999 -9999 -9999 -9999 -9999 -9999 -9999 -9999 -9999 -9999 -9999 -9999 1377.18 1359.3 1344.36 -9999
143.54 139.66 135.52 142.38 150.76 151.08 162.3 151.8 162.92 174.18 185.46 197.18 209.02 221.06 233.22 243.66 263.16 271.34 290.28 297.7 303.66 322.08 310.16 323.06 343.1 344.44 367.08 389.54 424.04 444.34 470.08 496.58 508.4 527.72 547.36 611.22 657.4 693.86 714.9 745.22 785.38 783.22 -9999 -9999 902.78 934.52 948.16 995.24 -9999 -9999 -9999 -9999 -9999 -9999 -9999 -9999 -9999 -9999 -9999 -9999 -9999 -9999 -9999 -9999 -9999 -9999 -9999 -9999 -9999 -9999 1411.26 1270.8 1411.16 -9999 -9999
131.68 139.82 147.42 143.24 149.62 138.06 148.98 149.24 160.12 171.06 192.62 193.32 204.8 216.4 229.92 240.98 270.56 269.06 288.44 317.1 323.24 320.4 330.18 332.68 329.44 351.8 363.86 386.44 408.12 450.04 475.92 499.32 528.74 550.96 595.24 636.68 681.14 711.08 742.72 792.74 812.9 -9999 -9999 -9999 919.94 957.42 972.94 999.58 1076.44 -9999 -9999 -9999 -9999 -9999 -9999 -9999 -9999 -9999 -9999 -9999 -9999 -9999 -9999 -9999 -9999 -9999 -9999 -9999 -9999 1508.04 1453.08 -9999 -9999 -9999 -9999
131.9 151.7 136.28 143.42 149.82 135.14 156.06 166.62 156.36 177.36 177.62 178.32 189.7 213.94 238.4 249.24 257.44 275.14 294.04 302.7 333.22 319.52 329.66 329.32 336.76 358.9 381.26 403.78 424.42 453.26 488.74 519.84 543.08 589.06 632.1 662.96 707.7 738.94 779.7 820.78 851.82 -9999 -9999 -9999 926.36 963.5 997.86 1017.92 1047.96 -9999 -9999 -9999 -9999 -9999 -9999 -9999 -9999 -9999 -9999 -9999 -9999 -9999 -9999 -9999 -9999 -9999 -9999 -9999 -9999 1522.64 -9999 -9999 -9999 -9999 -9999
153.58 138.78 135.24 131.62 149.4 144.68 142.2 152.48 162.88 163.22 184.48 185.62 209.4 223.28 236.46 257.58 255.88 273.78 291 309.48 320.78 318.8 318.8 336.08 353.94 375.94 398.66 422.76 439.66 465.44 511.04 535.12 561 615.38 637.66 691.08 717.52 756.54 797.1 836.56 878.02 -9999 -9999 953.04 960.7 980.2 -9999 -9999 -9999 -9999 -9999 -9999 -9999 -9999 -9999 -9999 -9999 -9999 -9999 -9999 -9999 -9999 -9999 -9999 -9999 -9999 -9999 -9999 -9999 -9999 -9999 -9999 -9999 -9999 -9999
150.24 158.06 154.64 152.44 149 154.84 159.9 158.94 169.04 169.68 182 185.3 208.18 211.66 244.8 244.54 253.94 272.94 280.16 309.46 307.66 308.12 327.36 342.88 361.34 374.58 407.92 427 453.46 489.24 526.66 560.32 593.34 618.3 662.34 689.36 732.36 757.06 793.52 823.48 835.56 -9999 -9999 -9999 989.82 1057.46 -9999 -9999 -9999 -9999 -9999 -9999 -9999 -9999 -9999 -9999 -9999 -9999 -9999 -9999 -9999 -9999 -9999 -9999 -9999 -9999 1674.72 -9999 -9999 -9999 -9999 -9999 -9999 -9999 -9999
158 154.64 152.32 150.22 147.34 164.16 159.58 164.88 165.22 167.88 181.54 196.26 197.94 230.98 242.52 253 273.88 282.26 291.3 289.62 308.6 317.14 324.82 341.68 361.64 394.06 413.24 452.98 489.34 505.48 536.06 556.98 600.12 642.84 666.7 698.98 731.74 754.86 790.82 -9999 -9999 -9999 -9999 -9999 998.54 1080.58 -9999 -9999 -9999 -9999 -9999 -9999 -9999 -9999 -9999 -9999 -9999 -9999 -9999 -9999 -9999 -9999 -9999 -9999 -9999 -9999 -9999 -9999 -9999 -9999 -9999 -9999 -9999 -9999 -9999
165 152.62 160.42 147.7 155.18 151.34 157.2 162.7 173.04 167.34 171.38 184.88 196.44 228.28 249.06 260.58 281.94 290.46 299.9 298.14 306.5 326.26 334.12 351.7 370.82 400.44 429.9 479.28 495.12 524.1 545.98 584.5 610.76 628.4 664.82 711.26 735.1 757.52 761.2 -9999 -9999 -9999 -9999 -9999 981.6 1001.6 -9999 -9999 -9999 -9999 -9999 -9999 -9999 -9999 -9999 -9999 -9999 -9999 -9999 -9999 -9999 -9999 -9999 -9999 1764.34 -9999 -9999 -9999 -9999 -9999 -9999 -9999 -9999 -9999 -9999
171.76 171 158.04 155.22 162.44 158.7 154.98 161.58 171.58 164.12 167.2 179.1 202.28 235.38 244.52 262.16 263.2 283.06 293.54 304.24 326 335.66 333.26 350.86 388.36 425.1 454.8 474.52 521.44 530.4 559.12 578.34 594.98 638.22 659.88 716.4 747.18 -9999 -9999 -9999 -9999 -9999 -9999 1057.48 984.72 988.7 975.56 -9999 -9999 -9999 -9999 -9999 -9999 -9999 -9999 -9999 -9999 -9999 -9999 -9999 -9999 -9999 -9999 1791.98 -9999 -9999 -9999 -9999 -9999 -9999 -9999 -9999 -9999 -9999 -9999
146.04 155.34 165.06 173.36 160.5 166.44 173.1 160.56 171.06 172.62 174.72 187.64 220.48 232.9 251 267.82 264.9 285.12 298.56 303.04 326.26 335.04 342.82 381.3 418.72 443.42 457.86 506.82 526.72 545.9 553.32 583.84 601.94 627.62 667.18 726.52 743.06 -9999 -9999 -9999 -9999 -9999 -9999 1074.12 1047.66 -9999 1170.32 -9999 -9999 -9999 -9999 -9999 -9999 -9999 -9999 -9999 -9999 -9999 -9999 -9999 1672.88 -9999 -9999 -9999 -9999 -9999 -9999 -9999 -9999 -9999 -9999 -9999 -9999 -9999 -9999
142.94 151.18 161.24 170.3 168.22 164.64 181.54 168.86 170.32 190.7 183.64 206.18 228.48 230.92 259.48 267.6 275.82 295.4 288.72 303 326.12 344.58 372.24 391.34 428.66 473.66 497.94 503.24 525.3 548.4 555.68 583.58 611.36 636.84 687.48 732.14 -9999 -9999 -9999 -9999 -9999 -9999 -9999 -9999 1164.56 -9999 -9999 -9999 -9999 -9999 -9999 -9999 -9999 -9999 -9999 -9999 -9999 -9999 -9999 1584.8 1679.32 -9999 -9999 -9999 -9999 -9999 -9999 -9999 -9999 -9999 -9999 -9999 -9999 -9999 -9999
141.14 147.68 167.42 178.08 177.38 182.44 187.06 193.88 187.86 199.5 202.12 235.24 237.44 258 278.22 286.76 296.26 308.06 310.98 313.48 335.26 354.02 382.28 431.58 458.68 495.72 519.56 536.9 536.22 549.16 570.98 600.38 614.46 660.04 723.78 -9999 -9999 -9999 -9999 -9999 -9999 -9999 -9999 1256.5 1204.4 -9999 -9999 -9999 -9999 -9999 -9999 -9999 -9999 -9999 -9999 1365.16 1512.64 1566.8 -9999 -9999 -9999 -9999 -9999 -9999 -9999 -9999 -9999 -9999 -9999 -9999 -9999 -9999 -9999 -9999 -9999
159.04 164.36 174 176.18 186.36 191.22 195.44 190.9 211.14 214.96 232.42 255.44 285.66 285.76 287.38 288.74 297.92 300.64 314.42 316.1 334.78 362.76 399.08 443.44 499.98 539.06 551.92 551.26 550.82 559.88 583.06 594.96 631.72 745.58 -9999 -9999 -9999 -9999 -9999 -9999 -9999 -9999 -9999 1320.02 1214.38 1140.78 -9999 -9999 -9999 -9999 -9999 -9999 -9999 -9999 1448.62 1483.16 -9999 -9999 -9999 -9999 -9999 -9999 -9999 -9999 -9999 -9999 -9999 -9999 -9999 -9999 -9999 -9999 -9999 -9999 -9999
147.92 163.46 173.02 174.94 185.98 199.94 213.04 217.6 236.08 249.56 282.48 284.24 314.92 316.48 318 309.2 299.96 293.8 318.44 338 355.84 381.62 431.36 487.44 559.08 566.36 567.68 578.76 590.06 581.64 573.82 600.52 739.02 -9999 -9999 -9999 -9999 -9999 -9999 -9999 -9999 -9999 -9999 1332.6 1186.8 1066.44 964.44 1301.7 1319.26 -9999 1362.82 1349.46 1387.56 1438.12 -9999 -9999 -9999 -9999 -9999 -9999 -9999 -9999 -9999 -9999 -9999 -9999 -9999 -9999 -9999 -9999 -9999 -9999 -9999 -9999 -9999
157.34 173.58 181.5 194.06 206.2 230.18 232.94 255.44 273.72 281.74 312.26 324.2 335.82 337.36 338.94 320.54 300.94 306.44 309.24 339.18 366 428.52 487.94 542.98 547.8 573.92 594.14 604.96 609.02 614.22 629.72 -9999 -9999 -9999 -9999 -9999 -9999 -9999 -9999 -9999 -9999 -9999 1166.56 1247.68 1119.06 1027.66 1018.04 930.48 945.58 1023.66 1406.76 1406.04 -9999 1427.54 -9999 -9999 -9999 -9999 -9999 -9999 -9999 -9999 -9999 -9999 -9999 -9999 -9999 -9999 -9999 -9999 -9999 -9999 -9999 -9999 -9999
158.12 183.82 198.86 211.42 224.52 252.74 264.42 287.36 305.8 333.72 329.68 340.78 353.3 356.14 348.92 331.62 303.36 306.18 319.78 339.58 404.74 456.14 511.48 571.42 586.94 601.38 625.62 640.66 655.96 671.3 735.98 -9999 -9999 -9999 -9999 -9999 -9999 -9999 -9999 -9999 1097.78 1308.76 1225.58 1122.16 1072.64 1047.92 999.32 1026.38 1036.28 1065.76 1144.12 1457.4 -9999 -9999 -9999 -9999 -9999 -9999 -9999 -9999 -9999 -9999 -9999 -9999 -9999 -9999 -9999 -9999 -9999 -9999 -9999 -9999 -9999 -9999 -9999
180.54 204.2 209.22 238.92 251.26 294.24 316.94 330.96 349.76 350.66 375.8 380.02 359.94 372.6 355.76 348.68 332.46 346.32 340.06 367.64 409.06 467.56 532.26 584.52 612.02 650.72 675.96 701.12 726.54 -9999 -9999 -9999 -9999 -9999 -9999 -9999 -9999 -9999 -9999 1107.28 1253.44 1244.2 1168.74 1089.76 1057.56 1097.5 1146.8 1215.54 1404.38 1451.38 -9999 -9999 -9999 -9999 -9999 -9999 -9999 -9999 -9999 -9999 -9999 -9999 -9999 -9999 -9999 -9999 -9999 -9999 -9999 -9999 -9999 -9999 -9999 -9999 -9999
213.5 207.26 239.74 257.86 297.38 310.86 351.6 375.96 379.72 397.42 392.92 400.02 388.34 389.14 372.98 367.42 402.18 396.78 411.26 405.56 455.7 570.56 -9999 -9999 -9999 -9999 -9999 -9999 -9999 -9999 -9999 -9999 -9999 -9999 -9999 -9999 -9999 -9999 1090.96 1140.64 1141.06 1230.06 1274.16 -9999 1327.16 1128.62 1474.42 -9999 -9999 -9999 -9999 -9999 -9999 -9999 -9999 -9999 -9999 -9999 -9999 -9999 -9999 -9999 -9999 -9999 -9999 -9999 -9999 -9999 -9999 -9999 -9999 -9999 -9999 -9999 -9999
214.12 239.14 251.86 297.36 317.24 339.7 391.88 407.94 419.86 416.58 431.8 427.72 419.8 389.16 401.88 436.58 481.96 487.84 501.42 472.86 -9999 -9999 -9999 -9999 -9999 -9999 -9999 -9999 -9999 -9999 -9999 -9999 -9999 -9999 -9999 -9999 -9999 -9999 -9999 -9999 1085.26 1025.96 1332.3 -9999 -9999 -9999 1470.3 -9999 -9999 -9999 -9999 -9999 -9999 -9999 -9999 -9999 -9999 -9999 -9999 -9999 -9999 -9999 -9999 -9999 -9999 -9999 -9999 -9999 -9999 -9999 -9999 -9999 -9999 -9999 -9999
231.48 246.3 268.54 320.62 342.6 375.54 403.84 430.26 439.92 452.86 468.62 453.88 445.72 434.08 469.94 495.56 541.78 588.46 570.32 559.04 -9999 -9999 -9999 -9999 -9999 -9999 -9999 -9999 -9999 -9999 -9999 -9999 -9999 -9999 -9999 -9999 -9999 -9999 -9999 -9999 1279.76 1316.18 1090.42 -9999 -9999 -9999 -9999 -9999 -9999 -9999 -9999 -9999 -9999 -9999 -9999 -9999 -9999 -9999 -9999 -9999 -9999 -9999 -9999 -9999 -9999 -9999 -9999 -9999 -9999 -9999 -9999 -9999 -9999 -9999 -9999
245.88 270.86 297.6 301.48 369.14 396.84 433.68 451.16 473.18 498.72 488.68 480.38 474.02 510.24 547.42 594.1 611.44 646.18 648.12 614.06 -9999 -9999 -9999 -9999 -9999 -9999 -9999 -9999 -9999 -9999 -9999 -9999 -9999 -9999 -9999 -9999 -9999 -9999 -9999 1284.32 1244 1054.54 975.66 1522.34 -9999 -9999 -9999 -9999 -9999 -9999 -9999 -9999 -9999 -9999 -9999 -9999 -9999 -9999 -9999 -9999 -9999 -9999 -9999 -9999 -9999 -9999 -9999 -9999 -9999 -9999 -9999 -9999 -9999 -9999 -9999
