shamba/rasters/climate/pre_10.txt
ncols         720
nrows         360
xllcorner     -180
yllcorner     -90
cellsize      0.5
NODATA_value  -9999
[rows 198 to 230 of 360, columns 225 to 299 of 720]
1685.28 1613.32 1553.62 1508.7 1490.12 1517.64 1564.06 1612.24 1707.06 1708.48 1703.84 1714.94 1707.18 1722.96 1748.66 1764.66 1819.64 1855.08 1880.9 1896.76 1915.74 1917.82 1887.36 1866.76 1846.24 1852.82 1832.32 1808.1 1803.68 1779.42 1764.7 1750.06 1706.98 1703.42 1670.42 1655.38 1621.88 1570.88 1511 1444.58 1362.88 1249.72 1152.7 1050.16 961.28 870.66 806.14 640.06 477.44 351.76 242.38 168.68 106.2 115.48 129.66 119.3 93.86 97.26 112.98 141.68 150.44 209.86 366.44 537.38 582.18 -9999 -9999 -9999 -9999 -9999 -9999 -9999 -9999 -9999 -9999
1590.12 1519 1439.58 1395.26 1376.34 1394.58 1446.68 1520.52 1604.44 1636.58 1651.5 1656.18 1663.46 1678.12 1713.48 1738.36 1782.62 1817.12 1851.9 1866.86 1891.84 1901.46 1901.08 1900.78 1870.32 1850 1835.1 1830.24 1795.76 1790.72 1766.38 1751.62 1717.78 1709.44 1682.38 1657.34 1633.02 1601.32 1549.46 1462.34 1359.9 1266.98 1153.1 1049.72 925.98 809.98 688.16 537.62 395.14 282.58 207.12 164.54 130.98 145.68 163.24 148.78 140.96 155.12 145.22 112.48 181.34 290.26 466.86 578.66 -9999 -9999 -9999 -9999 -9999 -9999 -9999 -9999 -9999 -9999 -9999
1481.76 1408.76 1329.2 1265.98 1227.48 1256 1333.08 1436.8 1497.94 1531.2 1557.8 1582.88 1597.88 1634.54 1667.94 1692.64 1746.8 1781.38 1806.14 1851.06 1854.24 1863.78 1873.42 1893.08 1894.56 1861.94 1838.6 1822.64 1815.96 1779.82 1772.8 1735.68 1716.2 1697.1 1670.1 1643.42 1625.68 1612.2 1568.42 1474.54 1369.8 1266.1 1144.16 1027.7 890.66 749.42 590.72 420.32 293.38 231.54 209.72 196.26 205.02 229.14 242.48 213 216.8 216.14 207.6 161.16 272.78 441.24 603.48 -9999 -9999 -9999 -9999 -9999 -9999 -9999 -9999 -9999 -9999 -9999 -9999
1394.98 1331.16 1259.32 1147.38 1093.54 1168.52 1235.98 1315.64 1379.3 1442.58 1480.94 1527.52 1553.06 1588.84 1618.18 1656.66 1691 1735.62 1780.22 1814.06 1836.64 1855.98 1877.12 1879.06 1870.88 1863.94 1830.64 1817.3 1801.78 1785.62 1766.76 1728.08 1699.14 1679.76 1651.02 1622.7 1611.94 1584.76 1569.2 1449.32 1346.64 1252.28 1135.26 1020.72 880.18 692.96 512.34 335.5 177.82 211.78 246.22 231.2 281.44 320.42 360 216.56 228.52 253.52 275.22 340.72 503.48 598.88 -9999 -9999 -9999 -9999 -9999 -9999 -9999 -9999 -9999 -9999 -9999 -9999 -9999
1320.6 1257.7 1194.58 1137.1 1101.76 1138.36 1196 1245.38 1299.46 1362.62 1411.24 1449.78 1486.76 1522.94 1561.78 1600.5 1628.96 1689.44 1723.78 1776.38 1799.82 1831.34 1853.38 1865.34 1857 1845.74 1832.64 1809.56 1795.46 1767.42 1738.76 1719.78 1681.9 1652.9 1632.86 1594.88 1560.04 1531.98 1478.32 1373.8 1299.5 1232.1 1142.06 1023.76 885.9 722.86 553.5 354 154.66 251.16 305.18 332.84 342.56 343.96 350.08 330.08 302.06 337.44 320.16 471.86 732.88 -9999 -9999 -9999 -9999 -9999 -9999 -9999 -9999 -9999 -9999 -9999 -9999 -9999 -9999
1239.16 1195.24 1155.78 1158.02 1151.64 1134.08 1179.22 1215.76 1269.14 1292.28 1320.42 1389.62 1428.52 1465.74 1494.06 1523.18 1572.12 1631.32 1668.28 1731 1765.76 1797.16 1829.4 1841.4 1832.58 1817.54 1814.64 1799.68 1763.94 1737.38 1709.46 1689.96 1661.08 1632.52 1585.94 1552.1 1491.82 1443.64 1372.46 1298.16 1246.24 1221.66 1159.88 1051 923.72 792.76 675.22 494.68 340.3 316.58 335.96 354.14 355.28 408.22 481.36 400.08 409.76 471.62 496.2 644.08 -9999 -9999 -9999 -9999 -9999 -9999 -9999 -9999 -9999 -9999 -9999 -9999 -9999 -9999 -9999
1187.66 1171.22 1173.28 1186.18 1183.92 1175.44 1174.18 1207.1 1227.88 1247.92 1292.78 1308.22 1357.56 1386.44 1434.64 1464.66 1524.52 1584.5 1613.24 1682.66 1731.46 1783.08 1805.2 1807.02 1804.56 1789.3 1762.8 1756.14 1729.74 1703.48 1677.04 1659.48 1621.58 1584.78 1542.24 1500.22 1431.68 1353.98 1273.64 1175.98 1196.82 1223.26 1188.28 1091.56 984.46 878.58 738.52 603.1 490.22 442.78 419.46 366.38 390.38 384.34 430.4 422.92 424.48 528.12 690.26 838.92 -9999 -9999 -9999 -9999 -9999 -9999 -9999 -9999 -9999 -9999 -9999 -9999 -9999 -9999 -9999
1163 1155.66 1209.8 1233.8 1211.94 1174.12 1186.2 1187.2 1198.46 1230.18 1243.8 1280.06 1294.2 1318.44 1361.96 1400.7 1450.36 1498.7 1556.26 1613.06 1653.02 1705.06 1747.46 1759.14 1752.36 1739.36 1733.82 1705.26 1689.26 1673.04 1637.64 1611.98 1587.12 1553.64 1520.5 1451.28 1383.02 1301.42 1229.16 1109.84 1158.36 1192.84 1195 1115.62 1027.36 915.98 797.36 676.64 573.94 525.7 507.98 261.36 537.7 353.7 382.18 455.08 537.18 772.72 967.02 971.6 -9999 -9999 -9999 -9999 -9999 -9999 -9999 -9999 -9999 -9999 -9999 -9999 -9999 -9999 -9999
1171.34 1191.74 1265.86 1331.82 1303.08 1228.24 1198.16 1186.42 1185.4 1183.76 1195.02 1208.14 1240.94 1253.3 1268.9 1310.86 1350.2 1405.92 1453.6 1522.24 1584.58 1647.32 1679.38 1700.76 1690.24 1660 1664.6 1659.24 1644.86 1623.38 1608.18 1584.68 1562.84 1531.62 1498.7 1438.68 1361.52 1322.24 1269.2 1214.06 1173.8 1170.58 1147.66 1092.42 1037.62 955.68 811.92 695.6 635.7 582.18 521.48 453.76 437.38 426.8 473.16 546.62 673.94 875.72 1018.12 -9999 -9999 -9999 -9999 -9999 -9999 -9999 -9999 -9999 -9999 -9999 -9999 -9999 -9999 -9999 -9999
1152.66 1192.26 1303.66 1433.64 1396.84 1310.28 1249.8 1185.44 1140.82 1128.4 1127.68 1141.08 1153.66 1166.06 1196.54 1215.96 1245.58 1307.26 1364.48 1422.04 1505.74 1579.08 1610.98 1631.98 1621.48 1581.38 1596.02 1590.78 1595.62 1586.14 1566.76 1559.44 1538 1516.56 1476.88 1436.34 1377.78 1344.02 1346.28 1292.64 1223.04 1171.8 1126.98 1072.78 1003.38 918.66 776.66 651.02 624.04 612.84 507.04 415.2 342.42 364.7 516.38 670.26 862.14 1021.08 -9999 -9999 -9999 -9999 -9999 -9999 -9999 -9999 -9999 -9999 -9999 -9999 -9999 -9999 -9999 -9999 -9999
1111.76 1195.6 1284.44 1366.1 1378.9 1334.04 1259.48 1193.1 1126.26 1082.02 1060.34 1063.16 1086.48 1082.14 1131.94 1141.06 1151.96 1193.38 1244.96 1307.38 1398.28 1489.22 1562.3 1550.8 1518.96 1513.52 1498.7 1523.5 1519.16 1526.66 1543.52 1525.82 1518.04 1493.08 1482.1 1434.16 1403.34 1394.12 1398.9 1363.6 1265.36 1213.74 1144.58 1079.68 986.54 858.16 707.84 572.12 567.34 567.38 525.68 434.02 360.22 442.2 596.42 804.34 1042.18 1193.3 -9999 -9999 -9999 -9999 -9999 -9999 -9999 -9999 -9999 -9999 -9999 -9999 -9999 -9999 -9999 -9999 -9999
1094.16 1193.08 1255.32 1319 1348.64 1343.16 1272.22 1180 1080.5 1004.1 992.94 1005.84 1019.08 1038.64 1037.24 1068.6 1069.04 1100.18 1131.48 1196.88 1270.46 1347.82 1419.96 1427.24 1417.26 1397.4 1422.56 1437.92 1455.78 1483.26 1501.62 1510.66 1516 1499.24 1482.08 1457.78 1428.48 1454.24 1491.84 1446.04 1338.2 1256.2 1194.12 1098.44 1003.32 871.62 713.46 617.76 577.38 541.66 569.24 535.14 494 527.6 661.24 939.08 1205.22 -9999 -9999 -9999 -9999 -9999 -9999 -9999 -9999 -9999 -9999 -9999 -9999 -9999 -9999 -9999 -9999 -9999 -9999
1127.94 1235.2 1337.4 1413.28 1457.8 1393.88 1312.72 1167.02 1007.32 948.56 936.48 959.86 966.6 975.74 996.08 996.32 1006.86 995.04 1003.74 1034.42 1095.52 1173.48 1275.48 1274.72 1296.6 1317.86 1341.38 1375.5 1393.98 1412.58 1440.9 1469.26 1487.84 1506.68 1499.38 1482.3 1465.14 1505.04 1566.5 1520.5 1393.1 1313.74 1237.86 1134.3 1025.76 921.68 808.5 716.54 660.44 621.14 631.34 613.48 592.5 609.72 773.52 995.26 1279.5 1486.32 -9999 -9999 -9999 -9999 -9999 -9999 -9999 -9999 -9999 -9999 -9999 -9999 -9999 -9999 -9999 -9999 -9999
1138.1 1132.36 1419.44 1556.16 1611.46 1545.64 1401.9 1195.44 964.94 879.92 892.46 915.72 925.3 925.22 943.3 930.18 907.26 914.5 894.2 884.12 945.38 1055.12 1143.38 1188.76 1216.88 1242.9 1289.88 1315.46 1360.04 1385.06 1409.78 1437.58 1475.44 1513.22 1516.48 1518.5 1501.12 1547.2 1654.52 1634.16 1471.78 1362.68 1265.96 1180.98 1097.92 1000.04 905.04 821.5 779.24 741.1 739.86 721.16 686.46 651.22 827.28 1039.22 1316.3 1560.06 -9999 -9999 -9999 -9999 -9999 -9999 -9999 -9999 -9999 -9999 -9999 -9999 -9999 -9999 -9999 -9999 -9999
1027.44 1025 1299.38 1658.82 1774.16 1686.58 1478.52 1269.58 1035.82 859.78 868.34 893.44 889.62 916.26 902.64 899.44 876.5 874.36 834.92 823.58 900.76 991.74 1078.6 1123.04 1140.76 1207.84 1243.78 1289.36 1314.08 1367.68 1402.4 1447.3 1481.26 1514.94 1541.88 1558.06 1559.26 1576.12 1581.6 1560.18 1467.86 1388 1321.26 1246.04 1162.76 1081.56 1003.8 936.72 875.4 843.04 823.6 828.38 819.8 815.56 872.6 1020.54 1251.4 1459 -9999 -9999 -9999 -9999 -9999 -9999 -9999 -9999 -9999 -9999 -9999 -9999 -9999 -9999 -9999 -9999 -9999
584.76 645.48 643.74 1486.02 1885.04 1755.7 1516.92 1296.64 1074.64 910.86 838.08 844.48 848.7 874.86 881.38 888.72 887.04 847.96 834.56 850.66 884.76 949.48 1010.52 1058.7 1133.36 1174.98 1212.58 1268.12 1311.72 1346.1 1390.1 1443.28 1486.5 1538.92 1552.72 1566.32 1580.94 1531.52 1472 1457.64 1429.1 1390.5 1360.34 1323.4 1238.8 1165.62 1077.16 1027.58 974.46 940.86 934.54 920.96 906.28 864.58 912.9 1004.74 1213.42 -9999 -9999 -9999 -9999 -9999 -9999 -9999 -9999 -9999 -9999 -9999 -9999 -9999 -9999 -9999 -9999 -9999 -9999
280.62 488.74 416.46 217.88 411.24 1151.26 1413.16 1300.1 1012.08 880 817.74 804.22 830.64 865.98 883.34 891.2 879.94 874.32 858.46 870.74 893.52 942.38 964.94 1025.98 1090.56 1149.4 1210.1 1236.98 1291.72 1344.78 1387.56 1450.78 1513.5 1546.78 1560.46 1554.84 1504.96 1438.24 1335.98 1343 1376.1 1390.82 1445.04 1384.28 1296.34 1231.54 1151.36 1110.18 1056.02 1011.82 995.7 981.76 993.5 1004.6 1025.5 1126.32 1237.86 -9999 -9999 -9999 -9999 -9999 -9999 -9999 -9999 -9999 -9999 -9999 -9999 -9999 -9999 -9999 -9999 -9999 -9999
196.92 235.9 416.36 338.94 256.1 306.2 447.62 679.66 959.7 789.6 729.44 747.76 774.58 840.34 875.78 883.54 883.9 883.9 866.56 859.04 893.26 912.96 952.04 1024.74 1077.06 1125.7 1184.92 1234.64 1290.58 1344.26 1377.64 1439.86 1501.52 1554.36 1539.04 1525.4 1476.7 1388.3 1265.7 1327.96 1383.84 1436.84 1514.54 1449.74 1332.88 1248.76 1206.1 1173.3 1128.26 1083.4 1057.46 1052.04 1083.1 1084.58 1131.12 1203.76 1298.4 -9999 -9999 -9999 -9999 -9999 -9999 -9999 -9999 -9999 -9999 -9999 -9999 -9999 -9999 -9999 -9999 -9999 -9999
125.9 136.54 258.64 325.04 241.06 250.32 329.66 459.92 723.24 649.32 645.26 679.76 722.78 783.5 823.56 856.58 869.24 871.82 845.1 858.94 858.16 907.5 958.5 1010.92 1063.5 1121.86 1180.96 1249.88 1278.44 1323.8 1367.34 1420.34 1462.96 1495.44 1508.1 1506.82 1477.1 1444.92 1415.38 1444.52 1465.92 1479.4 1476.42 1410.34 1318.5 1255.06 1221.3 1245.48 1200.46 1127.56 1092.02 1076.58 1090.64 1127.94 1174.98 1234.12 -9999 -9999 -9999 -9999 -9999 -9999 -9999 -9999 -9999 -9999 -9999 -9999 -9999 -9999 -9999 -9999 -9999 -9999 -9999
75.3 88.58 186.24 298.24 365.02 374.5 446 477.62 482.02 472.44 521.22 599.76 665.68 729.46 804.46 859.44 874.22 862.28 843.66 829.04 852.56 902.5 956.86 1016.6 1079.28 1127.82 1186.84 1246.64 1294.84 1322.54 1356.82 1370.6 1394.18 1427.24 1462.16 1479.8 1487.5 1479.02 1489.14 1506.82 1513.6 1497.22 1435.62 1299.9 1226.72 1193.02 1208.44 1271.68 1263.2 1169.96 1069.12 1024.76 1096.16 1149.74 1201.62 1254.5 -9999 -9999 -9999 -9999 -9999 -9999 -9999 -9999 -9999 -9999 -9999 -9999 -9999 -9999 -9999 -9999 -9999 -9999 -9999
30.38 52.48 107.18 220.92 416.48 412.1 483.2 446.06 361.56 390.64 434.48 514.82 586.32 688.06 756.08 824.42 866.58 854.7 836.3 828.8 874.76 936.1 993.32 1051.1 1104.64 1143.38 1212.3 1262.2 1303.02 1330.14 1326.02 1330.22 1324.16 1357.96 1395.9 1443.46 1458.68 1477.7 1526.38 1541.38 1528.88 1478.76 1379.22 1251.16 1135.22 1103.4 1175.9 1250.3 1280.14 1179 1120.84 1092.08 1110.64 1166.52 1179.26 1242.46 -9999 -9999 -9999 -9999 -9999 -9999 -9999 -9999 -9999 -9999 -9999 -9999 -9999 -9999 -9999 -9999 -9999 -9999 -9999
18.96 49.2 81.4 169.24 256.54 380.7 433.38 395.46 321.42 350 389.66 442.08 514.94 603.7 692.86 769.04 829.28 870.26 883.3 897.52 960.76 1016.02 1062.5 1117.28 1149.56 1207.66 1257.26 1327.28 1358.48 1370.16 1354.96 1299 1263.3 1299.98 1338.28 1361.1 1390.04 1458.92 1527.62 1563.22 1529.16 1449.02 1329.68 1210.44 1161.94 1154.66 1202.18 1228.16 1232.98 1194.5 1176.28 1145.36 1152.96 1161.48 1205.02 1235.14 -9999 -9999 -9999 -9999 -9999 -9999 -9999 -9999 -9999 -9999 -9999 -9999 -9999 -9999 -9999 -9999 -9999 -9999 -9999
26.4 36.82 88.94 179.84 222.78 328.58 404.2 378.84 343.68 332.86 373.96 418.58 460.92 547.68 648.08 744.34 839.6 898.76 941.38 986.44 1045.04 1092.02 1155.24 1190.08 1223.26 1269.84 1346.26 1413.72 1443.4 1425.54 1377.34 1307.88 1262.44 1272.02 1281.72 1301.02 1320.34 1389.74 1468.94 1516.72 1530.8 1438.9 1328.7 1228.52 1217.58 1208.46 1232.24 1240.74 1206.78 1179.84 1204.88 1206.1 1159.18 1163.88 1220.7 -9999 -9999 -9999 -9999 -9999 -9999 -9999 -9999 -9999 -9999 -9999 -9999 -9999 -9999 -9999 -9999 -9999 -9999 -9999 -9999
16.24 35.72 68.48 148.16 215.74 316.46 364.36 370.6 355.12 351.48 357.52 396.62 436.58 515.8 632.12 741.1 843.08 940 1032.48 1108.78 1171.08 1198.04 1250.16 1294.52 1338.38 1395.38 1492.48 1550.92 1569.84 1508.38 1426.5 1323.44 1281.92 1271.4 1270.72 1250.08 1249.36 1299.16 1399.14 1489.08 1503.94 1428.52 1357.5 1306.46 1255.64 1244.68 1244.34 1220.42 1178.96 1145.26 1168.26 1161.12 1078.56 1094.94 -9999 -9999 -9999 -9999 -9999 -9999 -9999 -9999 -9999 -9999 -9999 -9999 -9999 -9999 -9999 -9999 -9999 -9999 -9999 -9999 -9999
8.06 35.28 58 115.38 227.2 282.14 388.38 415.34 408.54 378.02 360.38 357.72 426.98 507.3 618.5 745.34 865.48 1016.5 1160.08 1256.32 1284.3 1311.56 1352.9 1390.28 1464.96 1592.08 1710.72 1770.66 1740.62 1629.12 1526.92 1388.64 1322.66 1300.8 1269.72 1248.82 1217.78 1257.8 1358.5 1408.5 1445.66 1460.16 1418.2 1356.62 1295.28 1261.78 1246.3 1222.04 1176.2 1098.04 1082.6 1063.56 1024.44 1077.54 -9999 -9999 -9999 -9999 -9999 -9999 -9999 -9999 -9999 -9999 -9999 -9999 -9999 -9999 -9999 -9999 -9999 -9999 -9999 -9999 -9999
0 35.2 76.6 155.92 227.18 322.12 393.04 428.38 427.4 377.28 341.44 360.68 410.86 498.72 622.74 746.24 879.1 1075.06 1282.46 1390.2 1392.64 1417.34 1453.42 1496.9 1592.88 1751.42 1951.72 2063.5 1945.5 1757.06 1578.46 1448.24 1365.1 1323.86 1291.82 1267.82 1257.08 1297.28 1398.56 1448.52 1436.8 1461.56 1459.88 1417.68 1354.66 1287.66 1244.06 1213.38 1166.82 1069.6 1041.68 1022.1 1006.8 -9999 -9999 -9999 -9999 -9999 -9999 -9999 -9999 -9999 -9999 -9999 -9999 -9999 -9999 -9999 -9999 -9999 -9999 -9999 -9999 -9999 -9999
7.98 43.84 94.58 173.56 191.68 371.88 527.26 522.84 464.96 365.44 330.92 350.44 400.7 508.88 686.72 789.9 893.98 1104.1 1325.54 1439.06 1443.44 1467.76 1521.38 1574.94 1652.76 1880.94 2211.88 2307.16 2047.1 1818.8 1596.62 1476.7 1390.62 1356.14 1324.66 1302.8 1301.06 1326.62 1418.02 1499.18 1436.54 1452.58 1471.42 1449.24 1411.76 1344.1 1221.44 1081.84 1034.96 950.44 949.8 954.7 1117.56 -9999 -9999 -9999 -9999 -9999 -9999 -9999 -9999 -9999 -9999 -9999 -9999 -9999 -9999 -9999 -9999 -9999 -9999 -9999 -9999 -9999 -9999
23.66 51.74 103.06 182.08 235.64 473.18 629.3 541.14 478.4 405.16 370.52 369.48 436.22 543.4 682.08 810.96 936.74 1095.54 1237.82 1333.4 1400.24 1470.76 1539.94 1684.02 1780.86 1933.3 2139.18 2184.12 2006.3 1775.1 1564.46 1445.46 1404.6 1388.02 1337 1305.08 1303.08 1321.52 1360.58 1405.62 1394.2 1402.76 1463.7 1479.32 1451.8 1366.92 1226.44 994.54 907.5 883.78 858.6 -9999 -9999 -9999 -9999 -9999 -9999 -9999 -9999 -9999 -9999 -9999 -9999 -9999 -9999 -9999 -9999 -9999 -9999 -9999 -9999 -9999 -9999 -9999 -9999
38.96 76.84 129.98 200.54 260.7 389.88 533.9 521.52 468.66 428.48 422.6 424.68 458.16 557.24 665.1 819.18 942.44 1050.72 1160.52 1221.98 1308.36 1445.72 1564.66 1669.66 1785.04 1888.04 1999.62 2008.42 1903.46 1706.18 1472.72 1352.28 1441.44 1426.36 1345.2 1293.14 1270.68 1277.86 1305.22 1332.7 1349.46 1368.52 1427.64 1498.94 1507.64 1475.82 1263.28 1126.02 1141.34 -9999 -9999 -9999 -9999 -9999 -9999 -9999 -9999 -9999 -9999 -9999 -9999 -9999 -9999 -9999 -9999 -9999 -9999 -9999 -9999 -9999 -9999 -9999 -9999 -9999 -9999
53.46 100.48 164.14 207.22 337.1 445.52 514.18 509.46 483.5 461.72 459.14 489.52 502.96 559.74 669.9 825.8 964.54 1041.66 1077.54 1207.26 1276.76 1420.88 1553.02 1660.56 1731.22 1821.02 1892.96 1891.7 1823.8 1676.38 1521.18 1419.52 1463.36 1458.1 1399.9 1335.8 1271.14 1246.72 1276.76 1326.36 1366.74 1367.6 1465.12 1576.72 1878.48 -9999 -9999 -9999 -9999 -9999 -9999 -9999 -9999 -9999 -9999 -9999 -9999 -9999 -9999 -9999 -9999 -9999 -9999 -9999 -9999 -9999 -9999 -9999 -9999 -9999 -9999 -9999 -9999 -9999 -9999
75.84 107.76 161.88 213.44 384.92 365.8 448.12 521.78 493.86 469.62 498.28 515.1 557.58 607.74 731.82 888.26 1029.2 1159.8 1227.72 1333.34 1439.88 1518.98 1583.98 1626.12 1672.44 1751.06 1825.64 1851.46 1816.24 1718.88 1624.78 1549.32 1532.06 1510.36 1463.02 1397.52 1322.1 1298.62 1319.9 1357.38 1398.38 2471.38 2876.5 -9999 -9999 -9999 -9999 -9999 -9999 -9999 -9999 -9999 -9999 -9999 -9999 -9999 -9999 -9999 -9999 -9999 -9999 -9999 -9999 -9999 -9999 -9999 -9999 -9999 -9999 -9999 -9999 -9999 -9999 -9999 -9999
95.26 136.74 182.96 283.24 264.24 351.08 410.48 483.94 489.5 500.04 526.38 570.2 615.46 661.94 792.08 966.94 1120.22 1309.42 1341.14 1465.54 1589.36 1592.78 1659.2 1670.98 1665.22 1758.22 1852.98 1877.04 1833.38 1786.8 1731.9 1671.32 1634.82 1593.84 1553.68 1489.64 1422.38 1396.68 1397.72 1396.64 1759.62 -9999 -9999 -9999 -9999 -9999 -9999 -9999 -9999 -9999 -9999 -9999 -9999 -9999 -9999 -9999 -9999 -9999 -9999 -9999 -9999 -9999 -9999 -9999 -9999 -9999 -9999 -9999 -9999 -9999 -9999 -9999 -9999 -9999 -9999
107.14 160.2 238.94 305.08 263.92 331.08 401.96 452.98 477.96 513.18 548.74 620.7 700.68 801.6 923.04 1057.48 1186.2 1337.92 1416.06 1483.64 1568.16 1646.66 1731.74 1716.6 1654.08 1896.14 1970.9 1938.68 1903.28 1882.36 1822.12 1776.5 1732.44 1681.98 1630.78 1550.96 1482 1476.88 1492.32 1697.42 -9999 -9999 -9999 -9999 -9999 -9999 -9999 -9999 -9999 -9999 -9999 -9999 -9999 -9999 -9999 -9999 -9999 -9999 -9999 -9999 -9999 -9999 -9999 -9999 -9999 -9999 -9999 -9999 -9999 -9999 -9999 -9999 -9999 -9999 -9999
