shamba/rasters/climate/pre_12.txt
ncols         720
nrows         360
xllcorner     -180
yllcorner     -90
cellsize      0.5
NODATA_value  -9999
[rows 66 to 98 of 360, columns 148 to 221 of 720]
243.48 263 282.68 283.06 293.06 303.38 304.18 316.56 289.28 269.8 259.36 249.42 179.62 189.18 207.56 225.36 235.94 258.78 260.52 260.64 250.78 260.8 260.9 261 241.1 240.24 239.04 227.96 227.12 236.24 235.62 235.32 225.86 226.28 216.76 226.96 -9999 -9999 -9999 -9999 -9999 -9999 -9999 -9999 -9999 -9999 -9999 -9999 -9999 -9999 -9999 -9999 302.32 305.76 -9999 -9999 -9999 -9999 357.86 390.22 374.36 393.5 389.22 384.84 380.52 376.3 371.44 365.94 360.36 365.16 379.98 394.04 397.46 400.92
262.92 281.74 291.82 302.2 312.3 302.72 313.36 305.68 298.32 308.16 328.06 287.64 216.58 205 215.44 237.96 260.96 271.28 271.42 271.52 271.56 271.6 261.6 271.84 251.84 251.38 250.04 248.74 237.68 246.76 245.88 245.1 234.66 234.66 225.22 235.54 236.44 -9999 -9999 -9999 -9999 -9999 -9999 -9999 -9999 -9999 -9999 -9999 -9999 -9999 -9999 -9999 298.78 313.32 342.32 -9999 -9999 -9999 383.38 379.98 388.34 395.76 391.44 386.3 391.96 386.18 380.38 374.6 368.78 373.34 387.82 401.62 404.84 408.62
253.52 272.48 291.64 310.96 311.42 312.18 293.34 294.86 296.26 314.46 302.98 281.88 243.74 227.04 239.94 261.74 271.98 272.06 282.28 282.4 272.38 272.4 262.2 272.66 252.54 252.44 251.1 259.78 238.58 237.56 246.5 245.66 244.94 254.02 243.56 254.04 254.92 246.1 248.5 260.24 251.8 -9999 -9999 -9999 -9999 -9999 -9999 -9999 -9999 -9999 -9999 -9999 306.06 320.62 -9999 -9999 -9999 412.32 420.76 429.08 424.14 407.1 389.9 395.54 389.7 383.98 389 383.02 387.56 391.74 395.64 409.12 432.3 445.52
253.48 253.08 291.76 301.2 301.06 291.56 282.56 271.1 270.18 279.16 270.98 265.18 258.82 251.94 252.32 272.62 272.76 272.92 283.18 273.12 262.96 273.1 263.02 273.46 263.42 263.44 262.24 260.92 259.62 248.3 257.2 256.26 255.34 254.56 254.12 263.7 253.88 254.72 266.44 267.62 238.92 239.82 240.92 251.9 243 254.4 276.18 267.12 -9999 -9999 -9999 -9999 -9999 -9999 -9999 414.36 441.5 448.6 431.32 426.12 421.02 415.82 421.96 415.84 409.78 403.62 397.52 401.88 406.08 399.6 423.4 426.78 449.82 454.68
263.3 272.58 272.32 291.68 262.4 271.64 252.12 250.68 238.24 253.16 247.22 240.6 252.58 252.9 253.14 263.38 273.62 283.88 283.92 273.92 283.98 273.8 274.04 274.52 274.5 274.58 273.72 272.26 270.84 279.54 268.02 267 265.96 265.18 274.78 264.7 254.76 254.68 263.68 264.78 256.04 257.08 258.16 259.24 260.44 261.96 253.34 244.16 -9999 -9999 -9999 -9999 320.48 327.66 352.82 402.46 432.4 433.42 440.12 423.1 441.1 412.74 418.94 413.54 418.44 412.14 405.9 399.68 414.02 387.02 430.9 424.72 447.76 454.3
253.58 253.16 262.72 262.68 252.18 251.84 233 231.28 241.02 248.4 221.9 232.68 232.9 243.44 253.84 264.14 274.46 284.74 284.76 284.76 274.66 284.78 274.96 275.44 275.48 275.54 275.06 283.72 282.36 290.88 289.3 287.86 286.78 276.34 285.78 275.52 265.72 265.5 273.82 272.26 263.04 274.02 275.12 276.38 267.86 259.48 240.98 282.28 -9999 -9999 -9999 -9999 -9999 327.7 352.8 395.98 411.5 424.3 425.14 443.38 449.48 421.1 415.8 432.7 416.04 409.8 403.52 418.08 421.82 384.62 438.86 432.38 445.74 474.58
224.3 224.06 233.52 242.36 213.28 223.26 213.5 212.14 206.2 212.08 202.4 212.96 213.24 213.52 274.8 275.16 275.26 285.56 295.76 285.66 285.64 285.64 286.14 286.64 276.5 286.78 286.62 295.32 293.8 312.46 310.78 299.24 287.96 287.48 296.94 286.78 286.42 286.16 294.02 282.74 281.14 290.86 291.9 283.58 285.02 276.7 248.58 249.64 -9999 -9999 -9999 -9999 -9999 371.42 361.02 387.38 414.2 438.28 439.34 428.58 423.24 429.22 434.92 429.36 412.92 418.1 422.26 436.44 449.94 443.12 446.72 459.7 464.7 495
185.14 195 214.64 234.88 206.28 216.64 226.92 226.1 231.38 232.42 222.2 273.72 213.3 203.78 275.48 275.82 265.84 276.06 296.52 296.66 286.42 276.28 287.08 287.64 287.68 287.7 298.02 317.22 315.52 313.92 322.22 330.64 319.36 318.68 308.2 307.96 297.78 296.86 304.86 303.04 301.52 300.06 300.2 290.58 282.18 283.8 265.68 247.2 288.06 249.52 -9999 -9999 355.88 392.4 363.86 401.26 416.28 440.04 441.06 430.82 431.46 425.98 442.66 447.88 442.02 436.16 440.78 454.48 457.58 481.08 464.24 486.94 502.6 554.38
172.96 203.42 214.28 205.96 216.82 237.7 238.96 220.52 242.62 252.38 251.3 243.62 264.34 223.46 234.5 266.02 266.32 266.62 297.44 287.38 287.32 277.18 288.02 288.48 288.6 309.34 319.72 329.02 337.42 345.2 343.54 352.08 341 330.54 339.86 319.26 328.78 327.76 315.66 313.9 312.48 310.9 309.44 309.5 309.72 300.34 292.42 264.38 295.08 306.26 328.92 -9999 -9999 -9999 366.2 392.3 417.88 441.32 453.34 465.5 466.58 478.38 505.12 509.44 513.4 506.5 499.68 503.1 556.64 528.68 511.14 513.92 550.92 584.7
170.46 182.82 194.14 214.92 255.94 248.64 241.28 241.88 243.24 242.3 260.74 242.66 224.2 214.4 223.96 234.6 267 269.78 309.66 298.54 277.88 267.86 268.38 289.42 310.32 331.06 331.18 340.2 348.04 356.38 355.34 373.92 363.08 352.62 341.88 331.14 330.36 328.98 317 315 323.18 331.46 339.66 338 347.78 348 329.16 310.32 282.5 332.66 -9999 -9999 -9999 -9999 431.44 394.08 419.04 431.22 475.44 476.56 466.86 478.9 534.04 537.84 530.86 523.74 537.46 570.8 603.06 575.48 587.18 542.42 590.74 625.04
168.5 153.52 182.9 195.48 238.9 211.4 222.84 233.4 230.7 250.96 260 261.28 234.42 214.76 215.22 236.36 268.48 313.48 322.86 279.82 269.18 258.5 279.58 290.38 311.24 321.28 341.4 361.14 338.84 348.62 367 396.26 395.52 374.74 363.96 352.56 341.16 340.88 348.62 336.2 344.12 352.06 379.6 387.52 385.6 385.86 386.4 367.28 357.64 339.12 330.5 -9999 411.66 436.44 380.1 405.64 419.7 431.76 475.22 487 467.14 478.92 501.62 512.86 537.7 530.56 512.92 536.26 548.46 550.78 573.28 580.46 630.76 665.48
200.1 192.94 184.9 196.58 239.42 231.78 223.98 224.7 220.54 248.18 247.46 240.38 232.9 226.02 217.62 208.38 251.18 284.08 262.46 260.84 238.9 260.08 270.76 291.06 300.82 331.44 351.62 361.98 351.66 359.96 368.72 388.22 407.92 385.82 374.96 373.62 361.12 362.48 350.24 357.98 365.46 382.96 410.24 418.12 425.72 442.98 453.04 443.7 434.02 404.8 355.24 367.74 352.38 366.5 381.3 406.44 440.74 452.68 454.1 465.72 487.66 489 500.68 512.8 544.56 526.62 539.76 552.28 575.16 575.58 607.12 653.12 678.6 704.9
201.32 184.46 178.52 189.76 211.44 223.68 235.04 244.98 202.12 238.92 227.04 209.24 213.48 205.66 228.74 210.3 191 235.1 244.18 231.36 230.04 239.66 260.28 291.36 321.96 352.24 352.16 353.74 373.9 371.98 380.76 389.84 398.58 386.72 375.98 384.14 381.64 374.18 371.9 369.48 397.02 414.78 442 468.98 486.38 503.68 501.66 511.88 511.96 481.28 438.76 420 413.02 406.92 401.7 406.94 440.5 462.1 473.84 475.18 506.84 508.26 540.38 562.24 553.52 584.24 576.16 588.1 610.94 581.4 604.3 651.46 774.16 762.28
180.92 185.18 181.24 182.5 212.86 233.4 224.32 212.28 210.2 199.04 207 179.26 193.58 197.86 241.58 242.58 233.92 214.56 224.4 243.18 230.02 270.32 269.54 280 310.9 331.96 333.4 345.1 364.66 362.82 381.66 390.82 399.84 408.46 397.7 426.14 413.36 384.48 374.8 392.8 410.48 448.18 475.78 522.68 569 595.6 573.74 580.98 607.94 561.94 502.36 474.28 465.32 440.12 444.48 439.1 460.66 470.7 482.36 483.64 514.7 526.2 557.48 578.66 600 612.2 631.96 653.02 665.54 626.58 640.28 698.18 743.82 780.66
188.38 173.92 219.9 183.74 192.42 212.58 182.76 180.58 209.44 209.02 197.54 199.38 215.06 209.12 234.92 247.08 248.16 215.9 236.16 254.4 282.8 279.34 256.34 286.04 286.3 297.9 278.98 290.72 323.08 341.94 361.24 391.36 410.96 440.48 469.94 478.58 455.68 424.86 398.4 446.94 454.44 482.18 519.76 586.92 653.36 689.58 626.7 604.46 671.42 609.96 579.38 561.38 494.84 477.24 479.96 464.22 474.8 493.6 503.18 512.64 522.06 561.98 592.44 632.72 575.74 587.08 599.02 628.38 680.7 642.38 656.8 716.06 752.18 798.72
176.34 181.5 177.88 219.3 200.02 180.34 191.72 190.88 189.44 198.06 198.16 240.7 227.82 233.32 226.72 250.52 295.64 260.12 196.14 216.1 242.3 259.18 236.58 274.24 283.42 306.4 318.9 300.76 301.16 321.94 350.88 390.24 440.16 469.52 528.22 577.72 534.18 510.82 508.66 548.18 565.7 522.68 550.54 647.94 714.82 740.26 647.8 545.26 604.48 629.34 609.14 572.62 524.46 526.22 508.52 492.08 512.18 511.06 529.32 547.28 574.08 600.6 628.12 646.24 609.08 610.78 640.86 692.38 743.5 756.04 749.04 810.1 818.38 855.74
157.24 160.74 155.32 164.72 157.22 129.74 160.48 170.2 179.04 197.74 198.32 220.86 237.28 212.3 174.02 143.92 184.04 205.88 197.02 184.68 194.1 244.74 250.48 278.04 304.3 304.18 349.3 352.22 331.16 341.9 362.18 412 480.6 478.26 485.34 534.8 501.56 577.72 614.52 648.8 635.56 562.14 659.76 766.2 820.92 773.96 699.44 619.06 624.36 627.48 544.06 564.42 564 575.6 529 530.44 578.7 577.3 595.46 622.28 648.64 674.76 710.52 755.62 762.86 732.62 617.92 703.58 757.06 830.76 835.46 921.32 896.52 876.34
120 113.14 113.82 125.2 139.24 128.82 128.38 148.56 148.24 157.5 181.06 195.64 198.84 169.6 152.24 129.62 139.7 150.84 172.78 172.56 189.64 208.34 237.7 258.6 264.54 272.5 316.28 340.22 349.82 350.56 393.28 422.74 461.36 407.52 443.94 481.7 499.62 525.66 558.9 607.82 695.46 722.18 857.38 962.22 947.4 864.06 749.72 671.36 641.1 668.96 605.16 621.32 612.26 546.34 586.66 616.6 629.16 628.64 645.58 672.84 718.64 744.98 780.72 826.02 852.02 784.06 769.84 808.14 912.42 882.76 879.46 938.52 881.36 769.8
112.38 93.84 95.86 96.52 107.2 117 116.62 116.92 137.3 137.72 159.5 172.86 155.9 148.68 129.64 140.88 139.88 172.04 183.8 179.96 185.18 206.48 215.12 244.78 260.86 275.44 300.46 315.34 327.36 348.66 380.94 401.04 376.28 408.7 448.46 470.76 498.96 543.72 583.38 623.02 644.36 650.28 1122.68 1197.8 1082.68 921.82 753.02 647.38 638.06 630.16 614.26 604.84 516.92 592.32 651.5 693.5 696.82 708.44 689.38 705.84 713.36 730.3 757.22 793.5 849.94 807.76 811.54 889.68 1065.32 1094.76 1154.2 883.74 971.82 922.08
110.88 92.88 92.64 95.5 95.08 94.64 94.72 105.36 126.08 136.86 138.26 139.74 134.42 136.74 118.14 128.96 150.12 173.14 206.4 201.42 186.08 192.7 201.4 210.58 233.12 247.74 264.14 307.42 325.54 336.42 313.42 332.64 357.42 399.08 429.06 509.84 518.86 563.34 599.32 637.2 663.4 654.74 1262.66 1406.64 1132.3 931.56 776.04 633.4 606.88 612.54 601.9 585.18 547.04 621.02 680.58 694.66 707.26 709.16 720.8 751.74 767.08 793.98 811.38 772.48 759.06 841.66 891.92 928.28 1231.62 1348.9 1162.9 859.32 826.76 832.84
126.68 100.5 100.4 101.28 91.94 91.84 83.68 94.66 105.16 106.24 128.92 117.84 122.64 125.1 127.22 118.38 130.1 164.68 186.98 180.96 186.32 202.24 208.2 204.98 210.16 207.2 239.52 285 310.96 334.98 345.4 332.34 377.94 389.64 420.66 499.72 593.46 565.64 625.38 653.64 742.58 834.82 643.74 1063.52 978.86 857.28 770.56 696.3 632.68 580.38 592.84 641.16 682.8 668.32 692.72 698.24 719.18 748.82 741.02 752.88 803.36 869.12 859.32 786.06 726.3 888.34 942.58 936.36 1099.48 1084.56 1000.6 969.22 771.32 786.56
125.3 117.78 109.34 99.26 99.68 90.78 82.34 104.66 104.9 105.32 106.28 98.54 91.12 91.36 111.98 114.12 129.14 140.5 151.26 178.02 184.92 201.24 217.3 222.6 208.08 213.9 228.78 242.32 263.12 306.7 340.48 357.72 371.68 376.58 398.2 437.16 540.06 616.3 638.96 631.9 619.42 661.7 704.8 761.06 774.02 739.42 748.54 751 697.38 655.08 680.36 747.64 759.12 645 681.88 688.94 723.92 725.12 814.14 834.5 765.76 817.7 805.8 1007.8 956.66 973.72 940.14 976.8 1034.62 981.08 916.46 934.18 883.26 841.1
141.58 133.76 125.94 116.38 97.5 80.14 80.66 93.28 104.7 105.34 105.66 88.68 81.46 92.1 102.06 103.72 107.12 117.1 136.78 164.48 192.68 199.74 216.34 221.46 198.04 214.02 221.08 230.64 250.08 278.92 329.36 351.54 344.3 360.1 384 382.76 471.56 548.64 580.38 613.02 626.44 608.58 608.2 608.82 619.66 625.88 636.86 818.78 795.02 648.12 662.52 928.02 994.46 844.28 861.54 739.5 627.5 691.12 763.18 923.6 908.46 897.54 967.92 1086.8 907.66 992.24 909.56 957.2 1125.34 999.58 803.48 839.64 896.14 952.38
139.46 132.3 134.08 98.12 97.48 97.06 88.74 91.32 104.58 105.2 104.86 106.84 89.28 93.08 102.76 102.44 115.96 123.84 123.64 144.38 171.86 195.4 202.6 200.6 209.38 226.6 239.26 238.36 249.28 280.08 319.24 346.74 368.02 364.04 378.22 387.62 448.92 516.18 549.08 578.74 591.84 527.24 509.2 519.94 521.26 624.56 629.04 642.56 655.5 669.96 694.94 700.78 1107.46 975.24 1110.58 822.5 670.3 752.56 746.84 741 811.32 849.86 937.86 920.02 874.78 880.58 1101.84 1042.78 953.3 985.78 898.62 965.38 1016.3 1048.2
139.18 140.96 133.88 124.58 104.96 95.48 96.92 81.12 91.58 92.78 113.4 115.08 96.54 100 102.66 112.28 133.98 130.22 101.3 151.2 195.3 173.18 180.96 201.28 229.04 265.26 255.86 246.42 248.26 277.06 302.9 330.22 332.24 338.32 379.4 400.6 450.06 487.16 525.42 548 558.04 511.5 476.62 482 490.52 625.9 640.22 654.46 659.76 954.06 1146.68 744.6 1098.06 1020.5 919.34 815.64 802.42 886.62 814.02 828.54 840.36 759.2 870.68 849.18 746.56 649.88 1032.18 1019.54 1070.14 1050.18 1128.96 1165.34 1073.2 1057.46
133.52 133.76 133.44 141.9 121.64 93.98 85.42 86.16 86.78 85.88 96.52 117.46 93 103.92 106.92 129.74 119.16 117.98 109.14 172.1 177.54 194.58 202.64 227.7 236.06 260.14 264.94 261 268.44 276.04 284.58 298.72 304.24 315.46 359.88 384.82 442.34 470.42 498.9 601.62 578.44 525.02 462.44 471.9 508.68 607.32 633.02 658.56 683.26 1222.58 948.6 821.42 692 767.38 713.92 773.5 855.66 881.42 983 972.12 926.76 823.26 816.16 743.44 793.36 638.94 909.8 913.22 1151.2 1274.26 1159.52 1172.42 1181.18 1243.36
149.12 138.88 138.44 127.74 106.06 88.24 84.54 76.4 84.38 83.68 92.28 106.34 90.9 110.7 113.46 115.06 115.88 126.24 158.04 179.1 189.04 187.74 217.04 257.06 273.22 274.38 277.32 261.3 284.14 289.34 269.9 302.92 308.26 338.46 356.6 382.92 450.76 477.66 495 652.6 624.52 553.66 478.94 461.18 497.28 576.34 668.8 648.54 1002.82 1115.5 865.24 756.84 629.52 682.04 843.02 808.02 783.24 766.6 754.68 994.66 977.54 914.62 870.38 851.62 732.82 727.8 881.72 875.58 945.04 994.44 1059.74 1172.32 1260.28 1286.28
142.76 140.88 129.92 109.62 100.46 83.34 70.44 77.94 93 92.74 96.42 107.66 109.16 119.16 129.74 130.54 134.56 144.02 165.6 197.78 203.92 187.04 209.78 239.78 248.74 261.56 291.28 306.66 318.66 304 289.24 326.46 359 390.9 410.2 432.1 447.26 474.16 477.94 671.3 661.92 573.9 521.96 485.6 505.2 574.04 646.36 654.86 864.1 1064.5 852.8 784.92 783.32 757.6 830.62 694.5 670.32 740.26 820.64 849.38 883.84 844.22 853.3 885.9 791.44 845.16 926.08 950.64 924.8 952.9 1066.84 1212.5 -9999 -9999
128.14 126.32 122.32 119.7 103.02 82.98 53.84 104.74 93.32 86.2 88.3 98.96 118 136.66 137.3 147.8 149.5 155.94 174.78 210.26 196.94 203.14 216.08 249.84 270.64 294.04 291.64 320.04 342.76 349.12 347.24 367.32 402.88 422.8 452.26 477.22 518.44 483.16 493.12 703.38 719 625.8 555.44 547.04 551.7 599.58 642.76 726.12 860.06 930.4 970.62 968.78 804.52 1018.54 972.32 754.28 595 596.76 655.78 850.86 882.96 821.18 822.68 888.18 746.7 892.54 945.8 911.22 974.88 972.66 1053.24 -9999 -9999 -9999
124.92 118.12 97.38 87.48 112.46 102.24 100.18 87.8 93.98 95.36 105.16 116.08 126.98 147.62 157.3 149.18 162.68 184.76 214.76 194.38 222.84 212.76 234.2 278.66 293.92 297 299.6 335.98 349.92 394.44 438.8 460.66 469 472.3 481.84 518.32 583.32 505.16 516.68 741.04 703 629.64 628.7 631.48 659.6 690.06 748.42 780.28 691.6 728.58 745.74 767.96 946.96 957.32 927.8 792.82 712.16 578.94 613.8 672.52 745.8 797.7 900.42 961.8 856.22 985.22 989.12 1005.72 1049.08 1130.38 1117.3 1227.62 -9999 -9999
113.7 106.44 128 97.22 122.78 91.68 91.12 88.56 86.58 95.96 106.64 127.48 130.34 150.48 150.7 163.18 184.24 193.56 217.26 207.56 228.24 253.38 261.52 291.1 309.08 337.88 328.08 351.6 366.34 392 444.02 493.64 487.34 496.96 527.72 570.7 599.7 536.4 724.96 760 667.36 646.94 668.1 667.2 683.82 710.86 652.52 680.36 693.72 830.6 816.62 805.68 890.42 899.58 878.98 772.24 661.92 560.16 637.04 645.52 704.98 800.04 889.06 894.04 950.8 1010.98 1002.84 1060 1120.48 1155.74 1159.4 1250.06 1310.52 -9999
132.1 93.98 92.66 82.28 95.68 103.72 101.18 81.82 88.84 89.78 100.36 120.84 123.22 158.46 158.68 162.4 197.06 228.14 227.14 232.76 255.16 276.06 290.86 300.82 330.48 346.36 355.68 377.66 400.98 423.66 449.08 526.92 512.04 519.24 555.12 567.9 600.28 641.78 674.3 697.5 678.06 682.14 665.44 667.88 669.84 693.3 677.28 695.54 748.32 825.64 696.9 717.48 789.42 850.92 838.8 765.56 676.14 679.52 714.9 697.36 725.18 895.46 932.08 983.8 1045.66 1047.18 1044.94 1180.88 1102.38 1142.94 1228.22 1275 1329.82 -9999
216.32 120.96 99.94 83.16 86.68 86.3 97.08 78.74 87.06 95.36 104.8 114.2 133.22 140.18 150.12 181.3 194.44 193.8 215.02 240.48 259.14 286.36 302.18 316.42 339.22 371.1 368.98 391.3 428.12 469.16 538.88 562.82 557.5 567.18 592.26 604.1 613.7 672.98 675.62 683.3 702.04 687.28 656.02 660.94 676.84 678.2 679.58 676.7 677.34 717.58 709.78 703.26 765.64 832.46 854.16 761.1 704.16 747.92 759.1 792.54 827.48 948.54 1003.64 955.66 953.08 1049.38 993.02 1046.96 -9999 -9999 -9999 -9999 -9999 -9999
