shamba/rasters/climate/pre_1.txt
ncols         720
nrows         360
xllcorner     -180
yllcorner     -90
cellsize      0.5
NODATA_value  -9999
[rows 66 to 98 of 360, columns 150 to 224 of 720]
223.66 234.54 235.62 236.92 238.28 229.66 220.16 207.94 215.96 214.14 202.62 195.28 198.22 201.26 202.9 193.32 204.22 194.54 184.86 185.38 175.44 188.02 177.94 177.22 176.26 175.42 174.44 194.08 193.1 182.18 171.48 170.92 170.28 169.74 -9999 -9999 -9999 -9999 -9999 -9999 -9999 -9999 -9999 -9999 -9999 -9999 -9999 -9999 -9999 -9999 208.46 213.3 -9999 -9999 -9999 -9999 228.52 246.28 252.34 247.88 253.4 248.74 263.46 258.4 263.6 271.04 278.32 285.3 301.36 307.94 323.4 329.8 345.98 345.36 362.6
222.7 233.32 234.34 235.42 246.56 228.34 219.76 227.94 245.44 233.98 215.54 208.94 210.72 201.26 191.86 202.56 203.2 183.48 183.86 184.22 185.38 197.92 187.86 176.86 186.34 185.4 184.54 193.76 202.94 201.92 180.86 180.12 179.44 178.78 178.4 -9999 -9999 -9999 -9999 -9999 -9999 -9999 -9999 -9999 -9999 -9999 -9999 -9999 -9999 -9999 203.86 219.66 244.72 -9999 -9999 -9999 252.54 248.58 264.92 260.04 255 252.1 259.86 267.44 274.92 282.12 279.9 296.2 312.24 318.82 334.32 341.32 340.3 366.5 391.96
233.66 241.96 243 253.82 245.28 227.02 229.02 229.04 237.6 226.3 208.3 198.98 199.64 200.26 190.9 201.62 202.2 192.58 182.86 183.14 195.26 197.54 197.9 197.36 196.38 195.32 194.36 193.28 212.62 211.54 200.48 199.48 198.56 198.02 207.38 206.84 207.22 187.56 187.2 -9999 -9999 -9999 -9999 -9999 -9999 -9999 -9999 -9999 -9999 -9999 230.68 236.24 -9999 -9999 -9999 268.58 274.54 270.14 268.7 277.22 255.5 273.06 271 268.94 285.92 283.7 300.18 307.2 323.24 329.8 354.9 371.1 370.52 387.84 403.88
236.62 235.06 233.4 232.88 224.34 217.04 220.22 221.3 218.58 206.76 207.24 198.06 198.72 199.24 199.98 200.6 211.16 211.66 191.84 182.36 194.76 207.46 197.42 197.02 206.32 205.22 204.24 203.16 222.28 221.16 210.04 209.08 208.1 207.28 216.28 215.72 215.08 204.08 193.2 182.58 181.5 189.92 189.2 188.8 187.96 187.34 -9999 -9999 -9999 -9999 -9999 -9999 -9999 277.18 284.7 283.4 292.1 290.78 289.3 287.98 296.3 294.08 291.92 289.76 297.04 294.72 301.94 318.38 334.34 350.4 366.58 383.52 383 400.34 425.52
219.7 228.18 207.08 205.58 203.1 194.24 189.94 189.54 186.18 186.36 186.76 197.02 187.76 198.34 208.9 209.6 210.02 200.4 200.78 212.24 204.6 217.4 217.52 217.18 216.26 225.42 224.32 223.12 222 230.88 219.72 218.58 217.72 226.7 225.76 224.12 213.94 212.74 211.46 219.86 218.58 207.94 197.56 187.86 187.36 177.3 -9999 -9999 -9999 -9999 253.68 246.32 243.52 270.9 272.64 284.18 282.82 301.54 300.16 298.7 297.26 305.64 313.04 300.98 298.72 305.98 313.14 310.62 336.28 362.16 369.46 377.52 386.16 403.92 429.26
212.3 211.14 189.26 196.9 184.86 185.32 177.42 186.44 175.52 166.04 176.24 176.62 186.9 197.28 207.84 218.24 208.72 209.08 209.6 221.88 214.4 217.04 227.34 227.04 236.56 235.32 234.18 253.28 251.9 250.52 239.3 238.22 237.32 246.2 244.42 232.72 222.2 221.56 220.06 228.28 227.04 225.66 205.84 196.14 195.74 213.88 -9999 -9999 -9999 -9999 -9999 240.78 247.88 267.74 290.7 292.44 293.6 292.14 310.98 309.48 307.96 316.34 324.48 322.1 319.64 317.26 324.26 312.34 348.06 364.78 381.54 399.44 398.8 435.26 451.56
184 192.42 180.44 178.58 167.74 168.08 167.78 155.94 155.2 165.44 165.76 175.82 205.72 206.1 216.5 226.82 237.16 227.7 218.66 231.48 224.08 237.12 237.12 247.04 246.48 255.36 274.42 272.98 281.62 260.12 249.08 248.1 266.88 255.08 252.94 250.88 240.14 239.3 238.42 246.32 235.54 234.18 223.5 222.96 203.98 194.52 -9999 -9999 -9999 -9999 -9999 274.28 262.92 266.02 298.62 310.58 312.14 313.12 301.7 310.12 318.66 326.98 325.42 333.6 321.36 347.94 354.9 362.12 359.98 376.88 384.96 412.18 420.88 504.48 474.16
195.46 213.56 171.18 179.96 188.68 168.9 157.54 167.44 167.6 193.78 164.78 165.54 204.82 205.28 215.2 235.24 245.58 236.14 238.06 241.04 243.96 246.9 257.1 256.68 276.78 285.56 294.28 282.68 291.2 290.06 279.26 277.96 275.96 273.5 271.1 249.44 257.96 257 256.12 255.28 253.54 251.78 241.1 240.28 221.3 211.86 239.1 210.88 -9999 -9999 290.38 296.56 261 293.68 306.34 308.54 329.96 321.62 332.64 331.1 339.52 347.74 346.02 344.42 342.72 369.22 386.02 393.42 381.56 389.16 416.32 453.3 462.26 537.18 515.72
181.84 181.02 200.3 199.56 189.04 168.58 177.36 188.94 189.66 187.1 193.7 173.28 183.9 194.44 204.38 214.4 263.58 254.34 247.44 250.52 253.58 256.54 266.74 276.72 286.32 295.28 303.98 322.44 320.32 321.6 329.5 317.26 304.34 291.92 289.26 286.4 266.08 265.12 273.64 272.74 281.28 269.92 268.06 257.26 247.56 229 256.26 264.7 286.14 -9999 -9999 -9999 278.46 291.7 314 326.3 337.78 359.5 371.14 362.04 400.36 398.44 396.5 394.64 412.3 410.34 466.26 444.46 422.64 439.96 448.2 466.68 504.16 513.2 529.62
183.52 205.66 228.04 227.28 212.98 198.72 207.8 210.38 220.94 200.04 176.52 183.4 191.16 219.92 201.66 202.16 270.94 263.24 256.9 249.92 263.16 266.14 276.26 296.54 295.76 304.92 323.42 331.28 344.04 362.24 369.26 346.5 323.5 310.62 297.92 294.54 293.22 291.88 290.96 308.7 307.74 306.66 304.52 293.18 282.98 264.2 245.74 281.9 -9999 -9999 -9999 -9999 333.78 299.2 321.38 343.52 365.14 376.84 368.72 370.52 431.66 419.9 428.08 426.26 434.22 481.14 497.92 486.06 503.24 453.1 499.92 508.96 546.82 565.36 562.82
178.32 179.46 230.44 196.2 193.12 199.16 217.1 230.8 232.46 223.28 179.64 185.42 211.1 218.72 245.66 274.48 285.5 269.94 274.96 269.28 272.76 275.64 275.48 295.46 304.84 334.64 342.22 352.84 375.18 412.42 408 375.66 342.6 319.12 296.38 292.58 309.98 308.76 317.04 325.34 333.7 341.94 340.78 338.36 336.88 317.74 308 298.36 297.58 -9999 350.72 345.86 303.08 335.32 338.5 351.14 382.94 385 387.18 399.24 411.3 422.44 450.7 448.6 426.6 444.14 460.6 458.62 486.3 504.78 533.16 551.96 561.04 608.62 644.56
185.88 186.52 236.4 214.08 222.58 230.94 228.62 239.72 221.98 204.54 212.5 188.54 213.48 200.6 236.02 270.34 243.06 247.18 251.52 256.18 270.94 284.8 294.64 294.16 324.18 343 341.38 367.82 385.3 391.08 406.86 364.56 340.66 326.88 313.64 309.48 317.2 315.8 342.36 350.58 367.7 375.9 383.76 391.84 380.66 370.78 369.94 341.84 332.28 335.14 311.9 325.46 330 343.5 366.02 369.24 381.72 383.78 405.6 417.82 430.06 432.1 453.04 440.84 448.72 476.24 492.24 489.98 517.48 575.1 594.66 594.7 614.3 662.36 698.46
180.2 192.18 233.22 230.92 240 259.58 219.18 238.28 231.4 193.12 202.48 200.88 226.24 192.38 151.38 196.38 204.62 206.32 219.38 242.42 256.64 270.5 291.82 323.2 322.16 341.8 356.74 357.74 373.96 379.06 374.38 352.4 338.82 325.14 330.88 316.92 324.56 341.44 367.56 376.08 403.2 421.12 439.1 447.86 438.74 438.6 429.36 410.96 392.7 374.68 368.02 353.12 347.72 361.1 374.26 406.46 409.72 412 434.02 436.34 458.5 470.86 472.68 483.42 491.12 498.58 524.28 501.96 529.72 587.84 685.94 676.24 686.12 725.48 752.7
157 176.68 169.58 208.68 207.8 227.3 216.02 212.72 209.08 200.48 188.88 178.28 226.24 222.42 189.04 204.66 204.42 195.7 215.48 238.3 261.9 265.96 276.86 288.58 309.98 323.8 360.62 356.02 361.3 376.76 373.08 351.84 339.52 365.16 361.7 347.56 346.76 374.06 391.88 428.34 446.32 482.88 510.14 519.02 500.08 492.38 501.52 480.38 463.98 418.78 410.24 394.08 388.34 391.02 393.2 414.58 427.84 430.12 452.22 464.34 506.34 498.8 511.3 523.16 533.98 561.2 587.28 583.18 601.36 649.98 689.48 719.18 768.42 798.22 815.76
178.1 189.64 157.56 167.2 166.72 194.46 209.88 217.66 219.16 213.36 195.64 203.72 212.7 239.7 235.8 203.48 212.2 248.92 230.84 261.02 264.62 258.64 269.56 271.24 283.5 287.56 316.34 315.6 352.48 378.64 395.3 384.06 411.88 408.54 424.62 380.8 380.7 436.74 445.22 463.18 500.28 537.26 574.14 601.42 545.66 509.14 568.92 544.46 527.12 499.08 427.46 419.36 421.02 423.56 425.78 437.42 449.22 459.96 470.3 511.68 543.88 566.46 499.32 501.68 513.44 523.76 600.82 615.42 644.02 673.08 702.86 762.36 812.04 851.82 840.18
168.18 189.12 162.58 188.8 183.42 190.1 215.2 221.9 199.36 237.2 215 213.66 211.02 209.06 259.5 219.86 210.52 208.2 230.04 258.14 237.44 263.56 268.08 269.98 290.8 290.78 279.88 282.78 352.8 387.92 404.16 422.32 440.98 486.06 482.22 484.48 484.58 522.24 521.66 511.64 530.52 596.58 624.92 647.14 564.66 496.8 521.34 591.5 564.16 516.12 454.82 437.44 427.96 437.94 449.92 461.64 473.26 474.12 504.16 534.14 574.42 575 527.08 549.66 532.14 583.92 664.38 708.48 726.86 746.22 746.32 797.12 823.48 941.86 782.94
138.7 128.52 131.32 121.8 157.56 186.7 203.38 200.82 193.44 234.84 223.02 191.98 152.72 132.4 172.32 190.88 174.82 180.52 168.88 211.14 244.62 253.08 264.22 268.24 291.24 292.52 313.12 326.02 349.06 398.52 434.94 402.12 410.5 456.56 424.02 568.18 587.9 627.14 579.92 513.72 609.64 687.84 711.52 672.72 602.44 551.06 535.98 565.74 467 495.72 511.92 485.74 465.86 474.98 523.86 515.76 517.6 528.9 569.16 589.6 620.04 640.46 650.92 651.28 641.76 622.44 633.98 713.5 742.48 829.7 784.98 775.34 646.64 660 822.48
109.28 119.16 124.14 123.7 130.44 158.8 178.58 188.94 191.86 213.24 188.52 162.7 134.2 121.7 137.76 136.82 165.82 163.16 164.08 185.22 218.82 233.96 229.86 220.1 259.06 278.6 307.96 320.46 343.82 385.02 396.38 335.98 384.16 401.12 426.66 438.76 449.54 479.82 624.16 653.32 772 825.84 808.1 722.98 648.98 576.86 563 586.56 554.68 581.88 576.84 533.7 514.06 462.46 550.8 530.78 542.48 574.44 615.1 625.62 646.24 666.88 637 617.28 688.86 719.24 697.64 636.5 685.84 803.46 710.18 642.86 726.82 973.9 906.4
102.92 100.46 112.54 113.18 112.7 141.62 150.18 159.38 160.32 182.86 160.82 148.06 127.46 125.74 142.48 150.2 157.56 166.94 166.98 178.42 196.46 202.72 199.7 227.84 237.74 275.08 293.16 305.48 317.52 332.2 318.14 342.5 358.4 388.5 422.52 443.64 463.1 493.72 523.86 536.64 930.34 953.22 887.2 768.64 656.38 562.72 556.8 583.2 577.48 583.94 522.1 550.62 582.28 582.06 580.14 577.06 579.46 591.52 602.44 623.44 634.5 635.14 594.98 596.06 670.18 763.66 887.82 875.68 988.46 696.5 748.26 739.8 719.8 888.94 859.4
98.52 101.48 91.74 101.1 91.24 101.28 111.12 129.08 129.24 140.74 151.92 139.76 131.34 139.84 137.96 155.2 175.16 181.7 159.24 165.66 174.72 184.08 191.2 216.04 241.86 255.2 268.02 270.94 248.76 274.28 288.06 333.5 365.7 431.54 419.18 451.3 479.72 519.9 533.04 539.74 925.58 1031.04 943.56 819.62 671.16 555.86 531.46 557.42 573.28 576.82 520.2 550.04 635.94 625.48 613.2 589.06 586.04 621.8 642.88 664.9 666.44 616.06 586.26 650.96 745.58 800.4 1078.76 1184.38 1036.14 693.2 727.36 728.18 730.16 862.02 873.96
116.02 107.98 99.04 90.28 80.96 100.1 99.48 98.76 99.1 110.2 131.34 132.56 133.74 147.16 147.24 153.3 164.5 173.04 171.82 160.68 187.62 202.82 199.88 197.54 230.94 261.64 240.34 254.46 269.32 271.52 287.84 313.74 348.64 397.12 489.72 467.72 510.08 542.76 623.06 677.92 535.32 968.48 926.94 767.9 674.04 609.22 554.78 550.26 576.54 612.48 625.72 631.94 652.52 641.42 606.4 613.04 610.06 649.82 665.3 774.32 733.86 661.02 585.94 724.34 786.28 783.7 951.46 965.08 816.02 822.12 669.62 692.84 707.38 662.42 846.36
106.78 105.84 87.5 78.42 78.48 89.48 78.56 87.74 87.14 90.04 91.88 101.12 130.1 132.64 129.08 124.94 149.4 173.36 182.16 181.68 198.66 204.1 196.38 204.66 209.88 221.54 229.92 239.92 259.94 261.68 277.3 272.4 297.26 346.46 437.98 491.56 538.44 539.32 529.96 563.08 625.02 701.74 722.08 655.52 638.46 674.96 620.96 628.54 727.78 745.02 718.26 597.08 646.04 626.24 591.66 577.24 671.16 720.68 659.54 754 715.1 878.6 802.32 855.62 835.86 821.22 895.92 888.62 780.04 825.58 767.1 739.04 734.7 753.54 880.14
115.16 87.88 69.1 68.92 78.16 78.18 69.06 78.08 77.26 89.46 72.46 83.56 104.46 126.38 123.64 122.48 141.52 169.12 186.54 193.44 209.5 206.52 198.6 211.58 215.14 206.08 196.94 244.84 262.08 251.54 266.76 260.92 276.94 282.08 369.06 446 471.26 482.3 502.48 513.72 513.16 522.04 548.78 562.82 576.98 747.82 757.28 640.7 666.32 1039.72 956.5 854.3 817.28 669.04 524.04 544.1 609.16 806.2 752.22 807.94 848.9 956.96 843.2 871.34 797.88 794.9 1124.02 891.2 763.84 809.58 771.08 816.46 786.56 823.38 965.68
112.5 86.52 59.62 68.88 77.04 77.04 79.04 88.12 86.94 88.98 81.98 89.18 88.88 117.18 114.12 132.12 122.62 152.66 194.08 185.46 192.4 187.02 180.24 203.54 215.34 216.94 226.66 237.1 257.02 267.3 259.22 250.18 267.22 313.98 361.44 388.38 423.34 447.7 461.3 472.3 462.64 468.54 469.58 545.54 557.62 590.46 615.78 640.98 644.4 668.46 1340.72 1082.84 1036.46 803.2 586.92 620.92 632.3 561.78 638.04 728.5 784.16 770.3 746.98 748.76 900.24 864.86 804.98 880.16 1006.24 914.74 884.24 874.88 823.04 910.98 996.88
118.38 84.32 78.08 78.32 76.22 76.12 78.6 87.98 86.98 88.3 80.8 75.9 88.78 95.04 136.58 122.92 113.02 145.6 204.28 180.16 168.76 176.22 174.32 216.52 226.9 236.46 236.84 258.68 250.2 244.04 228.92 245.92 262.52 317.88 364.16 371.2 379.8 422 468.86 461.4 434.54 430.6 442.14 542.82 565.64 586.2 606.04 944.48 1277.84 668.64 1199.48 968.78 864.2 765.88 696.54 765.04 695.46 672.42 708.88 621.6 755.28 712.2 609.82 516.74 889.1 881.02 941.7 932.7 1070.34 1056.02 877.64 868.16 866.76 954.3 1061.36
106.18 128.02 103.84 68.08 74.84 76.8 78.68 77.5 86.22 98.5 81.04 82.7 95.58 105.52 116.38 104.24 103.6 128 158.58 168.32 159.08 181.94 200.52 196.46 224.92 218.12 243.6 234.18 235.56 219.5 233.8 254.76 301.44 299.7 331.64 352.94 373.4 499.66 499.36 460.88 415.44 410.76 436.32 535.52 546.96 569.6 591.28 1308.2 962.3 802.8 637.48 666.5 673 669.3 753.66 794.84 819.7 882.52 856.18 719.86 688.74 636.8 700 526.28 791.24 777.1 995.48 1053.78 961.24 965.58 950.42 1021.22 1007.4 1061.12 1168.18
107.56 102.62 104.1 74.32 75.38 57.72 68.34 77.02 85.34 88.16 90.08 91.06 92.82 113.46 92.58 105.8 116.2 127.18 154.54 166.68 166.08 188.24 187.56 195.96 226 209.78 235.76 241.82 214.88 239.84 252.14 271.28 277.44 300.96 366.62 366.22 376.28 619.38 558.9 466.16 415.72 396.64 411.76 481.58 598.18 576.18 885.92 1064.16 768.7 664.32 558.76 624.54 716.86 712.24 701.2 689.6 659.06 943.1 913.94 815.64 751.68 760.36 636.86 623.8 773.44 762.84 778.06 787.52 823.1 948.2 995.02 1039.02 1103.7 -9999 -9999
107.34 101.76 84.4 75.66 67.5 58.26 68.12 76.26 65.7 83.8 94.74 116.04 121.2 113.44 105.42 105.64 106.24 124.9 141.4 149.8 157.96 179.44 187.1 196.18 199.4 214.58 230.28 234.42 237.92 252.36 268.12 301.68 305.58 332.28 334.14 355.5 375.42 605.18 568 486.5 433.88 380.06 395.84 466.08 555.64 576.3 694.44 942.72 721.04 641.36 667.82 557.32 654.74 524.7 553.56 653.16 748.24 765.24 746.26 710.62 725.72 755.72 681.8 740.38 828.1 829.82 759.58 769.64 822.84 968.26 -9999 -9999 -9999 -9999 -9999
107.28 109.8 93.74 76.86 68.8 78.82 78.18 77.2 74.34 82.82 102.68 106.42 120.74 105.2 113.3 105.54 117.02 145.26 142.62 139.64 161.4 183.28 208.82 219.34 205.38 236 255.64 265.02 251.52 297.54 306.12 324.9 368.56 406.1 447.82 374.88 387.82 633.66 613.8 495.44 439.28 407.98 415.26 460.22 499.84 586.84 660.94 764.42 719.06 744.46 665.94 796.9 817.78 617.96 460.3 494.56 532.96 657.72 724.58 702.88 674.06 734.34 630.38 774.58 840.62 801.06 851.52 851.62 887.92 -9999 -9999 -9999 -9999 -9999 -9999
94.46 84.16 104.68 94 77.64 88.62 89.32 79.7 88.62 107.82 109.32 120.98 125.94 119.34 121.22 140.22 153.78 163.1 155.64 161.86 164.48 203.16 209.26 212.78 222.04 246.48 259.3 282.3 331.56 350.22 381.4 382.06 395.94 424.98 476.78 393.76 395.66 633.04 598.98 493.48 467.52 464.74 466.5 520.58 551.72 576.54 598 623.58 630.38 650.06 677.78 753.04 752.02 633.56 561.04 462.06 507.36 547.4 626.48 668.62 783.98 833.98 724.8 863.28 868.84 900.04 942.08 974.5 964.24 982.14 -9999 -9999 -9999 -9999 -9999
124.78 101.34 105.48 97.04 85.9 88.46 80.36 81.06 100.92 131.66 115.18 118.6 101.64 116.32 126.06 144.34 150.18 151.34 183.92 182.04 192.14 200.34 218.08 237.08 253.34 249.42 286.94 304.94 351.82 386.18 392.48 403.4 421.48 444.44 459.68 418 564.16 619.24 514.5 476.92 511.56 500.18 491.58 513.28 538.8 578.22 609.06 603.42 588.16 591.4 683.66 736.14 739.44 633.76 565.1 467.56 544.5 567.6 580.34 702.08 794.68 779.32 802.26 879.28 873.94 955.62 1000.22 1010.96 1063.3 1046.54 1107.32 -9999 -9999 -9999 -9999
110.64 99.58 94.18 94.98 95.22 79.52 81.4 82.08 92.48 102.26 96.98 104.18 107.68 116.82 148.52 159.6 150.7 175.14 193.32 201.18 196.56 208.56 224.86 244.2 256.58 287.92 298.04 339.42 355.22 406.72 415.52 418.62 421.6 426.14 441.18 444.16 507.06 534.7 493.38 501.5 529.14 530.26 545.22 537.66 542.72 564.14 579.16 637.66 571.92 600.56 717.4 785.52 777.52 687.64 606.52 607.14 632.22 608.5 625.76 783.32 851.58 882.18 893.68 917.64 957.48 1062.02 959.8 1000.18 1042.62 1108.74 1135.64 -9999 -9999 -9999 -9999
95.02 86.38 79.3 74.36 84.66 81.72 106.26 97.28 85.52 115.42 118.12 114.66 116.52 147 159.32 159.2 146.34 179.3 188.04 207.3 210.56 206.3 239.76 258.9 287.62 311.96 347.4 375.56 417.22 428.26 426.56 430.24 442 452.32 443.12 488.1 509.82 523.06 542.96 561.04 555.72 550.12 568.82 581.34 586.7 557.22 572.76 620.04 631.38 656.62 751.42 851.28 851.92 738.08 666.98 685.14 709.34 716.9 759.26 835.36 909.02 887.86 853.96 950.38 912.36 948.08 -9999 -9999 -9999 -9999 -9999 -9999 -9999 -9999 -9999
