shamba/rasters/climate/pre_12.txt
ncols         720
nrows         360
xllcorner     -180
yllcorner     -90
cellsize      0.5
NODATA_value  -9999
[rows 66 to 98 of 360, columns 370 to 443 of 720]
-9999 -9999 -9999 -9999 -9999 -9999 823.68 745.12 664.98 644.76 514 562.16 -9999 -9999 500.88 670.84 731.9 688.62 650.28 561.96 558.86 521.14 434.32 429.24 -9999 -9999 521.52 -9999 -9999 -9999 -9999 -9999 660.9 680.78 613.56 572.14 501.58 473 480.54 474.54 506.72 508.7 489.94 439.06 440.44 438.16 452.76 459.26 508.22 498.22 459.34 435.92 463.98 520.18 546.7 545.74 575.84 576.14 595.56 565.32 544.76 535 524.88 524.08 494.92 502.94 491.46 485.9 470.94 469.32 452.4 455 449.02 468.78
-9999 -9999 -9999 -9999 -9999 -9999 823.88 786.72 710.08 626.4 494.68 451.64 -9999 -9999 488.34 647.02 742.14 653.86 575.58 545 519.72 482.54 533.88 539.72 -9999 -9999 -9999 -9999 -9999 -9999 -9999 -9999 673.42 694.08 644.5 579.4 479.56 450.68 438.04 447.8 486.14 484.48 465.8 431.9 444.1 463.36 448.58 459.44 479.74 489.42 487.78 465.1 472.6 488.32 514.38 542.84 572.26 572.08 553 543.32 552.86 543.12 533.4 542.94 542.08 531.4 507.98 485.12 483.82 474.26 467.2 460.84 463.42 481.58
-9999 -9999 -9999 -9999 -9999 -9999 808.9 825.36 783.26 622.62 628.2 594.98 464.82 515.66 509.42 529.2 624.1 608.34 523.22 -9999 -9999 -9999 -9999 -9999 -9999 -9999 -9999 -9999 -9999 -9999 -9999 -9999 682.1 702.08 711.98 603.94 474.52 456.96 434.14 474.24 492.14 509.66 486.82 464.38 446.64 447.08 467.2 477.16 488.22 488.54 476.8 468.9 473.04 469.14 476.66 495.82 533.96 542.78 541.4 550.8 569.92 550.86 550.7 541.24 512.6 503.06 483.78 473.9 454.64 453.82 445.94 456.98 478.42 494.46
-9999 -9999 -9999 -9999 -9999 -9999 780.18 734.62 777.64 588.18 517.08 475.42 481.66 501.36 485.62 554.06 554.22 574.72 569.58 558.02 544.1 -9999 -9999 -9999 -9999 -9999 -9999 -9999 -9999 -9999 -9999 -9999 661.48 674.96 625.06 545.18 493.82 462.9 442.84 452.02 500.46 517.44 484.78 452.2 459.5 448.42 471.36 473.2 474.78 486.02 473.56 452.52 447.04 469.44 505.38 515.62 532.38 539.44 539.42 539.4 548.72 548.66 511.38 511.4 500.38 492.14 463.94 456.8 439.5 440.52 443.48 464.26 494.32 497.72
-9999 -9999 -9999 -9999 -9999 -9999 763.9 749.42 735.06 668.84 638.42 627.58 509.82 525.04 585.34 583.08 569.26 576.66 -9999 -9999 539.8 -9999 -9999 493.72 530.28 524.1 496.12 484.92 -9999 490.9 639.44 711.8 628.26 583.68 546.56 466.18 452.44 460.44 467.64 488.4 489.14 495.58 462.68 459.1 445.68 453.92 457.18 478.5 470.8 462.76 464.26 439.1 427 456.54 486.24 502.82 518.78 527.46 528.02 538.14 548.28 510.36 508.92 497.82 478.58 471.54 451.92 443.26 426.62 437.44 430.44 462.54 475.54 508.4
-9999 -9999 -9999 -9999 -9999 -9999 -9999 745.74 780.98 744.2 658.34 579.7 660.7 647.44 505.84 480.02 474.54 586.7 577.1 564.96 538.12 495.96 516.76 544.38 542.56 548.78 515.54 422.4 461.78 519.12 573.74 626.86 575.12 541.28 496.5 427.06 409.88 406.74 454 474.68 477.54 473.98 469.56 446.94 451.64 478.96 445.8 456.04 447.9 431.28 433.88 406.4 424.1 437.66 453.22 480.52 498.94 518.22 528.26 537.46 526.68 506.34 486.02 475.1 477.06 432.42 422.6 421.4 385.2 405.22 416.94 449.68 481.88 494.42
-9999 -9999 -9999 -9999 788.04 721.72 748.34 736.54 744.38 715.34 685.08 604.1 568.78 533.28 534.12 518.52 503.52 471.72 454.02 452.7 479.98 510.84 534.82 521.2 509.68 494 443.82 422.64 429.34 464.94 469.8 494.2 502.62 467.14 441.04 392.94 394.96 411.78 450.24 453.26 427.24 443.94 421.16 426.52 440.32 431.66 436.08 445.76 428.24 411.36 403.9 413.66 414.92 447.64 463.46 480.02 498.64 489.5 478.64 477.12 485.06 483.58 463.46 454.06 485.08 487.28 458.94 439.08 354.12 392.72 422.82 454.92 478.08 471.14
833.54 740.76 800.42 746.22 692.56 699.78 697.32 694.88 712.24 691.56 654.56 609.82 537.36 519.54 531.1 533.36 527.62 491.68 466.96 450.78 460.44 469.5 472.6 451.22 450.2 425.3 398.68 369.62 386 422.46 417.28 429 396.88 390.56 383.18 383.26 377.66 380.14 420.14 423.32 406.8 376.1 393.74 400.06 429.28 430.1 431.1 439.44 430.04 422.52 413.48 421.66 423.68 448.86 454.84 474.72 469.44 486.46 485.08 483.84 481.32 479.52 450.66 443.12 455.86 476.26 467.02 438.12 383.04 410.88 420.7 450.88 473.46 466.08
-9999 747.04 776.98 696.42 675.4 693.96 692.52 679.5 656.94 625.78 594.18 564.16 509.86 479.8 489.4 489.2 497.3 481.7 464.64 443.62 442.88 423.76 411.26 411 397.64 387.8 371.64 347.04 354.28 380.74 354.8 338.58 344.52 334.76 335.58 346.76 359.52 369.38 372.02 384.54 378.34 389.54 387.52 396.66 399.04 415.96 427.34 414.68 412.6 414.48 413.68 421.1 432.1 457.56 456.1 466.24 470.44 465.14 482.52 481.34 508.52 485.46 475.74 478.44 463.72 465.12 447.06 429.56 412.08 402.96 421.72 440.68 460.32 461.88
814.54 784.7 764.96 704.86 703.98 692.36 690.8 679.24 657.08 610.42 570.46 518.68 462.5 428 448.62 468.08 490.64 490.5 460.92 446.74 434.76 407.54 379.3 377.26 347.08 345.96 333.42 333.92 341.46 347 331.64 316.5 303.96 323.92 306.02 309.08 341.44 359.6 362.36 374.58 367.54 380.7 382.8 384.66 404.12 411.28 421.56 419.56 417.5 426.34 423.74 430.38 427.94 445 476.14 485.56 490.2 482.44 470.26 478.56 496.86 487.86 493.42 477.52 463.32 446.64 438.64 451.02 441.8 423.2 413.96 432.44 450.64 442.16
755.06 732.8 742.94 763.24 762.5 720.6 696.42 711.14 736.1 670.88 608.56 573.26 458.26 387.56 405.26 437.76 442.58 461.2 446.64 449.64 456.52 411.02 359.78 337.68 329 340.48 352.2 341.94 349.56 354.28 338.68 323.6 313.1 304.52 304.38 313.94 327.22 337.64 368.22 371.04 384.42 378.96 380.88 393.14 401.2 417.66 426.68 434.36 423.78 435.34 441.42 438.3 446.16 469.1 487.56 502.26 491.18 501.54 475.62 474.62 465.62 476.76 489.14 479.9 475.04 467.9 461.66 462.58 462.34 443.12 433.14 432.52 423.44 424.26
779.5 692 701.84 793.52 792.06 785.46 768.98 723.28 712.54 661.14 566.96 427.88 368.36 358.08 366 409.32 424.88 430.3 492.26 491.74 527.04 492.3 325.54 289.88 331.8 334.36 348.56 339.02 357.32 351.74 355.3 362.46 322.46 292.24 302.24 299.84 310.92 315.28 354.82 358.56 381.42 376.52 376.82 396.08 386.18 383.5 410.8 421.62 434.34 434.52 451.44 465.42 471.72 474.94 488.32 492.74 493.44 490.38 475.66 479.88 471.7 465.36 477.68 479.92 463.54 466 468.8 462.32 463.96 434.84 423.88 404.54 414.84 415.6
743.74 838.96 925.28 840.24 742.6 725.04 690.9 658.18 677 608.64 537.46 470.74 426.44 462.66 509.9 567.3 504.4 438.92 506.18 616.32 900.96 844.78 610.88 457.84 309.48 337.28 371.02 393.06 402.9 397.56 382.24 372.26 359.02 308.04 309.16 316.06 313.72 358.66 389.08 401.9 397.36 383.06 372.32 368.6 367.98 367.64 379.9 402.6 434.58 442.98 470.42 465.58 487.84 482.82 502.46 509.52 510.84 499.04 486.9 468.68 452.3 446.4 440.64 443.96 456.18 467.64 470.22 472.8 465.22 465.62 436.12 426.12 415.72 425.92
823.14 1056.48 1031.26 859.48 721.52 644.3 617.1 561.88 596.34 584.08 472.6 455.34 476.18 549.52 547.76 724.3 440.44 273.32 277.24 379.72 473.78 491.9 697.22 649.68 542.94 313.28 339.96 423.76 433.86 423.3 382.14 351.42 356.98 348.56 338.84 334.78 368.28 410.62 412.96 417.42 394.16 370.3 348.88 353.56 360.2 354.92 367.74 384 423.14 431.38 467.92 474.88 487.34 490.72 510.58 520.08 509.6 493.52 488.36 472.38 456.64 450.36 434.9 437.26 448.98 459.9 481.66 493.8 486.18 486.2 449.9 449.68 437.78 433.2
1301.54 1184.32 829.4 750.8 702.96 606.14 534.86 560.32 542.76 490.8 473.16 453.7 499.14 503.72 538.68 564.64 346.84 407.54 334.9 431.92 442.32 452.68 497.92 515.18 474.48 464.24 503.16 618.76 564.42 517.3 436.38 404.44 408.98 391.24 429.5 395.2 426.72 466.14 465.2 423.98 391.64 366.52 355.12 369.48 380.98 384.64 379.68 412.62 418.74 443.64 460.88 468.26 475.52 480.72 489.52 492.04 491.32 469.7 473.72 458.16 451.92 454.74 427.84 439.74 460.72 481.2 492.82 496.02 508.58 500.12 491.66 480.76 466.08 432.6
1119.14 1008.16 738.34 667.12 619.56 602.82 588.16 544.64 468.26 485.16 520.36 507.96 485.32 484.54 486.38 556.46 592.92 409.86 285.48 411.9 495.52 391.9 375.04 342.34 388.58 576.84 788.14 773.44 674.08 607.02 559.78 437.46 418.18 432.94 530.44 582.04 566.58 515.78 465.36 406.12 372.88 358.44 356.76 356.72 387.04 408.56 401.34 418.16 421.94 427.9 444.32 442.2 450.38 457.62 441.48 437.28 439.34 451.36 448.88 446.3 457.28 468.3 464.32 474.48 470.4 493.32 504.26 533.44 546.98 530.2 521.4 507.4 472.84 458.28
920.56 891.06 779.92 654.96 609.58 505.06 673.24 639.7 442.1 506.8 477.9 460.16 476.24 473.16 498.44 505.34 561.1 678.46 465.42 456.78 431.06 350.44 281.44 370.4 429.74 561 607.52 691.58 689.78 605.98 411.06 424.7 416.18 466.58 596.62 650.98 667.9 664.16 554.64 388.54 376.78 351.62 341.02 351.82 381.62 423.42 417.7 422.86 415.8 419.62 420.78 419.44 429 428.52 414.22 423.14 429.36 434.26 440.32 465.98 487.82 492.46 513.16 493.86 494.08 498.92 528.14 559.78 564.8 568.48 567.86 533.66 498.76 456.34
825 831.64 819.94 805.58 748.4 559.36 843.56 705.78 680.22 548.86 487.12 487.62 454.8 471.48 521.16 593.52 619.44 582.62 434.86 456.84 464.32 422.5 424.84 446.02 494.16 459.52 486.32 532.54 529.6 474.68 421.36 377.9 399.32 459.92 570.06 584.18 644.1 661.46 647.82 546.52 398.18 318.68 308.46 319.26 369.24 401.12 411.88 409.56 424.08 418.22 390.8 405.86 414.02 404.38 393.6 405.88 408.54 403.66 439.38 465.96 496.5 508 510.02 507.7 498.52 494.86 550.9 594.8 612.8 624.14 604.72 561.44 518.2 468.3
793.32 825.56 845.36 910.12 744.38 832.46 822.74 703.5 653.02 634.04 672.42 634.2 582.96 683.3 776.82 954.92 973.84 987.16 888.96 755.48 730.72 698.96 508.12 439.72 443.64 395.76 420.08 486.1 477.26 433.56 382.32 352.08 380.62 441.42 483.12 505.44 639.86 655 604.48 610.98 477.96 337.02 266.1 284.38 314.66 368.3 406.64 407.92 404.46 396.8 387.34 391.14 381.28 391.5 374.5 372.68 383.3 398.42 414.72 448.56 487.94 530.22 533.44 539.86 531.38 506.32 550.4 602.72 632.14 650.12 629.96 591.12 540.28 480.78
663.24 853.88 984.42 1003.9 870.42 780.9 823.12 860.18 1011.68 1168.66 1468.86 1355.38 1127.08 993.94 1006.94 1179.04 1154.38 1139.82 1035.74 918.16 721.16 598.02 463.46 460.1 430.48 433.76 436.92 419.62 400.66 399.88 368.98 378.26 397.5 414.78 467.32 530.02 539.86 546.96 523.86 533.38 530.62 446.8 282.66 250.92 280.96 354.04 385.42 396.82 401.88 412.12 392.82 394.96 404.56 388.26 379.94 380.3 379.7 381.66 395.46 421.38 459.72 503.36 546.2 550.72 530.7 538.4 554.76 604.06 653.12 699.88 657.02 603.24 534.04 473.94
660.1 879.66 1117.08 956.64 1079.86 1181.28 1586.38 1832.26 1960.12 1793.58 1949.44 1619.56 1137 1190.56 1199.28 1114.52 1100.38 1116.56 855.44 762.66 611.78 535.58 452.4 448.94 462.4 451.96 434.24 420.5 409.92 389.04 398.42 397.34 420.7 438.94 471.94 554 523.88 363.96 388.26 401.08 470 446.7 393.12 240.26 289.62 345.26 368.44 389.36 381.76 387.78 417.58 417.66 409.72 402.26 375.58 368.76 366.5 364.84 377.28 403.78 431.54 466.34 490.76 523.8 656.22 636.46 586.94 616.66 642.56 667.16 644.02 593.12 546.1 467.3
698.7 936.96 817.38 1043.36 1614.34 1810.04 1597.42 1374.42 1552.58 1801.78 1618.76 1427.06 885.72 1081.94 1029.94 1111.64 1386.98 1177.86 1276.2 888.24 822.82 715.7 595.3 552.4 534.98 506.8 462.8 451.08 440.04 418.72 416.36 429.98 453.24 463.74 497.24 494.94 552.68 341.2 313.9 315.86 336.28 354.38 352.06 319.66 299.44 333.6 348.92 368.52 361.6 367.22 391.96 435.84 -9999 541.06 399.08 383.52 389.1 369.38 382.54 375.92 767.18 758.44 -9999 -9999 -9999 697.54 619.44 654.02 649.88 657 617.64 582.28 518.82 450.48
677.54 794.76 979.18 1432.6 1601.02 1426.52 821.4 687.2 697.32 738.7 817.84 750.3 686.34 612.6 697.18 818.5 968.12 1219.52 1387.36 1123.26 983.04 791.04 716.34 701.36 684.24 605.76 527.44 507.24 473.78 471.9 459.38 462.44 486.36 465.34 515.34 512.92 461.82 521 350.12 423.76 355.28 333.34 431.32 438.54 311.94 336.18 375.9 377.2 332.1 328.3 397.94 -9999 -9999 -9999 -9999 641.8 446.14 433.62 417.3 413.48 -9999 -9999 -9999 -9999 -9999 676.22 698.28 702.5 697.18 683.4 636.08 548.86 472.04 423.8
749.38 813.6 1265.86 1454.92 1257.36 544.04 609.9 653.76 672.94 607.9 542.82 507.9 500.8 514.68 575.54 699.72 -9999 991.52 1253 1411.54 1372.18 1080.8 970.2 868.9 808.22 707.52 655.5 617.96 566.18 534.66 532.6 525.8 521.06 527.04 576.64 687.1 514.34 553.66 471.44 470.46 522.22 483.22 399.68 380.22 314.02 327.42 383.1 369.52 330.68 262.52 -9999 -9999 -9999 -9999 592.52 657.4 547.44 517.42 501.2 495.42 465.34 470.02 517.02 602.66 717.94 806.42 851 828.54 785.2 807.18 756.72 600.28 454.84 424.82
867.26 1073.34 1226.68 1325.06 976.76 625.32 723.14 792.02 889.34 771.74 625.88 574.38 537.12 520.7 565.16 809.18 -9999 936.58 984.24 1048.2 1469.34 1387.56 1187.9 1076.76 931.38 830.06 800.42 757.26 716.44 675.7 624.44 603.06 578.52 554.3 549.44 476.92 435.58 424.3 392.44 391.56 390.1 398.34 388.02 371.66 353.3 343.42 379.9 371.12 445.12 457.12 -9999 -9999 -9999 -9999 -9999 -9999 697.9 670.68 744.98 682.98 884.44 828.26 -9999 -9999 820.08 980.04 1094.94 1134.88 1115.56 1085.6 959.6 748.48 588.82 519.72
760.08 819.68 1013.2 1162.3 1046.36 947.28 833.88 1889.42 2745.92 810.62 724.18 612.24 647.2 625.44 624.38 872.98 -9999 -9999 -9999 924.76 1180.8 1287.3 1281.44 1200.3 1056.54 967 880.44 852.66 823.4 773.16 754.06 703.74 642.14 611.46 556.74 479.66 457.9 435.1 433.98 422.38 420.9 420.62 439.98 390.16 370.58 376.68 380.66 537.5 -9999 -9999 -9999 -9999 -9999 -9999 -9999 -9999 -9999 903.96 949.66 -9999 -9999 -9999 -9999 -9999 -9999 -9999 871.48 1536.88 1480.74 1309.7 1175.48 991.38 816.58 689.14
612.48 696.1 802.34 886.52 877.64 844.52 1380.04 -9999 -9999 2521.82 807.68 723.18 714.58 709.74 750.68 747.94 764.5 754.48 -9999 -9999 874.22 1036.64 1192.66 1210.54 1141.72 1093.56 1034.82 1005.36 980.5 838.8 830.98 781.3 679.3 607.58 544.4 501.8 470.34 457.32 437.38 448.52 448.28 458.34 455.36 445.42 423.88 419.86 451.34 605.28 -9999 -9999 -9999 -9999 -9999 -9999 -9999 -9999 -9999 -9999 -9999 -9999 -9999 -9999 -9999 -9999 -9999 -9999 -9999 -9999 891.88 1602.12 1120.28 960.78 890.96 790.82
614.34 666.16 729.9 809.12 -9999 -9999 -9999 -9999 -9999 2148.76 2083.36 790.88 769.7 760.66 742.18 778.66 813.66 837.42 -9999 -9999 -9999 -9999 886.56 1113.42 1265.28 1358.3 1211.38 1134.02 1084.18 1066.14 937.38 816.64 695.08 603.84 541.58 520.24 492.88 470.64 474.06 477.22 486.24 484.58 501.56 489.52 477 470.46 711.28 677.82 -9999 -9999 -9999 -9999 -9999 -9999 -9999 -9999 -9999 -9999 -9999 -9999 -9999 -9999 -9999 -9999 -9999 -9999 -9999 -9999 -9999 870.78 1671.36 1246.42 993.7 837.68
-9999 -9999 -9999 -9999 -9999 -9999 -9999 1495.4 877.72 1654.12 1726.98 1602.76 792.88 786.24 807.46 821.66 796.54 859.22 648.56 -9999 -9999 -9999 -9999 979.14 1060.84 1395.56 1393.18 1280 1226.54 1088.98 981.72 883.16 702.04 571.62 509.34 478.36 474.36 524.94 572.06 631.96 652.62 625.46 659.66 572.32 516.96 524.36 -9999 -9999 -9999 -9999 -9999 -9999 -9999 -9999 -9999 -9999 -9999 -9999 -9999 -9999 -9999 -9999 -9999 -9999 -9999 -9999 -9999 -9999 -9999 -9999 -9999 834.94 1674.84 1423.04
-9999 -9999 -9999 -9999 -9999 -9999 -9999 856.98 875.02 1236.58 1296.58 1238.3 1143.98 856.46 889.34 916.68 832.26 864.08 842.8 654.34 727.92 -9999 -9999 -9999 -9999 -9999 1304.84 1385.32 1742.06 1164.46 1069.18 859.94 659.4 528.6 508.26 490.6 548.9 612.56 556.6 542.04 596.1 640.62 639.04 621.5 643.6 647.78 -9999 -9999 -9999 -9999 -9999 -9999 -9999 -9999 -9999 -9999 509.6 563.88 647.72 696.1 762.66 -9999 -9999 -9999 -9999 -9999 -9999 -9999 -9999 -9999 -9999 -9999 -9999 1857.44
-9999 -9999 -9999 -9999 -9999 -9999 -9999 813.46 826.92 -9999 -9999 -9999 -9999 -9999 998.48 1040.24 1016.28 960.92 865.04 813.24 780.12 772.92 951.9 -9999 -9999 -9999 -9999 -9999 1559.94 1591.84 1105.74 866.74 667.14 507.52 456.24 504.14 592.98 628.96 763.8 842.4 828.08 805.86 761.94 728.94 764.38 858.1 979.8 -9999 -9999 -9999 -9999 -9999 -9999 -9999 527.82 1112.56 906.64 733.94 723.26 741.04 802.32 795.68 823.98 -9999 -9999 -9999 -9999 -9999 -9999 -9999 -9999 -9999 -9999 2052.22
-9999 -9999 -9999 -9999 -9999 -9999 847.44 747.4 800.18 541.88 -9999 -9999 -9999 -9999 -9999 586.78 1022.66 981.96 941.94 859.18 847.08 814.9 855.04 1183.38 1259.7 -9999 -9999 -9999 1475.92 1388.66 1162.06 904.5 705.22 561.94 527.66 538.48 565.04 656.5 773.68 875.32 975.52 993.92 861.02 865.2 837.1 821.94 1020.58 1212.46 1329.16 895.02 760.28 654.06 587.64 1097.52 1172.48 969.48 719.74 560.14 569.3 581.44 602.22 639.18 783.5 1006.4 768.18 764.22 -9999 -9999 813.02 812.54 826.6 864.72 1305.24 792.08
-9999 -9999 -9999 -9999 -9999 -9999 821.28 839.74 783.48 765.46 -9999 -9999 -9999 -9999 -9999 601.66 590.14 -9999 981.96 923.12 922.9 936.16 975.36 950.74 984.6 1035.12 1475.74 -9999 1441.72 1476.62 1324.9 1032.14 825.56 679.62 598.08 583.64 612.92 704.6 999.46 906.9 969.52 1020.06 908.56 894.66 1025.36 1106.14 -9999 1140.74 1163.56 1104.2 1019.6 941.62 814.38 844.36 891.1 838 686.86 529.34 497.28 485.2 485.48 461.72 535.28 636.32 688.08 716.74 668.8 661.58 605.48 614.56 585.88 552.06 559.44 444.28
