shamba/rasters/climate/pre_5.txt
ncols         720
nrows         360
xllcorner     -180
yllcorner     -90
cellsize      0.5
NODATA_value  -9999
[rows 165 to 197 of 360, columns 222 to 295 of 720]
2593.1 2472.9 2283.7 2138.04 2012.92 2022.64 2063.12 2122.3 1986.1 1892.64 1653.82 1445.36 1459.06 1421.34 1359.78 1621.16 2125.8 2626.34 3011.84 3214.36 3206.84 3187.88 -9999 -9999 -9999 -9999 -9999 -9999 -9999 -9999 -9999 -9999 -9999 -9999 -9999 -9999 -9999 -9999 -9999 -9999 -9999 -9999 -9999 -9999 -9999 -9999 -9999 -9999 -9999 -9999 -9999 -9999 -9999 -9999 -9999 -9999 -9999 -9999 -9999 -9999 -9999 -9999 -9999 -9999 -9999 -9999 -9999 -9999 -9999 -9999 -9999 -9999 -9999 -9999
2744.24 2656.44 2532.44 2377.56 2319.98 2526.58 2458.6 2496.38 2359.8 2348.84 2133.22 1855.88 1830.94 1695.3 1501.68 1822.9 2341.82 2833.16 3225.36 3396.56 3361.88 3417.78 3413.1 -9999 -9999 -9999 -9999 -9999 -9999 -9999 -9999 -9999 -9999 -9999 -9999 -9999 -9999 -9999 -9999 -9999 -9999 -9999 -9999 -9999 -9999 -9999 -9999 -9999 -9999 -9999 -9999 -9999 -9999 -9999 -9999 -9999 -9999 -9999 -9999 -9999 -9999 -9999 -9999 -9999 -9999 -9999 -9999 -9999 -9999 -9999 -9999 -9999 -9999 -9999
2959.72 2879.58 2767.5 2566.88 2710.76 2870.82 2981.64 3042.32 2917.88 2903.02 2765.26 2645.16 2460.34 2186.1 2090.86 2274.2 2703.02 3147.18 3595.64 3820.56 3576.82 3280.36 2984.24 3579.86 -9999 -9999 -9999 -9999 -9999 -9999 -9999 -9999 -9999 -9999 -9999 -9999 -9999 -9999 -9999 -9999 -9999 -9999 -9999 -9999 -9999 -9999 -9999 -9999 -9999 -9999 -9999 -9999 -9999 -9999 -9999 -9999 -9999 -9999 -9999 -9999 -9999 -9999 -9999 -9999 -9999 -9999 -9999 -9999 -9999 -9999 -9999 -9999 -9999 -9999
3210.64 3163.48 3099.22 2968 3101.98 3309.88 3294.84 3401.88 3402.78 3404.54 3409.66 3394.28 3180.76 2846.42 2736.8 2758.96 2955.8 3426.36 4070.46 4569.94 4401.6 3820.08 3320.42 2834.54 2521.48 2277.04 2627.86 3018.44 3414.38 3631.24 4064.38 -9999 -9999 -9999 -9999 -9999 -9999 -9999 -9999 -9999 -9999 -9999 -9999 -9999 -9999 -9999 -9999 -9999 -9999 -9999 -9999 -9999 -9999 -9999 -9999 -9999 -9999 -9999 -9999 -9999 -9999 -9999 -9999 -9999 -9999 -9999 -9999 -9999 -9999 -9999 -9999 -9999 -9999 -9999
3407.06 3372.88 3337.82 3384.36 3457.7 3390.28 3456.64 3678.14 3756.7 3806.12 3887.28 4022.44 4169.8 3479.46 3169.04 2946.24 3029.82 3463.98 4190.42 5123.84 4984.22 4260.72 3708.56 3299 2988.84 2902.42 3037.46 3232.16 3452.88 3667.26 4094.7 4549.82 5016.26 -9999 -9999 -9999 -9999 -9999 -9999 -9999 -9999 -9999 -9999 -9999 -9999 -9999 -9999 -9999 -9999 -9999 -9999 -9999 -9999 -9999 -9999 -9999 -9999 -9999 -9999 -9999 -9999 -9999 -9999 -9999 -9999 -9999 -9999 -9999 -9999 -9999 -9999 -9999 -9999 -9999
3550.74 3534.78 3520.98 3605.86 3655.3 3586.7 3722.52 3811.82 3959.9 4032.36 4084.32 4157.78 4123.68 3814.9 3327.9 2728.86 2858.48 3434.3 4074.2 4574.54 4607.4 4251.36 3907.32 3615.28 3470.96 3465.04 3523.6 3541.06 3535 3728.48 4108 4629 5200.88 5593.54 4869.66 -9999 -9999 -9999 -9999 -9999 -9999 -9999 -9999 -9999 -9999 -9999 -9999 -9999 -9999 -9999 -9999 -9999 -9999 -9999 -9999 -9999 -9999 -9999 -9999 -9999 -9999 -9999 -9999 -9999 -9999 -9999 -9999 -9999 -9999 -9999 -9999 -9999 -9999 -9999
3651.16 3644.42 3650.44 3695.7 3782.62 3825.38 3931.22 4003.78 4062.12 4079.82 4068.24 4045.26 3923.82 3646.18 3241.16 2854.28 2910.58 3309.92 3745.12 4070 4164.96 4039.22 3884.5 3749.72 3814.84 3931.7 3880.02 3711.02 3634.96 3626.8 3983.18 4489.76 4967.54 5276.04 5321.56 4973.42 -9999 -9999 -9999 -9999 -9999 -9999 -9999 -9999 -9999 -9999 -9999 -9999 -9999 -9999 -9999 -9999 -9999 -9999 -9999 -9999 -9999 -9999 -9999 -9999 -9999 -9999 -9999 -9999 -9999 -9999 -9999 -9999 -9999 -9999 -9999 -9999 -9999 -9999
3740.6 3743.2 3769.44 3815.5 3902.62 3982 4036.82 4067.3 4075.2 4061.56 3983.2 3881.46 3735.1 3467.34 3159.18 2944.4 2940.4 3132.04 3414.04 3652.02 3801.02 3795.64 3767.02 3769.84 4003.2 4216.86 4097.18 3814.7 3627.76 3579.78 3846.16 4308.86 4698.84 4939.68 5088.82 5109.16 -9999 -9999 -9999 -9999 -9999 -9999 -9999 -9999 -9999 -9999 -9999 -9999 -9999 -9999 -9999 -9999 -9999 -9999 -9999 -9999 -9999 -9999 -9999 -9999 -9999 -9999 -9999 -9999 -9999 -9999 -9999 -9999 -9999 -9999 -9999 -9999 -9999 -9999
3829.3 3834.6 3868.44 3914.6 3961.98 4049.16 4084.68 4038.94 4015.42 3990.58 3901.08 3745.18 3559.88 3303.98 3067.86 2866.4 2781.82 2919.46 3153.22 3402.12 3550.88 3633.5 3632.46 3672.92 3904.82 4072.72 3961.72 3828.9 3727.72 3699.48 3867.48 4198.78 4490.86 4693.26 4823.8 4908.22 -9999 -9999 -9999 -9999 -9999 -9999 -9999 -9999 -9999 -9999 -9999 -9999 -9999 -9999 -9999 -9999 -9999 -9999 -9999 -9999 -9999 -9999 -9999 -9999 -9999 -9999 -9999 -9999 -9999 -9999 -9999 -9999 -9999 -9999 -9999 -9999 -9999 -9999
3895 3902.7 3926.76 3932.52 3950.24 3996.32 4014.88 3979.78 3913.94 3898.9 3797.94 3650.06 3429.08 3227.7 3005.06 2814.18 2657.16 2807.18 3046.32 3252.44 3393.62 3521.54 3584.66 3687.22 3830.76 3904.58 3805.96 3819.9 3834.04 3825.02 3936.56 4136 4332.8 4487.3 4591.9 4694.66 4566.34 -9999 -9999 -9999 -9999 -9999 -9999 -9999 -9999 -9999 -9999 -9999 -9999 -9999 -9999 -9999 -9999 -9999 -9999 -9999 -9999 -9999 -9999 -9999 -9999 -9999 -9999 -9999 -9999 -9999 -9999 -9999 -9999 -9999 -9999 -9999 -9999 -9999
3949.08 3947.74 3933.94 3899.72 3877.56 3882.96 3877.22 3859.5 3812.88 3765.3 3663.62 3519.02 3351.62 3173.72 2997.3 2866.74 2772.22 2848.1 3023.08 3176.56 3326.88 3454.66 3579.32 3711.84 3878.32 4005.58 3891.16 3856.74 3870.88 3881.98 3976.36 4088.92 4186.02 4330.66 4398.5 4483.32 4537.62 4341.8 -9999 -9999 -9999 -9999 -9999 -9999 -9999 -9999 -9999 -9999 -9999 -9999 -9999 -9999 -9999 -9999 -9999 -9999 -9999 -9999 -9999 -9999 -9999 -9999 -9999 -9999 -9999 -9999 -9999 -9999 -9999 -9999 -9999 -9999 -9999 -9999
4029.76 3972 3908.14 3835.16 3764.52 3744.1 3731.5 3720.68 3722.14 3634.16 3522.64 3399.24 3288.8 3150.06 3021.12 2910.54 2872.54 2904.58 3014.08 3144.06 3301.38 3438.82 3556.26 3712.6 3912.34 4111.56 4047.96 3915.48 3869.42 3880.16 3947.14 4032.5 4112.24 4166.66 4216.5 4275.94 4319.28 4335.62 -9999 -9999 -9999 -9999 -9999 -9999 -9999 -9999 -9999 -9999 -9999 -9999 -9999 -9999 -9999 -9999 -9999 -9999 -9999 -9999 -9999 -9999 -9999 -9999 -9999 -9999 -9999 -9999 -9999 -9999 -9999 -9999 -9999 -9999 -9999 -9999
4114.4 3997.04 3852.3 3719 3629.4 3588.72 3585.38 3575.68 3565.12 3483.94 3418.28 3343.18 3247.6 3141 3053.18 2970.5 2918.98 2928.04 3005.06 3135.16 3240.84 3386.1 3506.88 3653.54 3814.18 3934.86 3940.78 3901.22 3842.68 3841.62 3867.96 3929 3991.18 4022.14 4054.94 4081.72 4114.54 3943.9 -9999 -9999 -9999 -9999 -9999 -9999 -9999 -9999 -9999 -9999 -9999 -9999 -9999 -9999 -9999 -9999 -9999 -9999 -9999 -9999 -9999 -9999 -9999 -9999 -9999 -9999 -9999 -9999 -9999 -9999 -9999 -9999 -9999 -9999 -9999 -9999
4176.24 3970.58 3746.72 3532.62 3433.22 3419.96 3424.16 3410.74 3414.1 3389.48 3365.38 3312.08 3237.7 3150.94 3072.06 2995.5 2964.04 2960.74 2985.54 3062.24 3170.5 3273.08 3417 3523.98 3664.62 3757.92 3782.46 3777.88 3764.62 3768.16 3789.34 3825.28 3842.7 3884.84 3896.52 3900.36 3868.54 3844.92 -9999 -9999 -9999 -9999 -9999 -9999 -9999 -9999 -9999 -9999 -9999 -9999 -9999 -9999 -9999 -9999 -9999 -9999 -9999 -9999 -9999 -9999 -9999 -9999 -9999 -9999 -9999 -9999 -9999 -9999 -9999 -9999 -9999 -9999 -9999 -9999
4060.88 3912.84 3607.82 3296.36 3212.96 3240.86 3265.4 3310.36 3314.48 3318.46 3303.28 3280.88 3236.18 3160.42 3087.86 3018.82 2966.76 2941.18 2965.88 3011.08 3087.16 3182.02 3283.56 3385.08 3481.96 3554.62 3604.66 3622.38 3631.64 3648.72 3671.98 3692.92 3706.62 3714.56 3701.72 3718.98 3547.52 3520.88 3578.86 -9999 -9999 -9999 -9999 -9999 -9999 -9999 -9999 -9999 -9999 -9999 -9999 -9999 -9999 -9999 -9999 -9999 -9999 -9999 -9999 -9999 -9999 -9999 -9999 -9999 -9999 -9999 -9999 -9999 -9999 -9999 -9999 -9999 -9999 -9999
3834.4 3693.48 3408.02 3091.16 3035.64 3091.76 3156.44 3221.26 3244.14 3267.94 3282.52 3276.98 3242.9 3174.2 3080.92 2998.82 2926.88 2909.8 2903.76 2938.38 2973.06 3038.68 3130.04 3224.56 3297.28 3378.04 3409.24 3428.92 3444.64 3483.66 3521.24 3535.06 3554.74 3528.88 3448.24 3293.72 3271.18 3275.74 3352.82 3537.92 3722.58 3533.5 -9999 -9999 -9999 -9999 -9999 -9999 -9999 -9999 -9999 -9999 -9999 -9999 -9999 -9999 -9999 -9999 -9999 -9999 -9999 -9999 -9999 -9999 -9999 -9999 -9999 -9999 -9999 -9999 -9999 -9999 -9999 -9999
3580.18 3448.28 3209.52 3045.84 3012.52 3038.58 3064.82 3134.82 3156.52 3188.98 3230.94 3253.64 3238.36 3145.86 3040.12 2958.42 2887.22 2848.3 2822.42 2826.42 2860.76 2895.08 2971.82 3046.1 3124.8 3182.04 3214.06 3245.3 3246.18 3276.7 3310.62 3368.36 3379 3335.7 3219.64 3127.8 3014.9 3013.14 3131.3 3309.52 3538.04 3411.52 3462.28 3316.72 3101.44 -9999 -9999 -9999 -9999 -9999 -9999 -9999 -9999 -9999 -9999 -9999 -9999 -9999 -9999 -9999 -9999 -9999 -9999 -9999 -9999 -9999 -9999 -9999 -9999 -9999 -9999 -9999 -9999 -9999
3350.6 3211.2 3079.68 2980.76 2967.62 2986.58 3008.48 3053.48 3089.24 3105.9 3146.78 3175.4 3150.4 3067.36 2969.1 2878.38 2808 2768.2 2732.26 2706.54 2710.48 2746.34 2804.66 2870.26 2944.48 3008.44 3031.54 3044 3036.4 3042.32 3087.42 3170.4 3245.74 3212 3084.64 2900.32 2716.14 2682.16 2821.82 2992.74 3121.1 3155.2 3120.46 3007.54 2894.3 2880.96 2897.58 2823.68 -9999 -9999 -9999 -9999 -9999 -9999 -9999 -9999 -9999 -9999 -9999 -9999 -9999 -9999 -9999 -9999 -9999 -9999 -9999 -9999 -9999 -9999 -9999 -9999 -9999 -9999
3097.98 3012.68 2951.06 2913.54 2886.1 2908.62 2944.94 2977.54 3012 3023.58 3023.2 3022.94 2998.32 2932.84 2859.54 2789.5 2739.6 2680.28 2633.7 2588.38 2563.92 2562.12 2609.54 2677.12 2760.04 2807.42 2844.4 2871.94 2869.52 2809.32 2864.72 2958.96 3073.32 3139.6 2927.34 2694.56 2466.68 2400.44 2578.8 2719.96 2800.74 2823.84 2814.76 2768.98 2703.86 2700.02 2696.06 2793.54 3013.88 -9999 -9999 -9999 -9999 -9999 -9999 -9999 -9999 -9999 -9999 -9999 -9999 -9999 -9999 -9999 -9999 -9999 -9999 -9999 -9999 -9999 -9999 -9999 -9999 -9999
2900.3 2857.68 2841.04 2834.04 2803.06 2820.62 2857.1 2899.9 2917.14 2907.06 2886.98 2867.04 2816.62 2771.98 2716.38 2682.64 2633.22 2584.3 2517.12 2443.66 2373.52 2380.92 2427.56 2486.02 2584.24 2638.36 2667.7 2715.72 2841.8 2649.66 2656.02 2740.74 2821.16 2831.08 2711.82 2524.02 2378.84 2349.64 2458.42 2548.92 2603.56 2631.5 2573.52 2544.08 2537.76 2552.1 2607.3 2754.86 3005.36 2765.1 -9999 2524.42 -9999 -9999 -9999 -9999 -9999 -9999 -9999 -9999 -9999 -9999 -9999 -9999 -9999 -9999 -9999 -9999 -9999 -9999 -9999 -9999 -9999 -9999
2715.58 2738.12 2731.06 2741.86 2725.98 2744.32 2771.34 2802.4 2803.64 2781.06 2731.62 2682.26 2652.3 2615.42 2586.14 2547.38 2530 2499.36 2421.64 2304.24 2197.1 2158.92 2227.84 2318.9 2401.34 2442.12 2475.62 2518.18 2540.82 2517.38 2487.86 2511.2 2525.98 2516.5 2470.74 2362.16 2306.22 2345.4 2403.48 2436.08 2437.42 2448.2 2375.48 2338.44 2349.7 2393.04 2500.16 2680.02 2912.2 2916.84 2864.6 2698.46 2517.82 2342.28 1971.76 1763.8 1558.62 1475.48 1553.66 -9999 -9999 -9999 -9999 -9999 -9999 -9999 -9999 -9999 -9999 -9999 -9999 -9999 -9999 -9999
2563.24 2580.96 2598.64 2613.48 2645.18 2650.24 2680.24 2698.08 2706 2657.38 2575.5 2507.14 2467.32 2449.16 2440.68 2422.44 2413.7 2396.56 2321.58 2182.36 2041.32 2005.02 2075.38 2146.36 2207.74 2249.18 2279.24 2313.72 2327.96 2313.02 2298.88 2281.38 2265.56 2258.52 2245.3 2168.9 2213.24 2295.64 2368.98 2337.64 2273.26 2238.84 2160.06 2111.94 2117.5 2181.04 2317.68 2477.64 2649.08 2674.16 2636.1 2536.9 2400.24 2216.8 1983.22 1764.32 1633.3 1612.34 1482.16 1676.1 -9999 -9999 -9999 -9999 -9999 -9999 -9999 -9999 -9999 -9999 -9999 -9999 -9999 -9999
2401.2 2434.86 2468.52 2517.48 2543.98 2566.4 2565.12 2558.12 2546.18 2484.88 2393.9 2293.02 2271.14 2274.78 2288.76 2283.88 2278.8 2237.52 2177.48 2079.58 1995.56 1949.36 1980.32 2021.12 2061.6 2064.32 2080.12 2096.46 2102.66 2106.38 2094.32 2063 2050.62 2040.08 2032.08 2051.28 2108.64 2197.64 2319.76 2190.06 2046.1 1974.96 1895.68 1855.72 1843.54 1911.48 2049.64 2187.88 2295.28 2335.54 2319.46 2318.92 2294.5 2049 1821.28 1685.86 1712.8 1388.58 1033.04 1425.14 1953.92 1762.66 -9999 -9999 -9999 -9999 -9999 -9999 -9999 -9999 -9999 -9999 -9999 2788.58
2263.9 2319.6 2358.38 2417.14 2453 2462.78 2442.1 2409.5 2368.32 2308.28 2218.5 2128.92 2122.04 2138.08 2153.7 2149.58 2126.28 2098.28 2056.96 1984.86 1940.38 1893.36 1904.42 1905.76 1915.36 1918.68 1879.7 1877.72 1895.26 1908.14 1898.2 1855.32 1851.48 1826.84 1804.04 1812.74 1863.24 1936.54 1944.7 1857.12 1731.2 1631.38 1548.6 1516.16 1522.8 1560.12 1657 1775.32 1872.38 1920.72 1947.12 1959.66 1920.76 1754.64 1604.54 1623.42 1602.82 1074.1 927.18 1050.2 1508.28 1590.8 1484.28 -9999 -9999 -9999 -9999 -9999 -9999 -9999 -9999 -9999 -9999 -9999
2136.3 2182.76 2249.16 2296.76 2350.9 2340.7 2291.92 2259.16 2204.52 2154.44 2094.62 2047.62 2013.72 2011.86 2018.38 2024.14 2015.58 1987.34 1945.92 1894.24 1875.76 1847.46 1828.44 1809.62 1808.34 1791.8 1763.26 1746.16 1745.04 1737.9 1700.82 1677.12 1669.42 1630.7 1594.18 1559.82 1590.56 1599.2 1568.56 1490.1 1366.88 1273 1196.14 1178.42 1182.9 1195.18 1265.48 1341.6 1438.22 1473.06 1484.04 1444.64 1376.46 1289.76 1180.56 1143.78 1025.56 655.36 948.26 1038.88 1027.64 1151.98 1234.3 1145.3 -9999 -9999 -9999 -9999 -9999 -9999 -9999 -9999 -9999 -9999
2013.18 2047.62 2104.78 2158.18 2201.76 2181.26 2152.96 2120.82 2061.6 2030.9 1972.6 1957.44 1922.6 1914.52 1921.12 1902.14 1903.46 1875.98 1844 1817.52 1803.9 1792.24 1762.82 1742.82 1720.94 1694.26 1676.16 1633.52 1623.26 1596.06 1534.36 1524.26 1505.7 1443.24 1400.36 1351.64 1321.2 1333.26 1269.94 1119.64 1064.88 1010.34 907.36 858.06 869.46 888.48 895.36 908.48 1003.06 1067.38 1077.06 1024.62 926.62 836.64 669.82 675.96 658.6 616.2 953.14 1144.72 1038.18 1073.42 1055.36 1027.24 909.22 950.04 1259.66 1705.02 -9999 -9999 -9999 -9999 -9999 -9999
1839.46 1896.32 1951.82 1980.14 1997.04 2011.52 2004.16 1972.82 1932.34 1889.42 1871.8 1847.5 1842.24 1824.44 1815.5 1799.54 1791.16 1783.36 1761.1 1743.84 1722.82 1702.18 1707 1676.68 1653.2 1616.44 1589.08 1539.84 1500.58 1473.1 1417.26 1376.66 1345.72 1271.92 1228.42 1186.36 1127.66 1130.84 1045.58 950.12 858.78 822.54 712.24 652.68 651.4 663.96 645.98 622.42 676.72 748.74 755.18 692.26 613.84 530.3 413.8 418.16 381.74 613.36 934.42 1100 1027.94 1059.32 919.2 842.5 675.64 680.8 1089.26 1793.48 -9999 -9999 -9999 -9999 -9999 -9999
1695.48 1740.46 1786.14 1813.56 1813.42 1836.26 1844.88 1824.88 1795.28 1759.6 1743.16 1747.14 1722.46 1723.1 1723 1715.06 1707.44 1680.82 1677.78 1670.02 1643.14 1639.98 1637.66 1610.56 1576.32 1538.64 1491.46 1442.3 1386.98 1340.4 1307.12 1256.56 1202.52 1138.82 1075.6 1022.56 1011.06 954.24 909.28 856.38 787.82 739.66 660.32 623.14 563.26 534.26 476.94 473.02 486.26 511 495.26 479.66 418.66 351.6 296.88 301.2 352.84 512.96 775.28 963.66 971.96 1105.4 1085.82 687.1 442.36 684.92 1185.94 1896.46 -9999 -9999 -9999 -9999 -9999 -9999
1536.48 1557.54 1609.74 1637.12 1665.08 1672.18 1671.08 1676.48 1659.34 1642.5 1634 1637.06 1622.48 1626.36 1625.6 1601.28 1604.04 1587.52 1574.82 1567.04 1568.92 1568.56 1585.02 1552.18 1509.1 1441.52 1403.74 1364.56 1292.22 1248.68 1210.5 1141.88 1087.86 1024.26 971.12 948.06 915.28 874.52 839.2 807.24 773 712.46 688.82 615.92 508.22 448.82 414.18 381.32 366.44 362.52 359.76 320.46 283.78 241.12 232.76 241.72 305.72 389.62 553.76 748.04 712.44 771.72 826.12 623.48 525.8 682.66 1194.38 2077.68 -9999 -9999 -9999 -9999 -9999 -9999
1383.46 1395.94 1432.78 1457.58 1491.28 1520.88 1530.68 1525.38 1532.76 1527.38 1525.16 1527.1 1543.62 1531.12 1517.68 1506.52 1490.72 1484.28 1471.7 1473.46 1494.32 1507.02 1522.88 1450.04 1411.68 1354.08 1305.9 1247.08 1206.64 1150.8 1130.84 1046.18 992.3 948.96 905.66 882.8 850.02 827.56 800.26 790.8 736.66 729.98 739.5 655.06 514.88 431.24 386.04 333.78 311.5 297.42 268.28 240.72 206.94 184.08 163.1 177.74 254.78 304.34 438.16 502.16 465.04 640.4 977.3 557.64 462.02 658.06 1185.5 2192.88 3035.04 -9999 -9999 -9999 -9999 -9999
1254.06 1241.6 1284.92 1317.26 1339.08 1375.22 1393.66 1397.44 1392.36 1401.6 1408.86 1417.82 1428.32 1424.46 1400.12 1408.76 1406.08 1409.6 1387.42 1379.4 1400.32 1411.54 1412.34 1358.22 1279.2 1246.24 1208 1169.12 1107.48 1068.24 1021.08 968.14 925.64 873.16 840.9 828.36 815.88 793.56 801.06 807.06 745.6 741.8 715.24 627.32 491.38 398.88 345.36 296.26 276.28 225.78 207.58 182.82 151.2 129.86 120.48 124.22 171.6 239.2 303.76 369.32 415.7 483.82 687.7 598.8 565.2 701.66 1045.82 2225.94 2931.94 -9999 -9999 -9999 -9999 -9999
1126.86 1108.48 1119.06 1179.58 1191.4 1223.98 1232.42 1259.12 1257.4 1265.74 1292.4 1312.12 1322.26 1317.62 1283.36 1281.9 1281 1286.32 1293.24 1285.14 1296.26 1297.68 1292.58 1247.14 1187.04 1124.82 1079.6 1059.5 1008.3 967.56 955.26 900.7 867.14 815.32 793.58 781.68 750.22 758.18 785.1 811.64 733.44 729.96 666.52 578.26 440.8 363.36 312.68 246.94 248.24 219.32 182.18 158.74 128.82 109.96 97.12 97.2 125.78 175.5 229.28 273.38 322.18 413.12 643.62 692.14 729.28 933.32 1413.88 2450.02 3049.38 -9999 -9999 -9999 -9999 -9999
971.24 984.3 1013.96 1044.44 1057.52 1088.42 1098.82 1096.88 1116 1134.06 1168.6 1198.74 1205.44 1200.98 1186.72 1184.26 1193.16 1182.06 1198.76 1190.46 1201.46 1193.1 1184.84 1146.5 1105.16 1052.34 997.8 949.78 918.94 894.76 860.44 836.38 792.76 769.22 717.24 705 699.46 737.94 757.2 756.78 681.16 684.8 627.92 502.88 393.8 318.88 291.32 237.52 238.4 210.88 183.72 151.54 116.96 95.6 81.78 92.52 122.84 156.46 175.42 227.8 250.1 381.96 787 930.1 931.72 1245.78 1989 2777.18 -9999 -9999 -9999 -9999 -9999 -9999
