shamba/rasters/climate/pre_10.txt
ncols         720
nrows         360
xllcorner     -180
yllcorner     -90
cellsize      0.5
NODATA_value  -9999
[rows 165 to 197 of 360, columns 225 to 299 of 720]
1400.34 1300.62 1293.44 1305.22 1458.84 1487.18 1480.7 1289.64 1197.8 1113.1 1037.5 893.48 921.84 1148.96 1314.42 1372.56 1272.16 1047.92 1012.46 -9999 -9999 -9999 -9999 -9999 -9999 -9999 -9999 -9999 -9999 -9999 -9999 -9999 -9999 -9999 -9999 -9999 -9999 -9999 -9999 -9999 -9999 -9999 -9999 -9999 -9999 -9999 -9999 -9999 -9999 -9999 -9999 -9999 -9999 -9999 -9999 -9999 -9999 -9999 -9999 -9999 -9999 -9999 -9999 -9999 -9999 -9999 -9999 -9999 -9999 -9999 -9999 -9999 -9999 -9999 -9999
1567.96 1486.84 1616.42 1584.72 1732.36 1723.02 1829.42 1667.1 1451.38 1478.18 1359.58 1147.24 1124.4 1225.14 1284.44 1284.76 1227.4 1087.86 961.56 937.42 -9999 -9999 -9999 -9999 -9999 -9999 -9999 -9999 -9999 -9999 -9999 -9999 -9999 -9999 -9999 -9999 -9999 -9999 -9999 -9999 -9999 -9999 -9999 -9999 -9999 -9999 -9999 -9999 -9999 -9999 -9999 -9999 -9999 -9999 -9999 -9999 -9999 -9999 -9999 -9999 -9999 -9999 -9999 -9999 -9999 -9999 -9999 -9999 -9999 -9999 -9999 -9999 -9999 -9999 -9999
1654.94 1666.32 1788.44 1953.9 2132.94 2125.72 2189.76 2108.3 2053.9 1997.78 1889.16 1671.72 1503.28 1512.1 1344.62 1287.08 1268.48 1194.52 1159.56 786.06 856.52 -9999 -9999 -9999 -9999 -9999 -9999 -9999 -9999 -9999 -9999 -9999 -9999 -9999 -9999 -9999 -9999 -9999 -9999 -9999 -9999 -9999 -9999 -9999 -9999 -9999 -9999 -9999 -9999 -9999 -9999 -9999 -9999 -9999 -9999 -9999 -9999 -9999 -9999 -9999 -9999 -9999 -9999 -9999 -9999 -9999 -9999 -9999 -9999 -9999 -9999 -9999 -9999 -9999 -9999
1688.28 1804.4 2023.74 2069.96 2288.98 2400.36 2428.68 2516.12 2515.44 2544.34 2420.58 2365.34 2038.24 1606.74 1475.56 1337.66 1300.7 1295.78 1221.46 906.62 686.34 559 584.4 751.62 786.3 682.32 567.3 436.62 -9999 -9999 -9999 -9999 -9999 -9999 -9999 -9999 -9999 -9999 -9999 -9999 -9999 -9999 -9999 -9999 -9999 -9999 -9999 -9999 -9999 -9999 -9999 -9999 -9999 -9999 -9999 -9999 -9999 -9999 -9999 -9999 -9999 -9999 -9999 -9999 -9999 -9999 -9999 -9999 -9999 -9999 -9999 -9999 -9999 -9999 -9999
1820.48 1924.96 1931.2 2025.72 2341.68 2465.8 2573.04 2652.4 2743.06 2895.72 2672.34 2432.88 2080.62 1734.12 1499.28 1381.42 1295.48 1224.72 1070.2 861.92 706.9 607.06 613.96 666.92 694.7 698.7 642.38 549.34 505.78 463.98 -9999 -9999 -9999 -9999 -9999 -9999 -9999 -9999 -9999 -9999 -9999 -9999 -9999 -9999 -9999 -9999 -9999 -9999 -9999 -9999 -9999 -9999 -9999 -9999 -9999 -9999 -9999 -9999 -9999 -9999 -9999 -9999 -9999 -9999 -9999 -9999 -9999 -9999 -9999 -9999 -9999 -9999 -9999 -9999 -9999
1900.58 1968.76 1946.1 2104.36 2258.02 2499.32 2627.58 2638.8 2679.62 2690.16 2494.16 2198.8 1667.62 1430.42 1260.34 1163.46 1114.24 1007.78 922.6 802.18 687.48 625.78 603.16 607.96 571.98 643.5 684.8 611.28 572.64 552 520.2 552.58 -9999 -9999 -9999 -9999 -9999 -9999 -9999 -9999 -9999 -9999 -9999 -9999 -9999 -9999 -9999 -9999 -9999 -9999 -9999 -9999 -9999 -9999 -9999 -9999 -9999 -9999 -9999 -9999 -9999 -9999 -9999 -9999 -9999 -9999 -9999 -9999 -9999 -9999 -9999 -9999 -9999 -9999 -9999
1878.3 1957.68 2020.86 2219.2 2375.82 2459.02 2503.82 2522.58 2531.6 2407.04 2196.06 1864.62 1446.26 1165.36 1018.6 946.86 890.16 844.22 761.04 698.42 614.14 608.96 577.36 553.58 554.7 653.62 678.22 615.02 579.36 550.16 529.28 434.52 533.88 -9999 -9999 -9999 -9999 -9999 -9999 -9999 -9999 -9999 -9999 -9999 -9999 -9999 -9999 -9999 -9999 -9999 -9999 -9999 -9999 -9999 -9999 -9999 -9999 -9999 -9999 -9999 -9999 -9999 -9999 -9999 -9999 -9999 -9999 -9999 -9999 -9999 -9999 -9999 -9999 -9999 -9999
1913.02 1965.8 2077.34 2190.46 2261.72 2334.18 2407.68 2300.48 2241.72 2151.76 1853.52 1567.18 1199.28 950.94 803.56 713.06 687.54 682.02 636.62 592.12 568.22 603.06 609.8 525.92 527.8 553.02 571.72 559.56 548.18 518.24 473.12 418.1 371.8 -9999 -9999 -9999 -9999 -9999 -9999 -9999 -9999 -9999 -9999 -9999 -9999 -9999 -9999 -9999 -9999 -9999 -9999 -9999 -9999 -9999 -9999 -9999 -9999 -9999 -9999 -9999 -9999 -9999 -9999 -9999 -9999 -9999 -9999 -9999 -9999 -9999 -9999 -9999 -9999 -9999 -9999
1969.44 2002.62 2037.58 2113.6 2115.36 2166.62 2289.14 2189.48 2056.66 1854.62 1605.12 1339.7 1039.38 810.58 669.96 637.28 640.6 595.02 560.14 525.72 475.18 500.66 515.44 452.24 483.08 507.96 499.6 504.76 487.42 467.52 431.94 389.58 354.9 -9999 -9999 -9999 -9999 -9999 -9999 -9999 -9999 -9999 -9999 -9999 -9999 -9999 -9999 -9999 -9999 -9999 -9999 -9999 -9999 -9999 -9999 -9999 -9999 -9999 -9999 -9999 -9999 -9999 -9999 -9999 -9999 -9999 -9999 -9999 -9999 -9999 -9999 -9999 -9999 -9999 -9999
2017.06 2010.56 2016.22 2054.82 2055.62 2025.74 2127.16 2086.7 1928.28 1689.58 1454.7 1203.62 956.4 700.88 608.72 596.46 562.94 547.44 503.28 469.36 447.34 424.74 477.48 424.7 447.5 497.7 451.1 447.26 451.5 425.32 398.9 361.52 318.06 481.54 -9999 -9999 -9999 -9999 -9999 -9999 -9999 -9999 -9999 -9999 -9999 -9999 -9999 -9999 -9999 -9999 -9999 -9999 -9999 -9999 -9999 -9999 -9999 -9999 -9999 -9999 -9999 -9999 -9999 -9999 -9999 -9999 -9999 -9999 -9999 -9999 -9999 -9999 -9999 -9999 -9999
2035.8 1998.84 1974.66 2024.42 1974.16 1942.86 1942.1 1908.9 1762.9 1558.32 1358.26 1139.46 952.58 754.84 674.42 604.76 563.32 529.32 494.9 460.82 428.76 415.76 412.04 406.72 410.3 431 428.78 417.22 404.14 374.16 374.28 335.64 298.66 261.68 478.06 -9999 -9999 -9999 -9999 -9999 -9999 -9999 -9999 -9999 -9999 -9999 -9999 -9999 -9999 -9999 -9999 -9999 -9999 -9999 -9999 -9999 -9999 -9999 -9999 -9999 -9999 -9999 -9999 -9999 -9999 -9999 -9999 -9999 -9999 -9999 -9999 -9999 -9999 -9999 -9999
2035.42 1966.74 1913.68 1932.8 1921.88 1931.04 1858.78 1693.58 1590.94 1469.16 1278.1 1149.1 928.7 798.68 709.52 648.86 589.64 550.2 526.24 472.34 449.2 435.76 432.08 416.2 389.6 382.38 380.48 378.44 392.22 362.3 324.06 311.18 271.1 242.52 221.34 -9999 -9999 -9999 -9999 -9999 -9999 -9999 -9999 -9999 -9999 -9999 -9999 -9999 -9999 -9999 -9999 -9999 -9999 -9999 -9999 -9999 -9999 -9999 -9999 -9999 -9999 -9999 -9999 -9999 -9999 -9999 -9999 -9999 -9999 -9999 -9999 -9999 -9999 -9999 -9999
2014.92 1923.9 1891.64 1910.94 1985.82 1839.6 1695.42 1610.26 1495.96 1384.66 1255.6 1101.22 971.64 851.34 753.92 663.76 643.22 574.7 545.36 494.04 470.26 447.24 424.8 419.2 408.58 381.28 368.62 348.56 337.28 325.2 288.14 278.22 243.78 232.16 448.14 -9999 -9999 -9999 -9999 -9999 -9999 -9999 -9999 -9999 -9999 -9999 -9999 -9999 -9999 -9999 -9999 -9999 -9999 -9999 -9999 -9999 -9999 -9999 -9999 -9999 -9999 -9999 -9999 -9999 -9999 -9999 -9999 -9999 -9999 -9999 -9999 -9999 -9999 -9999 -9999
1993.58 1871.12 1818.82 1833.54 1770.12 1663.1 1576.96 1522.04 1440.52 1340.9 1234.42 1107.46 1012.74 903 787.94 707.92 647.8 589.26 550.42 521.24 489.6 459.08 434.42 431.16 402.46 374.04 360.68 348.48 327.82 305.64 285.78 252.16 242 221.86 226.86 -9999 -9999 -9999 -9999 -9999 -9999 -9999 -9999 -9999 -9999 -9999 -9999 -9999 -9999 -9999 -9999 -9999 -9999 -9999 -9999 -9999 -9999 -9999 -9999 -9999 -9999 -9999 -9999 -9999 -9999 -9999 -9999 -9999 -9999 -9999 -9999 -9999 -9999 -9999 -9999
1921.98 1798.64 1723.28 1666 1609.5 1553.9 1528.2 1485.48 1433.98 1355.92 1260.16 1157.56 1043.1 944.18 850.42 761.18 681.96 603.4 555.28 526.34 497.38 484.4 461.38 450.38 414.62 376.82 361.76 340.8 320.08 298.86 294.38 258.96 225.18 254.18 264.26 449.08 -9999 -9999 -9999 -9999 -9999 -9999 -9999 -9999 -9999 -9999 -9999 -9999 -9999 -9999 -9999 -9999 -9999 -9999 -9999 -9999 -9999 -9999 -9999 -9999 -9999 -9999 -9999 -9999 -9999 -9999 -9999 -9999 -9999 -9999 -9999 -9999 -9999 -9999 -9999
1862.28 1720.76 1662.18 1586.16 1531 1495.88 1481.54 1468.22 1437.38 1378.98 1295.58 1197.54 1101.44 1003.72 892.86 794.36 706.06 637.32 579.1 550.18 522.98 511.96 480.14 470.1 438.46 382.54 357.58 326.52 323.2 328.24 323.22 313.38 302.3 410.14 392.48 347.26 311.9 211.84 578.18 -9999 -9999 -9999 -9999 -9999 -9999 -9999 -9999 -9999 -9999 -9999 -9999 -9999 -9999 -9999 -9999 -9999 -9999 -9999 -9999 -9999 -9999 -9999 -9999 -9999 -9999 -9999 -9999 -9999 -9999 -9999 -9999 -9999 -9999 -9999 -9999
1868.12 1734.92 1627.02 1558.32 1512.22 1477.9 1473.52 1479.96 1467.58 1430.04 1352.04 1244.26 1149.22 1033.82 934.56 827.18 720.32 642.54 592.98 565.34 557.74 548.34 535.88 507.48 460.22 395.74 344.32 340.44 336.08 351.2 373.28 385.6 473.58 523.86 555.24 545.66 503.38 355.22 618.18 315.92 240.38 497.9 -9999 -9999 -9999 -9999 -9999 -9999 -9999 -9999 -9999 -9999 -9999 -9999 -9999 -9999 -9999 -9999 -9999 -9999 -9999 -9999 -9999 -9999 -9999 -9999 -9999 -9999 -9999 -9999 -9999 -9999 -9999 -9999 -9999
1860.18 1744.68 1640.76 1556.66 1499.08 1482.04 1485.94 1473.16 1492.76 1458.38 1380.18 1290 1186.84 1091.56 965.94 859.46 743.74 646.94 598.94 580.72 573.26 575.06 572.56 544.14 497 406.82 337.62 327.06 343.54 377.12 410.88 480.18 546.52 645.32 698.68 713.5 728.32 813.96 772.6 559.44 359.9 285.54 242.86 170.7 318.68 -9999 -9999 -9999 -9999 -9999 -9999 -9999 -9999 -9999 -9999 -9999 -9999 -9999 -9999 -9999 -9999 -9999 -9999 -9999 -9999 -9999 -9999 -9999 -9999 -9999 -9999 -9999 -9999 -9999 -9999
1860.22 1744.72 1639.04 1551.18 1508.38 1492.24 1482.2 1485.52 1488.88 1464.34 1402.14 1325.54 1232.92 1120.16 1015.18 881.46 756.58 652.02 587.24 578.38 597.84 618.52 627.96 628.94 536.16 393.08 313.54 312.24 356.88 410.78 452.96 502.76 570.62 706.62 782.06 802.76 874.24 998.38 966.26 712.5 535.52 401 318.22 236.74 176.14 106.72 -9999 -9999 -9999 -9999 -9999 -9999 -9999 -9999 -9999 -9999 -9999 -9999 -9999 -9999 -9999 -9999 -9999 -9999 -9999 -9999 -9999 -9999 -9999 -9999 -9999 -9999 -9999 -9999 -9999
1864.58 1751.92 1637.24 1560.26 1531.48 1519.36 1513.54 1516.74 1510.86 1483.62 1425.74 1356.44 1269.24 1166.78 1062.22 911.74 750.96 612.28 557.02 566.72 623.78 673.54 668.88 651.46 539.5 436.08 374.6 369.02 398 427.62 455.86 495.06 572.6 672.96 768.38 818.74 898.68 957.62 919.78 771.9 614.04 481.46 380.28 300 220.86 142.84 188.92 -9999 139.64 -9999 -9999 -9999 -9999 -9999 -9999 -9999 -9999 -9999 -9999 -9999 -9999 -9999 -9999 -9999 -9999 -9999 -9999 -9999 -9999 -9999 -9999 -9999 -9999 -9999 -9999
1890.64 1771.04 1645.24 1605.88 1562.22 1537.68 1535.3 1557.34 1533.04 1506.52 1464.7 1402.56 1321.68 1222.18 1135.5 969.06 766.28 573.42 491.82 549.6 636 723.04 712.86 638.76 564.22 479.68 480.72 475.74 468.38 471.16 485.1 492.68 522.9 603.08 716.54 792 859.24 887.24 861.1 767.14 644.9 530.86 448.84 369.52 272.68 177.12 129.48 100.96 82.2 81.98 54.8 73.4 53.46 58.92 48.44 58.86 -9999 -9999 -9999 -9999 -9999 -9999 -9999 -9999 -9999 -9999 -9999 -9999 -9999 -9999 -9999 -9999 -9999 -9999 -9999
1912.08 1809.68 1713.98 1649.34 1605.72 1571.96 1574.96 1581.24 1584.96 1559.94 1498.86 1436.92 1374.18 1283.8 1194.56 1032.28 814.34 576.08 485.1 571.2 667.5 708.16 726.32 682.76 626.98 580.64 571.52 574.62 557.66 546.42 535.36 505.6 474.18 571.32 679.22 734.54 800.7 828.04 811.56 753.08 658.68 571.14 498.18 417.58 340.34 246.3 171.88 144.04 116.48 98.12 71.56 73.08 46.56 32.78 31.7 24.68 42.7 -9999 -9999 -9999 -9999 -9999 -9999 -9999 -9999 -9999 -9999 -9999 -9999 -9999 -9999 -9999 -9999 -9999 -9999
1938.9 1834 1754.34 1701.9 1658.42 1624.24 1618 1620.9 1626.48 1600.22 1547.46 1478.86 1412.06 1335.54 1230.7 1096.74 899.44 744.52 672.78 684.88 734.64 766.68 756.7 724.96 698.14 690.5 671.28 674.9 678.5 662.36 648.66 623.18 612.92 650.78 702.66 726.88 792.14 829.02 812.4 737.84 655.96 583.38 519.06 475.7 388.24 303.4 221.34 176.38 131.74 114.38 117.66 109.58 80.02 48.32 29.04 6.94 32.22 94.94 93.5 -9999 -9999 -9999 -9999 -9999 -9999 -9999 -9999 -9999 -9999 -9999 151.04 -9999 -9999 -9999 -9999
1953.76 1858.06 1804.68 1752.08 1711.98 1677.26 1661.6 1673.32 1666.36 1639.7 1592.16 1534.94 1458.76 1391.04 1286.1 1179.58 1037.66 924.26 870.66 855.2 858.62 853.88 844.86 816.22 808.96 801.64 811.14 815.38 828.82 825.42 807.74 787.94 776.36 781.56 793.56 817.4 861.76 859.04 813.06 742.12 662.38 590.36 511.6 459.84 391.4 324.72 260.5 215.92 174.68 160.44 173.3 184.5 101.26 50.96 11.62 23.12 35.28 76.96 82.74 66.06 -9999 -9999 -9999 -9999 -9999 -9999 -9999 -9999 -9999 -9999 -9999 -9999 -9999 -9999 -9999
1942.08 1871.32 1829.26 1785.62 1747.46 1711.8 1705.26 1681.2 1668.68 1659.24 1621.14 1573.22 1515.1 1447.54 1361 1272.74 1181.38 1090.64 1043.46 1007.44 992.44 979.5 971.78 954.32 940.52 953.16 943.08 958.02 979.16 987.44 995.58 974 936.38 921.2 925.32 947.14 961.24 918.1 842.42 764.62 666.86 587.84 509.24 444.06 385.6 328.76 283.12 243.92 212.8 190.32 188.44 153.86 83.48 43.02 16.74 20.5 31.3 13.58 23.64 42.16 24.78 -9999 -9999 -9999 -9999 -9999 -9999 -9999 -9999 -9999 -9999 -9999 -9999 -9999 -9999
1953.78 1884.98 1840.24 1805.7 1770.8 1748.54 1723.98 1701.74 1689.42 1661 1640.52 1601.76 1562.5 1514.22 1455.66 1376.7 1325.28 1264.2 1211.44 1183.1 1164.78 1143.88 1118.74 1112.56 1112.7 1106.1 1086.68 1111.62 1143.74 1160.88 1170.32 1137.3 1094.6 1067.02 1073.68 1088.32 1091.58 1018.5 912 795.72 680.78 585.22 507.1 449.62 379.94 362.3 342.18 303.38 263.06 202.8 176.18 134.68 82.02 48.62 31.56 31.18 7.94 8.34 25.6 30.32 7.28 0 29.42 63.74 78.78 -9999 -9999 -9999 -9999 -9999 -9999 -9999 -9999 -9999 -9999
1957.36 1899.38 1862.04 1810.7 1786.26 1767 1743.66 1714.24 1692.22 1672.98 1660.06 1639.7 1610.24 1571.58 1532.2 1481.8 1459.22 1422.06 1386.1 1353 1324.56 1309.76 1295.44 1271.4 1257.02 1251.12 1252 1256.88 1302.16 1331.36 1313.12 1314.96 1276.98 1229.72 1210.36 1197.76 1184.88 1099.9 1013.1 868.98 752.2 647.32 561.06 484.88 439.36 409.46 407.36 377.8 338.48 298.74 229.92 167.98 114.42 64.34 90.52 56.16 26.94 25.14 41.5 52.72 26.98 29.58 45.72 87.92 149.42 -9999 -9999 -9999 -9999 -9999 -9999 -9999 -9999 -9999 -9999
1943.76 1899.34 1861.48 1826.26 1782.6 1766.66 1747.4 1715.98 1695 1694.24 1679.68 1659.28 1639.74 1619.74 1608.94 1587.74 1575.46 1562.58 1545.98 1528.52 1506.02 1473.28 1436.42 1421.46 1408.88 1407.48 1398.34 1416.6 1451.2 1472.44 1483.46 1454.26 1415.42 1382.06 1306.66 1286.56 1255.4 1201.38 1113.12 1006.6 879.98 773.36 667.46 602.9 549.1 502.02 473.36 463.96 438.24 394.36 307.58 225.58 170.9 207.44 245.96 114.42 128.76 62.1 51.4 68.78 59.1 101.34 65.9 133.18 213 -9999 -9999 -9999 -9999 -9999 -9999 -9999 -9999 -9999 -9999
1928.68 1886.44 1860.98 1815.08 1788.62 1757.56 1750.36 1717.6 1706.98 1696.92 1690.7 1698.54 1688.44 1678.02 1677.1 1665.52 1682.6 1689.94 1699.2 1700.38 1682.04 1619.72 1593.58 1557 1541.64 1544.76 1538.86 1546.06 1560.88 1581.28 1611.26 1591.16 1541.94 1483.24 1425.56 1365.14 1344.04 1289.66 1222.42 1150.96 1034.66 895.72 800.78 717.12 663.86 601.06 562.76 531.56 515.48 461.26 379.48 258.14 186.86 166.34 157.36 125.22 154.76 87.14 122.76 49.06 33.44 97.16 99.06 155.52 272.96 -9999 -9999 -9999 -9999 -9999 -9999 -9999 -9999 -9999 -9999
1913.26 1879.74 1835.02 1793.04 1768.48 1747.68 1741.72 1728.54 1709.46 1699.4 1712.32 1709.44 1718.5 1717.68 1716.82 1734.48 1751.76 1788.96 1834.58 1875.06 1807.58 1758.82 1713.62 1677.6 1660.76 1652.26 1635.1 1639.08 1648.96 1658.48 1657.88 1647.38 1597.92 1558.58 1519.66 1449.2 1431.78 1367.44 1317.06 1274.52 1177.04 1049.54 925.26 831.02 759.6 696.08 648.02 585.26 532.6 462.9 371.62 245.26 152.66 110.08 108.38 131.96 145.54 85.98 79.44 85.78 47.7 192 182.58 184.78 323.98 466.26 -9999 -9999 -9999 -9999 -9999 -9999 -9999 -9999 -9999
1897.8 1844 1798.66 1767.42 1747.66 1737.22 1742.56 1739.16 1721.6 1739.98 1734.46 1739.6 1748.74 1747.96 1766.7 1784.58 1812 1849.66 1887.6 1924.22 1894.66 1815.06 1790.06 1772.26 1742.04 1730.28 1712.82 1708.38 1697.18 1705.78 1694.42 1683.38 1653.22 1623.38 1574.54 1535.82 1500.04 1452.88 1399.7 1354.32 1276.3 1149.16 1024.02 919.44 847.54 783.42 708.1 627.14 541.1 446.08 333.9 223.4 143.3 93.92 85.66 97.54 112.18 105.58 78.66 84.04 503.62 532.36 291.58 192.06 380.46 393.72 -9999 -9999 -9999 -9999 -9999 -9999 -9999 -9999 -9999
1846.58 1783.96 1740.2 1703.96 1695.1 1683.98 1709.34 1731.08 1762.54 1781.12 1766.42 1761.26 1759.7 1759.12 1778.06 1804.02 1829.54 1875.12 1911.04 1942.54 1911.64 1862.5 1836.32 1801.54 1789.38 1787.94 1762.92 1761.56 1747.8 1734.72 1732.88 1701.8 1690.44 1650.28 1620.02 1580.66 1560.32 1504.46 1458.6 1377.8 1312.74 1193.08 1094.46 989.24 909.54 845.38 761.84 662.68 535.22 424.28 308.52 207.16 141.78 101.24 76.88 64.72 76.9 99.72 118.08 193.2 392.44 431.14 343.78 303.64 468.58 447.88 -9999 -9999 -9999 -9999 -9999 -9999 -9999 -9999 -9999
1773.28 1710.46 1659.16 1623.76 1605.92 1624.14 1650.98 1716.7 1782.78 1793.66 1766.68 1740.02 1744.62 1761.26 1787.96 1804 1829.52 1865.12 1910.86 1936.86 1928.56 1890.3 1873.12 1842.56 1837.02 1825.46 1808.96 1794.8 1780.72 1776.34 1742.76 1729.82 1708.5 1668.14 1656.3 1624.92 1582.48 1536.02 1479.46 1420.78 1329.18 1241.18 1128.7 1041.7 952.98 879.62 813.78 680.78 520.46 392.18 286.7 187.46 130.46 108.36 83.78 64.7 42.74 78.28 122.38 177.16 197.66 261.66 342.62 428.58 550.14 -9999 -9999 -9999 -9999 -9999 -9999 -9999 -9999 -9999 -9999
