shamba/rasters/climate/pre_1.txt
ncols         720
nrows         360
xllcorner     -180
yllcorner     -90
cellsize      0.5
NODATA_value  -9999
[rows 66 to 98 of 360, columns 525 to 599 of 720]
239.82 263.12 264.4 283.72 292.94 292.34 281.38 280.32 258.96 247.56 226.52 215.4 214.52 194.52 194.82 185.4 194.96 184.42 183.44 184 185.98 187.96 189.94 191.84 183.08 184.54 175.1 165.44 187.42 188.28 188.3 177.54 166.7 145.52 145.12 145.54 145.96 146.58 147.36 148.06 148.42 159.04 159.1 148.4 158.14 157.44 156.6 145.3 144.58 153.9 155.42 157.62 160.4 153.02 156.3 158.16 148.54 150.28 141.08 143.34 133.44 108.28 94.36 93.04 91.36 89.82 89.76 78.5 56.08 44.66 44.42 55 43.88 43.88 54.58
248.28 261.8 272.46 281.56 300.64 299.28 288.2 267.38 246.76 236.14 215.52 195.4 195.44 186.16 176.6 166.94 166.5 165.6 174.44 175.32 167.36 179.02 180.98 182.92 174.5 164.78 155.1 156.1 167.5 178.3 178.48 178.24 146.56 146.28 135.4 145.92 146.54 147.14 147.78 148.22 148.32 148.44 148.52 148.7 148.22 147.54 136.32 145.92 134.9 156.02 147.8 149.78 151.88 144.06 135.84 150.12 129.16 143.22 133.52 123.32 125.22 87.3 73.52 84.64 82.94 81.28 91.36 57.14 45.7 34.08 33.76 33.38 33.46 44.5 55.46
246.86 259.68 269.96 269.78 289.8 297.52 276.26 265.4 245 224.68 215.48 205.14 195.44 195.64 186.2 176.1 165.52 164.78 173.72 174.92 177.12 180.66 182.72 184.6 175.48 155.82 145.52 146 146.9 157.76 157.78 158.06 136.98 136.68 125.92 136.24 136.8 137.32 137.58 137.72 137.88 137.96 138.12 138.18 138.24 137.54 126.32 136.04 125.12 137.8 139.9 141.62 132.3 146.1 149.1 117.14 119.52 122.62 100.02 89 77.46 77.46 51.02 50.02 49.16 48.28 59.12 58.06 46.38 23.02 34.16 33.96 34.02 45.4 56.4
235.28 246.72 258.1 278.2 286.8 285.48 265.08 263.92 243.6 235.44 216.98 196.72 196.12 185.62 175.72 174.76 154.6 153.84 162.68 173.82 178.04 182.16 184.1 175.24 166.18 156.48 146.46 136 136.5 136.66 136.96 116.22 116.48 127.26 116.46 126.72 126.86 137.3 137.88 137.8 137.94 138.02 138.18 138.3 127.76 127.44 126.74 126.16 127.5 140.24 142.34 144.14 123.42 125.3 151.12 118.66 97.12 99.62 63.86 65.34 53.14 40.06 52.8 25.9 25.42 24.92 48.82 35.88 35.32 34.92 34.52 34.38 34.44 34.64 45.88
232.2 252.78 264.52 275.26 264.1 273.74 263.46 253.64 245.58 227.9 209 208.2 217.36 186.52 174.9 173.46 162.9 162.12 170.86 182.36 189 193.48 205.3 206.92 187.58 156.84 146.94 126.16 115.58 115.72 105.48 95.32 95.6 95.56 106.26 116.92 126.74 126.88 127.42 127.48 127.42 138.16 127.64 127.76 127.82 127.92 127.22 117.14 118.96 131.72 133.72 135.3 136.86 103.94 129.6 108.24 111.1 88.56 64.9 53.02 40.7 13.76 27.06 26.52 38.72 37.8 36.84 23.94 23.6 23.36 34.86 23.16 34.96 35.12 46.74
227.98 237.18 249.56 259.6 259.66 260 252.78 246.12 238.42 230.12 210.54 209.82 198.68 196.62 184.76 173.28 161.86 151.42 150.6 173.7 209.32 214.44 226.5 207.48 208.26 167.22 157.4 126.14 105.18 94.84 95.04 95.26 84.84 84.9 106.04 115.78 115.58 116.64 127.56 127.7 127.6 127.6 127.74 127.8 117.12 117.1 117.02 118.88 120.94 122.78 113.38 114.6 115.98 93.82 95.52 122.16 112.76 64.18 52.56 39.68 26.78 13.56 26.56 38.96 12.62 24.64 12.1 23.82 11.88 23.52 11.7 11.68 23.6 35.58 35.7
233.48 242.32 243.74 245.16 258.26 261.78 255.16 248.56 240.76 222.18 222.32 211.1 199.02 196.88 185.06 163.86 162.12 150.82 149.86 174.02 209.26 224.82 247.4 227.84 197.56 177.36 157.14 126 105.26 84.52 73.6 84.2 84.38 84.32 83.82 93.74 104.72 106.44 106.52 117.18 127.88 127.7 127.6 127.58 116.88 106.44 107.68 109.64 111.4 113.14 114.76 116.34 106 107.3 96.82 110.38 74.22 49.9 50.34 38.12 12.98 13.14 25.8 25.2 24.72 12.12 11.96 23.82 23.64 11.76 0 23.6 23.78 23.88 36.18
240.2 248.76 250.02 263.44 268.94 272.38 255.86 248.62 230.78 222.42 211.68 209.46 187.48 175.6 173.68 152.68 160.46 158.96 169.6 202.3 237.38 264.34 277.04 247.32 207.22 177.14 157.2 125.9 95.46 95.9 84.8 63.24 62.88 72.86 72.5 72.26 83.46 95.5 96.26 117.58 128.14 127.58 137.96 127.3 116.68 107.42 98.46 99.96 101.42 102.96 92.78 93.42 105.16 105.54 94.1 70.34 59.08 47.72 36.18 36.68 12.48 25.72 25.1 12.32 12.02 23.94 23.78 11.84 23.5 11.72 11.7 35.26 23.7 23.84 36.3
258.88 249.1 253.8 267.58 267.12 270.86 234.56 236.94 209.36 200.82 189.06 187.12 165.52 163.78 152.44 160.32 168.54 178.46 208.86 233.24 277.72 343.46 295.9 246.42 206.64 176.7 146.18 125.92 106.64 96.3 85.18 74.04 52.36 62.1 51.14 61.56 62.32 84.42 85.58 107.92 118.6 128.12 137.5 137.36 127.24 119.42 110.7 111.36 89.52 89.82 89.92 90.28 79.36 68.34 68.68 68.76 57.06 45.68 23.06 11.84 24.26 37.3 12.18 11.9 11.86 23.52 11.68 23.4 23.42 11.6 11.68 34.98 23.54 23.8 36.36
259.3 259.68 266.96 253.48 255.54 243.72 214 196.62 188.56 178.16 166.68 164.86 153.48 151.88 150.5 158.92 168.46 188.76 209.92 224.8 259.44 281.8 254.36 225.32 195.8 165.9 145.52 126.38 96.32 85.88 74.56 63.2 52.22 51.6 51.16 51.14 41.36 62.8 85.44 97.94 119.64 139.8 149 136.92 137.84 128.98 119.56 75.68 96.82 86.6 76.32 65.84 77.16 66.46 66.86 67.02 55.8 33.42 22.12 11.34 11.68 24 11.86 11.76 11.66 11.54 11.44 11.4 34.24 11.4 11.42 34.72 35.26 35.76 36.48
269.1 261.48 251.76 238.46 241.6 232.42 199.06 176.04 167.5 156.06 154.5 152.88 160.92 150.38 149.4 158.5 160.08 170.94 182.3 195.88 228.14 230.76 223 194 174.7 144.72 135.28 116.22 85.94 85.72 63.64 63.04 51.88 41.02 40.96 40.92 41.46 42.24 75.14 98.2 120.58 173.14 181.48 147.68 72.84 136.4 127 105.78 84.36 74.14 53.24 64.34 64.84 65.14 54.66 54.98 43.9 32.18 21.04 10.88 11.26 23.3 23.32 23.16 22.88 11.3 11.34 11.36 22.76 11.42 23.06 23.34 35.34 35.8 24.26
271 247.08 236.18 232.24 215.04 197.28 186.84 162.56 166 163.32 133.52 141.94 140.98 130.82 139.5 131.5 132.54 133.36 153.7 165.66 177.28 179.8 181.86 173.24 143.52 123.44 114.86 106.1 75.04 74.76 63.34 52.26 41.28 41.04 30.84 30.76 31.18 42.62 65.3 77.08 110.94 141.66 170.6 145.34 131.72 111.16 102.36 93.04 82.5 62 62.44 52.48 52.88 53.4 42.96 43.4 32.16 31.04 20.32 21.52 11.1 11.26 11.28 11.34 11.42 11.38 11.38 11.5 22.92 23.08 23.2 23.46 35.7 36.06 36.32
266 233.48 220 216.56 188 179.76 160.54 148.26 142.4 146.34 113.44 103.24 102.88 102.18 112.42 103.74 113.76 114.46 124.44 135.5 127.44 139.12 130.9 121.94 112.48 103.12 104.72 84.62 74.76 63.7 42 41.56 30.92 30.82 20.6 30.72 20.92 42.92 43.7 66.32 88.82 120.3 138.4 133.74 109.7 97.76 89.38 80.48 70.44 60.4 50.72 51.32 41.5 42.14 42.62 21.7 32.42 20.92 10.36 10.66 10.78 10.96 10.84 10.98 22.38 11.36 11.58 11.54 11.56 11.62 11.8 23.76 23.84 36.18 24.2
251.18 208.48 194.62 200.9 193.84 163.9 155.12 154.7 139.18 133.12 117.2 93.58 74.24 93.34 84.5 84.9 85.46 85.66 85.52 96.14 68.16 108.74 110.22 91.3 81.54 93.06 83.52 73.8 53.16 52.82 41.76 41.28 30.88 20.62 20.64 10.24 10.54 21.52 32.72 43.94 66.4 87.8 95.58 102.56 89.04 87.48 78.16 58.92 49 49.68 40.16 40.6 41.12 31.36 21.72 11.34 22.78 10.9 10.3 10.4 10.52 21.22 10.7 10.8 22.08 11.16 11.44 22.9 23.3 11.82 11.86 23.88 24 36.46 24.4
235.48 223.42 200.32 196.34 178.42 169.56 160.4 159.78 146.12 129.8 124.42 89.14 65.88 65.42 65.78 56.7 56.94 66.16 66.04 66.82 77.4 78.58 69.78 70.66 61.18 61.7 62.26 41.9 42.22 41.98 31.16 30.94 30.9 20.66 10.3 10.38 10.52 10.6 21.54 32.74 44 54.88 63.6 61.32 69.86 68.16 56.36 46.06 38.24 38.94 39.68 30.46 31.58 21.86 22.84 11.86 11.84 0 10.4 10.16 10.34 10.44 10.42 10.66 10.84 11.04 22.32 22.7 23.16 23.4 23.76 23.9 24.08 24.32 24.52
220.2 215.14 211.62 197.92 181.4 161.92 152.16 139.76 139.42 114.34 98.46 83.2 59.98 57.8 47.02 37.7 28.32 28.12 28.16 28.48 38.44 38.9 39.4 40.32 51.58 52.64 53 42.74 32.32 42.92 31.76 31.84 21.2 21.12 10.52 10.46 10.4 10.58 10.74 21.62 21.78 32.62 42.36 51.36 49.28 46.74 44.46 34.98 37.2 19.44 20.28 10.58 10.82 11.44 11.84 12.12 12 11.3 0 20.64 10.24 10.26 10.4 10.42 10.64 10.84 10.98 22.58 23.14 23.3 23.58 23.86 24.08 24.36 24.6
245.24 218.96 202.08 174.86 158.14 138.14 128.84 142.78 142.68 105.62 90.58 64.72 52.2 50.72 39.18 28.08 27.78 18.34 9.24 18.62 18.82 28.96 29.5 30.14 30.74 42.44 32.62 32.94 22.2 32.92 32.9 10.88 10.92 10.78 10.58 10.48 10.6 10.64 10.82 10.9 10.8 10.72 21.04 30.08 38.32 36.52 34.78 25.88 28.28 10.02 10.4 10.88 11.44 11.88 12.02 12.2 11.9 11.5 11.32 11 10.62 10.18 10.18 10.28 10.44 10.66 21.82 11.16 22.96 23.32 23.52 23.72 23.92 24.22 24.52
237.76 221.06 182.52 164.38 146.5 126.48 129.2 130.6 130.94 107.38 94.2 67.64 54.66 42.1 30.16 28.98 18.6 8.94 8.88 18.26 18.62 19.18 19.66 20.04 20.5 31.4 32.66 22.46 22.72 22.6 22.54 11.08 10.98 10.74 10.6 10.56 10.8 10.78 10.9 10.96 10.82 10.28 10.3 20.48 19.46 28 27.36 27.2 9.66 10.32 10.74 11.24 11.76 0 12.02 11.96 11.64 11.62 11.48 11.32 11.08 10.8 10.5 10.14 10.3 10.56 21.68 33.4 34.2 34.62 23.28 23.56 23.7 24.1 24.52
231.1 202.3 173.34 154.56 123.92 125.84 127.38 128.26 128.98 106.16 106.76 93.92 56.28 32.2 30.7 19.6 18.8 9.06 8.78 17.84 18.26 28.1 19.24 19.62 20.2 10.32 10.66 11.14 11.56 11.42 11.32 11.1 0 10.84 10.72 10.72 10.84 11.06 10.96 10.74 10.18 9.72 19.48 9.96 10 9.86 9.54 18.98 9.98 10.66 11.18 11.62 11.78 11.92 11.68 11.36 11.22 11.12 11.06 10.92 10.6 10.44 10.22 9.96 10.16 10.42 21.46 11.06 22.64 22.82 34.64 23.34 23.56 24.12 24.38
192.04 162.18 142.44 122.52 101.14 91.36 91.96 81.14 93.6 106.1 95.04 93.12 55.7 53.18 30.5 19.34 9.28 9.2 8.96 8.92 9.12 9.16 9.32 9.56 19.58 20 10.3 10.72 10.98 10.98 10.94 0 0 10.78 10.56 10.48 10.74 10.84 10.66 10.1 9.56 9.2 9.3 9.74 10.26 10.22 10.1 9.9 10.46 11 11.22 11.46 0 11.52 11.24 10.84 10.78 10.74 10.7 10.48 10.28 10.04 9.7 9.6 10 10.3 10.68 10.88 22.32 22.68 34.34 11.6 23.46 24.1 24.34
194.86 163.26 130.7 98.24 77.18 67.7 69.4 81.62 70.36 82.82 83.52 80.74 55.22 52.64 40.12 19.1 9.46 9.4 0 0 0 0 0 9.4 9.58 9.68 9.92 10.22 10.26 10.26 10.36 0 0 10.12 9.96 10.06 0 0 9.84 9.68 9.02 8.88 8.98 9.48 9.98 10.54 10.52 10.28 10.82 11.12 0 0 0 0 10.86 10.52 10.42 10.36 10.3 10.18 9.9 9.54 18.28 9.42 9.78 10.22 10.46 10.84 22.08 22.4 22.56 11.62 11.82 23.98 23.8
173.12 151.74 120.3 88.08 77.46 67.78 80.98 81.86 70.72 71.28 71.82 68.84 65.86 52.28 39.68 29.04 19.44 9.64 0 0 0 0 0 9.5 9.6 9.7 9.8 0 0 0 9.76 9.58 0 9.42 9.34 9.56 9.5 0 0 0 8.64 8.82 8.98 9.26 9.68 10.16 10.74 10.58 11 0 0 0 0 0 10.46 10.16 10.02 10.04 9.84 9.64 18.58 17.88 17.88 18.5 9.66 10.04 10.36 10.68 10.88 22.1 11.22 11.56 11.58 23.1 22.74
119.02 130.1 120.8 99.74 78.06 90.82 80.8 82.2 70.98 71.52 72.1 68.54 54.18 41.4 30.2 19.88 9.98 9.86 9.62 9.26 9.22 0 0 0 0 0 0 0 0 9.66 0 0 9.46 9.34 9.5 9.76 9.7 9.54 9.48 9.26 9.04 17.62 9.04 18.38 9.6 10 10.42 10.9 10.82 0 0 10.56 0 10.26 10 9.74 9.64 9.58 9.48 9.12 17.44 16.88 17.44 9.12 9.38 9.82 10.16 10.46 10.84 10.96 10.98 11.1 11.18 11.12 0
130.04 87.5 77.22 67.1 56.22 68.62 69.34 81.96 83.16 71.78 72.4 68.16 53.34 42.02 31.22 20.58 10.3 10.06 9.8 0 0 0 0 0 9.86 0 0 0 0 0 0 0 0 9.36 9.68 9.94 10.02 9.86 19.48 9.74 9.42 8.94 8.94 9.16 9.6 10 10.42 10.6 10.6 10.38 10.3 10.1 0 0 9.54 9.46 9.36 9.02 8.8 17.04 8.12 8.24 8.52 8.78 9.22 9.72 10.06 10.38 10.64 10.78 10.7 10.74 10.6 10.7 10.8
98.06 77.28 89.12 78.66 68.04 68.9 69.56 58.74 59.46 72.1 72.52 56.58 42.8 43.26 32.12 31.68 20.94 10.24 9.92 9.62 9.36 9.4 9.64 9.86 0 0 0 0 0 0 0 0 0 9.48 9.84 0 10.12 10.06 0 9.92 9.76 9.32 8.94 9.08 9.46 9.98 10.16 10.2 10.3 10.26 10.04 9.88 9.78 9.58 9.32 8.98 8.82 8.46 8.26 7.9 7.64 7.98 8.34 17.26 8.96 9.48 19.84 10.22 10.42 10.7 10.62 0 0 0 0
76.34 55.54 67.16 56.5 56.92 57.6 58.36 58.88 71.4 72.48 72.16 57 44.36 44.24 33.04 21.62 21.46 10.44 10.12 0 0 9.6 9.92 20.28 20.6 10.08 9.92 9.62 9.54 9.46 9.34 9.28 9.4 9.72 9.96 10.28 10.48 10.32 10.34 10.18 9.82 9.56 9.2 9.06 9.48 9.72 9.8 9.82 9.98 10.02 9.9 9.8 9.64 9.56 9.4 8.78 8.26 7.9 7.64 7.3 7.44 7.78 8.12 8.44 17.56 18.64 19.42 19.98 10.3 10.6 10.8 0 0 0 0
76.22 66.6 55.92 56.42 45.6 46.12 46.68 47.24 35.78 36.16 36.38 23.8 23.26 23.18 22.86 11.14 10.92 0 0 0 0 0 0 10.48 10.28 10.02 19.7 9.6 9.28 9.42 9.24 9.2 9.58 9.9 10.06 10.4 10.6 10.62 10.58 10.34 10 9.68 0 9.2 9.28 9.32 9.5 0 9.72 9.88 9.86 9.64 9.58 9.46 9.12 8.34 7.94 7.48 14.18 6.98 14.56 15.2 15.96 16.76 17.16 18.28 19.14 19.62 9.98 10.32 10.56 10.54 10.16 9.7 9.8
65.06 66.32 55.72 56.28 56.94 57.7 46.7 47.3 47.54 35.9 24.04 36.42 36.62 24.32 11.92 11.74 11.42 0 10.64 0 0 0 0 0 0 10 9.78 9.48 9.24 9.24 9.26 9.42 9.8 10.08 10.3 10.6 10.82 0 0 10.46 10.2 9.9 9.54 9.44 8.98 9.24 9.32 9.32 9.54 9.68 9.76 9.68 9.54 9.28 8.76 7.94 7.52 7.12 14.14 14.72 7.64 15.86 16.72 16.62 16.56 17.96 19.12 19.52 9.76 9.94 10.16 10.22 9.88 9.54 9.54
65.34 54.98 55.48 56.2 56.84 57.64 57.96 46.68 46.84 46.98 23.6 35.78 36.28 12.2 11.76 11.34 11.04 10.66 10.5 10.5 10.6 10.58 10.5 0 0 9.9 9.72 9.34 9.2 9.2 9.3 9.62 9.98 10.26 10.48 10.72 10.96 11.16 10.94 10.72 10.36 10.12 10.06 9.44 9.28 8.84 9.04 9.22 9.26 9.48 9.74 9.58 9.52 9.08 8.44 7.7 14.66 14.88 15.34 15.78 16.12 16.62 16.12 15.22 16.02 17.36 18.7 19.32 9.76 9.76 9.58 9.6 9.6 9.3 9.36
55.66 55.66 55.44 56.06 56.32 56.6 45.52 45.8 46.08 46.26 23.2 35.2 11.92 11.88 11.52 11.2 10.84 10.54 10.5 10.44 10.42 10.72 10.98 10.38 10.06 9.88 0 9.3 9.12 9.08 9.5 9.82 10.14 10.36 10.64 10.92 11.3 11.4 11.16 10.84 10.72 10.6 10.06 9.62 9.46 9 8.62 8.82 9.02 9.32 9.4 9.7 9.32 8.7 8.26 7.74 15.54 16.02 16.54 16.96 17.22 16.02 14.74 14.24 15.52 16.84 18.14 19.06 19.24 9.42 9.18 9.14 9.14 9.26 9.18
34.62 34.04 33.66 33.2 33.16 33.46 33.6 33.78 33.92 34.06 22.88 23.08 11.68 11.6 11.32 10.92 0 0 0 0 10.6 10.84 11.1 10.96 0 0 0 9.28 9.12 9.18 9.56 9.92 10.2 10.52 10.7 11.14 11.4 11.56 11.38 11.3 11.16 10.8 10.06 9.86 9.52 9.32 8.92 8.36 8.64 8.9 9.18 9.42 9.04 8.74 8.46 8.22 8.22 8.46 17.24 17.6 17.84 17.12 15 14.74 16.08 17.6 9.44 9.78 19.14 18.72 18.28 18.04 18.04 18.14 18.3
11.48 11.32 11.24 11.04 22.14 21.86 21.92 22.02 22.14 33.48 22.44 11.32 22.84 11.3 11 10.68 10.4 10.22 10.3 0 0 0 11.34 11.44 0 0 0 9.3 9.16 9.18 9.54 9.9 10.18 10.38 10.68 11.08 11.16 11.52 11.84 11.8 11.48 10.72 10.14 9.96 9.78 9.6 9.16 8.7 8.32 0 8.82 9.12 8.74 8.36 16.72 8.22 8.48 17.44 26.62 18.24 18.52 18.04 16.02 16.54 17.22 18.64 19.56 19.7 19.34 18.74 18.3 18.08 17.94 17.8 17.98
11.48 11.28 11.1 11.16 11.08 11 10.72 21.76 21.86 10.98 11.14 11.12 11.16 10.86 0 10.38 10.16 10.24 10.46 10.6 10.76 10.98 11.34 11.7 11.4 10.84 10.26 9.7 9.5 9.38 9.4 9.7 10 10.34 10.58 10.74 11.12 11.54 12.18 12.12 11.5 10.76 10.32 10.1 9.9 9.72 9.38 0 0 8.3 8.74 8.94 8.24 16.38 16.38 16.74 17.06 17.72 27.42 18.78 19.06 19.08 17.94 18.6 19.16 19.2 29.32 19.72 19.42 18.88 27.68 18.58 18.36 18.06 17.88
