shamba/rasters/climate/pre_1.txt
ncols         720
nrows         360
xllcorner     -180
yllcorner     -90
cellsize      0.5
NODATA_value  -9999
[rows 33 to 65 of 360, columns 150 to 224 of 720]
22 -9999 -9999 -9999 -9999 10.8 -9999 21.48 21.44 21.3 31.86 31.7 31.54 31.44 20.88 31.06 20.54 -9999 20.12 29.92 50 40.24 40.48 50.76 50.52 50.34 40.04 29.94 -9999 -9999 -9999 19.74 39.18 49.02 58.62 58.4 58.18 57.98 48.2 57.52 57.26 66.5 66.26 75.4 94.48 85.34 85.76 76.48 67.2 96.44 96.96 116.86 165.98 156.9 108.22 78.96 49.52 39.94 -9999 -9999 -9999 -9999 -9999 -9999 -9999 -9999 -9999 -9999 -9999 -9999 -9999 -9999 -9999 -9999 -9999
-9999 -9999 -9999 -9999 10.84 21.74 21.7 21.58 21.52 21.32 21.4 21.22 21.08 20.98 20.78 20.6 20.44 -9999 30.04 39.68 39.88 30.1 30.26 20.32 20.38 30.46 20.16 -9999 -9999 -9999 9.94 29.8 39.58 39.54 39.32 49.02 39.16 -9999 19.36 48.26 48.08 47.9 47.72 66.58 85.48 95.28 86.12 67.2 48.1 67.7 58.28 77.9 87.98 88.3 88.64 118.66 99.62 70.44 -9999 -9999 -9999 -9999 -9999 -9999 -9999 -9999 -9999 -9999 -9999 -9999 -9999 -9999 -9999 -9999 -9999
-9999 -9999 -9999 -9999 -9999 -9999 21.86 10.8 21.58 32.34 10.68 31.88 31.62 31.3 30.94 30.66 30.48 30.18 -9999 29.58 49.66 49.98 30.22 -9999 -9999 -9999 -9999 -9999 -9999 -9999 20 30 39.82 39.66 39.56 39.36 39.38 19.68 -9999 39 38.84 38.66 48.24 67.18 86.2 95.88 86.54 67.46 57.98 58.2 77.74 77.96 68.5 88.46 98.6 109.34 120.18 121.42 102.22 82.6 62.62 -9999 -9999 -9999 -9999 -9999 -9999 -9999 -9999 -9999 -9999 -9999 -9999 -9999 -9999
33.72 -9999 -9999 -9999 -9999 -9999 -9999 -9999 -9999 32.44 21.4 21.16 20.92 20.72 20.54 10.18 20.16 -9999 29.7 49.14 59.32 39.92 10.08 -9999 -9999 -9999 -9999 -9999 -9999 0 20.3 30.2 30.06 29.94 29.84 39.7 39.6 39.64 29.62 29.56 39.22 39.02 58.42 58.14 67.54 77.24 67.84 67.96 68.12 68.3 68.5 78.4 78.62 78.78 99.12 109.76 120.94 112.02 102.88 103.96 73.48 42.62 64.7 -9999 99.78 101.12 -9999 -9999 -9999 -9999 -9999 -9999 -9999 -9999 -9999
33.92 22.58 -9999 -9999 -9999 -9999 -9999 -9999 -9999 -9999 -9999 31.54 20.76 20.6 -9999 -9999 -9999 29.82 49.22 48.98 59.16 59.62 40.08 20.16 -9999 -9999 -9999 -9999 -9999 -9999 10.18 10.12 10.14 10.04 10.02 19.92 19.92 29.8 19.84 19.88 29.68 39.44 49.1 48.88 68.2 68 78.02 78.18 98 68.72 68.92 78.88 78.96 79.58 100.18 100.96 112.08 102.74 103.78 83.76 74.26 64.6 76.36 77.4 100.84 90.84 69 58.22 -9999 -9999 -9999 -9999 -9999 -9999 -9999
45.64 34.06 34.02 33.88 33.74 -9999 -9999 -9999 32.4 32.16 -9999 -9999 -9999 -9999 -9999 -9999 19.9 19.64 39.12 48.7 49.06 59.26 59.8 40.14 30.22 20.26 -9999 -9999 -9999 -9999 -9999 0 10.18 10.12 10.06 10.08 9.98 10.06 20 19.9 19.96 29.84 39.6 49.32 49.22 68.64 58.84 59 59.1 69.12 59.4 59.5 69.9 80.38 91 91.94 92.76 93.64 115.6 127.76 129.46 131.08 121.6 123.18 113.28 80.26 127.82 141.12 83.42 84.42 97.7 86.52 124.82 -9999 -9999
46.02 45.8 45.62 34.02 33.72 33.4 21.94 32.66 32.34 -9999 -9999 -9999 -9999 -9999 -9999 -9999 -9999 19.68 29.12 38.72 39.1 39.4 39.6 40.02 30.12 20.2 0 -9999 -9999 -9999 -9999 -9999 0 0 10.16 10.16 10.08 10.06 10.06 9.96 19.98 30.02 40 39.9 49.58 59.36 59.2 59.34 59.46 69.48 69.6 60.1 60.54 71 71.72 72.36 83.44 95.02 106.86 108.22 109.62 122.06 134.8 125.04 126.62 116.44 94.28 95.3 84.34 109.8 110.78 111.68 99.96 99.64 85.78
46.32 46.1 45.7 33.96 33.58 33.26 21.88 21.68 32.08 -9999 -9999 -9999 -9999 10.1 10 9.92 19.66 19.5 19.32 9.68 29.12 29.34 29.6 19.92 30.06 10.12 -9999 0 -9999 -9999 -9999 -9999 -9999 -9999 -9999 0 0 -9999 -9999 20.12 30.2 40.18 40.1 40.02 50.04 49.94 69.58 69.6 79.7 69.88 70.36 70.82 71.3 71.92 62.18 62.7 63.54 53.6 54.42 66 66.86 78.88 102.66 103.54 92.78 117.04 94.58 95.44 119.94 144.94 121.72 134.62 159.74 159.16 109.18
46.5 45.96 45.56 33.76 33.44 33.04 32.7 32.38 32.02 31.64 31.24 30.94 10.2 10.06 9.98 9.84 9.86 9.68 9.56 9.58 -9999 29.32 29.46 29.74 19.96 30.06 10.18 20.32 10.24 0 -9999 10.44 10.48 -9999 -9999 -9999 -9999 -9999 -9999 10.16 20.24 40.44 60.54 60.36 60.24 60.24 70.1 69.92 -9999 -9999 -9999 71.56 72.06 72.76 -9999 74.18 64.18 54 54.6 55.06 44.44 56.16 67.9 57 57.36 57.68 58.14 70.4 94.68 119.18 131.92 132.56 156.92 156.42 95.34
46.32 22.88 22.66 33.76 22.18 21.96 21.68 -9999 -9999 21 31.08 30.74 30.44 20.04 9.84 9.68 9.7 28.8 19.1 9.5 9.62 19.48 9.76 39.42 39.74 39.94 50.4 40.6 20.42 -9999 10.34 10.38 20.82 20.82 -9999 -9999 -9999 -9999 20.42 20.34 30.54 50.76 60.84 70.9 60.66 60.58 70.52 60.3 -9999 -9999 -9999 81.5 81.9 -9999 -9999 -9999 74.34 64.34 54.16 43.64 33 44.28 44.52 33.54 33.86 34.02 34.2 57.66 23.26 35.2 70.84 71.02 71.16 70.92 -9999
46.28 34.32 33.88 33.46 -9999 -9999 -9999 -9999 -9999 -9999 -9999 -9999 20.16 10.02 9.86 19.5 28.94 28.72 9.46 9.5 9.5 28.96 39.02 39.28 39.58 39.78 40.08 40.36 30.46 20.42 20.48 30.88 20.76 20.78 20.9 -9999 10.38 -9999 10.3 40.98 51.24 51.08 71.42 71.32 81.32 50.78 60.78 -9999 -9999 -9999 -9999 70.36 81.12 -9999 -9999 -9999 84.04 73.96 63.82 64.16 53.88 54.22 54.62 43.94 33.22 44.5 56.12 67.8 34.2 45.98 80.96 81.4 93.38 116.16 92.02
80.76 68.46 67.58 66.78 54.94 43.56 21.52 21.24 20.96 31.16 20.58 20.36 20.06 19.78 19.56 19.38 28.74 28.54 18.86 28.38 38.16 38.42 48.44 58.66 59.02 59.52 59.86 50.26 50.46 40.62 40.86 51.32 51.54 31.1 -9999 -9999 31.24 20.74 51.64 61.9 61.8 71.9 71.78 71.7 92.06 81.66 81.5 -9999 -9999 -9999 -9999 -9999 -9999 -9999 -9999 91.98 92.62 93.24 83.46 73.5 74.04 63.84 53.56 -9999 54.22 43.66 44.06 44.38 44.76 67.58 79.28 79.78 91.58 114.14 135.56
80.18 79.66 78.68 77.74 76.86 65.04 64.22 52.94 52.32 51.66 30.68 30.26 29.98 29.58 29.2 28.82 28.64 28.32 28.06 37.68 47.46 57.42 57.94 58.38 58.88 59.18 69.58 59.88 60.3 60.66 60.86 61.18 61.48 61.76 51.8 41.72 52.96 73.8 63.02 63.02 62.88 73.2 83.48 93.88 93.76 93.46 93.1 82.34 -9999 -9999 -9999 -9999 -9999 -9999 -9999 100.84 100.8 101.52 92.04 92.68 -9999 -9999 -9999 -9999 63.88 42.88 43.22 43.5 65.62 77.2 88.62 89.26 100.88 123.08 121.9
79.7 79.38 67.3 77.5 76.64 75.64 74.78 63.26 52.04 41.22 40.66 40.18 39.68 39.16 38.72 38.22 37.9 46.92 46.62 46.82 75.62 76.2 67.24 77.44 77.98 58.96 69.12 69.5 79.98 80.34 70.7 71.04 71.38 81.88 82.24 72.78 73.88 85.7 85.62 74.76 74.68 63.86 74.4 74.28 84.8 84.54 84.2 -9999 -9999 -9999 -9999 -9999 -9999 -9999 -9999 -9999 -9999 -9999 -9999 -9999 -9999 -9999 -9999 82.9 73.1 73.6 74 74.5 85.7 75.44 86.7 87.24 98.74 98.4 97.62
90.5 90.56 78.4 66.28 76.5 75.54 74.52 73.66 62.34 61.52 40.46 40.02 49.4 48.72 48.14 47.52 47 55.84 55.5 56 65.8 66.38 76.5 86.7 87.34 78.08 58.94 69.22 79.52 79.94 80.32 80.7 81.1 81.48 92 72.58 84.12 74.74 -9999 54.38 75.84 75.74 75.68 75.5 -9999 -9999 -9999 -9999 -9999 -9999 -9999 -9999 -9999 -9999 -9999 -9999 -9999 -9999 -9999 -9999 -9999 100 100.8 101.46 92 92.68 93.2 93.64 94.08 94.76 95.36 106.7 107.38 117.74 106.02
101.12 101.62 100.48 88.22 76.28 86.06 84.96 84 72.48 71.56 60.6 49.84 49.12 48.52 57.5 56.78 56 55.44 55.32 65.04 74.9 84.98 85.62 86.3 77.2 87.44 68.42 78.66 79.02 79.46 69.84 60.18 70.48 80.96 81.7 82.8 84 53.26 86.44 87.8 77.32 77.08 77.04 76.9 -9999 -9999 -9999 -9999 -9999 -9999 -9999 -9999 -9999 -9999 -9999 -9999 -9999 -9999 -9999 -9999 -9999 108.78 108.8 109.34 110.1 110.84 111.42 111.8 112.34 123.5 134.64 145.96 146.84 135.96 124.4
100.54 101.02 100.24 88.02 87 85.86 84.82 83.7 82.72 81.6 70.44 69.48 68.58 67.64 66.72 65.92 65.02 64.22 64.18 64.66 74.62 75.14 85.18 76.26 76.9 86.98 87.48 87.94 88.36 88.82 89.26 79.7 80.06 70.4 81.44 72.46 -9999 63.78 86.34 87.52 89 89.64 100.66 -9999 -9999 -9999 -9999 -9999 -9999 -9999 -9999 -9999 -9999 -9999 155.92 175.44 163.52 162 150.64 139.46 128.52 128.54 118.44 118.42 128.24 118.18 118.76 119.22 129.7 140.58 151.68 162.92 164 163.56 162.02
110.9 111.48 111.18 98.84 86.72 85.66 84.62 73.08 72.16 71.2 70.2 69.4 68.42 67.4 66.46 65.58 64.72 63.86 72.96 73.6 74.16 74.72 75.28 75.86 76.4 76.78 67.7 68 78.08 78.48 88.64 79.26 79.64 90.04 81.3 72.2 -9999 85.04 86.06 87.3 99.8 124.06 113.78 113.28 90.2 89.46 -9999 -9999 -9999 -9999 -9999 -9999 -9999 158.12 189.08 198.1 206.6 204.72 172.38 170.74 149.26 138.2 128.2 128.08 127.78 127.32 117.14 136.18 126.6 147 157.9 178.92 190.24 199.66 207.72
121.2 110.82 110.94 98.62 97.36 96.2 84.44 93.76 82.28 81.22 80.14 69.22 68.16 76.86 75.86 84.06 73.7 72.56 72.72 73.22 73.86 83.76 74.98 75.48 85.54 86 76.86 77.26 77.6 78.02 68.54 78.78 79.12 79.84 81.1 -9999 -9999 84.84 86 87.16 99.68 101.26 102.8 80.46 91.08 101.72 100.9 -9999 -9999 -9999 -9999 -9999 -9999 -9999 191.2 200.68 209.32 207.38 184.84 173.04 161.26 149.8 148.6 138.26 147.44 136.96 146.04 145.42 154.48 154.1 163.66 174.62 195.36 214.6 223.7
120.4 109.98 99.34 109.28 97.12 85.26 84.18 83.16 82.12 80.94 79.82 78.78 87.38 86.14 84.92 74.44 82.48 81.78 82.78 92.66 83.98 84.64 85.14 85.78 76.7 86.7 77.44 68.1 68.42 68.74 69.08 -9999 69.84 -9999 -9999 72.84 95.04 96.44 97.78 88.18 89.44 79.56 79.78 79.86 92.1 91.36 101.98 112.36 133.7 143.6 -9999 -9999 -9999 -9999 183.02 203.16 211.96 -9999 -9999 -9999 -9999 -9999 -9999 -9999 147.96 147.24 146.5 155.5 174.18 192.6 201.74 211.1 201.36 201.82 222.12
119.52 120.18 120.64 108.94 96.9 95.54 83.92 93.12 91.94 100.76 99.4 98.02 96.64 85.66 93.88 92.46 100.42 91.78 102.2 93.68 94.34 104.5 105.22 96.3 87.12 97.3 97.84 88.34 78.86 -9999 -9999 -9999 -9999 -9999 -9999 -9999 -9999 -9999 77 89.16 89.76 -9999 -9999 -9999 -9999 -9999 -9999 113.48 -9999 -9999 -9999 -9999 -9999 174.74 196.34 194.92 193.2 -9999 -9999 -9999 -9999 -9999 -9999 -9999 -9999 -9999 157.08 166.24 175 184.08 203.18 221.64 229.22 219.54 220.98
150.82 151.56 130.48 130.12 107.06 116.32 93.98 103.02 101.6 100.34 98.88 97.6 105.8 94.82 93.52 101.44 100.68 111.18 112.58 113.68 114.5 115.26 115.98 97.34 107.68 108.16 98.86 99.32 89.76 -9999 -9999 -9999 -9999 -9999 -9999 -9999 -9999 -9999 -9999 -9999 -9999 -9999 100.16 100.1 112.78 115.26 104.16 -9999 -9999 -9999 -9999 -9999 -9999 166 177.04 -9999 -9999 -9999 -9999 -9999 -9999 176.68 -9999 -9999 -9999 -9999 -9999 177.14 166.68 175.7 183.3 191.2 208.5 246.12 266.9
160.18 160.96 140.12 140.5 127.96 115.8 114.3 102.58 101.26 99.82 98.48 106.88 105.34 103.78 111.72 110.54 111.16 112.52 123.24 124.7 125.54 126.38 127.26 118.2 118.78 109.42 -9999 -9999 -9999 -9999 -9999 -9999 -9999 -9999 -9999 -9999 -9999 -9999 -9999 -9999 -9999 -9999 99.64 110.54 111.6 114.04 -9999 -9999 -9999 126.3 136.54 158.26 -9999 168.62 190.88 211.66 231.92 219.08 206.32 215.38 202.44 200.1 208.24 195.48 193.18 -9999 -9999 -9999 -9999 -9999 -9999 180.02 206.54 215.82 236.16
169.36 159.54 160.32 150.14 148.68 125.82 124.22 122.54 110.88 99.38 107.8 115.92 114.42 112.76 111.64 120.14 112.36 123.16 124.62 126.1 136.86 137.84 128.76 129.56 -9999 -9999 -9999 -9999 -9999 -9999 -9999 -9999 -9999 -9999 -9999 -9999 -9999 -9999 -9999 -9999 -9999 -9999 -9999 -9999 -9999 -9999 -9999 -9999 -9999 140.1 138.94 149.42 -9999 171.24 182.36 192.24 213.06 222.44 231.54 229.24 226.7 224.22 221.56 229.36 205.96 193.4 179.84 -9999 -9999 -9999 -9999 -9999 -9999 -9999 -9999
178.38 168.6 169.44 159.52 148.02 146.12 133.88 122 110.28 118.68 117.2 115.62 113.84 112.64 120.92 112.08 122.88 124.48 125.9 146.98 148.4 149.42 150.38 -9999 -9999 -9999 -9999 -9999 -9999 -9999 -9999 -9999 -9999 -9999 -9999 -9999 -9999 -9999 -9999 -9999 -9999 -9999 -9999 -9999 -9999 -9999 -9999 -9999 -9999 -9999 -9999 -9999 -9999 -9999 173.46 195.04 204.78 214.46 223.62 221.24 229.68 227.16 235.08 232.5 228.74 224.1 189.6 195.44 -9999 171.32 -9999 -9999 -9999 -9999 -9999
176.76 177.5 167.9 158.1 157.96 145.5 133.36 121.4 119.84 118.24 116.7 115.04 132.68 131.36 121.16 122.76 133.74 135.4 146.88 148.58 150.24 151.14 -9999 -9999 -9999 -9999 -9999 -9999 -9999 -9999 -9999 -9999 -9999 -9999 -9999 -9999 -9999 -9999 -9999 -9999 -9999 -9999 -9999 -9999 -9999 -9999 -9999 -9999 -9999 -9999 -9999 -9999 165.12 164.72 164.18 186.2 196.24 206.02 215.16 224.1 221.48 230.04 226.72 233.12 217.98 213.58 219.2 205.12 191.48 179.42 168.1 184.5 -9999 246.26 257.24
185.4 186.28 187.26 177.7 167.76 155.16 153.26 151.26 149.26 137.46 135.58 143.5 142.06 140.82 141.3 133.54 135.26 136.82 138.36 150.02 161.88 -9999 -9999 -9999 -9999 -9999 -9999 -9999 -9999 -9999 -9999 -9999 -9999 -9999 -9999 -9999 -9999 -9999 -9999 -9999 -9999 -9999 -9999 -9999 -9999 -9999 -9999 -9999 -9999 -9999 -9999 -9999 -9999 -9999 154.6 176.98 199.04 197.02 206.46 215.54 224.04 219.9 226.44 222.18 217.64 213.46 209.2 204.98 200.84 187.52 194.42 -9999 -9999 261.94 273.04
204.1 205.1 206.2 196.84 187.16 185.56 173.04 180.8 168.6 156.44 154.48 152.8 151.5 150.46 152.24 154.16 156.04 157.94 149.88 151.62 163.5 -9999 -9999 -9999 -9999 -9999 -9999 -9999 -9999 -9999 -9999 -9999 -9999 -9999 -9999 -9999 -9999 -9999 -9999 -9999 -9999 -9999 -9999 -9999 -9999 -9999 -9999 -9999 -9999 -9999 -9999 -9999 -9999 -9999 168.94 179.54 201.74 199.52 208.98 216.52 212.64 219.62 204.58 211.26 207.14 213.26 209.12 224.44 220 224.72 211.22 -9999 -9999 -9999 -9999
202.18 203.18 214.5 215.58 216.6 195.24 192.78 190.24 187.66 175.64 163.92 162.4 161.08 161.5 163.48 165.46 167.44 169.46 171.48 163.22 165.08 -9999 -9999 -9999 -9999 -9999 -9999 -9999 -9999 -9999 -9999 -9999 -9999 -9999 -9999 -9999 -9999 -9999 -9999 -9999 -9999 -9999 -9999 -9999 -9999 -9999 -9999 -9999 -9999 -9999 -9999 -9999 -9999 159.92 171.48 169.88 204.18 200.94 197.26 205.14 212.46 208.5 215.24 211.12 217.58 223.44 229.06 234.24 229.5 243.5 238.42 251.88 -9999 -9999 -9999
210.34 221.44 222.52 223.94 225.2 225.2 212.2 199.54 196.9 184.9 173.52 172.02 170.66 163.2 174.9 177.04 179.12 161.1 162.94 164.84 177.08 168.54 179.5 168.32 -9999 -9999 -9999 -9999 -9999 -9999 -9999 -9999 -9999 -9999 -9999 -9999 -9999 -9999 -9999 -9999 -9999 -9999 -9999 -9999 -9999 -9999 -9999 -9999 -9999 -9999 -9999 -9999 148 149.96 173.78 195.72 192.32 200.82 208.86 216.42 223.6 241.34 236.76 242.94 238.34 243.9 249 244.06 248.6 252.86 256.64 277.94 290.62 298.3 -9999
218.2 229.38 230.8 232.14 223.24 224.34 231.62 218.76 196.58 184.74 173.62 172.06 172.5 164.94 176.68 178.82 170.84 172.84 185.06 187.38 188.66 189.16 178.98 178.14 167 -9999 -9999 -9999 -9999 -9999 -9999 -9999 -9999 -9999 -9999 -9999 -9999 -9999 -9999 -9999 -9999 -9999 -9999 -9999 -9999 -9999 -9999 -9999 -9999 -9999 -9999 -9999 -9999 161.66 172.4 181.74 202.6 222.64 230.34 237.62 244.62 251.42 246.98 253.22 248.74 243.98 259.1 263.72 277.42 271.62 275 304.86 306.94 312.6 323.68
216.32 227.4 228.74 240.14 221.48 232.62 220.88 218.28 196.26 194.62 183.2 181.76 174.24 176.34 178.48 190.66 192.8 195.6 186.66 197.66 187.78 178.32 178.66 167.28 166.52 -9999 -9999 -9999 -9999 -9999 -9999 -9999 -9999 -9999 -9999 -9999 -9999 -9999 -9999 -9999 -9999 -9999 -9999 -9999 -9999 -9999 -9999 -9999 -9999 -9999 -9999 -9999 -9999 -9999 -9999 200.24 208.4 216.16 234.82 230.56 248.16 254.36 260.36 255.56 260.84 265.76 260.66 274.52 287.56 281.74 293.62 298.84 313.88 338.9 350.96
215.14 226.04 237.14 238.58 230.02 241 210.4 198.1 206.14 204.32 192.94 183.62 176.06 188.06 190.52 193.46 194.96 195.52 196.12 186.36 186.7 177.94 178.4 177.52 166.18 175.64 174.9 174.02 173.5 162.8 -9999 -9999 -9999 -9999 -9999 -9999 -9999 -9999 -9999 -9999 -9999 -9999 -9999 -9999 -9999 -9999 -9999 -9999 -9999 -9999 -9999 -9999 -9999 -9999 -9999 -9999 224.88 231.88 238.5 244.96 251.12 256.8 262.2 257.36 262.08 266.54 270.5 274.22 290.16 287.92 303.56 318.94 343.06 350.94 359.94
