shamba/rasters/climate/pre_5.txt
ncols         720
nrows         360
xllcorner     -180
yllcorner     -90
cellsize      0.5
NODATA_value  -9999
[rows 231 to 263 of 360, columns 592 to 665 of 720]
262.24 243.74 240.02 220.38 220.06 203.02 187.56 178.84 165.68 181.76 180.26 202.54 198.04 180.44 182.28 184.04 164.9 154.68 154.82 144.64 155.82 156.92 168.64 159.18 170.44 182.48 192.6 182.08 182.36 182.54 182.72 192.74 189.6 171.1 171.58 152.9 148.3 139.86 116.92 124.04 106.36 105.1 95.7 94.42 93.24 92.28 100.52 117.62 128.02 138.66 158.94 179.86 201.9 223.88 251.42 274.68 298.12 304.24 300.84 309.86 303.88 323.04 344.64 331.18 345.98 345.12 331.8 346.82 350.56 347.56 362.2 401.58 536.9 864.56
253.62 227.26 233.14 223.4 202.22 210.62 200.64 197.58 204.28 182.08 192.68 194.62 196.5 188.1 188.2 178.52 158.68 160.02 151.24 142.2 143.32 164.96 166.2 156.82 167.68 170.1 190.82 200.44 190.12 179.74 190.58 189.62 175.96 172.32 154.98 138.16 130 116.98 122.54 105.72 104.34 102.96 101.54 92.6 91.74 99.08 101.7 117.28 119.54 146.96 150.74 163.12 203.3 224.84 256.5 292.84 311.04 306.9 310.32 311.32 314.1 321.6 330.22 336.28 341.88 350.84 353.82 364.64 372.36 360.4 380.34 412.16 582.96 961.76
236.28 232.66 232.2 214.44 210.56 229.5 234.8 239.9 227.5 209.58 198.62 186.2 187.76 180.56 173.2 174.64 166.26 157.7 149.06 150.22 151.36 152.36 143.2 154.18 144.3 157.02 178.58 188.28 176.92 177.02 177.26 175.72 161.78 169.76 164.54 147.62 122.58 116.16 104 103.74 95.1 94.26 85.48 84.66 98.94 93.18 111.22 118.32 119.34 138.88 151.04 164.26 204.72 234.86 264.54 277.86 309.26 307.74 304.78 317.98 305.92 329.68 328.42 335 314.46 340.7 354.78 372.6 393.58 397.96 427.66 460.06 606.34 974.4
252.46 234.66 232.56 231.28 228.4 229.16 247.56 262.1 249.54 230.44 223.82 216.44 192.34 195.68 180.1 181.62 173.36 165.1 146.88 147.92 149.02 149.98 141.04 151.5 131.8 133.78 166.56 176.26 175.64 164.38 153.96 172.34 168.06 163.6 144.18 138.42 131.32 124.3 118.96 118.5 86.78 93.92 85.12 91.9 92.9 96.4 104.92 112.28 112.18 139.24 143.66 165.46 206.12 217.8 256.64 269.08 294.04 312.58 329.7 317.48 328.58 330.66 343.96 348.44 335.42 345.12 371.84 371.66 385.7 377.06 424.52 469.96 569.68 807.5
274.56 251 267.5 246.4 247.02 247.18 254.92 264.6 252.18 251.86 221.72 214.76 206.94 200.4 185.44 188.14 170.7 162.54 154.16 155.32 146.62 137.84 148.5 148.84 129.52 131.76 143.66 164.34 163.82 163.1 151.56 158.74 154.68 150.34 138.84 129.06 131.18 115.84 119.52 116.58 93.7 77.88 84.82 85.88 95.88 99.04 106.62 106.44 122.98 140.3 153.26 166.62 198.6 209.6 239.28 249.92 282.46 303.46 324.68 342.96 343.32 341.46 347.5 361.44 352.3 364.22 371.54 386.74 391.3 399.66 409.1 451.04 522.86 672.04
342.8 303.48 279.2 268.76 266.3 255.76 263.2 261.72 253.34 250.7 238.16 222.74 215.16 198.44 199.88 175.4 177.3 159.98 151.68 143.3 134.76 135.64 136.08 136.42 127.28 129.5 131.26 132.34 142.02 151.62 139.8 136.44 141.44 146.72 133.66 142.04 139.8 124.4 120.14 115.12 92.16 77.18 86.64 88.54 106.94 108.94 116.92 125.64 126.4 135.62 154.36 167.82 181.32 210.52 231.12 244.36 262 292.1 322.62 334.28 354.56 348.04 360.06 372 374.2 381.16 376.62 395.06 413.8 409.92 434.08 463.36 597.1 781.7
413.7 353.56 321.28 286.82 283.48 264.62 263.92 252.96 252.2 249.46 245.72 230.48 223.54 215.84 199.12 182.3 165.26 166.58 149.22 141.02 151.44 142.84 143.22 133.92 125.08 146.98 139.02 130.88 140.6 150.08 138.08 153.52 138.94 142.98 138.82 136.36 144.22 124.82 112.64 100.04 82.7 85.72 97.12 99.48 110.18 119.24 119.58 128.86 138.34 147.8 157.38 160.08 191.16 202.26 215.58 237.98 275 292.26 311.36 342.06 354.46 356.74 360.14 358.2 354.8 367.32 393.06 407.12 439.9 447.94 445.14 498.5 633.3 849.7
464.56 406.5 367.04 322.84 304.3 293.42 274.38 262.9 250.96 257.08 245.62 238.22 222.9 224.32 198.62 181.44 173.64 165.08 146.64 157 148.9 140.14 140.5 140.84 122.86 125.1 146.5 138.6 139.2 138.76 145.98 151.08 164.06 158.22 143.72 139.14 129.7 131.04 119.1 106.28 105.22 102.44 98.64 102.2 113 113.28 131.44 132.16 141.78 151.52 161.34 180.34 182.96 196.38 219.8 240.9 259.24 296.38 313.72 340.24 359.1 360.2 367.8 365.24 364.46 362.06 407.58 416.54 440.36 462.88 460.3 538.2 717.82 1013.78
508.74 443.42 371.26 355.54 325.62 315.06 292.1 289.76 258.52 254.44 245.26 237.4 231.02 223.96 216 199.04 190.96 183.12 164.78 146.28 137.14 137.42 137.84 129 139.12 132.38 143.92 146 137.96 146.64 163.3 176.52 170.34 172.68 156.86 149.68 137.78 126.28 131.9 127.98 119.64 133.1 131.26 136.8 129.08 137.46 145.68 136.84 137.04 147.58 166.92 180.18 176.38 200.14 223.94 243.96 272.22 290.7 319.12 339.86 371.42 368.44 394.3 390.64 422.44 410.16 423.52 436.44 480.6 480.04 496.32 607.98 785.14 1122.84
552.32 448.9 381.92 360.38 348.24 333.96 309.4 297.04 285.02 273.82 252 262.72 256.6 250.3 224.66 207.58 181.34 173.22 155.72 155.26 163.7 153.7 153.24 144.62 145.62 157.9 150.86 153.08 164.96 173.56 179.28 200.06 192.16 184.5 169.18 154.58 149.24 136.38 134.62 139.44 145.56 143.14 149.3 158.14 152.64 191.56 202.4 147.86 141.56 161.04 166.78 181.94 194.96 202.1 227.12 256.84 266.14 287.58 309.22 334.84 382.66 402.78 425.98 446.62 431.08 455.46 484.52 506.4 514.34 500.34 524.84 622.04 804.54 1136.04
585.62 478.24 388.72 393 377.34 351 335.82 310.78 298.08 292.3 277.86 279.04 264.52 267.26 251.22 225.42 208.24 191 182.56 173.5 172.48 180.28 170.24 160.1 169.74 182.36 185.4 197.84 191.08 190.94 223.42 225 226.06 218.08 209.88 182.38 168 158.14 157.7 157.6 166 158.86 160.42 169.2 188.7 244.14 188.2 151.82 146.64 170.42 178.58 188.3 194.76 212.26 237.5 250.18 262.38 283.32 323.36 345.9 382.88 408.5 412.84 442.64 418.14 447.56 478.86 507.24 501.78 502.48 577.4 679.26 870.04 1206.48
661.7 505.12 391.78 380.78 377.28 361.92 345.86 322.34 317.04 311.72 297.5 284.7 289.3 285.44 269.88 243.78 226.4 208.9 191.2 201.22 210.76 201.48 200.78 200.18 217.84 238.32 241.96 241.3 228.36 243.02 263.26 260.86 269.74 252.14 246.24 222.16 202.06 191.8 171.4 173.16 178.66 170.18 187.14 186.72 207.7 259.3 184.42 165.04 165.34 182.2 197.7 195.46 203.54 232.12 228.88 247.7 265.3 280.66 307.96 332.04 369.78 411.12 429.94 431.2 428.06 471.64 528.48 521.7 504.76 534.06 672.1 845.6 1013.28 1253.44
776.52 535.02 440.94 382.6 385.66 363.06 343 330.32 336.68 334.18 324.84 317.14 319.82 317.8 298.62 264.06 238.22 242.88 233.24 232.08 241.02 231.78 241.06 250.36 269.24 297.88 249.28 254.8 251.52 248.02 253.78 294.56 308.76 313.94 299.22 269.08 247.42 228.32 206.8 200.18 192.38 192.48 202.3 221.46 258.8 273.5 196.8 173 172.86 192.52 225.44 221.56 214.46 244.66 237.84 255.52 271.24 286.22 318.68 331.6 367.78 404.78 428.54 438.86 450.22 484.34 527.22 539.18 542.46 603.36 733.74 887.32 1067 1294.14
935.2 615.36 467.18 436.88 386.04 371.34 357.78 346.34 353.22 347.96 349 342.2 371.52 359.98 334.4 287.9 287.72 276.5 275.04 282.92 281.8 281.68 290.72 299.66 290.38 -9999 -9999 -9999 -9999 -9999 -9999 -9999 293.42 289.48 296.1 308.76 311.36 282.02 262.5 224.82 215.76 221.34 212.54 250.32 278.4 287.52 217.78 208.74 226.92 223.08 226 215.9 226.76 233.88 231.36 251.14 286.08 291.64 324.1 346.74 384.78 408.04 432.6 428.94 473.26 518.92 528.18 535.68 532.24 540.44 721 925.68 1086.54 1270.52
1093.36 704.92 541.26 447.52 403.52 370.12 360.82 348.34 373.14 401.56 423.9 438.08 439.04 429.82 396.08 355.44 329.88 337.72 354.96 352.68 -9999 -9999 -9999 -9999 -9999 -9999 -9999 -9999 -9999 -9999 -9999 -9999 -9999 -9999 326.34 344.02 396.02 363.68 326.4 283.8 278.56 246.12 230.78 277.84 332.46 303.42 247.28 195.7 198.7 198.5 208.3 223.28 223.96 234.74 243.72 272.92 292.86 297.42 329.54 361.58 377.96 383.96 408.8 443.4 517.54 547.82 542.82 565.98 574.32 609.84 740.12 1031.8 1209 -9999
1043.12 765.4 571.74 470.64 432.62 407.08 394.4 371.56 425.1 483.42 524.46 538.16 517.62 511.48 469.24 439.02 426.6 -9999 -9999 -9999 -9999 -9999 -9999 -9999 -9999 -9999 -9999 -9999 -9999 -9999 -9999 -9999 -9999 -9999 -9999 -9999 377.96 433.22 386.4 356.2 327.58 310.88 268.88 314.9 388.04 378.24 245.72 201.02 188.5 186.6 213.14 218.64 232.54 244.02 276.98 278.98 297.94 312.38 325.9 331.18 379.38 383.34 386.14 427.32 509 539.8 557 589.04 703.4 731.08 886 1119.98 -9999 -9999
980.5 763.86 570.68 502.18 465.54 427.78 495.78 533.12 540.94 583.48 608.46 636.58 616.3 586.34 539.7 510.68 470.94 -9999 -9999 -9999 -9999 -9999 -9999 -9999 -9999 -9999 -9999 -9999 -9999 -9999 -9999 -9999 -9999 -9999 -9999 -9999 -9999 404.48 476.96 406.42 370.46 335.16 364.12 363.8 417.98 500.86 300.38 194.5 198.66 199.84 219.16 225.68 249.12 261.58 285.92 303.78 310.5 324.14 338.16 364.22 410.02 404.04 417.7 442.66 477.78 487.08 559.62 670.22 818.14 812.06 1009.28 -9999 -9999 -9999
997.72 827.08 668.86 598.56 582.9 592.6 693.46 577.6 -9999 -9999 -9999 -9999 613.74 579.08 553.58 524.84 -9999 -9999 -9999 -9999 -9999 -9999 -9999 -9999 -9999 -9999 -9999 -9999 -9999 -9999 -9999 -9999 -9999 -9999 -9999 -9999 -9999 -9999 515.72 481.02 407.42 460.12 -9999 477.16 489.04 509.62 338.02 218.96 212.72 204.44 210.92 234.66 247.08 272.92 297.1 300.82 315.76 346.54 338.22 358.98 388.64 422.68 431.36 432.24 495.9 492.16 548.04 639.66 732.48 906.68 1088.14 -9999 -9999 -9999
1013.92 905.84 863.98 825.74 787.36 735.8 685.46 -9999 -9999 -9999 -9999 -9999 -9999 -9999 -9999 -9999 -9999 -9999 -9999 -9999 -9999 -9999 -9999 -9999 -9999 -9999 -9999 -9999 -9999 -9999 -9999 -9999 -9999 -9999 -9999 -9999 -9999 -9999 504.44 547.1 515.7 -9999 534.98 509.22 526.04 561.58 418.56 280.48 245.06 245.32 245.02 251.86 268.4 303.18 298.86 304.54 321.1 352.84 357.02 376.4 394.4 428.16 451.76 515.3 512.38 532 570.74 636.78 772.84 981.34 1034.92 -9999 -9999 -9999
-9999 993.6 973.66 952.76 853.18 -9999 -9999 -9999 -9999 -9999 -9999 -9999 -9999 -9999 -9999 -9999 -9999 -9999 -9999 -9999 -9999 -9999 -9999 -9999 -9999 -9999 -9999 -9999 -9999 -9999 -9999 -9999 -9999 -9999 -9999 -9999 -9999 -9999 -9999 -9999 577.16 596.64 558.04 599.26 587.58 613.58 405.38 356.98 335.52 297.98 269.22 292.36 307.38 311.64 310.48 312.64 332.16 344.84 357.02 397.92 426.66 464.04 524.64 583.98 677.22 713.14 605.56 693.6 795.38 885.9 -9999 -9999 -9999 -9999
-9999 -9999 -9999 -9999 -9999 -9999 -9999 -9999 -9999 -9999 -9999 -9999 -9999 -9999 -9999 -9999 -9999 -9999 -9999 -9999 -9999 -9999 -9999 -9999 -9999 -9999 -9999 -9999 -9999 -9999 -9999 -9999 -9999 -9999 -9999 -9999 -9999 -9999 -9999 -9999 -9999 707.98 666.56 592.58 602.52 610.22 477.44 451.06 438.36 381.18 336.9 335.12 338.58 330.34 347.48 355.76 357.1 380.02 397.48 447.58 494.92 575.3 682.42 773.02 977.98 1056.42 779.88 695.78 759.88 -9999 -9999 -9999 -9999 -9999
-9999 -9999 -9999 -9999 -9999 -9999 -9999 -9999 -9999 -9999 -9999 -9999 -9999 -9999 -9999 -9999 -9999 -9999 -9999 -9999 -9999 -9999 -9999 -9999 -9999 -9999 -9999 -9999 -9999 -9999 -9999 -9999 -9999 -9999 -9999 -9999 -9999 -9999 -9999 -9999 -9999 700.24 703.78 705.66 -9999 -9999 -9999 542.06 526.08 479.58 426.82 369.3 365.18 376.64 390.64 406.76 416.04 438.52 448.46 498.1 588.64 767.96 858.62 871.42 1003.62 861.8 731.1 681.78 797.04 -9999 -9999 -9999 -9999 -9999
-9999 -9999 -9999 -9999 -9999 -9999 -9999 -9999 -9999 -9999 -9999 -9999 -9999 -9999 -9999 -9999 -9999 -9999 -9999 -9999 -9999 -9999 -9999 -9999 -9999 -9999 -9999 -9999 -9999 -9999 -9999 -9999 -9999 -9999 -9999 -9999 -9999 -9999 -9999 -9999 -9999 -9999 -9999 -9999 -9999 -9999 -9999 624.72 598.12 542.44 488.38 446.7 433.4 430.42 492.42 492.08 534.08 537.4 563.14 800.3 922.6 1046.42 1023.2 880.62 849 613.98 576.9 627.9 776.8 -9999 -9999 -9999 -9999 -9999
-9999 -9999 -9999 -9999 -9999 -9999 -9999 -9999 -9999 -9999 -9999 -9999 -9999 -9999 -9999 -9999 -9999 -9999 -9999 -9999 -9999 -9999 -9999 -9999 -9999 -9999 -9999 -9999 -9999 -9999 -9999 -9999 -9999 -9999 -9999 -9999 -9999 -9999 -9999 -9999 -9999 -9999 -9999 -9999 -9999 -9999 -9999 663.52 689.88 619.84 576.24 552.38 563.56 554.34 602.82 588.12 664.06 702.9 832.02 1107.26 1265.16 1199.72 916.52 676.3 631.52 593.04 599.58 747.78 745.34 -9999 -9999 -9999 -9999 -9999
-9999 -9999 -9999 -9999 -9999 -9999 -9999 -9999 -9999 -9999 -9999 -9999 -9999 -9999 -9999 -9999 -9999 -9999 -9999 -9999 -9999 -9999 -9999 -9999 -9999 -9999 -9999 -9999 -9999 -9999 -9999 -9999 -9999 -9999 -9999 -9999 -9999 -9999 -9999 -9999 -9999 -9999 -9999 -9999 -9999 -9999 -9999 -9999 785.14 713.56 673.44 654.9 620.44 546.56 569.02 590.36 540.6 533.48 703.48 1105.18 1186.46 882.84 650.6 590.48 647.26 735.82 838.4 868.14 752.02 -9999 -9999 -9999 -9999 -9999
-9999 -9999 -9999 -9999 -9999 -9999 -9999 -9999 -9999 -9999 -9999 -9999 -9999 -9999 -9999 -9999 -9999 -9999 -9999 -9999 -9999 -9999 -9999 -9999 -9999 -9999 -9999 -9999 -9999 -9999 -9999 -9999 -9999 -9999 -9999 -9999 -9999 -9999 -9999 -9999 -9999 -9999 -9999 -9999 -9999 -9999 -9999 -9999 -9999 742.28 768.66 753.22 699.38 673.58 649.9 620.22 543.1 746.44 738.2 828.62 809.04 677.24 583.96 648.5 -9999 -9999 -9999 -9999 -9999 -9999 -9999 -9999 -9999 -9999
-9999 -9999 -9999 -9999 -9999 -9999 -9999 -9999 -9999 -9999 -9999 -9999 -9999 -9999 -9999 -9999 -9999 -9999 -9999 -9999 -9999 -9999 -9999 -9999 -9999 -9999 -9999 -9999 -9999 -9999 -9999 -9999 -9999 -9999 -9999 -9999 -9999 -9999 -9999 -9999 -9999 -9999 -9999 -9999 -9999 -9999 -9999 -9999 -9999 -9999 -9999 -9999 -9999 776.68 812.3 790.6 822.54 864.26 876.82 898.68 921.18 757.88 693.8 -9999 -9999 -9999 -9999 -9999 -9999 -9999 -9999 -9999 -9999 -9999
-9999 -9999 -9999 -9999 -9999 -9999 -9999 -9999 -9999 -9999 -9999 -9999 -9999 -9999 -9999 -9999 -9999 -9999 -9999 -9999 -9999 -9999 -9999 -9999 -9999 -9999 -9999 -9999 -9999 -9999 -9999 -9999 -9999 -9999 -9999 -9999 -9999 -9999 -9999 -9999 -9999 -9999 -9999 -9999 -9999 -9999 -9999 -9999 -9999 -9999 -9999 -9999 -9999 -9999 -9999 -9999 -9999 -9999 -9999 -9999 897.5 828.88 785.08 -9999 -9999 -9999 -9999 -9999 -9999 -9999 -9999 -9999 -9999 -9999
-9999 -9999 -9999 -9999 -9999 -9999 -9999 -9999 -9999 -9999 -9999 -9999 -9999 -9999 -9999 -9999 -9999 -9999 -9999 -9999 -9999 -9999 -9999 -9999 -9999 -9999 -9999 -9999 -9999 -9999 -9999 -9999 -9999 -9999 -9999 -9999 -9999 -9999 -9999 -9999 -9999 -9999 -9999 -9999 -9999 -9999 -9999 -9999 -9999 -9999 -9999 -9999 -9999 -9999 -9999 993.7 1026.5 -9999 -9999 -9999 -9999 -9999 847 756.42 708.94 -9999 -9999 -9999 -9999 -9999 -9999 -9999 -9999 -9999
-9999 -9999 -9999 -9999 -9999 -9999 -9999 -9999 -9999 -9999 -9999 -9999 -9999 -9999 -9999 -9999 -9999 -9999 -9999 -9999 -9999 -9999 -9999 -9999 -9999 -9999 -9999 -9999 -9999 -9999 -9999 -9999 -9999 -9999 -9999 -9999 -9999 -9999 -9999 -9999 -9999 -9999 -9999 -9999 -9999 -9999 -9999 -9999 -9999 -9999 -9999 -9999 -9999 -9999 -9999 1084.16 1117.6 1105.38 1105.68 -9999 -9999 -9999 -9999 784.04 759.46 726.28 -9999 -9999 -9999 -9999 -9999 -9999 -9999 -9999
-9999 -9999 -9999 -9999 -9999 -9999 -9999 -9999 -9999 -9999 -9999 -9999 -9999 -9999 -9999 -9999 -9999 -9999 -9999 -9999 -9999 -9999 -9999 -9999 -9999 -9999 -9999 -9999 -9999 -9999 -9999 -9999 -9999 -9999 -9999 -9999 -9999 -9999 -9999 -9999 -9999 -9999 -9999 -9999 -9999 -9999 -9999 -9999 -9999 -9999 -9999 -9999 -9999 -9999 -9999 -9999 -9999 1017.46 1090.52 1172.04 -9999 962.48 825.54 766.22 666.5 -9999 -9999 -9999 -9999 -9999 -9999 -9999 -9999 -9999
-9999 -9999 -9999 -9999 -9999 -9999 -9999 -9999 -9999 -9999 -9999 -9999 -9999 -9999 -9999 -9999 -9999 -9999 -9999 -9999 -9999 -9999 -9999 -9999 -9999 -9999 -9999 -9999 -9999 -9999 -9999 -9999 -9999 -9999 -9999 -9999 -9999 -9999 -9999 -9999 -9999 -9999 -9999 -9999 -9999 -9999 -9999 -9999 -9999 -9999 -9999 -9999 -9999 -9999 -9999 -9999 -9999 1141.84 1412.6 1389.88 1086.84 784.42 655.22 605.64 584.6 -9999 -9999 -9999 -9999 -9999 -9999 -9999 -9999 -9999
-9999 -9999 -9999 -9999 -9999 -9999 -9999 -9999 -9999 -9999 -9999 -9999 -9999 -9999 -9999 -9999 -9999 -9999 -9999 -9999 -9999 -9999 -9999 -9999 -9999 -9999 -9999 -9999 -9999 -9999 -9999 -9999 -9999 -9999 -9999 -9999 -9999 -9999 -9999 -9999 -9999 -9999 -9999 -9999 -9999 -9999 -9999 -9999 -9999 -9999 -9999 -9999 -9999 -9999 -9999 -9999 -9999 1331.36 1480 1653.24 1343.4 903.58 518.28 507.58 476.9 -9999 -9999 -9999 -9999 -9999 -9999 -9999 -9999 -9999
