shamba/rasters/climate/pre_10.txt
ncols         720
nrows         360
xllcorner     -180
yllcorner     -90
cellsize      0.5
NODATA_value  -9999
[rows 33 to 65 of 360, columns 450 to 524 of 720]
-9999 -9999 -9999 -9999 -9999 -9999 -9999 -9999 -9999 -9999 -9999 -9999 -9999 -9999 -9999 -9999 390 360 350 350 360 350 350 350 350 -9999 -9999 -9999 -9999 -9999 -9999 -9999 -9999 -9999 -9999 -9999 -9999 -9999 -9999 -9999 -9999 -9999 -9999 -9999 -9999 -9999 -9999 -9999 -9999 210 200 210.82 210.82 230.96 -9999 -9999 -9999 -9999 261.94 261.94 271.96 271.96 282.18 -9999 -9999 -9999 -9999 -9999 302.26 -9999 312.34 312.34 322.38 332.46 332.46
-9999 -9999 -9999 -9999 -9999 -9999 -9999 -9999 -9999 -9999 -9999 -9999 -9999 -9999 420 380 370 370 360 360 370 370 380 -9999 -9999 -9999 -9999 -9999 -9999 -9999 -9999 -9999 -9999 -9999 -9999 -9999 -9999 -9999 -9999 -9999 -9999 -9999 -9999 -9999 -9999 -9999 -9999 -9999 220 220 210 220 220 230 240 250 -9999 -9999 280 280 280 290 -9999 -9999 -9999 300 -9999 310 320 -9999 -9999 340 340 340 350
-9999 -9999 -9999 -9999 -9999 -9999 -9999 -9999 -9999 -9999 -9999 -9999 -9999 444 433.98 393.64 383.46 383.46 383.46 383.46 384.22 405.62 -9999 -9999 -9999 -9999 -9999 -9999 -9999 -9999 -9999 -9999 -9999 -9999 -9999 -9999 -9999 -9999 -9999 -9999 -9999 -9999 -9999 -9999 -9999 -9999 -9999 230.58 230.58 230.58 220.5 229.74 229.74 239.72 239.72 249.72 -9999 -9999 -9999 289.66 279.62 299.7 -9999 309.6 309.84 311.84 321.94 321.94 331.96 342.04 342.04 352.06 362.2 372.26 372.26
-9999 -9999 -9999 -9999 -9999 -9999 -9999 -9999 -9999 -9999 -9999 -9999 458.14 407.24 407.24 397.1 407.24 397.1 397.1 397.1 398.5 410.34 -9999 -9999 -9999 -9999 -9999 -9999 -9999 -9999 -9999 -9999 -9999 -9999 -9999 -9999 -9999 -9999 -9999 -9999 -9999 -9999 -9999 -9999 -9999 -9999 241.1 241.26 241.26 231.2 241.12 240.98 249.38 249.38 249.38 279.42 279.42 269.4 279.42 289.4 289.4 -9999 309.54 309.76 321.86 334.04 334.08 344.14 354.26 354.26 374.46 374.46 384.66 394.76 405.46
-9999 -9999 -9999 -9999 -9999 -9999 -9999 -9999 -9999 -9999 -9999 -9999 -9999 472.62 472.62 410.98 410.98 410.98 410.98 401.16 402.72 404.34 405.94 -9999 -9999 -9999 -9999 -9999 -9999 -9999 -9999 -9999 -9999 -9999 -9999 -9999 -9999 -9999 -9999 -9999 -9999 -9999 -9999 260.92 251.2 241.44 241.6 241.74 251.98 251.88 251.76 261.7 250.18 259.12 259.12 289.02 289.02 279.04 289.02 299 299.24 309.36 329.6 321.6 333.76 346.16 346.26 366.62 376.74 366.62 376.74 397.14 407.3 407.3 419.52
-9999 -9999 -9999 -9999 -9999 -9999 -9999 -9999 -9999 -9999 -9999 -9999 -9999 -9999 -9999 -9999 -9999 456.04 414.62 415.78 417.48 419.14 421.02 412.3 423.14 -9999 -9999 -9999 -9999 -9999 -9999 -9999 -9999 -9999 -9999 -9999 -9999 -9999 -9999 -9999 -9999 -9999 -9999 261.46 251.72 251.98 252.14 252.28 262.58 262.5 262.44 272.34 262.14 269.24 268.76 278.72 -9999 308.58 298.86 309.04 309.28 319.44 331.5 343.74 345.94 358.5 379.08 379.08 389.28 389.28 389.28 399.52 420.06 431.48 444.14
-9999 -9999 -9999 -9999 -9999 -9999 -9999 -9999 -9999 -9999 -9999 -9999 -9999 -9999 -9999 -9999 -9999 -9999 -9999 -9999 -9999 -9999 -9999 -9999 -9999 -9999 418.74 429.78 418.96 418.56 -9999 -9999 -9999 -9999 -9999 -9999 -9999 -9999 -9999 -9999 -9999 -9999 -9999 -9999 262.38 262.56 262.72 273.04 273.06 273.04 283.28 283.06 272.84 281.38 288.36 308.24 -9999 318.68 308.94 319.16 319.4 331.32 343.66 366.14 358.3 381.12 391.6 401.88 391.6 401.88 412.24 422.52 433.18 435.56 458.68
-9999 -9999 -9999 -9999 -9999 -9999 -9999 -9999 -9999 -9999 -9999 -9999 -9999 -9999 -9999 -9999 -9999 -9999 -9999 -9999 -9999 -9999 -9999 -9999 -9999 -9999 -9999 446.68 435.9 435.5 421.62 406.5 390.28 374.28 358.76 345.62 342.92 333.02 -9999 -9999 -9999 -9999 -9999 284.3 274.52 274.68 274.86 285.16 285.18 295.36 293.66 293.76 303.68 293.4 310.3 318.1 -9999 309.32 319.58 329.7 341.68 343.92 356.4 368.88 381.5 384 404.92 415.26 415.26 415.26 425.64 436.06 448.26 461.1 474.14
-9999 -9999 -9999 -9999 -9999 -9999 534.24 513.9 504.02 502.42 536.68 -9999 -9999 -9999 -9999 -9999 -9999 -9999 -9999 -9999 -9999 -9999 -9999 -9999 -9999 -9999 -9999 -9999 -9999 -9999 425.7 420.96 404.34 388.48 375.52 371.78 358.54 356.08 346.1 336.12 315.84 306.08 -9999 -9999 -9999 307.58 287.18 287.26 307.78 305.78 304.1 314.28 314.36 314.12 312.68 329.76 -9999 349.82 340.16 341.98 354.4 356.66 369.14 381.92 394.76 407.72 418.3 428.7 439.16 439.16 439.16 450.64 463.58 476.62 489.46
548.08 -9999 -9999 -9999 -9999 -9999 547.92 527.64 517.14 547.12 -9999 -9999 -9999 -9999 -9999 536.48 472.06 483.7 528.96 -9999 -9999 503.38 505.64 496.86 487.78 489.2 490.34 490 478.52 455.18 440.14 435.4 419.18 416.64 412.96 398.66 384.86 361.48 348.8 338.66 328.6 318.44 308.78 319.52 309.64 330.48 -9999 330.6 318.08 315.92 324.76 324.8 324.78 335.04 324.92 322.64 329.72 369.82 -9999 364.9 367.28 379.9 382.26 395.16 418.52 431.76 431.88 431.88 442.42 452.96 463.6 476.6 479.18 492 504.88
580.34 594.24 564.92 556.2 -9999 -9999 -9999 -9999 -9999 -9999 558.64 518.02 511.54 504.78 497.82 486.96 486.96 499.7 512.92 515.22 506.46 508 509.64 522.28 501.62 503.02 504.54 505.2 493.66 492.04 476.98 450.9 448.26 434.46 429.76 404.84 390.92 377.48 375.02 362.12 362.14 331.32 331.82 332.4 332.72 332.84 332.82 341.02 338.66 336.36 335.28 335.28 345.44 345.54 346.2 335.66 353.1 382.28 384.8 367.6 380.34 393.04 395.58 408.5 432.12 445.38 435.06 445.62 456.18 466.9 479.14 492.32 505.36 518.28 531.44
563.74 576.78 579.86 561.88 -9999 567.52 570.72 562.96 540.72 550.18 527.86 526.82 520.38 514.38 507.78 500.88 502.82 515.48 528.1 529.7 542.4 533.02 534.68 525.08 526.7 516.96 518.48 508.68 497.56 495.5 493.12 480.86 466.94 462.82 436.24 432.7 418.42 415.04 401.78 378.14 365.12 365.18 344.66 345.42 356.04 356.06 353.72 351.34 349.08 356.84 355.98 355.94 345.98 346 347.3 369.02 399.36 -9999 -9999 379.98 393.4 406.34 419.32 432.58 445.84 459.32 448.9 459.56 470.2 481.68 495 507.94 521.1 545.06 547.34
568.68 570.9 -9999 -9999 -9999 581.32 584.66 575.42 569.3 549.2 558.54 546.8 547.54 541.58 535.56 529.3 531.78 522.48 547.16 550.3 553.42 556.36 547.38 549.64 551.74 542.44 532.6 534.18 524.36 511.84 512.06 500.2 496.92 491.72 464.96 450.14 446.5 421.32 407.72 405 391.92 378.74 368.28 368.98 379.58 377.12 374.68 372.12 359.3 357.06 366.8 366.74 376.72 376.8 377.9 399.88 -9999 -9999 405.38 394.62 406.08 430.34 432.92 446.26 459.8 462.6 462.82 484.32 484.32 508.34 521.62 534.68 536.98 550.18 562.36
583.5 575.7 567.86 570.12 572.3 584.44 573.2 586.16 580.2 574.22 567.48 555.7 543.88 547 541.06 545.36 536.4 549.16 550.32 563.56 555.72 569.84 573.12 565.26 568.32 560.26 563.3 555.04 534.86 536.14 538.48 539.08 523.5 496.3 481.3 466.98 452.76 438.6 424.48 432.62 419.1 416.44 413.92 392.82 390.22 398.26 395.24 392.26 389.32 386.48 385.78 385.5 385.34 396.46 -9999 410.36 403.48 406.8 420.56 422.24 421.84 443.26 446.76 460.2 473.76 476.68 477 498.62 510.92 524.24 526.46 539.7 552.74 558.66 553.52
588.18 590.32 593.14 585.72 588.48 590.78 597.64 579.36 571.1 574.22 578.56 562.06 563.04 562.56 578.02 560.26 562.1 564.4 576.74 567.26 568.84 582.66 585.8 589.08 581.4 584.92 577.7 569.64 560.74 539.6 554.22 534.18 530.74 514.54 499.76 485.34 470.86 467.66 442.78 451.26 438.12 425.16 423.72 434.02 420.26 417.14 403.58 400.64 397.62 404.7 404.58 404.54 404.56 405.38 407.3 400.36 403.7 417.52 420.72 434.66 438.04 449.66 460 474.28 487.98 480 502.2 502.68 527 529.26 542.5 549.24 544.12 549.96 555.48
585.88 596.26 608.92 611.68 614.58 616.76 605.6 607.58 599.44 591.28 572.74 574.56 587.12 591.16 582.68 585.22 576.6 589.42 591.94 582.62 584 585.42 598.76 602.12 605.64 598.86 580.06 571.9 552.08 553.54 542.74 522.4 508.76 506.14 492.4 478.08 463.86 460.54 457.2 454.56 441.6 451.46 452.36 431.32 439.16 435.86 432.46 419 405.92 413.54 413.52 413.2 413.52 414.42 407.56 410.9 424.74 428.12 431.46 445.54 459.62 473.88 477.56 488.56 502.22 494.26 505.6 518.62 531.86 528.76 534.8 530.18 548.9 556.64 564.22
586.72 596.5 596.98 609.64 612.4 624.34 615.22 607.06 608.9 600.62 582.08 594.06 596.42 598.76 598.76 599.26 601.54 603.86 596.52 598.9 611 623.04 624.46 626.4 618.7 600.52 603.46 584.58 554.06 532.1 531.12 510.56 497.44 484.32 482.8 492.02 477.98 463.98 460.6 457.56 457.94 468.74 470.26 459.44 447.3 444.02 440.88 427.54 424.64 422.38 421.92 421.62 412.38 414.66 428.2 431.8 435.3 438.82 442.28 456.32 470.54 484.98 488.62 503.24 506.8 508.82 521.28 519.12 537.48 534.62 542.66 550.64 547.7 555.44 563.16
600 598.58 607.88 618.58 630.84 633.26 616.08 618.62 600.9 603.38 595.52 597.46 598.02 598.42 597.28 595.52 593.96 616.92 609.46 612.52 625.04 637.16 638.8 629.86 630.9 633.5 615.26 585.8 553.62 531.84 520.52 509.36 486.22 484.1 482.6 470.6 479.52 467.12 464.88 464.28 485.22 485.96 467.26 476.92 465.76 462.9 449.46 446.28 443.02 430.68 430.3 440.36 441.64 435.14 448.88 452.5 445.86 449.52 463.52 477.76 481.44 485.16 499.82 503.52 518.34 520.98 531.38 528.62 536.94 545.18 531.38 539.48 547.42 555.22 563
617.92 626.58 605.06 613.92 625.24 627.46 630.52 623.02 625.24 616.76 607.04 617.78 618.24 618.58 616.34 614.66 612.76 610.58 622.12 635.5 628.22 640.2 641.98 643.32 644.36 635.2 604.76 584.3 562.86 541.46 509.68 487.52 485.24 483.52 471.64 480.28 478.74 479.48 470.64 491.44 480.82 493.12 495.46 484.28 493.76 471.48 468.12 454.44 450.82 448.9 438.48 449.12 441.94 455.64 459.38 452.86 456.4 460.24 474.42 478.04 492.44 496.2 500.02 513.74 515.54 517.1 530.78 539.46 536.76 533.98 531.18 539.28 547.2 555.02 562.74
622.9 622.56 632.3 621.84 610.44 621.64 624.02 615.56 626.32 626.82 617.02 607.2 617.94 617.26 614.94 623.34 631.8 629.82 637.92 637.4 630.42 653.32 655.08 645.86 636.38 622.74 598.44 566.52 535.16 524.9 494.48 493.9 481.52 460.18 458.8 458.08 459.5 481.14 472.62 496.02 488.14 510.96 502.86 501.88 500.94 489.78 476.2 472.32 458.66 457.04 466.8 448.54 452.18 466.02 469.84 473.68 467.06 470.92 485.2 488.92 492.68 495.24 508.64 510.18 500.04 513.14 526.76 539.22 536.5 533.76 531.08 539.04 546.98 554.76 573.14
626.42 616.9 616.34 615.66 615 614.24 614.44 615.26 615.74 626.54 616.62 616.96 617.34 615.86 623.8 621.9 630.24 628.38 636.44 645.22 653.86 645.56 657.68 657.92 645.52 619.76 594.34 551.96 520.42 509.28 499.4 479.46 467.82 466.3 457 448.76 470.66 476.02 491.14 494.54 496.14 518.42 520.08 508.98 507.94 506.54 483.86 480.1 466.28 465.18 465.44 458.74 462.64 476.56 480.34 484.24 477.78 481.68 495.68 498.34 501.04 503.68 504.8 494.82 496.12 509.28 511.82 536.68 536.32 533.6 530.82 538.82 546.72 554.62 572.9
619.32 609.96 609.68 619.3 618.56 607.06 625.68 625.04 625.78 615.94 616.26 626.84 626.86 614.34 622.16 630.54 628.68 647.1 655.24 653.72 662.4 660.74 659.92 636.82 623.42 598.38 573.56 538.52 526.52 495.84 484.5 464.98 453.88 436.52 451.26 456.56 461.84 476.28 490.64 502.36 503.96 515.82 527.06 525.86 514.4 502.96 501.56 477.66 473.82 473.04 465.18 478.96 483.02 476.8 480.7 484.56 487.92 480.18 493.38 485.4 498.7 499.46 489.5 490.18 492.24 505.44 507.76 521.58 535.18 522.46 530.68 538.62 546.62 554.38 554.84
591.7 602.12 613.22 612.46 601.4 620.08 628.46 615.9 625.42 615.4 615.86 616.1 615.36 623.08 630.86 639.16 637.32 645.54 653.7 652.08 660.8 670.12 663.36 660.1 636.4 610.1 584.04 547.7 512.56 490.7 469.36 458.9 442.32 447.16 442.64 447.66 451.94 466.16 468.62 490.3 512.02 523.66 533.84 522.1 500.58 509.16 497.82 485.22 481.4 481.48 475.32 479.32 483.26 477.16 490.3 493.14 485.54 488.26 480.62 482.84 494.04 494.78 484.9 486.04 488.48 501.66 503.74 506.62 531.4 521.84 530.44 538.44 535.66 546.76 559.44
604.76 583.94 584.08 584.52 593.82 602.2 620.84 617.86 625.88 615.04 615.3 615.66 624.12 621.68 629.32 627.54 635.78 644.02 652.08 660.12 670.86 674.36 667.26 664.42 640.32 625.7 591.24 554.96 509.82 476.32 457.44 438.58 440.14 432.94 435.78 449.16 452.96 466.14 477.12 488.28 499.96 511.6 511.32 509.28 507.2 505.4 484.34 482.72 489.24 471.74 475.64 489.58 482.46 485.3 477.82 480.48 483.22 485.96 487.88 488.68 489.48 479.7 480.36 482.26 495.28 497.7 489.06 502.74 516.48 519.48 519.46 527.54 538.62 551.36 564
615.84 606.4 575.72 565.76 595.42 604.16 622.8 630.66 637.08 625.88 625.06 614.7 622.66 620.14 627.9 636.14 644.3 642.4 650.46 671.12 675.02 679.34 681.84 680.5 655.82 621.3 596.58 552.2 518.68 486.5 456.14 436.78 438.24 439.42 440.94 442.46 435.5 446.92 447.9 458.98 470.12 481.16 480.16 487.64 485.2 482.96 490.86 489.16 477.78 481.64 474.56 467.36 470.06 472.84 475.52 478.2 480.98 482.6 493.6 484.08 474.44 475.12 475.98 478.38 480.86 483.38 485.18 487.96 512.22 504.54 528.56 541.18 540.94 550.84 560.94
604.14 594.56 605.92 584 604.54 604.04 623.92 632.34 639.32 636.56 625.74 633.84 621.16 638.94 626.48 634.72 643.32 641.88 653.72 677.36 681.28 685.04 697.96 696.86 671.84 627.3 592.3 549.44 518 466.58 435.18 434.16 434.96 435.84 437.04 438.58 438.88 447.72 448.44 449.66 450.56 471.76 470.4 478 465.66 473.14 470.86 468.2 475.62 467.5 460.04 462.44 464.84 467.18 459.64 462.02 474.86 467.56 479.58 469.46 470.06 470.66 472.26 474.74 466.76 469.22 470.84 494.8 497.28 499.58 512.06 513.8 524.7 524 533.98
612.82 613.74 591.74 591 610.9 621.14 631.3 630.96 629.58 627.96 636.2 623.54 641.04 638.88 636.86 635.42 644.12 656.94 670.44 684.06 687.54 700.8 701.6 689.18 664.66 649.92 617.26 574.52 521.92 459.66 438.4 418.94 430.12 421.36 422.6 434.22 433.16 442.14 441 440.16 431.14 452.28 450.6 458.36 465.92 463.06 460.6 468.02 456.24 464.22 455.66 457.26 449.44 461.48 454.36 466.96 469.46 472.28 475.98 467.44 457.14 456.98 459.1 461.36 463.72 455.04 465.52 478.08 480.06 502.76 494.14 517.22 518.96 529.28 528.62
611.12 620.86 609.94 609.54 619.58 619.44 619.92 630.5 630.18 639.78 639.38 638.1 646.94 634.5 642.5 638.58 651.02 664.48 655.9 676.94 688.02 681.16 693.5 691.5 665.76 651.48 617.36 595.16 532.86 470.82 431.54 431.68 424.08 425.46 426.68 416.38 415.6 425.14 424.36 423.68 422.98 412.7 430.62 437.62 435.4 443.02 440.86 448.4 446.74 444 443.14 443.94 436.02 438.02 439.96 442.1 444.62 447.12 460.44 464.04 465.7 466.28 467.9 459.32 460.64 459.42 459.14 481.62 472.96 484.98 497.24 488.92 501.3 513.38 512.76
609.18 621.5 610.48 609.84 609.48 619.62 630.06 641.1 641.02 630.06 629.38 627.28 626.6 646.56 633.92 631.8 631.08 652.16 652.82 653.62 654.58 679.74 681.68 671.9 678.3 652.7 637.7 613.92 561.72 502.02 461.44 431.94 435.34 427.16 427.78 426.64 425.8 425.2 424.58 423.94 413.26 412.34 410.58 427.52 425.26 433.06 440.58 438.76 437.14 434.52 431.9 432.42 423.72 425.48 417.54 419.22 430.78 432.54 435.38 448.82 452.28 455.22 467 468.1 465.3 464.08 462.48 464.2 475.96 477.7 479.66 471.38 483.64 495.96 507.46
619.02 609.94 611.74 600.82 610.64 620.36 620.18 630.34 640.64 640.4 629.12 637.68 626.06 634.84 631.26 616.84 615.58 617.34 629.12 640.98 643.02 646.14 668.8 658.88 668.16 664.52 659.06 643.84 601.82 522.2 492.02 451.52 435.56 428.62 427.88 416.54 415.38 414.72 414.12 403.78 404.24 413.1 414.36 410.32 425.2 422.92 411.06 419.3 417.94 415.72 413.4 411.74 412.66 413.38 405.08 406.62 418 410.02 421.94 434.58 427.7 442.88 455.62 452.2 450.76 449.02 448.4 450.78 451.46 452.22 453.06 454.28 476.36 468.2 490.58
616.96 607.94 599.62 601.56 601.12 610.96 610.86 632.18 631.78 621.54 619.72 628.3 615.6 612.04 608.38 591.7 590.28 611.82 613.82 626.72 619.12 632.54 645.6 645.64 655.48 642.8 661.56 658.02 603.36 542.38 502.74 460.76 445.2 427.66 417.8 416.6 405.28 404.76 394.98 395.4 404.58 403.76 405.72 415.34 420.14 414.68 411 409.84 408.92 397.04 394.92 392.82 401.62 402.24 393.36 394.2 395.8 397.44 399.32 411.76 415.48 429.34 428.56 436.3 425.62 424.88 434.64 438.2 439.44 440.24 451.26 452.06 453 453.86 474.96
600.58 587.48 587.22 599.52 591.52 601.3 600.78 612 623.66 623.52 621.34 619.26 593.72 589.4 585.64 578.82 575.98 576.56 589.08 592.26 613.48 606.82 620.38 623.94 635.74 635.52 634 632.38 589.44 545.16 493.08 449.88 433.74 425.72 416.98 406.9 396.52 386.36 386.38 386.44 394.74 404.54 406.24 396.12 403.9 398.42 382.64 381.06 390.1 388.12 386.04 384 381.66 381.58 382.34 382.9 383.54 394.78 396.5 389.6 403.12 402.86 414.72 402.58 411.58 410.96 411.26 424.52 427.64 428.48 429.32 440.28 441.14 452.32 461.9
604.86 581.62 579.46 567.22 578.76 580.48 580.72 582.8 594.72 604.36 602.3 597.9 593 588.38 563.5 566.96 561.8 561.88 565.68 586.82 597.56 590.16 603.62 600.26 594.46 605.3 604.6 593.66 572.18 529.78 496.6 452.72 431.3 413.52 406.24 388.26 388.16 377.26 376.56 374.72 372.62 392.22 394.44 396 385.14 380.32 374.9 360.48 370.36 359.66 357.84 355.66 353.66 361.08 371.26 362.38 362.94 363.58 364.84 377.5 369.2 381.14 392.8 390.06 387.74 386.9 397.16 410.14 413.64 426.02 417.58 429.16 440.38 447.78 454.98
