shamba/rasters/climate/pre_5.txt
ncols         720
nrows         360
xllcorner     -180
yllcorner     -90
cellsize      0.5
NODATA_value  -9999
[rows 198 to 230 of 360, columns 222 to 295 of 720]
884.28 925.88 956.38 955.88 954.86 964.9 955.66 934.56 943.6 980.9 1015.34 1043.5 1043.6 1061.74 1068.46 1066 1085.72 1066.48 1065.6 1085.88 1087.06 1068.82 1050.62 1055.9 1023.52 969.26 914.46 869.06 829.52 810.18 786.46 743.08 712.58 729.62 696.36 662.32 690.24 719.68 718.18 695.24 633.1 629.24 562.72 452.92 340.36 296.38 261.12 228.16 219.86 227.78 199.98 160.96 148.62 104.02 90.54 93.56 151.88 165.86 141.74 166.6 271.84 457.36 868.7 1041.4 1275.5 1808.16 2593.88 2841.98 -9999 -9999 -9999 -9999 -9999 -9999
876.88 916.16 946.4 938.24 892.44 872.84 836.04 816.22 805.9 836 883.54 934.26 936.12 957.02 966.24 945.42 964.42 974.24 966.74 968.76 970.72 982.32 935.56 927.74 902.76 887.38 851.94 806.24 760 747.3 744.28 720.48 727.4 713.3 688.1 651.72 679.98 675.76 661.78 626.84 560.32 541.28 477.72 405.14 310.66 277.8 241.7 218.84 235.52 242.58 248.4 240.62 187.9 120.1 106.96 152.82 212.74 168.48 193.18 299.7 458.62 615.94 727.24 1008.58 1638.04 2353.64 2888.1 -9999 -9999 -9999 -9999 -9999 -9999 -9999
878.38 895.84 920.16 886.28 860.6 820.46 739.32 663.98 669.6 697.98 743.12 804.4 807.94 838.58 843.76 854.38 875.14 876.78 887.7 878.34 870.36 862.86 846.48 807.54 781.48 755.72 759.34 744 715.36 670.34 672.64 684.94 676.02 666.52 634.56 623.32 644.16 650.46 612.16 561.1 518.36 459.34 409.4 339.2 281.98 202.46 177.36 183.52 215.76 272.2 334.98 341.94 249.44 145.36 126.48 229.6 413.1 567.6 458.64 612.72 745.16 780.22 837.7 1444.42 2124.32 2733.6 -9999 -9999 -9999 -9999 -9999 -9999 -9999 -9999
849.16 837.92 866.4 870.98 855.94 813.06 661.46 526.82 552.2 559.08 630.32 677.68 712.32 745.66 757.94 765.76 785.92 797.84 789.68 799.74 792.04 785.12 766.6 727 690.44 684.52 678.94 653.48 631.7 604.98 610.56 621.92 612.54 592.26 592.42 592.22 603 569.68 546.26 497.94 480.14 402.9 341.78 286.12 243.78 185.92 153.62 157.3 176.32 248.74 419.7 537 277.82 126.18 96.44 270.86 576.14 773.76 483.44 623.78 840.86 970.4 1319.86 2070.12 2646.74 -9999 -9999 -9999 -9999 -9999 -9999 -9999 -9999 -9999
800.14 826.06 834.86 829.86 814.6 781.36 685.42 560.72 540.56 527.54 554.3 581.62 626.76 680.4 693.9 706 706.22 728.18 701.26 703.56 714.98 706.54 686.42 647.44 591.62 585.54 608.92 592.76 578.6 591.22 574.18 580.92 571.98 530.9 540.86 540.12 540.96 530.1 495.28 453.78 420.04 343.9 290.14 234.02 211.78 164.78 148.72 127.76 157.46 265.14 452.68 643.06 170.46 69.82 116.6 293.52 481.74 565.76 486.54 540.16 974.84 1111.02 1637.78 2838.16 -9999 -9999 -9999 -9999 -9999 -9999 -9999 -9999 -9999 -9999
883.44 844.24 849.74 822.22 798.52 729.76 663.94 596.62 548.78 544.72 566.32 573.84 570.1 594.82 637.88 642.74 648.28 640.08 651.92 635.04 656.1 645.98 607.88 579.22 522.68 506.52 539.04 521.88 516.4 538.38 531.46 514.66 522.58 512.98 491.96 481.82 492.54 491.68 450.56 396.38 373.64 306.34 249.5 242.84 237.06 178.94 155.5 154.28 144.58 187.74 277.06 343.02 122.66 71.72 171.12 312.82 535.1 656.8 566.36 689.5 1121.86 1516.24 2166.36 -9999 -9999 -9999 -9999 -9999 -9999 -9999 -9999 -9999 -9999 -9999
979.54 903.86 859.34 826.06 784.44 724.56 665.04 597.4 557.66 550.08 538.9 546.4 562.18 568.14 583.48 579.3 603.76 609.52 592.74 604.62 615.3 586.52 558.26 539.86 483.06 466.68 508.66 479.3 493.5 497.1 500.54 494.02 477.84 476.06 445.94 445.62 465.48 435.7 394.54 341.46 329.42 272.98 188.32 214.74 243.38 195.54 163.44 164.54 125.52 81.66 156.7 203.76 149.86 74.54 181.82 368.36 432.62 490.62 596.42 850.2 1405.06 2087.78 2635.68 -9999 -9999 -9999 -9999 -9999 -9999 -9999 -9999 -9999 -9999 -9999
1139.36 1008.92 907.28 835.26 788.7 739.78 678.52 613.9 566.38 533.9 511.54 539.86 556.22 571.16 576.88 562.96 568.14 561.7 552.82 574.02 565.06 536.86 527.56 500.76 491.78 465.62 487.84 456.2 469.26 463.46 466.32 469.6 443.26 428.58 415.44 432.42 424.94 396.46 336.06 328.2 262.88 227.94 192.28 210.88 228.14 181.18 167.82 144.88 86.68 71.52 117.22 127.94 118.14 107.72 115.94 414.04 286.64 372.56 551.54 1009.74 2043 2795.2 2781.68 -9999 -9999 -9999 -9999 -9999 -9999 -9999 -9999 -9999 -9999 -9999
1339.54 1108.46 972.82 892.66 820.12 769.8 716.32 655.32 585.58 526.18 534.7 531.9 547.54 562.66 558.42 553.8 545.74 530.46 494.8 505.94 515.1 506.5 508.82 500.12 501 464.74 476.56 443.06 435.86 449.1 443.22 436.42 429.7 403.74 376.56 395.42 386.28 359.02 311.3 284.76 263.46 239.28 196.1 222.36 231.68 175.72 150.66 106.3 84.66 73.62 104.58 113.84 81.62 141.1 229.02 255.14 221.58 315.48 529.66 1116.76 2064.6 2547.72 -9999 -9999 -9999 -9999 -9999 -9999 -9999 -9999 -9999 -9999 -9999 -9999
1308.26 1102.36 1029.6 921.54 857.6 805.12 745.7 719.12 667.8 632.08 605.82 562.6 567.88 552.28 545.38 538.42 540.06 529.24 463.36 475.38 478.62 489 470.14 480.96 501.14 483.2 465.22 447.7 431.2 406.42 409.92 413.6 397.5 367.24 373.36 382.9 361.7 352.64 319.14 275.9 265.42 258.92 209.24 204.54 223.6 163.54 133.74 91.8 60.48 60.3 71.04 94.14 104.98 72.66 243.78 354.12 156.58 361.48 708.42 1331.18 1947.7 -9999 -9999 -9999 -9999 -9999 -9999 -9999 -9999 -9999 -9999 -9999 -9999 -9999
898.5 867.32 950.08 942.62 880.58 830.36 794.86 805.22 791.54 735.92 684.28 630.82 583.34 556.2 539.6 551.52 510.2 507.8 488.54 454.38 448.9 443.08 464.12 482.4 510.44 501.48 481.92 432.38 408 383.48 367.6 361.4 341.2 338.88 354.12 361.14 353.82 345.16 327.58 286.06 304.6 270.2 230.6 226.36 249.02 187.3 131.92 104.34 87.5 59.32 49.66 72.86 84.92 83.82 91.64 236.76 263.54 466.64 882.42 1454.06 1931 -9999 -9999 -9999 -9999 -9999 -9999 -9999 -9999 -9999 -9999 -9999 -9999 -9999
569.42 566.62 823.04 837.78 855.56 837.64 837.42 879.2 917.16 833.48 740.46 663.04 596.42 550.38 543.08 538.18 517.54 476.96 486.74 462.7 438.16 461.16 483.72 497.04 527.14 512.86 487.28 435.84 385.24 369.24 363.28 333.22 321.7 330.2 348.8 348.04 347.66 339.7 312.4 314 311.8 262.46 240.48 268.48 224.88 165.86 121.8 108.98 86.04 57.94 49.14 71.4 73.1 94.34 134.18 209.78 310.14 540.64 954.5 1492.28 -9999 -9999 -9999 -9999 -9999 -9999 -9999 -9999 -9999 -9999 -9999 -9999 -9999 -9999
386.76 540.64 625 604.88 780.26 845.74 884.86 932.52 963.94 872.22 759.88 645.12 570.26 554.2 549.56 546.26 543.44 513.32 513.66 499.26 475.86 480.8 485.7 500.6 493.1 512.32 463.72 430.06 399 382.64 370.6 334.08 334.2 298.32 334.62 352.98 352.52 316.78 344.04 326.84 310.2 315.9 284.46 260.18 212.6 189.82 149.14 127.1 114.68 95.58 87.1 69.26 92.08 113.38 155.12 223.26 364.02 630.1 948.1 1339.48 1780.22 -9999 -9999 -9999 -9999 -9999 -9999 -9999 -9999 -9999 -9999 -9999 -9999 -9999
350.94 281.48 453.56 475.42 548.44 825.22 915.36 983 1008.34 942.18 778.8 608.64 541.7 550.32 556.38 535 533.3 532.66 515.22 482.94 498.42 484.3 479.5 482.12 503.56 534.28 506.64 443.98 428.46 392.04 365.34 347.4 338.54 302.94 338.54 338.74 347.92 338.88 339.16 330.88 314.24 316.08 304.26 258.14 227.66 222.76 190.32 156.64 132.46 105.3 106.46 77.62 79.5 121.42 162.52 244.78 339.64 610.08 910.18 1232.56 1636.12 -9999 -9999 -9999 -9999 -9999 -9999 -9999 -9999 -9999 -9999 -9999 -9999 -9999
353.92 135.42 208.3 340.86 405.24 639.06 915.44 1054.26 1064.18 978.02 826.02 650.38 532.14 514.22 555.54 545.76 573.56 573.06 546.12 514.06 529.46 515.2 488.7 499.9 520.92 546.86 545.56 493.02 482.16 462.58 405.54 385.46 365.52 328.5 336.78 336.88 345.68 337 319.42 311.02 312.56 328.54 301.4 267.2 245.4 223.24 191.12 185.64 151.18 124.48 96.94 77.72 68.14 99.18 159.4 260.62 423.46 622.12 869.16 1174.66 1520.06 -9999 -9999 -9999 -9999 -9999 -9999 -9999 -9999 -9999 -9999 -9999 -9999 -9999
232.26 110.58 89.78 120.34 163.24 223.8 753.94 1087.42 1090 964.6 829.02 625.04 500.34 490.78 515.62 537.7 585.04 575.76 586.28 573.08 540.22 534.5 526.48 538.4 551.06 558.7 568.22 560.92 531.56 493.08 445.8 426.76 415.26 385.54 365.2 381.36 361.22 350.3 348.32 310.06 320.74 330.34 293.66 273.8 238.86 224.62 192.2 186.26 180.02 134.06 116.12 96.8 87.4 97.48 166.6 256.86 398.32 591.54 842.44 1136.26 -9999 -9999 -9999 -9999 -9999 -9999 -9999 -9999 -9999 -9999 -9999 -9999 -9999 -9999
124.56 75.82 57.2 57.82 70.04 75.36 58.08 178.22 660.24 869.52 800.68 592.82 432.98 439.44 492.72 536.62 588.1 588.1 588.9 594.62 570.6 543.26 546.06 559.06 568.22 579.04 610.16 620.04 592.02 543.32 513.68 484.48 455.88 417.78 387.32 385.3 392.7 390.6 379.12 351.74 326.48 339.44 293.18 264.3 253.7 227.14 212.32 206.18 200.28 192.86 155.92 126.48 126.72 117 156.2 263.96 431.94 623.52 887.4 1146.44 -9999 -9999 -9999 -9999 -9999 -9999 -9999 -9999 -9999 -9999 -9999 -9999 -9999 -9999
18.16 45.44 60.68 48.04 50.3 87.84 67.92 42.28 95.82 223.38 364.26 697.22 446.28 416.76 461.58 504.76 586.8 601.22 611.08 596.82 560.58 554.16 547.72 570.98 592.24 621.54 662.22 691.1 681.84 625.04 603.98 544.58 505.54 476.22 466.38 446.82 425.44 432.72 398.58 358.4 356.06 332.92 298.48 270.7 250.68 212.14 203.76 226.12 220.04 223.3 215.78 185.94 156.84 147.28 206.22 304.76 432.92 630.28 847.76 1166.24 -9999 -9999 -9999 -9999 -9999 -9999 -9999 -9999 -9999 -9999 -9999 -9999 -9999 -9999
0 0 29.1 45.74 39.34 62.76 79.62 56.26 75.24 139.84 266.28 462.24 405.8 384.46 408.94 472.48 506.28 550.68 566.28 558.78 533.26 526.68 549.4 579.4 613.58 665.48 725.18 745.02 764.58 736.84 678.56 617.28 576.84 546.88 526.8 516.86 486.5 455.84 396.26 374.5 368.26 344.52 310.02 273.8 255.94 217.46 234.68 262.92 247.48 260.7 264.22 235.28 206.98 236.76 256.96 316.52 424.26 550.58 749.86 -9999 -9999 -9999 -9999 -9999 -9999 -9999 -9999 -9999 -9999 -9999 -9999 -9999 -9999 -9999
0 0 0 13.52 21.3 37.58 76.82 81.24 120.96 262.76 282.7 308.14 310.76 341.6 363.72 399.3 434.22 474.7 513.98 506.48 497.58 499.1 541.76 588.54 657.68 731.48 770.92 809.1 829.82 811.82 773.24 703.26 650.9 609.98 569.18 558.3 516.88 491.38 439.94 399.8 363.26 345.74 331.08 323.4 286.46 267.72 277.44 283.86 274.62 287.96 291.6 292.14 264.36 265.9 276.14 324.36 391.68 478.04 612.46 -9999 -9999 -9999 -9999 -9999 -9999 -9999 -9999 -9999 -9999 -9999 -9999 -9999 -9999 -9999
0 0 0 14.98 12.16 9.96 26.8 65.96 74.06 207.46 300.2 257.66 277.46 280.62 310.9 323.22 364.18 402.26 411.08 405.14 446.34 497.26 542.58 612.56 714.5 798.74 857.32 895.62 907.3 899.4 849.94 789.98 728.54 685.74 633.06 590.48 558.32 505.2 453.18 411.08 404.12 381.54 389.42 382.74 363.76 325.6 316.2 326.04 295.7 267.42 280.08 299.84 282.08 291.1 322.82 360.62 417.58 469.74 592.2 -9999 -9999 -9999 -9999 -9999 -9999 -9999 -9999 -9999 -9999 -9999 -9999 -9999 -9999 -9999
0 0 0 0 0 0 17.62 55.7 73.12 151.92 231.64 197.24 243.06 234.14 235.62 264.48 290.34 329.98 345.88 349.7 442.02 496.98 587.78 696.02 784.42 870.24 951.64 984.04 1029.08 989.64 939.4 878.46 796.26 752.94 666.82 623.4 584.06 539.62 482.38 454.6 446.96 439.4 448.72 447.74 429.3 382.1 373.12 354.66 297.44 268.32 259.22 278.26 306.18 308.5 358.86 425.16 503.02 576.9 660.74 -9999 -9999 -9999 -9999 -9999 -9999 -9999 -9999 -9999 -9999 -9999 -9999 -9999 -9999 -9999
0 0 0 0 0 0 27.56 28.26 46.58 153.76 197.22 186.24 169.84 151.66 197.42 228.26 284.36 313.94 349.28 392.84 467.96 570.88 665.92 773.34 884.18 955.28 1027.24 1082.24 1110.68 1075.5 1018.4 926.42 863.22 789.1 733.74 677.5 597 547.06 517.88 508.96 500.44 501.5 523.62 516.42 483.88 446.54 409.12 352.5 335.86 298.42 275.96 292.34 301 354.64 413.6 470.66 542.48 742.44 -9999 -9999 -9999 -9999 -9999 -9999 -9999 -9999 -9999 -9999 -9999 -9999 -9999 -9999 -9999 -9999
0 0 0 0 0 0 9.6 19.26 38.26 131.14 204.52 187.58 141.62 123.62 196.92 277.14 314.74 334.3 358.82 417.7 548.08 664.66 805.68 901.96 946.16 1033.1 1083.48 1119.32 1138.9 1105.5 1049.94 970.74 900.88 830.48 769.76 697.68 645.38 604.28 543.88 524.7 525.84 564.94 574.2 564.94 528.46 492.62 428.12 381.98 335.6 315.7 320.5 296.4 297.96 371.54 449.26 508.38 619.34 -9999 -9999 -9999 -9999 -9999 -9999 -9999 -9999 -9999 -9999 -9999 -9999 -9999 -9999 -9999 -9999 -9999
0 0 0 0 0 0 0 9.76 29.32 147.72 243.78 225.54 169.92 141.16 257.88 349.92 341.8 341.18 350.62 447.04 613.02 792.44 937.02 1029.62 1044.78 1091.48 1128.4 1144.56 1132.96 1110.4 1053.84 996.4 927.28 873.12 816.28 752.7 693.38 651.32 609.94 559.66 560.44 609.16 656.02 643 570.24 521.38 475.44 429.62 381.94 370.02 364.14 338.84 295.88 351.18 436.64 536.4 618.58 -9999 -9999 -9999 -9999 -9999 -9999 -9999 -9999 -9999 -9999 -9999 -9999 -9999 -9999 -9999 -9999 -9999
0 0 0 0 0 0 0 10.12 28.74 164.26 265.34 264.98 189.46 176.44 260.86 331.18 340.52 315.36 340.92 426.98 654.44 942.78 1104.88 1117.36 1153.14 1163.06 1162.7 1169.78 1137.52 1103.02 1024.34 994.46 953.18 909.84 861.32 792.96 754.5 695.28 666.84 635.52 625.26 635.24 665 666.58 612.5 572.8 533.12 495.46 436.08 394.14 378.5 392.62 359.88 396.32 464.4 573.9 -9999 -9999 -9999 -9999 -9999 -9999 -9999 -9999 -9999 -9999 -9999 -9999 -9999 -9999 -9999 -9999 -9999 -9999
0 0 0 0 0 0 0 10.56 87.34 277.94 308.74 251.72 173.44 144.26 211.94 301.48 309.66 339.9 354.14 429.84 677.38 997.94 1168.2 1215.96 1238.68 1238.06 1237.4 1235.52 1154.2 1107.34 1058.88 1029.94 999.82 942.66 894.48 853.9 804.46 755.04 706.46 699.48 713.34 684.02 645.34 703.86 665 615.14 651.92 588 508.34 491.84 400.18 401.2 410.2 431.86 548.9 620.7 -9999 -9999 -9999 -9999 -9999 -9999 -9999 -9999 -9999 -9999 -9999 -9999 -9999 -9999 -9999 -9999 -9999 -9999
0 0 0 0 0 0 10.84 21.7 194.18 302.56 266.92 198.9 149.96 121.92 210.82 266.72 314.7 354.14 404.94 511.78 733.7 999.4 1167.62 1225.2 1253.7 1270.18 1263.06 1285.66 1266.36 1221.18 1164.52 1126.76 1042.06 984.9 948.24 945.96 906.06 835.16 777.36 771.54 746.26 781.3 793.24 772.7 717.76 686.62 747.74 786.18 737.24 652.58 562.4 611.68 595.76 605.26 -9999 -9999 -9999 -9999 -9999 -9999 -9999 -9999 -9999 -9999 -9999 -9999 -9999 -9999 -9999 -9999 -9999 -9999 -9999 -9999
0 0 0 0 0 0 21.18 44.12 114.9 194.06 192.74 172.88 152.16 146.26 210 278.48 328.46 398.4 472.92 586.16 762.64 1015.82 1202.9 1300.54 1240.02 1287.74 1355.44 1407.82 1418.98 1399.62 1349.04 1242.96 1151.68 1018.48 979.74 1058.52 1018.64 918.24 870.5 853.92 848.26 862.68 886.8 848.58 733.4 831.12 960.36 980.08 1019.64 820.7 955.16 958.9 -9999 -9999 -9999 -9999 -9999 -9999 -9999 -9999 -9999 -9999 -9999 -9999 -9999 -9999 -9999 -9999 -9999 -9999 -9999 -9999 -9999 -9999
0 0 0 0 0 31.38 31.04 100.46 159.9 151.68 157.84 155.44 154.78 175.5 218.6 300.32 362.46 455.98 562.28 663.6 830.18 1030.96 1142.84 1162.34 1222.2 1350.92 1460.78 1523.22 1555.36 1609.2 1526.9 1393.14 1279.92 1166.48 1126.92 1133.06 1099.02 1039.92 1001.62 943.62 937.56 984.84 979.6 933.06 862.76 1060.08 1212.5 1128.16 -9999 -9999 -9999 -9999 -9999 -9999 -9999 -9999 -9999 -9999 -9999 -9999 -9999 -9999 -9999 -9999 -9999 -9999 -9999 -9999 -9999 -9999 -9999 -9999 -9999 -9999
0 0 0 0 10.1 30.04 59.72 154.68 131.88 147.24 143.8 160.24 167.66 200.72 244.54 321.7 418.98 538.24 630.42 723.78 896.54 1006.34 1056.38 1048.8 1199.14 1429.76 1565.34 1611.14 1594.68 1687.48 1628.76 1537.48 1435.62 1348.06 1253.38 1227.22 1193.78 1169.48 1099.82 1020.94 1024.3 1112.42 1306.82 1380.94 1607.78 2000.96 -9999 -9999 -9999 -9999 -9999 -9999 -9999 -9999 -9999 -9999 -9999 -9999 -9999 -9999 -9999 -9999 -9999 -9999 -9999 -9999 -9999 -9999 -9999 -9999 -9999 -9999 -9999 -9999
0 0 9.74 19.26 38.28 38.2 85.66 87.04 124.16 128.42 145.34 140.94 170.66 192.68 258.28 358.18 473.3 581.74 670.1 780.38 934.64 940 1026.06 1092.04 1234.86 1540.3 1669.04 1642.24 1530.68 1615.56 1652.58 1618.04 1538.02 1439.32 1374.08 1309.58 1276.12 1253.22 1167.86 1109.34 1112.66 1249.98 1495.86 1565.98 -9999 -9999 -9999 -9999 -9999 -9999 -9999 -9999 -9999 -9999 -9999 -9999 -9999 -9999 -9999 -9999 -9999 -9999 -9999 -9999 -9999 -9999 -9999 -9999 -9999 -9999 -9999 -9999 -9999 -9999
0 9.98 9.94 39.84 49.5 88.64 117.68 84.38 133.54 137.06 132.28 148.24 159.02 189.82 252.36 360 464.8 579.7 673.54 757.2 833.48 901.9 1125.9 1125.36 1245.58 1487.16 1605.78 1565.46 1533.84 1660.12 1693.06 1654.12 1604.9 1511.3 1443.58 1377.1 1291.12 1205.28 1109.02 1018.6 1083.22 1258.08 1431.34 -9999 -9999 -9999 -9999 -9999 -9999 -9999 -9999 -9999 -9999 -9999 -9999 -9999 -9999 -9999 -9999 -9999 -9999 -9999 -9999 -9999 -9999 -9999 -9999 -9999 -9999 -9999 -9999 -9999 -9999 -9999
