shamba/rasters/climate/pre_1.txt
ncols         720
nrows         360
xllcorner     -180
yllcorner     -90
cellsize      0.5
NODATA_value  -9999
[rows 165 to 197 of 360, columns 375 to 449 of 720]
38.18 37.58 40.12 18.2 15.98 7.74 7.8 7.96 8.02 16.3 8.12 8.24 7.72 6.28 5.42 6.68 8.18 9.38 0 0 0 0 7.34 7.54 15.02 15.06 31.2 35.74 35.2 41.56 58.2 61.06 59.36 57.12 40.68 38.56 38.56 26.18 19.1 12.22 11.74 11.54 20.4 7.38 0 0 0 0 8.6 8.84 19.58 41.7 50.22 63.5 95.68 224.24 354.1 362.2 398.38 332.62 273.32 278.68 364.54 354.02 325.16 176.74 109.98 75.46 59.4 28.26 27.7 25.86 24.16 23.16 15.44
59.32 63.06 57.9 47.12 25.98 24.78 16.68 25.08 25.32 16.64 8.24 14.78 6.26 6.12 12.52 7.68 9.14 10.42 21.18 10.54 9.98 17.78 17.5 26.04 34.66 37.22 45.92 41.7 56.8 57.7 57.64 67.3 73.08 62.08 66.02 48.22 55.44 42.66 21.18 20.78 20.54 20.22 14.36 8.24 0 0 0 0 10.58 11.36 22.62 32.88 70.12 91.32 116.16 240.22 334.28 270.08 350.1 279.26 315.58 257.74 525.02 356.44 340.7 158.74 78.94 54.4 34.82 19.34 27.6 25.68 32.2 22.24 22.52
107.56 95.38 92.34 75.44 54.64 44 44 26.06 25.54 25.28 25.16 15.78 27.44 27.38 22.54 33.38 29.58 22.54 23.3 34.96 31.82 28.14 36.94 47.14 60.12 65.24 65.14 68.4 91.92 88.18 96.64 87.9 93.52 97.02 76.58 79.3 67.18 70.9 46.78 30.74 23.16 30.74 15.22 8.64 9.64 10.68 11.54 12.26 12.52 12.28 23.74 32.88 71.3 91.76 128.78 218.34 267.7 274.48 358.66 378.56 298.3 276.42 317.66 217.16 152.72 105.32 66.02 24.02 44.66 9.8 9.2 8.6 8.04 7.6 7.24
161.86 144.52 119.58 103.16 73.44 72.1 53.58 34.96 34.34 34.4 25.84 43.64 44.78 62.24 57.48 58.64 61.66 71.3 74.36 73.04 78.7 61.5 79.22 91.58 111.56 120.58 113.3 121.38 103.64 107.38 107.54 97.62 101.72 109.62 104.44 93.08 89.78 93.54 76.82 51.38 34.24 34.3 34.26 35.96 40.14 22.26 24.58 12.48 11.76 12.74 35.8 44.72 61.04 62.92 121.3 185.94 150.8 198.38 289.12 332.78 267.5 227.9 198.9 147.84 106.94 68.44 23.94 32.92 18.32 9.82 9.22 0 0 7.54 0
243.56 211.48 173.72 151.46 111.84 99.22 71.96 61.5 43.64 61.4 61.92 80.7 91.52 85.28 97.74 90.24 83.02 105.38 108.94 120.78 130.3 108.42 123.04 122.16 143.7 159.28 176.64 174.24 145.64 147.7 116.5 123.9 126.86 127.82 128.86 143.82 132.06 135.18 108.04 73.74 56.3 37.8 37.74 47.32 73.04 77.94 57.8 36.18 19.64 21.5 45.84 54.84 59.88 53.98 83.6 104.98 117.56 155.3 231.68 243.2 221.84 218.76 154.32 98.5 105.78 63.68 58.54 17.12 9.4 0 9.18 0 0 0 0
341.38 304.62 243.8 197.36 165.46 131.44 108.9 88.06 88.78 80.48 91.26 119.86 130.64 136.4 141.04 143.7 146.96 160.22 148.08 167.4 165.52 162.38 153.62 194.24 200.88 199.02 224.22 215.58 207.66 171.18 145.58 158.66 162.7 175.3 186.3 185.72 202.58 168.94 146.04 117.1 79.28 54.06 64.62 103.82 118.42 103.96 98.52 80.58 58.48 77.38 84.82 72 59.18 44.82 45.3 83.72 95.84 113 186.02 241.48 208.56 219.82 179.98 105.12 82.34 57.64 43.64 36.5 0 0 0 0 7.9 7.26 0
-9999 -9999 451.66 306.12 245.24 208.16 171.04 148.82 139.16 125.18 149.1 171.4 187.14 192.14 194.48 177.36 181.54 190.68 198.3 195.5 196.02 196.7 218.32 249.86 269.94 280.84 277.08 271.44 253.56 226.1 200.56 200.2 192.16 213.84 219.94 248.2 257.96 238.38 191.4 146.36 116.74 87.68 111.96 153.38 189.56 138.82 104.68 66.3 57.06 96.08 131.48 115.16 111.58 53.16 32.36 62.96 76.6 112.92 185.92 245.54 239.2 285.76 211.92 158.6 115.64 83.52 53.58 66.64 19.76 0 9.02 8.32 15.54 14.48 6.86
-9999 -9999 645.04 541.88 387.48 325.08 253 242.48 208.56 169.08 199.54 211.86 229.44 242.94 232.12 247.72 253.92 256.02 253.8 263.54 265.36 255.66 286.86 296.06 338.86 335.32 316.34 296.84 303.06 296.34 282.84 265.7 258.28 262.66 261.24 289.46 321.32 300.56 246.12 194.44 164.2 143.26 159.98 178.62 191.02 161.74 130.12 74.08 65.5 94.52 156.04 121.14 117.66 91.2 57.5 57.82 90.64 126.76 227.68 255.86 273.14 263.4 231.82 180.62 124.32 80.9 63.3 48.1 20.24 10.06 9.52 17.78 16.68 24.06 21.58
-9999 764.36 763.84 -9999 617.82 478.74 382.26 332.94 278.6 269.36 260 287.36 299.9 293.78 291.38 308.68 303.1 305.32 308.12 320.46 322.44 334.28 346.84 388.5 415.86 393.72 352.3 346.16 353.48 374.96 371.3 365.92 336.62 313.04 312.7 321.44 355.8 356.96 319.58 279.76 240.46 239.3 250.92 280.36 253.66 207.38 134.38 80.66 83.2 124.08 152.02 130.68 103.78 93.16 68.46 71.82 95.9 147.38 275.04 341.14 388.58 329.5 241.82 188.36 152.24 104.7 80.8 47.26 28.2 18.66 18.48 27.78 18.16 16.52 15
-9999 -9999 -9999 -9999 766.28 664.58 530.5 436.32 377.54 353.28 355.06 349.8 361.26 365.56 373.66 369.8 361.2 363.36 380.7 378.56 402.9 418.56 431.56 438.4 442.28 432.62 422.98 407.04 413.96 441.96 466.86 470.12 418.02 383.06 336.26 363.72 392.2 393.2 373.88 354.1 322.76 322.98 333.46 344.48 344.44 287.72 248.08 115.6 110.74 154.6 165.02 176.46 129.98 88.48 92.7 84.52 140.78 189.96 330.52 401.82 450.02 406.32 333.92 254.02 174.02 106.12 81.96 52.62 51.56 25.46 34.2 25.84 8.6 8.24 14.94
-9999 -9999 -9999 -9999 1031.84 868.6 682.58 512.88 458.78 445.82 441.46 436.84 426.08 434.1 443.98 440.56 437.96 440.08 451.84 477.38 489.2 505.86 527.76 548.92 537.82 517.1 497.04 470.32 474.38 549 583.44 559.18 504.48 474.42 453.92 452.8 454.16 464.28 444.94 428.16 424.9 423.58 431.46 414.76 391.6 362.62 328.78 145.94 145.62 196.64 215.36 208.26 187.78 146.52 136.2 125.86 174.3 232.02 341.7 429.24 520.36 504.72 404.56 310.32 187.5 98 57.06 55.3 43.52 25.16 24.86 8.1 0 0 15.1
-9999 -9999 -9999 -9999 1306.2 1083.32 868.34 700.4 601.68 568.94 558 553.96 537.88 549.3 546.16 540.2 522.36 496.72 525.4 554.92 585.06 604.82 664.24 635.88 635.14 635.06 633.74 616.32 624.78 653.08 664.28 648.76 614.08 579.98 564.88 542.2 535.5 540.16 523.54 532.9 510.1 515.64 505.16 493.64 474.12 471.68 341.48 252.96 299.46 313.94 286.9 297.52 235.94 207.02 187.06 176.66 207.94 262.32 342.6 428.98 451.02 385.02 324.7 262.12 149.6 79.86 57.4 36.46 26.18 16.8 16.36 8 7.76 0 7.22
-9999 -9999 -9999 1249.46 1595.88 1311.98 1083.64 896.6 763.68 698.82 696.34 705.14 677.16 681.12 665.4 665.52 623.16 616.74 636.12 657.22 689.58 710.06 717.66 746.4 755.48 786.4 773.84 768.1 766.14 763.92 751.44 738.88 709.58 670.06 648.48 627.2 634.36 650.26 650.94 619.9 606.72 581.74 559.82 549.7 538.56 474.4 294.94 326.72 395.02 401.3 418.5 452.94 395.36 298.74 236.82 270.42 273.18 312.28 335.2 420.6 456.76 385.82 314.8 252.12 154.98 69.9 47.02 35.68 26.14 16.68 8.16 8 7.78 14.3 24.56
-9999 -9999 -9999 1387.56 1847.24 1555.76 1309.74 1087.36 915.88 889.34 864.14 859.36 822.38 821.36 798.88 788.24 757.46 737.7 769.9 770.84 790.86 845.98 847.46 894.7 921.84 938.48 947.18 942.58 919.86 887.06 864.44 841.24 793.58 770.62 741.3 725.14 727.22 726.2 726.72 714.8 681.02 644.36 600.94 581.64 594.82 460.44 352.22 373.38 429.82 496.2 683.5 642.08 561.3 534.16 417.76 352.44 411.04 384.96 348.56 421.3 508.28 456.64 365.3 271.1 178.5 80.58 37.34 26.34 25.72 16.56 8.22 7.9 171.3 -9999 -9999
-9999 -9999 -9999 1532.06 1954.86 1721.06 1487.44 1273.9 1136.76 1051.34 1009.96 994.66 1009.04 979.52 936.84 907.96 883.04 878.82 905.22 921.34 921.7 947.18 986.34 1039.38 1090.04 1139.08 1166.42 1137.32 1079.06 1018.94 972.48 912.26 873.12 825.96 802.54 808.72 817.64 814.78 803.36 804.46 752.68 699.04 645.18 671.88 705.26 399.2 385.82 434.88 540.68 722.22 814.34 858.34 653.38 589.78 776.48 608.32 541.92 417.5 298.94 400.16 567.1 510.78 398.58 299.54 184.4 77.32 45.8 18.08 17.2 8.36 8.16 178.18 -9999 -9999 -9999
-9999 -9999 -9999 2095.96 1963 1771.7 1592.66 1454.34 1303.88 1188 1150.24 1136.64 1167.14 1123.48 1109.68 1062.84 1005.56 995.84 1037.36 1075.4 1090.32 1096.04 1126.94 1167.5 1217.26 1290.4 1339.7 1249.94 1165.12 1091.74 1050.18 999.9 941.14 886.08 890.42 900.4 924.42 919.8 904.38 934.4 846.1 798.26 794.12 858.2 440.52 540.72 529.86 588.16 678.3 824.8 855.46 819.7 767.6 670.22 803.52 984.78 427.12 312.56 623 555.14 494.78 515.16 451.72 300.86 137.48 99.66 62.02 35.4 8.68 8.38 193.6 -9999 -9999 -9999 -9999
-9999 -9999 1768.94 2128 1990.58 1774.46 1738.24 1603.64 1456.7 1327.2 1258.68 1290.12 1334.22 1309.78 1301.28 1232.26 1135.44 1156.3 1200.8 1234.42 1237.28 1238.4 1238.52 1267.52 1301.9 1357.1 1360.46 1284.68 1215.1 1178.46 1136.9 1086.72 1038.68 971.64 992.3 1016.54 1046.42 1065.82 1070 1022.68 952.66 900.02 926.46 751.12 570.22 550.42 590.44 811.16 1113.04 1000.48 998.22 953.16 902.08 717.14 980.56 1057.88 732.92 507.34 755.6 444.88 460.24 489.24 510.26 346.06 179.64 123.5 85.12 47.1 27.12 25.48 -9999 -9999 -9999 -9999 -9999
-9999 -9999 1817.34 2184.24 2066.24 1978.66 1899.16 1780.54 1633.44 1510.44 1469.98 1495.86 1544.36 1541.78 1486.38 1390.64 1330.88 1322.52 1350.18 1380.74 1371.72 1364.56 1357.4 1372.54 1370.22 1409.7 1389.84 1345.6 1305.66 1277.28 1259.12 1202 1149.34 1136.16 1124.12 1147.22 1153.8 1175.64 1184.78 1128.58 1042.84 1049.5 1109.18 1088.26 830.76 584.58 630.54 990.58 1643.88 1145.38 1135.22 1083.94 1024.22 831.3 1148.88 1084.46 977.96 633.1 586.96 575.42 501.3 436.86 429.88 329.74 231.48 173.58 98.72 56.12 52.96 -9999 -9999 -9999 -9999 -9999 -9999
-9999 -9999 -9999 2266.34 2172.86 2089.62 2041.02 1948.66 1781.22 1733.06 1694.72 1701.88 1715.08 1715.54 1668.84 1582.66 1505.54 1453.8 1435.98 1459.8 1473.1 1461.5 1450.38 1442.18 1433.02 1442.32 1440.54 1405.74 1382.74 1376.34 1345.5 1324.9 1282 1287.06 1283.72 1295.72 1300.84 1322.6 1331.54 1302.5 1260.3 1184.76 1340.54 1266.44 1041.14 739.02 663.24 902.68 1329.28 1231.44 1230.62 1170.62 843.88 844.56 1020.48 1070.88 970.58 551.18 521.88 637.54 604.76 431.48 358.58 275.44 207.2 148.82 85.74 62.88 225.16 -9999 -9999 -9999 -9999 -9999 -9999
-9999 -9999 -9999 -9999 2225.22 2158.86 2051.32 1883.88 1786.14 1750.58 1779.38 1811.68 1800 1829.52 1785.94 1676.1 1597.68 1479.38 1508.5 1529.68 1561.16 1550.92 1527.68 1509.58 1491.1 1486.98 1475.18 1470.68 1455.12 1447.44 1447.6 1451.66 1450.18 1431.9 1457.18 1461.9 1461.04 1492.14 1448.2 1396.78 1375.18 1332.18 1558 1432 1089.7 866.88 832.2 922.26 1110.96 1220.56 1262.08 1217.02 993.84 874.48 883.4 872.46 686.28 508.64 569.42 561.02 452.3 387.56 283.34 213.8 158.32 100.62 63.68 218.54 -9999 -9999 -9999 -9999 -9999 -9999 -9999
-9999 -9999 -9999 -9999 1936.9 2169.46 1969.94 1727.5 1739.54 1686.34 1726.84 1803.66 1813.72 1840.14 1804.76 1753.22 1648 1516.26 1568.1 1618.16 1625.54 1613.58 1576.64 1546.2 1537.96 1511.68 1509.96 1529.28 1542 1523.4 1534.52 1538.96 1540.78 1547.62 1581.18 1604.98 1633.18 1629.84 1582.3 1483.36 1464.66 1480.3 1692.44 1456.56 1157.56 1111.76 1104.92 1043.66 1143.88 1160.54 1168.72 1124.84 1080.66 994.44 898.76 745.58 662.52 570.68 581.32 663.16 662.56 415.78 296.74 209.82 157.22 81.32 233.46 -9999 -9999 -9999 -9999 -9999 -9999 -9999 -9999
-9999 -9999 -9999 -9999 -9999 1925.04 2088.6 1851.32 1735.12 1634.06 1654.48 1773.9 1848.94 1810.84 1814.32 1750.76 1689.42 1627.98 1654.98 1705.64 1691.36 1648.2 1606.62 1596.14 1546 1518.42 1529.8 1555.9 1580.12 1571.08 1572.04 1569.76 1588.7 1635.44 1667.02 1710.24 1714.74 1721.92 1663.86 1586.18 1579.68 1677.66 2074.46 1502.24 1531.94 1514.3 1491.96 1382.54 1399.48 1363.78 1299.62 1226.3 1247.6 1116.7 973.88 791.58 779.5 611.62 775.44 992.9 830.64 577.48 292.8 236.48 170.82 276.14 -9999 -9999 -9999 -9999 -9999 -9999 -9999 -9999 -9999
-9999 -9999 -9999 -9999 -9999 -9999 1843.5 1934.62 1780.18 1618.18 1547.02 1724.2 1779.14 1734.46 1725.98 1732.38 1713.18 1729.7 1733.66 1708.56 1696.98 1654.94 1618.38 1597.22 1549.16 1527.3 1544.98 1590.8 1625.48 1628.46 1621.78 1602.02 1607.9 1674.9 1714.26 1751.56 1735.06 1745 1753.74 1694.86 1694.1 1861.98 2086.3 1799.46 1794.76 1709.02 1791.26 1646.54 1564.74 1534.32 1456.74 1318.18 1298.84 1223.4 1055.12 864.16 727.4 729.74 697.22 581.68 668.98 548.3 360.16 283.48 246.86 -9999 -9999 -9999 -9999 -9999 -9999 -9999 -9999 -9999 -9999
-9999 -9999 -9999 -9999 -9999 -9999 -9999 1651.96 1725.22 1559.9 1442.6 1477.4 1547.1 1547.98 1537.9 1546.04 1659.9 1744.32 1779.38 1765.98 1693.84 1655 1603.24 1601.92 1539.64 1480.5 1502.06 1635.84 1689.46 1665.3 1593.86 1570.28 1617.36 1693.9 1743.98 1779.42 1784.82 1781.76 1775.66 1757.74 1647.5 1645.78 1806.6 1613.52 1721 1765.32 1767.98 1697.52 1672.64 1595.36 1489.02 1374.1 1338.2 1333.18 1289.28 1234.72 1000.2 982.44 858.12 825.18 638.7 452.14 374.5 292.52 331.16 377.78 -9999 -9999 -9999 -9999 -9999 -9999 -9999 -9999 -9999
-9999 -9999 -9999 -9999 -9999 -9999 -9999 -9999 1485.94 1408.7 1294.06 1294.26 1336.56 1357.08 1388.28 1443.98 1617.06 1783.92 1810.46 1753.64 1693.1 1641.04 1610.86 1603.58 1566.04 1537.1 1587.8 1707.62 1809.74 1666.7 1595.3 1529.7 1615.7 1716.26 1789.36 1846.02 1862.38 1831.08 1775.9 1720.58 1634.84 1519.18 1629.32 1593.58 1541.6 1703.84 1736.06 1759.4 1755.12 1643.06 1458.64 1445.22 1419.86 1432.88 1499.88 1297.78 1367.7 1161.6 885.64 781 565.34 718.66 431.58 277.76 -9999 -9999 -9999 -9999 -9999 -9999 -9999 -9999 -9999 -9999 -9999
-9999 -9999 -9999 -9999 -9999 -9999 -9999 -9999 -9999 1037.18 1083.98 1183.32 1138.62 1187.5 1252.72 1405.8 1618.52 1785.46 1823.02 1757.62 1718.48 1661.54 1608.18 1636.76 1602.94 1605.36 1645.98 1695.98 1717.42 1596.56 1550.56 1566.38 1670.82 1787.02 1859.38 1873.7 1900.44 1772.12 1635.84 1538.66 1514.44 1460.32 1426.48 1461.58 1408.6 1685.9 1776.82 1821.12 1822.78 1736 1659.96 1596.12 1537.74 1475.86 1451.98 1185.5 1239.4 1096.68 889.6 831.14 677.14 550.3 466.8 458.8 471.34 -9999 -9999 -9999 -9999 -9999 -9999 -9999 -9999 -9999 -9999
-9999 -9999 -9999 -9999 -9999 -9999 -9999 -9999 -9999 735.6 850.2 1048.58 1019.56 1083.94 1171.24 1404.6 1536.14 1680.72 1729.76 1729.88 1727.2 1651.7 1592.24 1558.1 1559.36 1571.52 1578.84 1604.96 1576.4 1439.7 1519.2 1692.88 1824.36 1832.32 1833.7 1836.58 1821.78 1725.06 1590.36 1490.64 1435.04 1367.9 1337.14 1293.5 1763.66 1730.84 1915.14 1892.68 1883.62 1815.46 1714.08 1663.04 1603.64 1522.1 1429.1 1264.56 1275.56 1089.2 1052.74 1045.62 885.32 720.46 603.44 514.74 -9999 -9999 -9999 -9999 -9999 -9999 -9999 -9999 -9999 -9999 -9999
-9999 -9999 -9999 -9999 -9999 -9999 -9999 -9999 -9999 1279.88 767.56 870.14 931.82 994.08 1157.02 1407.76 1488.98 1580.78 1625.46 1658.64 1705.12 1646.98 1629.68 1625.96 1537 1512.78 1507.56 1507.36 1514.04 1486.92 1583.6 1777.24 1897.62 1824.22 1813.06 1793.7 1771.64 1684.52 1599.28 1511.46 1444.16 1410.48 1365.26 1405.16 1505.8 1751.54 1935.04 2031.1 1936.98 1816.04 1745.22 1685.18 1648.68 1502.34 1374.96 1271.1 1354.4 1278.42 1348.38 1266.78 1095.2 815.64 696.3 575.58 630.02 -9999 -9999 -9999 -9999 -9999 -9999 -9999 -9999 -9999 -9999
-9999 -9999 -9999 -9999 -9999 -9999 -9999 -9999 -9999 -9999 696.18 773.7 873.36 929.14 1078.48 1322 1443.78 1545.26 1532.66 1576.82 1648.58 1639.76 1635.46 1641.14 1623.38 1594.32 1526.76 1556.48 1605.48 1612.34 1679.02 1765.5 1731.4 1730.3 1767.3 1776.04 1741.16 1674.58 1617.48 1570.26 1505.74 1466.2 1494.04 1586.4 1695.86 1730.44 1819.82 1892.96 1907.84 1794.94 1764.44 1719.02 1634.5 1473.42 1301.5 1205.72 1296.08 1436.36 1468.78 1215.38 980.92 845.1 667.72 606.86 796.22 -9999 -9999 -9999 -9999 -9999 -9999 -9999 -9999 -9999 -9999
-9999 -9999 -9999 -9999 -9999 -9999 -9999 -9999 -9999 -9999 982.26 658.8 784.12 854 1028.12 1284.96 1416.08 1449.46 1471.56 1504.78 1599.58 1634.42 1668.58 1659.5 1670.28 1651.32 1663.94 1674.32 1664.16 1694.84 1734.9 1785.66 1812.52 1820.16 1803.94 1763.26 1722.98 1676.1 1640.04 1625.16 1571.54 1519.86 1574.52 1582.84 1720.9 1808.24 1822.36 1847.36 1782.58 1772.88 1816.48 1795.78 1701.94 1463.64 1279.54 1235.72 1354.44 1528.34 1640.58 1416.58 1296.1 1040.18 908.12 804.28 961.8 -9999 -9999 -9999 -9999 -9999 -9999 -9999 -9999 -9999 -9999
-9999 -9999 -9999 -9999 -9999 -9999 -9999 -9999 -9999 -9999 -9999 544.2 653.12 814.04 977.4 1217.58 1385.32 1378.44 1420.82 1434.08 1542.82 1598.68 1651.48 1682.26 1697.38 1705.44 1706.72 1718.02 1737.46 1764.88 1794.02 1824.3 1862.68 1878.64 1850.28 1770.78 1702.22 1637.56 1582.76 1568.32 1552.96 1517.42 1580.34 1689.94 1863.4 1753.76 1773.92 1953.98 1750.84 1777.12 1907.8 1952.48 1847.58 1546.48 1340.8 1360.62 1503.82 1802.88 1980 1770.12 1536.72 1299.64 1188.6 1067.88 1131.18 -9999 -9999 -9999 -9999 -9999 -9999 -9999 -9999 -9999 -9999
-9999 -9999 -9999 -9999 -9999 -9999 -9999 -9999 -9999 -9999 -9999 421.84 529.58 713.22 900.42 1114.92 1293.8 1347.1 1370.72 1375.66 1446.68 1602.56 1697.96 1732.08 1729.22 1754.5 1793.44 1760.06 1802.28 1840.1 1849.16 1881.58 1906.78 1914.54 1892.18 1818.78 1693.86 1566.96 1496.88 1488.32 1509.92 1533.12 1585.46 1687.16 1771.7 1831.74 1890.84 1947.06 1911.8 1719.6 1906.3 2161.54 2038.42 1708.92 1618.68 1733.1 1913.1 2038.16 2050.64 2003.84 1757.94 1585.2 1474.52 1324.3 -9999 -9999 -9999 -9999 -9999 -9999 -9999 -9999 -9999 -9999 -9999
-9999 -9999 -9999 -9999 -9999 -9999 -9999 -9999 -9999 -9999 -9999 330.2 429.1 601.1 822.92 1042.38 1227.88 1326.14 1339.2 1348.74 1412.92 1592.58 1693.76 1733.96 1756.34 1795.16 1832.92 1807.06 1856.84 1895.22 1902.6 1940.7 1926.46 1943.34 1913.98 1821.98 1672.76 1526.94 1459.14 1438.44 1494.72 1561.8 1796.04 1657.98 1742.96 1894.76 2016.58 2076.1 2213.2 1986.64 1994.52 2196.88 2065.4 1852.24 1890.92 2000.88 2130.82 2176.06 2455.3 2139.9 2013.64 1816.66 1691.9 1541.64 1401.9 -9999 -9999 -9999 -9999 -9999 -9999 -9999 -9999 -9999 -9999
