shamba/rasters/climate/tmp_12.txt
ncols         720
nrows         360
xllcorner     -180
yllcorner     -90
cellsize      0.5
NODATA_value  -9999
[rows 34 to 67 of 360, columns 76 to 151 of 720]
-9999 -9999 -9999 -9999 -9999 -9999 -9999 -9999 -9999 -9999 -9999 -9999 -9999 -9999 -9999 -9999 -9999 -9999 -9999 -9999 -9999 -9999 -9999 -9999 -9999 -9999 -9999 -9999 -9999 -9999 -9999 -9999 -9999 -9999 -263.68 -264.76 -265.8 -265.9 -266.92 -267.94 -269.08 -269.14 -270.22 -270.26 -268.34 -269.42 -270.56 -272.54 -274.6 -278.66 -283.68 -285.58 -287.64 -289.66 -290.64 -291.64 -289.7 -292.64 -295.74 -295.68 -289.7 -288.7 -285.74 -291.7 -292.54 -291.62 -9999 -289.4 -297.32 -300.3 -298.24 -296.26 -295.16 -294.12 -9999 -9999
-9999 -9999 -9999 -9999 -9999 -9999 -9999 -9999 -9999 -9999 -9999 -9999 -9999 -9999 -9999 -9999 -9999 -9999 -9999 -9999 -9999 -9999 -9999 -9999 -9999 -9999 -9999 -9999 -9999 -9999 -9999 -9999 -259.5 -260.38 -260.48 -260.46 -260.54 -260.62 -261.72 -262.76 -263.8 -263.86 -263.88 -261.96 -265.1 -266.08 -262.18 -269.32 -274.28 -276.42 -280.38 -282.38 -284.4 -285.42 -287.36 -288.42 -290.38 -291.46 -293.44 -294.46 -289.52 -290.56 -289.48 -290.5 -291.44 -291.38 -291.42 -288.32 -292.24 -295.2 -296.18 -296.02 -294.1 -293.98 -9999 -9999
-9999 -9999 -9999 -9999 -9999 -9999 -9999 -9999 -9999 -9999 -9999 -9999 -9999 -9999 -9999 -9999 -9999 -9999 -9999 -9999 -9999 -9999 -9999 -9999 -9999 -9999 -9999 -9999 -9999 -9999 -9999 -9999 -256.4 -256.36 -257.3 -255.24 -258.26 -261.4 -261.48 -262.48 -256.54 -256.58 -252.68 -260.68 -9999 -255.84 -259.9 -265.98 -268.06 -271.2 -273.18 -275.14 -278.2 -280.12 -282.18 -283.22 -284.26 -285.22 -288.16 -289.2 -289.2 -290.2 -293.18 -293.26 -293.16 -292.2 -290.24 -290.12 -290.1 -292 -293 -293.9 -293.92 -293.78 -293.82 -9999
-9999 -9999 -9999 -9999 -9999 -9999 -9999 -9999 -9999 -9999 -9999 -9999 -9999 -9999 -9999 -9999 -9999 -9999 -9999 -9999 -9999 -9999 -9999 -9999 -9999 -9999 -9999 -9999 -9999 -9999 -9999 -9999 -9999 -9999 -9999 -9999 -254.14 -251.2 -252.18 -249.24 -253.34 -251.46 -252.38 -9999 -9999 -9999 -9999 -255.74 -261.82 -264.94 -267.94 -268.96 -273.92 -276.92 -277 -277.94 -279.96 -281.98 -283.06 -283.98 -285.02 -288 -292.02 -292.02 -293.96 -294.04 -291.06 -291 -290.98 -291.96 -292.8 -293.82 -293.72 -293.72 -293.7 -290.58
-9999 -9999 -9999 -9999 -9999 -9999 -9999 -9999 -9999 -9999 -9999 -9999 -9999 -9999 -9999 -9999 -9999 -9999 -9999 -9999 -9999 -9999 -9999 -9999 -9999 -9999 -9999 -251.56 -9999 -9999 -9999 -9999 -9999 -9999 -9999 -9999 -9999 -9999 -9999 -9999 -9999 -9999 -9999 -9999 -9999 -9999 -9999 -251.52 -259.54 -261.6 -263.62 -265.72 -267.78 -268.68 -272.66 -272.7 -273.76 -274.7 -276.64 -280.8 -283.76 -285.72 -288.78 -290.78 -291.72 -292.76 -290.8 -289.78 -290.8 -290.76 -291.66 -292.72 -292.62 -292.5 -293.5 -293.44
-9999 -9999 -9999 -9999 -9999 -9999 -9999 -9999 -9999 -9999 -9999 -9999 -9999 -9999 -9999 -9999 -9999 -9999 -9999 -9999 -9999 -9999 -253.58 -251.44 -250.5 -9999 -9999 -249.54 -248.46 -249.58 -9999 -9999 -9999 -9999 -9999 -9999 -9999 -9999 -9999 -9999 -9999 -9999 -9999 -9999 -9999 -9999 -9999 -9999 -9999 -254.38 -256.42 -261.48 -264.54 -265.54 -266.56 -268.46 -269.4 -271.54 -272.52 -275.44 -279.58 -281.54 -283.54 -286.56 -287.56 -288.56 -288.48 -287.6 -288.56 -290.68 -290.56 -291.5 -292.52 -292.48 -293.4 -293.38
-231.98 -244.22 -245.52 -246.84 -247.1 -245.48 -9999 -9999 -9999 -9999 -9999 -9999 -245.02 -9999 -9999 -252.18 -254.44 -256.5 -256.52 -255.52 -247.46 -247.44 -247.46 -247.42 -258.46 -252.48 -255.5 -263.54 -265.56 -261.52 -248.62 -252.66 -9999 -246.36 -240.1 -242.94 -9999 -239.86 -235.78 -234.86 -233.88 -228.92 -232.88 -9999 -9999 -9999 -9999 -9999 -9999 -252.24 -256.18 -260.28 -262.28 -264.32 -266.34 -268.3 -271.36 -274.38 -274.36 -276.34 -278.3 -280.38 -282.34 -283.3 -287.26 -288.3 -287.28 -288.28 -288.32 -287.38 -287.4 -288.38 -290.32 -291.3 -292.32 -291.28
-260.04 -258.28 -253.48 -251.98 -245.16 -241.46 -236.72 -242.1 -9999 -9999 -9999 -9999 -249.8 -251.18 -251.54 -249.96 -248.22 -245.32 -244.34 -245.34 -246.24 -247.22 -247.34 -247.38 -266.42 -264.52 -267.52 -265.62 -270.62 -269.64 -250.68 -249.72 -247.58 -245.38 -243.12 -240.78 -239.74 -238.78 -239.64 -241.74 -245.68 -242.82 -237.78 -235.84 -239.82 -240.88 -242.88 -244.86 -246 -9999 -9999 -255.12 -256.18 -257.18 -258.26 -259.2 -261.18 -266.18 -268.14 -270.26 -273.16 -275.24 -277.12 -279.16 -283.2 -285.2 -284.18 -285.1 -285.16 -283.12 -279.2 -285.18 -287.2 -290.16 -290.12 -290.16
-255.86 -250.3 -250.76 -252.22 -244.56 -251.86 -248.02 -250.32 -248.58 -248.6 -248.86 -250.2 -250.6 -251 -253.36 -253.82 -254.12 -251.12 -250.18 -250.2 -250.18 -251.3 -251.36 -251.42 -252.54 -253.56 -253.62 -252.66 -255.68 -255.64 -253.76 -252.76 -250.66 -248.46 -246.16 -244.9 -242.6 -240.56 -239.56 -237.6 -235.6 -233.64 -233.72 -235.68 -240.74 -248.72 -249.8 -251.76 -250.86 -251.82 -252.8 -253.9 -254.98 -255.06 -256.02 -257.08 -9999 -258.02 -262.04 -265.02 -268.06 -270 -272.06 -273.02 -273.02 -277 -272.02 -272.04 -274.04 -280.02 -282.06 -284.12 -286.12 -281.1 -286.14 -283.1
-240.94 -240.52 -242.14 -241.52 -236.96 -241.18 -247.46 -252.6 -258.56 -261.64 -263.94 -264.12 -260.54 -253.96 -254.3 -254.68 -254.86 -255.16 -253.12 -253.16 -252.24 -252.26 -253.44 -254.52 -254.54 -253.62 -253.7 -254.74 -257.72 -256.78 -254.84 -253.86 -251.74 -249.48 -247.12 -244.86 -243.54 -241.42 -239.48 -238.44 -236.44 -235.44 -235.58 -237.6 -244.6 -248.6 -247.66 -249.68 -250.68 -252.68 -254.8 -254.8 -255.7 -253.82 -252.88 -253.86 -255.94 -9999 -9999 -9999 -259.92 -259.9 -261.86 -9999 -9999 -9999 -266.96 -274.96 -275.96 -277.02 -278.92 -281.96 -283.82 -283.98 -283.1 -279
-240.2 -242.68 -240.26 -238.84 -237.3 -239.5 -242.5 -250.48 -254.38 -267.46 -271.56 -273.86 -264.12 -255.36 -256.78 -255.96 -255.2 -254.76 -254.96 -254.28 -252.28 -254.36 -254.46 -256.48 -255.6 -256.62 -257.68 -257.72 -258.84 -257.74 -255.82 -253.9 -251.72 -250.5 -249.24 -246.82 -243.54 -242.4 -240.42 -240.32 -238.32 -237.44 -237.38 -239.46 -245.52 -245.48 -247.56 -249.52 -250.54 -251.54 -253.54 -253.72 -252.64 -251.72 -251.72 -252.74 -253.82 -254.8 -263.82 -257.82 -260.84 -262.86 -264.82 -267.82 -271.9 -271.92 -264.84 -265.88 -276.94 -279.88 -280.8 -282.8 -286.76 -288.9 -288.88 -287.96
-227.74 -230.96 -236.5 -237.9 -244.16 -245.84 -249.76 -250.74 -248.7 -251.76 -256.88 -271.18 -261.52 -258.66 -255.92 -254.26 -253.76 -252.44 -252.72 -250.84 -252.1 -253.38 -254.46 -254.58 -258.62 -260.7 -259.76 -259.82 -259.86 -258.86 -256.9 -254.96 -252.76 -251.44 -249.1 -246.8 -244.54 -243.3 -242.3 -241.24 -240.12 -239.16 -239.28 -240.34 -242.28 -243.42 -246.36 -247.36 -247.36 -249.46 -250.46 -251.42 -251.4 -252.4 -254.48 -254.6 -256.62 -257.78 -258.8 -260.72 -262.74 -264.8 -266.78 -268.84 -270.82 -271.8 -272.88 -272.74 -271.74 -276.74 -277.66 -278.7 -283.66 -285.86 -285.94 -287.02
-229.3 -234.08 -241.34 -245.72 -246.66 -251.32 -251.1 -248.96 -248.94 -250 -255.14 -264.34 -266.64 -256 -253.3 -251.52 -251.4 -251.12 -249.42 -249.56 -249.84 -251.06 -252.36 -253.5 -256.7 -259.68 -262.74 -260.86 -259.92 -259 -256.02 -254.98 -254.7 -251.5 -250.22 -247.86 -246.46 -244.2 -243.2 -242.12 -239.1 -238.18 -239.14 -239.1 -239.18 -241.16 -243.18 -244.3 -246.16 -251.14 -253.22 -254.26 -256.2 -257.02 -258.12 -260.24 -262.44 -263.64 -264.64 -267.66 -269.68 -270.74 -271.78 -273.7 -273.74 -274.7 -275.68 -276.62 -276.64 -277.5 -278.46 -279.66 -281.66 -281.82 -282.88 -283.96
-224.4 -229.34 -242.22 -249.5 -256.3 -256 -250.52 -247.18 -247.34 -250.36 -255.46 -259.7 -266.96 -259.26 -254.6 -250.14 -248 -247.82 -247 -246.28 -246.54 -247.74 -248.94 -251.22 -253.44 -256.68 -260.84 -259.88 -258 -256.96 -255.06 -252.96 -252.72 -250.46 -247.14 -245.8 -244.52 -241.26 -241.02 -240.96 -240.94 -238.94 -236.9 -237.94 -239 -242.04 -244.02 -241.94 -243.98 -250 -251.02 -252.94 -253.88 -254.74 -256.8 -257.94 -259.06 -261.28 -263.48 -265.62 -266.72 -268.72 -269.66 -270.7 -270.62 -271.6 -272.56 -273.42 -272.42 -273.28 -274.36 -276.56 -277.54 -278.7 -279.82 -280.98
-226.74 -229.56 -241.52 -248.16 -252.94 -254.72 -255.16 -249.76 -253.58 -255.7 -253.84 -252.92 -255.22 -250.54 -250.84 -253.84 -252.66 -251.48 -252.72 -253.88 -251.1 -250.44 -252.66 -250.86 -250.08 -252.34 -254.62 -254.8 -254.06 -256.14 -255.16 -253.98 -251.7 -250.46 -248.08 -246.84 -246.5 -246.18 -244.96 -244.8 -240.7 -239.76 -239.74 -238.78 -240.74 -241.72 -240.74 -241.72 -247.8 -248.82 -249.78 -250.66 -251.58 -253.46 -254.42 -255.56 -257.82 -258.92 -260.14 -264.3 -265.48 -266.6 -268.58 -269.52 -267.52 -267.44 -268.34 -269.32 -270.14 -272.2 -273.26 -274.42 -275.52 -276.64 -277.74 -278.88
-224.96 -228.84 -237.6 -246.02 -247.62 -250.44 -253.9 -256.5 -258.14 -260 -261.18 -260.22 -257.5 -252.8 -254.6 -257.44 -261.2 -262.04 -265.34 -263.68 -258.8 -258.04 -263.3 -261.5 -256.74 -257 -255.26 -255.46 -249.76 -247.9 -249.2 -249.94 -246.6 -244.34 -246.06 -245.78 -245.46 -246.14 -244.72 -240.66 -240.68 -245.68 -244.62 -241.5 -242.64 -244.54 -243.56 -243.62 -245.6 -247.56 -248.44 -248.36 -249.26 -251.12 -253.04 -254.18 -255.38 -256.54 -257.76 -259.02 -262.2 -263.42 -264.46 -266.48 -263.3 -264.28 -264.1 -265.12 -266.06 -268.22 -269.3 -270.38 -271.46 -273.58 -274.74 -275.84
-228.32 -225.2 -226.62 -243.04 -249.32 -256.08 -256.6 -259.3 -265.98 -264.62 -264.36 -264.56 -266.82 -266.12 -265.2 -266.08 -267.84 -266.68 -266 -268.26 -265.44 -262.7 -265.9 -265.22 -261.48 -262.6 -261.88 -262.16 -259.34 -255.54 -247.94 -243.98 -243.58 -242.38 -241.96 -246.66 -247.42 -246.04 -245.74 -245.54 -243.52 -242.36 -243.36 -246.34 -247.32 -246.42 -242.34 -240.38 -240.24 -241.18 -242.12 -244.1 -247.02 -248.88 -250.8 -251.88 -252.98 -254.2 -255.38 -255.62 -256.9 -258.24 -259.28 -259.26 -260.12 -259.96 -260 -260.86 -262 -264.04 -265.24 -266.3 -268.42 -269.58 -270.66 -271.74
-220.64 -224.36 -227.66 -228.92 -240.4 -242.7 -250.46 -257.02 -261.62 -263.32 -261.98 -256.88 -254.94 -251.74 -254.84 -253.64 -257.46 -257.22 -254.66 -257.78 -256.18 -255.32 -257.54 -257.76 -253 -253.14 -251.44 -252.76 -252.06 -249.2 -245.6 -242.88 -241.68 -240.26 -239.9 -246.64 -251.34 -248.06 -246.72 -246.4 -244.34 -243.22 -244.2 -245.24 -244.12 -243.22 -242.22 -243.1 -238.9 -238.9 -239.82 -241.72 -244.66 -246.46 -248.5 -249.5 -250.62 -251.92 -252.14 -252.42 -252.6 -253.96 -254.06 -255 -255.04 -255.98 -255.76 -256.92 -257.98 -259.04 -261.14 -262.26 -264.4 -265.48 -266.62 -268.72
-211.9 -219.42 -222.74 -227.98 -231.5 -235.22 -238.4 -244.04 -246.58 -251.12 -249.7 -241.32 -235.26 -239.36 -238.32 -238.16 -235.92 -235.84 -244.2 -243.4 -245.66 -245.92 -245.14 -244.4 -244.62 -243.84 -244.14 -240.36 -239.46 -243.8 -243.16 -240.64 -240.88 -240.48 -240.02 -241.64 -244.3 -248.96 -247.62 -246.34 -245.16 -244.18 -242.04 -242.98 -242 -242.02 -240.86 -236.78 -237.76 -237.66 -236.6 -236.48 -240.34 -242.26 -243.14 -245.34 -246.44 -247.6 -249.82 -249.98 -250.06 -250.68 -250.78 -250.76 -250.76 -251.74 -251.76 -252.86 -253.96 -256.08 -257.16 -258.24 -260.36 -261.44 -262.6 -263.7
-201.06 -207.46 -214.1 -218.74 -225.44 -228.04 -236.42 -241.64 -247.14 -246.58 -243.16 -235.62 -233.32 -232.88 -231.96 -227.74 -234.52 -235.34 -232.76 -233.08 -236.24 -237.48 -235.78 -236.04 -236.26 -231.42 -230.72 -231.86 -235.08 -236.42 -233.78 -234.22 -237.62 -239.7 -240.24 -241.84 -241.32 -246.94 -246.66 -245.3 -242.98 -242 -240.94 -240.84 -238.82 -235.64 -234.5 -234.4 -233.4 -234.36 -233.26 -233.22 -235.06 -237.02 -239.96 -240.98 -242.18 -242.38 -243.42 -244.64 -245.7 -245.38 -244.54 -245.54 -242.5 -243.52 -246.7 -247.76 -249.9 -251.96 -253.08 -254.28 -256.32 -257.42 -256.6 -259.66
-186.54 -190.36 -198.06 -209.7 -219.44 -226.06 -237.46 -245.6 -243.84 -243.18 -237.42 -227.72 -218.76 -217.02 -217.66 -222.34 -225.14 -223.86 -223.44 -226.62 -226.92 -224.2 -227.32 -226.58 -227.9 -223.08 -221.24 -221.5 -224.64 -231.1 -231.48 -235.88 -236.34 -239.74 -236.54 -237.04 -238.48 -238.04 -240.58 -241.26 -238.92 -237.7 -236.76 -235.7 -234.54 -232.38 -231.28 -231.24 -231.16 -231 -229.96 -227.86 -228.78 -229.7 -232.76 -234.8 -235.82 -235.84 -237.04 -237.18 -237.32 -235.16 -234.26 -234.34 -233.32 -233.46 -239.6 -243.76 -247.82 -250 -251.1 -252.26 -254.36 -255.46 -257.58 -258.74
-194.92 -195.72 -188.94 -192.72 -199.36 -215.14 -225.54 -234.58 -239.86 -239.46 -230.22 -218.2 -211.26 -209.44 -206.52 -213.02 -213.8 -216.54 -211.08 -215.3 -214.56 -212.78 -215.04 -216.26 -215.48 -219.68 -210.88 -212.12 -212.3 -216.68 -224.02 -227.46 -229.9 -231.4 -231.66 -233.18 -233.74 -231.28 -234.76 -235.28 -233.84 -234.7 -235.6 -238.38 -237.24 -235.08 -233.94 -230.94 -226.82 -225.78 -224.72 -223.64 -223.56 -223.58 -226.44 -226.36 -226.46 -226.5 -227.7 -227.8 -227.84 -228.88 -231.1 -232.02 -234.12 -234.4 -237.5 -240.84 -242.84 -245.04 -247.16 -248.38 -250.36 -251.48 -253.58 -254.76
-197.28 -191.98 -191.98 -195.2 -197.36 -210.08 -221.56 -227.48 -227.08 -221.76 -219.86 -209.58 -202.66 -196.76 -190.94 -196.9 -200.54 -205.26 -206.74 -205.88 -204.12 -204.44 -208.62 -210.86 -208 -209.28 -204.54 -199.72 -205.1 -209.32 -210.7 -210.18 -214.5 -218.96 -224.38 -227.4 -231.98 -231.5 -230 -232.48 -228.92 -228.48 -226.3 -223.94 -224.9 -222.84 -220.72 -220.52 -222.5 -221.54 -220.44 -218.34 -216.36 -216.3 -221.18 -220.14 -219.14 -220.22 -219.26 -221.38 -222.4 -227.6 -228.84 -230.84 -230.98 -232.12 -233.26 -236.48 -237.78 -240 -242.2 -244.26 -246.46 -247.56 -248.64 -250.72
-195.7 -207.4 -210.1 -219.22 -194.36 -195.68 -204.08 -211.72 -214.38 -212.22 -203.74 -195.54 -187.18 -178.14 -182.2 -183.28 -189.38 -191.06 -192.62 -197.72 -200.92 -201.1 -201.12 -206.38 -203.68 -202.9 -206.06 -203.34 -203.6 -203.02 -201.36 -201.74 -202.2 -206.62 -214.04 -217.54 -222.14 -223.74 -223.2 -223.7 -223.18 -221.76 -219.58 -216.32 -214.16 -212.86 -212.58 -215.4 -218.26 -216.26 -214.32 -212.26 -215.08 -214.06 -214.92 -213.96 -213.9 -210.92 -213.96 -216 -218.24 -222.42 -224.62 -226.74 -226.86 -228.02 -228.96 -231.34 -234.54 -236.9 -239.2 -240.32 -242.54 -243.64 -244.7 -246.84
-164 -173.78 -193.42 -200.32 -197.58 -194.68 -194.76 -191.62 -193.54 -189.06 -181.72 -175.46 -172.08 -165.76 -164.62 -165.66 -170.66 -174.68 -176.4 -177.54 -180.76 -185.82 -191.98 -193.04 -196.3 -202.4 -205.64 -202.92 -199.22 -195.62 -192.94 -189.46 -190.9 -192.24 -199.74 -205.18 -208.42 -211.88 -217.42 -220 -219.44 -216.22 -214 -211.88 -208.66 -207.44 -208.28 -211 -212.84 -213.66 -212.44 -209.28 -202.94 -201.78 -203.7 -204.74 -204.72 -206.74 -209.62 -211.66 -212.92 -215.14 -218.56 -219.62 -219.76 -222.82 -225.88 -229.1 -233.36 -235.6 -237.92 -239.26 -239.48 -240.7 -241.74 -241.94
-129.92 -140.9 -145.82 -152.52 -161.58 -157.42 -168.28 -168.58 -166.32 -167.96 -158.7 -152.34 -148.9 -153.6 -145.4 -145.58 -149.6 -157.48 -159.42 -165.54 -172.48 -177.64 -179.76 -182.94 -186.98 -200.1 -210.28 -204.58 -195.94 -187.24 -182.68 -177.02 -176.48 -174.96 -182.32 -187.74 -194.24 -202.16 -207.66 -210.14 -209.7 -208.56 -205.48 -202.36 -198.14 -199.04 -201.98 -205.72 -211.46 -213.3 -209.16 -206.84 -202.1 -199.98 -198.76 -199.66 -200.62 -202.46 -204.38 -206.36 -207.74 -210.08 -213.42 -214.52 -215.7 -218.72 -220.6 -224.84 -229.1 -231.42 -233.7 -235.02 -235.28 -236.58 -236.82 -238
-103.18 -86.14 -62.98 -58.76 -57.76 -88.1 -108.82 -119.46 -130.18 -119.82 -132.48 -128.08 -128.78 -128.44 -135.26 -137.32 -131.38 -142.48 -150.52 -149.24 -159.1 -169.06 -173.02 -175.06 -175.1 -187.98 -199.2 -195.4 -185.76 -175.94 -169.26 -165.74 -163.14 -161.6 -161.92 -169.38 -180.76 -192.16 -199.96 -202.4 -201.18 -195.98 -191.92 -187.82 -186.74 -187.66 -191.52 -199.38 -205.18 -206 -203.72 -202.04 -200.22 -202.1 -198.94 -195.98 -195.78 -197.7 -199.4 -200.16 -202.88 -205.04 -208.46 -209.4 -211.48 -212.6 -214.5 -217.6 -219.92 -223.24 -226.46 -227.68 -230.06 -231.4 -231.72 -231.92
-9999 -9999 -9999 -9999 -47.9 -57.78 -59.56 -70.18 -100.92 -104.58 -104.2 -90.88 -82.6 -84.3 -118.16 -122.02 -117.06 -124.24 -135.22 -136.2 -143.98 -154.68 -157.72 -162.7 -161.7 -173.78 -181.98 -183.06 -175.3 -169.4 -163.56 -156.84 -148.06 -143.3 -144.7 -153.98 -167.42 -180.84 -192.14 -195.74 -192.58 -187.54 -182.46 -173.34 -170.28 -170.18 -177 -184.96 -191.78 -197.62 -201.4 -201.24 -203.46 -203.36 -200.24 -198.92 -189.74 -189.62 -192.4 -194.5 -196.36 -198.38 -201.76 -202.86 -199.82 -201.72 -205.66 -207.64 -210.82 -212.96 -216.22 -218.44 -221.72 -222.06 -223.4 -225.8
-9999 -9999 -9999 -9999 -9999 -9999 -9999 -52.96 -61.7 -110.36 -71.06 -48.74 -54.32 -45.02 -59.82 -82.84 -76.68 -90.72 -105.86 -118.84 -129.78 -142.64 -146.44 -150.42 -154.42 -164.56 -169.76 -170.92 -167.14 -161.24 -159.48 -158.64 -146.98 -136.1 -127.38 -139.54 -155.76 -169.96 -184.2 -185.04 -180.06 -173.94 -167.94 -159.84 -151.76 -152.62 -163.64 -174.48 -185.4 -193.24 -193.42 -191.16 -189.36 -190.1 -185.96 -180.8 -179.68 -181.64 -184.46 -187.12 -189.02 -192.8 -194.14 -195.16 -198.08 -201.04 -206 -209 -211.04 -214.2 -216.4 -216.54 -214.64 -217.76 -219.12 -220.4
-9999 -9999 -9999 -9999 -9999 -9999 -9999 -9999 -9999 -75.1 -48.78 -30.4 -27.12 -26.82 -28.74 -36.54 -59.34 -84.46 -98.44 -111.46 -119.4 -130.26 -130.18 -139.1 -145.94 -152.06 -155.3 -157.48 -159.62 -156.78 -151.92 -150.12 -144.34 -144.5 -146.72 -137.86 -146.1 -158.28 -166.02 -168.8 -164.64 -161.6 -156.5 -151.46 -146.34 -146.4 -157.28 -167.32 -174.26 -179.4 -181.3 -178 -170.28 -168.22 -167.08 -168 -170.92 -174.76 -181.1 -183.98 -183.64 -187.08 -189.4 -192.4 -195.44 -198.36 -202.32 -205.28 -207.34 -210.52 -210.72 -210.88 -212.08 -214.2 -215.24 -215.5
-9999 -9999 -9999 -9999 -9999 -9999 -9999 -9999 -9999 -9999 -9999 -18.22 -24.88 -21.58 -21.56 -31.24 -39.22 -70.02 -83.14 -106.2 -106.2 -114.02 -120.92 -124.8 -131.62 -136.36 -143.58 -144.72 -147.94 -149.06 -151.22 -144.42 -141.68 -140.86 -142.06 -145.28 -144.36 -147.26 -150.78 -152.56 -151.22 -152.18 -151.1 -151.12 -152.14 -152.92 -155.92 -163.5 -165.42 -165.3 -169.46 -174.46 -171.82 -162.72 -161.48 -163.3 -168.18 -176.18 -182.86 -186.68 -182.9 -182.14 -185.52 -189.78 -195.72 -196.7 -199.6 -201.62 -203.7 -204.76 -204 -206.12 -209.32 -211.46 -210.58 -211.78
-9999 -9999 -9999 -9999 -9999 -9999 -9999 -9999 -9999 -9999 -9999 -9999 -2.5 -16.36 -12.18 -19.1 -14.94 -43.84 -63.7 -102.84 -92.78 -109.7 -111.54 -110.64 -121.3 -124.92 -131.82 -135.02 -137.22 -139.3 -141.52 -145.82 -143.96 -139.18 -140.34 -144.46 -143.58 -142.04 -138.68 -136.4 -138.06 -141.8 -146.72 -148.72 -150.76 -153.62 -158.48 -158.44 -156.36 -155.08 -158.24 -161.14 -161.6 -152.28 -150.98 -158.84 -164.6 -168.96 -171.66 -174.92 -173.96 -179.26 -183.56 -187 -189.12 -189.98 -192.06 -193.92 -196.96 -199.1 -198.18 -200.4 -204.52 -206.78 -205.86 -207.1
-9999 -9999 -9999 -9999 -9999 -9999 -9999 -9999 -9999 -9999 -9999 -9999 -9999 -4.82 -6.98 -1.92 -5.78 -16.56 -26.5 -54.5 -61.5 -68.34 -77.36 -89.14 -97 -101.62 -109.1 -115.32 -121.44 -130.6 -133.76 -140.1 -140.26 -138.54 -138.56 -137.68 -137.28 -132.72 -125.52 -120.24 -119.88 -130.56 -140.46 -143.34 -150.58 -154.5 -156.36 -150.34 -145.42 -146.04 -152.54 -154.54 -150.32 -141.74 -144.56 -149.28 -151.32 -157.04 -162.12 -166.18 -169.28 -169.42 -173.76 -177.04 -180.3 -182.42 -184.38 -186.32 -188.4 -191.36 -194.56 -196.74 -198.78 -198.88 -199.96 -200.94
-9999 -9999 -9999 -9999 -9999 -9999 -9999 -9999 -9999 -9999 -9999 -9999 -9999 -9999 7.8 12.66 5.38 -2.48 -7.3 -21.14 -40.3 -47.06 -48.04 -64.94 -82.78 -76.34 -90.84 -103.56 -108.58 -117.86 -123.02 -131.32 -134.56 -136.76 -138.72 -130.54 -129.92 -122.52 -114.4 -108.02 -109.72 -118.36 -125.02 -133.54 -142.42 -146.36 -145.28 -137.34 -139.28 -142.18 -147.06 -146.84 -142.72 -139.5 -139.18 -140.9 -143.38 -150.5 -154.5 -158.7 -165.06 -170.7 -166.92 -170.22 -173.44 -174.6 -177.7 -179.68 -181.66 -183.68 -185.74 -188.64 -191.74 -191.7 -192.76 -195.64
