shamba/rasters/climate/tmp_1.txt
ncols         720
nrows         360
xllcorner     -180
yllcorner     -90
cellsize      0.5
NODATA_value  -9999
[rows 165 to 197 of 360, columns 228 to 303 of 720]
260.64 254.3 245.16 245.1 256.2 245.06 244.28 246.38 248.62 252.72 250.6 250.54 249.38 251.34 260.3 258.22 -9999 -9999 -9999 -9999 -9999 -9999 -9999 -9999 -9999 -9999 -9999 -9999 -9999 -9999 -9999 -9999 -9999 -9999 -9999 -9999 -9999 -9999 -9999 -9999 -9999 -9999 -9999 -9999 -9999 -9999 -9999 -9999 -9999 -9999 -9999 -9999 -9999 -9999 -9999 -9999 -9999 -9999 -9999 -9999 -9999 -9999 -9999 -9999 -9999 -9999 -9999 -9999 -9999 -9999 -9999 -9999 -9999 -9999 -9999 -9999
241.44 237.38 255.44 242.36 244.36 245.36 239.48 244.58 255.86 256.04 252.8 252.6 252.46 251.34 256.24 261.14 257.04 -9999 -9999 -9999 -9999 -9999 -9999 -9999 -9999 -9999 -9999 -9999 -9999 -9999 -9999 -9999 -9999 -9999 -9999 -9999 -9999 -9999 -9999 -9999 -9999 -9999 -9999 -9999 -9999 -9999 -9999 -9999 -9999 -9999 -9999 -9999 -9999 -9999 -9999 -9999 -9999 -9999 -9999 -9999 -9999 -9999 -9999 -9999 -9999 -9999 -9999 -9999 -9999 -9999 -9999 -9999 -9999 -9999 -9999 -9999
209.6 200.56 253.68 250.68 243.76 240.8 237.9 233.9 241.14 242.36 229.2 249.96 253.86 251.52 254.34 256.18 262.1 258.86 -9999 -9999 -9999 -9999 -9999 -9999 -9999 -9999 -9999 -9999 -9999 -9999 -9999 -9999 -9999 -9999 -9999 -9999 -9999 -9999 -9999 -9999 -9999 -9999 -9999 -9999 -9999 -9999 -9999 -9999 -9999 -9999 -9999 -9999 -9999 -9999 -9999 -9999 -9999 -9999 -9999 -9999 -9999 -9999 -9999 -9999 -9999 -9999 -9999 -9999 -9999 -9999 -9999 -9999 -9999 -9999 -9999 -9999
219.92 203.94 233 248.06 231.26 241.14 223.24 219.34 192.42 199.6 228.48 228.26 249.08 254.94 252.64 254.6 263.28 261.16 259.96 260.82 260.6 260.58 257.46 258.46 258.32 -9999 -9999 -9999 -9999 -9999 -9999 -9999 -9999 -9999 -9999 -9999 -9999 -9999 -9999 -9999 -9999 -9999 -9999 -9999 -9999 -9999 -9999 -9999 -9999 -9999 -9999 -9999 -9999 -9999 -9999 -9999 -9999 -9999 -9999 -9999 -9999 -9999 -9999 -9999 -9999 -9999 -9999 -9999 -9999 -9999 -9999 -9999 -9999 -9999 -9999 -9999
262.18 227.26 243.44 245.44 246.52 251.66 247.62 212.76 203.7 196.94 200.84 215.64 230.4 250.34 256.2 256.9 262.8 258.54 257.36 257.18 259 258.84 255.72 254.42 251.3 254.26 256.18 -9999 -9999 -9999 -9999 -9999 -9999 -9999 -9999 -9999 -9999 -9999 -9999 -9999 -9999 -9999 -9999 -9999 -9999 -9999 -9999 -9999 -9999 -9999 -9999 -9999 -9999 -9999 -9999 -9999 -9999 -9999 -9999 -9999 -9999 -9999 -9999 -9999 -9999 -9999 -9999 -9999 -9999 -9999 -9999 -9999 -9999 -9999 -9999 -9999
258.32 251.42 235.5 223.68 240.72 247.98 241.94 239.06 224.14 224.28 219.14 233.92 242.82 247.6 258.4 256.26 256.14 253.9 252.68 253.56 252.34 254.18 252.04 250.76 251.56 250.44 251.18 250.1 256.2 -9999 -9999 -9999 -9999 -9999 -9999 -9999 -9999 -9999 -9999 -9999 -9999 -9999 -9999 -9999 -9999 -9999 -9999 -9999 -9999 -9999 -9999 -9999 -9999 -9999 -9999 -9999 -9999 -9999 -9999 -9999 -9999 -9999 -9999 -9999 -9999 -9999 -9999 -9999 -9999 -9999 -9999 -9999 -9999 -9999 -9999 -9999
233.38 221.52 231.58 234.7 233.9 232.9 243.14 244.16 244.38 245.32 248.1 251 253.78 259.54 257.34 258.18 256.02 253.8 247.58 249.42 252.22 255.04 248.88 251.68 253.42 251.3 248.22 245.24 251.36 258.38 -9999 -9999 -9999 -9999 -9999 -9999 -9999 -9999 -9999 -9999 -9999 -9999 -9999 -9999 -9999 -9999 -9999 -9999 -9999 -9999 -9999 -9999 -9999 -9999 -9999 -9999 -9999 -9999 -9999 -9999 -9999 -9999 -9999 -9999 -9999 -9999 -9999 -9999 -9999 -9999 -9999 -9999 -9999 -9999 -9999 -9999
239.48 240.5 242.66 224.78 251.86 250.16 245.12 261.28 260.16 273.16 272 271.92 270.62 267.38 262.24 260.08 254.88 247.6 235.44 229.28 249.12 251.92 254.74 250.5 251.28 248.18 248.36 246.4 246.58 250.54 -9999 -9999 -9999 -9999 -9999 -9999 -9999 -9999 -9999 -9999 -9999 -9999 -9999 -9999 -9999 -9999 -9999 -9999 -9999 -9999 -9999 -9999 -9999 -9999 -9999 -9999 -9999 -9999 -9999 -9999 -9999 -9999 -9999 -9999 -9999 -9999 -9999 -9999 -9999 -9999 -9999 -9999 -9999 -9999 -9999 -9999
261.54 265.7 257.7 225.84 238.94 251.06 264.2 268.12 271.1 274.06 273.86 273.7 263.64 256.3 260.22 257.86 253.72 253.58 243.32 235.16 253.96 249.86 249.6 251.4 252.22 248.34 247.5 247.52 247.62 251.72 -9999 -9999 -9999 -9999 -9999 -9999 -9999 -9999 -9999 -9999 -9999 -9999 -9999 -9999 -9999 -9999 -9999 -9999 -9999 -9999 -9999 -9999 -9999 -9999 -9999 -9999 -9999 -9999 -9999 -9999 -9999 -9999 -9999 -9999 -9999 -9999 -9999 -9999 -9999 -9999 -9999 -9999 -9999 -9999 -9999 -9999
262.76 259.8 266.82 231.98 227.02 242.14 260.96 265.02 269.96 273.9 273.8 270.62 265.44 265.18 261.98 259.74 257.58 256.46 255.2 236 246.84 247.62 239.44 252.4 254.46 248.52 249.62 249.72 248.76 251.84 259.88 -9999 -9999 -9999 -9999 -9999 -9999 -9999 -9999 -9999 -9999 -9999 -9999 -9999 -9999 -9999 -9999 -9999 -9999 -9999 -9999 -9999 -9999 -9999 -9999 -9999 -9999 -9999 -9999 -9999 -9999 -9999 -9999 -9999 -9999 -9999 -9999 -9999 -9999 -9999 -9999 -9999 -9999 -9999 -9999 -9999
240.9 259.98 262.94 252.98 236.98 244.9 260.98 262.82 267.82 264.78 271.72 262.52 263.34 263.12 263.9 260.7 259.56 257.4 256.12 246.92 247.7 250.5 245.38 250.42 249.52 249.6 253.7 246.86 247.92 254 258.02 263.08 -9999 -9999 -9999 -9999 -9999 -9999 -9999 -9999 -9999 -9999 -9999 -9999 -9999 -9999 -9999 -9999 -9999 -9999 -9999 -9999 -9999 -9999 -9999 -9999 -9999 -9999 -9999 -9999 -9999 -9999 -9999 -9999 -9999 -9999 -9999 -9999 -9999 -9999 -9999 -9999 -9999 -9999 -9999 -9999
249.98 248.18 239.12 243.02 262.9 262.82 260.8 269.7 259.64 271.58 268.56 265.38 261.18 259.96 261.78 255.56 257.34 255.14 253.9 250.76 249.56 250.48 252.54 254.62 254.7 246.8 249.84 253 250.94 254.02 260.12 260.22 -9999 -9999 -9999 -9999 -9999 -9999 -9999 -9999 -9999 -9999 -9999 -9999 -9999 -9999 -9999 -9999 -9999 -9999 -9999 -9999 -9999 -9999 -9999 -9999 -9999 -9999 -9999 -9999 -9999 -9999 -9999 -9999 -9999 -9999 -9999 -9999 -9999 -9999 -9999 -9999 -9999 -9999 -9999 -9999
228.28 197.3 234.14 257.96 257.74 268.72 268.64 266.56 267.6 270.46 270.4 267.34 267.06 249.88 255.7 254.46 257.24 257.08 257.9 254.66 254.56 251.6 251.68 252.64 257.8 256.92 257 257.12 256.18 257.32 260.4 263.46 -9999 -9999 -9999 -9999 -9999 -9999 -9999 -9999 -9999 -9999 -9999 -9999 -9999 -9999 -9999 -9999 -9999 -9999 -9999 -9999 -9999 -9999 -9999 -9999 -9999 -9999 -9999 -9999 -9999 -9999 -9999 -9999 -9999 -9999 -9999 -9999 -9999 -9999 -9999 -9999 -9999 -9999 -9999 -9999
225.2 234.16 256.1 266.88 268.74 268.6 270.56 270.54 270.38 271.38 269.28 268.14 266.94 262.86 264.56 263.34 260.16 259 260.74 259.52 253.66 252.74 251.88 251.88 250.88 255.04 258.04 259.08 261.3 258.4 261.46 263.6 -9999 -9999 -9999 -9999 -9999 -9999 -9999 -9999 -9999 -9999 -9999 -9999 -9999 -9999 -9999 -9999 -9999 -9999 -9999 -9999 -9999 -9999 -9999 -9999 -9999 -9999 -9999 -9999 -9999 -9999 -9999 -9999 -9999 -9999 -9999 -9999 -9999 -9999 -9999 -9999 -9999 -9999 -9999 -9999
263.08 265.12 266.06 267.82 269.62 269.52 270.42 270.34 271.24 270.24 270.16 269.04 265.92 265.68 264.44 265.28 263.08 262.86 262.64 261.66 254.92 253.84 253.94 253 254.08 256.2 259.28 259.36 262.38 262.5 264.62 264.68 265.74 -9999 -9999 -9999 -9999 -9999 -9999 -9999 -9999 -9999 -9999 -9999 -9999 -9999 -9999 -9999 -9999 -9999 -9999 -9999 -9999 -9999 -9999 -9999 -9999 -9999 -9999 -9999 -9999 -9999 -9999 -9999 -9999 -9999 -9999 -9999 -9999 -9999 -9999 -9999 -9999 -9999 -9999 -9999
266.02 268 270 270.78 271.58 272.52 272.38 273.24 273.12 271.14 265.06 262.96 263.72 263.52 267.26 266.14 263.9 264.68 264.74 261.84 260.96 260.1 258.14 257.16 259.28 259.36 261.4 259.42 263.52 265.64 265.78 265.84 265.94 265.98 266.02 267.14 -9999 -9999 -9999 -9999 -9999 -9999 -9999 -9999 -9999 -9999 -9999 -9999 -9999 -9999 -9999 -9999 -9999 -9999 -9999 -9999 -9999 -9999 -9999 -9999 -9999 -9999 -9999 -9999 -9999 -9999 -9999 -9999 -9999 -9999 -9999 -9999 -9999 -9999 -9999 -9999
265 268 268.88 270.8 271.6 272.4 272.36 272.1 272 269.94 264.9 264.82 264.62 267.44 267.24 268.04 266.82 265.84 266 265.06 262.16 262.18 261.28 261.42 261.4 260.48 260.62 261.66 264.76 265.78 265.82 265.96 266.04 267.14 267.18 267.22 266.2 265.22 268.22 -9999 -9999 -9999 -9999 -9999 -9999 -9999 -9999 -9999 -9999 -9999 -9999 -9999 -9999 -9999 -9999 -9999 -9999 -9999 -9999 -9999 -9999 -9999 -9999 -9999 -9999 -9999 -9999 -9999 -9999 -9999 -9999 -9999 -9999 -9999 -9999 -9999
266.36 268.04 268.9 269.74 270.66 271.4 272.24 272.12 271.86 269.88 266.78 266.66 265.52 266.32 267.06 267.92 267.98 268 268.12 268.2 265.3 264.36 261.44 262.52 262.56 262.62 262.72 266.86 266.88 265.98 266.04 265.1 266.28 267.32 267.4 265.46 265.28 264.36 265.26 266.08 267.06 270.08 -9999 -9999 -9999 -9999 -9999 -9999 -9999 -9999 -9999 -9999 -9999 -9999 -9999 -9999 -9999 -9999 -9999 -9999 -9999 -9999 -9999 -9999 -9999 -9999 -9999 -9999 -9999 -9999 -9999 -9999 -9999 -9999 -9999 -9999
266.38 268.46 269.26 270.14 270.82 271.4 271.14 271 270.9 269.68 268.6 267.58 266.4 266.22 267.04 268.12 268.18 269.22 269.34 268.34 267.46 266.52 266.54 266.64 268.78 267.84 268.9 267.98 267.1 266.1 265.16 266.28 266.32 267.4 266.44 265.36 265.18 265.34 265.36 266.22 268.22 268.22 268.08 -9999 -9999 -9999 -9999 -9999 -9999 -9999 -9999 -9999 -9999 -9999 -9999 -9999 -9999 -9999 -9999 -9999 -9999 -9999 -9999 -9999 -9999 -9999 -9999 -9999 -9999 -9999 -9999 -9999 -9999 -9999 -9999 -9999
267.28 268.56 270.66 271.42 271.3 270.84 270.48 270.12 269.82 270.7 269.56 267.48 267.36 267.08 266.12 269.22 269.28 270.36 271.5 269.52 265.54 264.6 267.72 267.76 267.9 266.92 265.08 266.12 267.12 266.14 264.2 265.3 266.36 266.34 265.36 266.24 265.12 264.9 264.74 265.8 267.94 267.12 267.22 272.12 -9999 275.04 -9999 -9999 -9999 -9999 -9999 -9999 -9999 -9999 -9999 -9999 -9999 -9999 -9999 -9999 -9999 -9999 -9999 -9999 -9999 -9999 -9999 -9999 -9999 -9999 -9999 -9999 -9999 -9999 -9999 -9999
267.38 269.5 270.72 271.88 270.66 270.36 269.9 269.5 270.14 269.78 269.46 269.3 269.16 268.18 267.34 268.34 269.5 270.52 272.54 269.62 265.72 263.68 262.74 264.82 265.8 264.98 264.04 264.04 267.06 266.08 266.14 266.22 266.22 267.32 266.4 267.26 266.1 265 265.74 263.6 267.4 267.24 266.46 269.64 271.66 273.86 276 277.96 278.9 279.86 276.88 279.8 280.74 -9999 -9999 -9999 -9999 -9999 -9999 -9999 -9999 -9999 -9999 -9999 -9999 -9999 -9999 -9999 -9999 -9999 -9999 -9999 -9999 -9999 -9999 -9999
268.26 270.44 272.66 271.9 271.02 269.7 269.36 268.96 269.5 269.24 269.88 269.36 269.2 268.24 266.34 267.48 267.44 268.46 268.42 267.54 265.6 264.7 263.76 263.82 263.92 262.96 261.94 262.96 264.04 263.16 264.18 265.16 266.24 266.3 266.34 266.26 263.04 262.94 263.7 262.48 267.36 269.22 269 269.84 270.92 273.04 275.24 277.36 277.56 272.7 278.9 277.94 279.76 279.78 -9999 -9999 -9999 -9999 -9999 -9999 -9999 -9999 -9999 -9999 -9999 -9999 -9999 -9999 -9999 -9999 -9999 -9999 -9999 -9999 -9999 -9999
269.14 270.38 271.58 270.86 269.02 268.14 267.74 268.48 267.98 268.34 268.78 267.3 267.2 267.3 267.34 266.32 266.4 267.42 267.54 267.62 266.64 264.68 262.74 262.82 262.86 262.88 262.98 262.04 263.1 262.14 264.18 265.2 267.3 267.28 267.34 265.2 261.98 263.8 258.62 264.48 267.32 270.1 269.96 268.78 267.64 269.46 274.34 276.54 276.7 262.9 266.96 277.2 274.28 275.48 275.78 286.78 -9999 -9999 -9999 -9999 -9999 -9999 -9999 -9999 -9999 -9999 -9999 271.22 -9999 -9999 -9999 -9999 -9999 -9999 -9999 -9999
269.1 269.34 269.52 268.78 267.98 266.3 265.84 266.24 266.62 267.1 267.46 267.28 267.3 266.26 266.3 266.34 266.38 265.44 265.48 266.54 265.56 263.72 260.74 260.74 262.76 261.8 260.9 259.92 259.9 259.08 259.08 262.18 266.24 266.28 266.28 265.12 263.98 264.78 264.68 263.46 266.26 268.14 269.92 268.74 269.66 273.38 273.26 274.1 274.86 263 261.12 278.32 271.46 272.72 271.88 280.5 285.62 -9999 -9999 -9999 -9999 -9999 -9999 -9999 -9999 -9999 -9999 -9999 -9999 -9999 -9999 -9999 -9999 -9999 -9999 -9999
268.9 269.16 268.38 268.58 267.82 267 265.62 266 266.32 265.78 266.44 266.32 266.2 265.3 265.34 265.36 265.38 264.46 265.4 265.48 263.56 261.62 260.64 260.76 259.72 258.84 258.84 257.82 257.94 255 253.1 259.12 264.2 265.2 264.18 261.14 258.9 260.74 263.52 259.38 264.22 267.1 268.9 266.7 269.5 273.36 273.2 274 270.92 265.68 267.52 269.52 266.8 270.86 278.24 281.9 285.68 283.76 -9999 -9999 -9999 -9999 -9999 -9999 -9999 -9999 -9999 -9999 -9999 -9999 -9999 -9999 -9999 -9999 -9999 -9999
267.58 267.86 268.12 267.38 266.62 266.68 266.26 265.64 265.1 265.56 265.48 266.32 266.32 266.24 265.28 265.3 263.4 263.44 263.44 263.54 262.6 259.64 259.68 258.72 255.78 253.88 255.86 251.94 251.92 251.04 251.08 258.12 262.18 265.34 266.26 267.08 262.9 258.8 258.6 259.42 262.18 262.96 265.86 263.64 268.54 270.34 273.16 272.98 272.94 262.78 264.66 267.46 270.32 281.16 282.78 285.24 286.08 283.84 278.76 273.72 270.72 277.66 -9999 -9999 -9999 -9999 -9999 -9999 -9999 -9999 -9999 -9999 -9999 -9999 -9999 -9999
267.48 267.72 268.06 267.22 266.34 266.3 265.94 265.32 264.82 264.48 265.38 265.28 265.26 265.22 264.2 263.32 263.4 262.42 262.46 261.48 262.6 258.6 259.7 258.7 252.7 251.72 254.86 249.88 248.9 250.02 253 258.08 261.18 263.28 262.16 265.94 261.82 262.62 256.42 259.38 259.14 262 262.88 264.6 269.56 269.3 269.2 273.06 269.96 258.84 263.68 266.6 270.52 278.34 284.5 280.72 286.38 283.28 279.82 270.82 269.8 270.8 -9999 -9999 -9999 -9999 -9999 -9999 -9999 -9999 -9999 -9999 -9999 -9999 -9999 -9999
266.3 266.56 265.9 266.04 265.1 265.02 264.5 264.98 264.44 264.46 265.4 265.28 264.26 264.24 262.22 260.28 262.32 260.46 260.42 259.52 260.58 257.6 256.56 256.7 250.68 248.7 251.78 250.84 245 246.02 252.02 253.16 256.1 258.2 259.18 262.96 258.78 262.68 254.5 254.34 254.12 257.02 261.76 262.64 262.48 267.46 270.36 268.22 267 263.04 259.8 266.72 268.74 276.58 274.7 273.66 276.86 282.56 272.36 263.9 267.72 271.78 -9999 -9999 -9999 -9999 -9999 -9999 -9999 -9999 -9999 -9999 -9999 -9999 -9999 -9999
266.26 266.48 265.7 265.88 264.8 264.64 264.28 263.8 263.44 263.38 264.32 264.32 263.22 262.24 261.24 259.26 260.3 257.32 256.36 255.44 258.52 257.5 255.5 254.66 252.78 248.72 247.86 249.88 248.9 248.92 251.04 252.06 253.2 257.14 260.1 257.94 258.76 259.66 250.48 251.24 255.14 258.04 259.86 262.82 265.74 267.6 271.46 271.38 264.14 266.1 262.06 263.98 270.94 272.82 274.92 276.02 276.08 279.28 271.7 258.54 258.82 270.78 -9999 -9999 -9999 -9999 -9999 -9999 -9999 -9999 -9999 -9999 -9999 -9999 -9999 -9999
266.12 266.3 266.52 265.64 264.52 264.34 263.96 263.54 262.38 261.38 262.28 262.26 260.28 260.16 262.14 262.22 259.26 250.36 251.44 252.44 252.42 253.46 252.52 250.54 251.76 249.78 248.74 248.8 249.9 249.96 249.98 250.06 253.14 258.2 256.1 255.92 261.7 259.52 256.36 258.26 262.08 265.14 266.04 265 268.84 269.7 271.62 273.52 272.4 271.32 263.26 258.2 259.16 264.18 265.12 269.24 273.32 266.46 261.74 260.98 264.66 270.94 271.88 -9999 -9999 -9999 -9999 -9999 -9999 -9999 -9999 -9999 -9999 -9999 -9999 -9999
266.98 267.12 266.34 265.28 264.12 264.12 263.78 263.52 261.42 261.32 262.26 262.28 259.2 258.18 261.1 259.12 259.24 252.28 245.36 249.3 250.34 252.44 252.52 251.56 250.68 251.7 251.72 249.82 248.84 249.92 250 250.02 254.1 259.12 257 257.92 261.74 260.64 258.54 258.48 260.38 264.38 264.22 258.1 264.96 266.8 270.7 272.74 271.56 274.54 262.5 263.44 263.44 262.36 266.3 261.46 260.46 260.68 259.92 258.16 263.34 266.78 266.96 -9999 -9999 -9999 -9999 -9999 -9999 -9999 -9999 -9999 -9999 -9999 -9999 -9999
268 267.08 266.16 264.98 262.84 263.94 263.58 262.54 260.46 259.34 259.28 259.22 259.22 259.18 259.12 259.06 260.18 253.24 246.28 243.34 245.38 247.4 250.5 248.5 252.6 252.66 253.72 250.76 250.9 251.88 246.92 250.04 254.08 260.14 256.02 261.98 258.88 257.8 253.66 253.64 259.58 256.52 261.34 262.24 265.1 267.16 270 272.92 269.84 267.74 264.78 268.72 270.58 269.56 267.6 266.62 263.64 259.8 248.08 251.32 252.56 262.86 265.92 -9999 -9999 -9999 -9999 -9999 -9999 -9999 -9999 -9999 -9999 -9999 -9999 -9999
267.86 266.06 264.9 264.78 264.74 262.68 262.5 261.48 259.44 259.3 260.28 260.24 259.24 260.08 260.1 260.06 260.18 257.18 252.26 247.26 245.36 245.46 246.54 247.56 250.58 252.66 252.74 253.78 246.92 248.96 248 255.04 259.04 262.2 255.18 263.18 259.18 256.02 250.94 253.84 259.7 255.6 261.52 265.48 263.28 261.34 263.18 273.12 266.08 264.04 265.94 267.92 270.84 273.8 275.78 272.82 267.9 257.1 245.34 243.58 257.86 265.98 -9999 -9999 -9999 -9999 -9999 -9999 -9999 -9999 -9999 -9999 -9999 -9999 -9999 -9999
