shamba/rasters/climate/tmp_3.txt
ncols         720
nrows         360
xllcorner     -180
yllcorner     -90
cellsize      0.5
NODATA_value  -9999
[rows 204 to 237 of 360, columns 228 to 303 of 720]
272.76 272.6 272.64 269.58 267.5 265.48 262.54 259.62 255.72 252.96 254.86 257.08 251.36 255.5 258.46 257.48 258.52 258.42 257.42 255.44 259.44 253.44 257.42 263.44 265.38 265.44 264.62 265.84 264.1 266.32 270.26 270.36 268.3 263.4 266.98 266.82 259.8 256.8 256.8 242.74 242.6 244.7 246.64 243.56 252.56 260.6 255.54 234.44 234.5 245.38 252.34 259.2 263.1 263.04 262.96 266.24 269.24 -9999 -9999 -9999 -9999 -9999 -9999 -9999 -9999 -9999 -9999 -9999 -9999 -9999 -9999 -9999 -9999 -9999 -9999 -9999
273.62 273.66 272.54 271.44 268.36 267.28 265.38 263.42 259.64 255.7 254.8 253.88 251.1 256.42 258.52 257.52 258.44 258.44 259.38 257.48 261.42 255.44 261.36 264.42 265.48 266.58 266.84 266.08 265.2 268.18 272.16 269.24 261.32 263.28 261.98 264.68 264.62 258.54 255.58 244.6 243.56 243.56 241.5 242.48 257.46 258.42 254.44 241.38 227.26 248.18 255.2 258.14 259.1 262.1 268.04 269.18 266.1 -9999 -9999 -9999 -9999 -9999 -9999 -9999 -9999 -9999 -9999 -9999 -9999 -9999 -9999 -9999 -9999 -9999 -9999 -9999
273.58 273.5 272.36 271.36 270.22 266.18 266.24 264.3 262.38 260.54 255.58 251.7 245.74 251.14 254.3 254.54 256.4 258.44 261.4 258.46 261.44 257.46 259.46 264.44 264.52 266.84 267.06 265.04 261.06 270.04 271.1 266.1 259.18 255.12 256.8 261.56 256.54 258.46 256.48 244.42 243.4 243.4 244.38 249.4 258.38 260.28 245.28 247.24 235.18 231.2 252.16 238.06 244.08 260.1 265.06 266.08 -9999 -9999 -9999 -9999 -9999 -9999 -9999 -9999 -9999 -9999 -9999 -9999 -9999 -9999 -9999 -9999 -9999 -9999 -9999 -9999
275.44 274.42 273.34 272.12 270.14 266 266.02 261.14 262.26 260.38 258.5 256.54 243.6 245.8 251.02 252.4 253.56 257.52 260.58 259.48 257.48 258.38 259.46 260.54 260.8 265.98 264.94 261.94 264.88 271.02 269.98 268 262.08 252.1 252.8 259.36 244.36 243.28 258.3 244.3 243.32 243.3 245.26 250.28 259.26 259.16 243.1 241.14 251.1 242.08 257.04 248.98 251 259.88 266.02 -9999 -9999 -9999 -9999 -9999 -9999 -9999 -9999 -9999 -9999 -9999 -9999 -9999 -9999 -9999 -9999 -9999 -9999 -9999 -9999 -9999
274.28 274.3 272.18 270.04 267.96 266.92 265.88 263 261.1 262.22 254.24 257.3 251.46 244.66 243.82 248.08 252.32 256.46 261.48 261.6 261.44 258.46 259.54 255.68 255.76 256.82 255.84 260.82 267.82 269.88 270.82 265.9 261.98 248.96 256.54 254.2 242.18 245.16 259.08 248.14 243.12 244.12 250.16 256.12 261.04 258 250.06 248 253.96 253.88 250.94 243.9 254.92 259.9 263.94 -9999 -9999 -9999 -9999 -9999 -9999 -9999 -9999 -9999 -9999 -9999 -9999 -9999 -9999 -9999 -9999 -9999 -9999 -9999 -9999 -9999
272.18 272.24 271.08 268.92 266.88 265.8 263.88 260.82 261 262.04 255.2 250.18 253.22 247.36 247.58 254.78 262.06 262.4 266.58 265.48 264.58 258.62 252.76 253.74 255.72 254.68 258.74 265.66 269.68 270.8 269.78 263.8 255.84 254.88 251.5 237.24 233.06 250.06 248.96 246.04 241.98 244.98 249.96 255.94 258.96 257.96 253.9 248.88 246.86 244.92 232.86 238.8 252.78 258.92 -9999 -9999 -9999 -9999 -9999 -9999 -9999 -9999 -9999 -9999 -9999 -9999 -9999 -9999 -9999 -9999 -9999 -9999 -9999 -9999 -9999 -9999
270.38 270.22 269.08 267.88 264.78 263.66 261.72 258.74 259.88 258.88 260.96 259.02 260.06 258.24 257.3 262.42 264.76 268.08 268.38 272.62 262.62 259.6 254.64 256.6 257.64 257.58 262.6 260.54 270.58 271.62 269.72 255.74 258.72 249.72 243.4 240.02 234.94 243.88 241.82 247.82 242.76 247.86 253.8 258.86 259.86 258.82 254.88 248.88 240.72 236.88 242.82 253.76 253.7 257.8 261.82 -9999 -9999 -9999 -9999 -9999 -9999 -9999 -9999 -9999 -9999 -9999 -9999 -9999 -9999 -9999 -9999 -9999 -9999 -9999 -9999 -9999
268.34 268.22 267.02 265.96 263.78 261.66 258.6 257.62 257.72 256.82 259.78 261.88 260.96 255.04 263.18 265.3 267.44 268.78 271.1 277.46 274.56 262.46 260.5 256.48 251.52 258.56 263.52 265.5 270.6 268.58 268.58 260.56 253.64 247.7 235.28 230.98 229.7 235.62 242.68 250.72 251.66 253.7 256.7 253.76 257.76 253.7 247.76 252.72 244.78 239.66 241.7 250.66 255.7 258.7 261.76 -9999 -9999 -9999 -9999 -9999 -9999 -9999 -9999 -9999 -9999 -9999 -9999 -9999 -9999 -9999 -9999 -9999 -9999 -9999 -9999 -9999
264.34 265.2 263 261.92 260.8 259.68 253.56 251.46 256.56 257.68 264.7 265.84 264.88 260.04 270.1 272.22 272.3 274.6 277.1 278.52 279.62 267.5 266.48 263.46 255.36 257.54 262.42 263.44 264.38 261.38 260.5 253.54 247.62 242.54 237.14 237.94 234.78 238.68 245.6 250.6 252.58 254.6 252.66 246.62 250.62 242.6 243.6 249.56 247.64 248.64 256.72 256.6 256.62 261.66 261.72 -9999 -9999 -9999 -9999 -9999 -9999 -9999 -9999 -9999 -9999 -9999 -9999 -9999 -9999 -9999 -9999 -9999 -9999 -9999 -9999 -9999
250.42 261.2 262.98 259.94 258.92 258.68 258.62 256.4 257.32 258.56 266.56 266.7 269.86 270.82 272 272.94 273.36 275.62 277.04 278.56 279.76 278.58 269.4 260.34 250.4 255.4 262.4 257.48 254.48 260.48 256.46 255.48 254.42 245.48 240.22 241.16 236.8 238.62 245.58 251.56 249.56 253.6 251.5 243.42 242.44 238.52 248.52 259.52 255.5 251.62 246.56 250.58 261.6 265.64 -9999 -9999 -9999 -9999 -9999 -9999 -9999 -9999 -9999 -9999 -9999 -9999 -9999 -9999 -9999 -9999 -9999 -9999 -9999 -9999 -9999 -9999
163.34 193.24 239.1 259 257.82 257.74 257.52 258.5 258.28 259.38 264.46 265.54 269.6 272.64 273.64 273.8 274.36 275.58 277.02 278.5 279.78 279.64 267.46 257.42 250.36 251.38 250.36 245.44 245.36 248.42 254.4 257.44 257.4 251.56 244.36 245.18 239.9 240.72 249.64 251.5 250.5 247.52 250.46 245.44 241.42 241.52 248.5 247.34 241.48 246.5 253.52 257.46 263.56 265.54 -9999 -9999 -9999 -9999 -9999 -9999 -9999 -9999 -9999 -9999 -9999 -9999 -9999 -9999 -9999 -9999 -9999 -9999 -9999 -9999 -9999 -9999
142.9 157.72 164.78 206.8 223.88 259.78 259.66 259.34 260.12 260.1 264.18 265.28 265.44 270.46 273.5 274.84 275.54 275.64 277.1 278.66 278.9 278.7 271.5 259.34 257.38 250.42 249.32 251.34 250.3 248.42 252.48 260.48 258.52 251.62 250.64 248.32 243.06 241.92 249.66 246.54 243.48 246.48 247.36 236.42 235.32 241.46 238.38 239.38 241.38 250.4 256.36 262.38 264.5 265.52 -9999 -9999 -9999 -9999 -9999 -9999 -9999 -9999 -9999 -9999 -9999 -9999 -9999 -9999 -9999 -9999 -9999 -9999 -9999 -9999 -9999 -9999
177.96 179.9 186.88 189.84 208.94 254.58 260.46 261.32 262.02 263.06 257 257.2 255.2 263.28 271.44 275 275.66 276.72 277.08 277.7 278.04 277.84 272.6 265.44 261.3 253.34 247.34 252.42 257.42 260.48 258.48 260.44 255.44 254.7 255.78 251.56 248.3 243.06 242.88 240.72 245.48 251.5 246.3 247.42 222.38 229.32 240.32 253.3 249.36 248.36 255.36 263.4 266.52 -9999 -9999 -9999 -9999 -9999 -9999 -9999 -9999 -9999 -9999 -9999 -9999 -9999 -9999 -9999 -9999 -9999 -9999 -9999 -9999 -9999 -9999 -9999
139 175 179 198.42 223 256.48 260.38 261.18 261.88 261.86 255.88 260.86 263.06 268.14 273.42 274.1 275.76 276.84 277.18 276.66 277.14 274.88 267.74 269.6 264.46 255.3 249.38 251.38 258.46 264.46 264.34 266.42 260.5 254.58 248.74 246.74 244.48 241.22 239.04 237.76 246.56 252.46 248.3 246.34 226.3 236.34 236.28 249.26 254.3 245.3 257.52 264.52 267.52 -9999 -9999 -9999 -9999 -9999 -9999 -9999 -9999 -9999 -9999 -9999 -9999 -9999 -9999 -9999 -9999 -9999 -9999 -9999 -9999 -9999 -9999 -9999
114.8 157.04 160.98 197.46 240.98 247.3 258.3 260.22 259.92 259.7 260.74 262.74 264.92 267.02 271.58 273.16 274.86 275.9 276.2 275.76 275.24 271.12 260.84 263.76 259.56 253.48 257.4 259.44 259.54 263.44 266.44 263.52 256.54 253.66 250.84 243 242.68 238.42 237.18 232 242.8 249.54 246.38 240.2 230.24 235.28 245.22 254.28 253.32 258.46 258.5 266.54 268.52 -9999 -9999 -9999 -9999 -9999 -9999 -9999 -9999 -9999 -9999 -9999 -9999 -9999 -9999 -9999 -9999 -9999 -9999 -9999 -9999 -9999 -9999 -9999
108.22 136.1 167.98 202.84 230.98 238.22 256.14 257.08 257.98 257.62 259.62 260.62 262.62 265 269.72 273.24 274.82 275 275.38 274.82 273.34 262.18 260.96 255.84 255.66 257.62 258.6 263.52 260.46 263.32 265.38 264.44 261.56 257.64 251.86 248.96 241.86 230.6 227.36 229.18 240.08 243.78 238.54 231.22 229.2 233.3 248.36 244.32 247.4 260.52 258.58 269.56 269.5 -9999 -9999 -9999 -9999 -9999 -9999 -9999 -9999 -9999 -9999 -9999 -9999 -9999 -9999 -9999 -9999 -9999 -9999 -9999 -9999 -9999 -9999 -9999
143.9 140.62 164.58 212.42 231.44 240.1 249.04 250.96 254.86 255.66 260.58 264.56 265.54 267.94 270.72 274.44 274.94 275.26 273.54 271.92 269.44 262.28 253.16 250.06 253.92 253.98 256.76 263.44 264.38 265.32 262.36 259.38 260.54 259.66 256.86 250 239.06 226.82 224.56 230.44 235.18 229.04 232.78 225.44 214.3 231.42 245.38 227.5 225.52 234.54 237.56 271.54 -9999 -9999 -9999 -9999 -9999 -9999 -9999 -9999 -9999 -9999 -9999 -9999 -9999 -9999 -9999 -9999 -9999 -9999 -9999 -9999 -9999 269.16 -9999 -9999
154.56 158.16 181.14 208.88 229.36 240.16 247.94 248.8 253.68 256.62 261.46 265.44 267.56 269.24 271.68 274.42 274.98 273.26 268.68 268.98 266.64 256.52 249.4 249.36 252.24 254.02 257.86 261.62 267.42 264.32 262.36 259.48 257.68 256.74 253.92 248.1 232.28 220 225.82 228.62 229.36 224.12 221.94 217.78 219.64 229.48 227.54 224.62 232.66 257.6 262.58 -9999 -9999 -9999 -9999 -9999 -9999 -9999 -9999 -9999 -9999 -9999 -9999 -9999 -9999 -9999 -9999 -9999 -9999 -9999 -9999 -9999 -9999 268.18 -9999 -9999
137.3 165.62 173.74 215.94 234.42 245.18 248.1 250.78 252.6 258.5 263.42 267.42 268.86 270.38 271.92 273.54 275.06 271.4 265.76 265.16 257.74 252.64 252.64 250.52 251.38 254.08 252.84 257.62 260.46 259.4 257.3 258.44 257.56 255.74 251.98 246.1 241.24 231.22 218.98 223.78 228.5 225.36 223.16 220.08 216.8 235.78 251.7 256.62 259.66 268.6 267.5 -9999 -9999 -9999 -9999 -9999 -9999 -9999 -9999 -9999 -9999 -9999 -9999 -9999 -9999 -9999 -9999 -9999 -9999 -9999 -9999 -9999 -9999 -9999 -9999 -9999
139.92 149.04 175.78 211.04 224.46 246.32 248.12 249.94 253.7 259.52 265.28 268.52 269 270.56 272.18 273.66 274.06 270.52 264.88 261.42 250.92 253.98 255.92 253.64 252.38 247.1 249.88 251.72 250.68 252.62 252.56 253.56 254.64 253.82 249.94 242.16 238.22 235.44 221.24 215.88 224.72 221.6 216.44 214.36 221.18 234.98 248.86 256.8 253.68 268.64 -9999 -9999 -9999 -9999 -9999 -9999 -9999 -9999 -9999 -9999 -9999 -9999 -9999 -9999 -9999 -9999 -9999 -9999 -9999 -9999 -9999 -9999 -9999 -9999 -9999 -9999
123.54 108.2 191.92 230.36 240.84 250.66 250.46 250.32 255.06 258.88 264.62 267.8 268.26 268.8 271.26 272.8 272.3 269.72 266.22 258.64 246.1 251.18 251.8 248.64 249.44 245.14 242.98 239.84 241.92 245.86 248.78 247.84 244.92 247.96 248.06 236.14 227.36 237.46 225.3 204.12 215.88 206.76 194.68 227.56 240.44 232.22 219.08 227.92 262.76 259.68 -9999 -9999 -9999 -9999 -9999 -9999 -9999 -9999 -9999 -9999 -9999 -9999 -9999 -9999 -9999 -9999 -9999 -9999 -9999 -9999 -9999 -9999 -9999 -9999 -9999 -9999
119.66 112.16 211.26 241.78 249.68 252.56 250.14 249.9 253.68 258.34 261.14 265.24 265.5 267.06 269.54 271.04 270.2 265.82 262.28 257.7 244.26 246.06 250.88 246.6 247.46 241.28 233.06 232.04 236.04 244.98 247.12 247.02 246.1 240.14 234.14 240.18 238.3 235.5 224.48 200.32 199.2 215.1 216.88 226.8 251.62 258.44 255.28 258.12 -9999 -9999 -9999 -9999 -9999 -9999 -9999 -9999 -9999 -9999 -9999 -9999 -9999 -9999 -9999 -9999 -9999 -9999 -9999 -9999 -9999 -9999 -9999 -9999 -9999 -9999 -9999 -9999
106.7 112.98 175.08 247.22 254.26 255.22 253.82 252.42 254.04 257.98 259.72 260.74 263 264.32 265.72 267.98 266.3 261.68 258.08 255.52 248.78 245.9 247.58 250.54 247.38 238.28 230.18 217.28 217.22 235.18 243.22 245.32 241.36 235.34 231.42 230.46 234.44 231.6 223.74 222.58 222.34 214.3 231.14 240.02 254.82 253.7 -9999 -9999 -9999 -9999 -9999 -9999 -9999 -9999 -9999 -9999 -9999 -9999 -9999 -9999 -9999 -9999 -9999 -9999 -9999 -9999 -9999 -9999 -9999 -9999 -9999 -9999 -9999 -9999 -9999 -9999
103.78 148.74 212.8 244.12 253.28 256.6 257.36 253.98 252.64 256.5 257.24 259.26 260.56 260.62 262.76 263.96 262.24 259.5 256.98 255.26 250.42 246.62 250.5 252.4 245.3 231.28 223.24 223.26 219.3 225.34 229.38 235.48 234.42 230.5 227.56 227.62 224.64 219.78 223.72 233.8 230.66 221.5 -9999 -9999 -9999 -9999 -9999 -9999 -9999 -9999 -9999 -9999 -9999 -9999 -9999 -9999 -9999 -9999 -9999 -9999 -9999 -9999 -9999 -9999 -9999 -9999 -9999 -9999 -9999 -9999 -9999 -9999 -9999 -9999 -9999 -9999
90.62 183.86 221.5 208.9 251.18 257.48 259.66 255.46 252.42 254.1 258.8 260.78 260.92 260.86 260.8 261.92 262.04 261.36 260.62 257.84 254.98 247.34 252.42 252.24 244.2 237.18 224.22 224.36 225.48 226.46 225.5 221.5 216.64 215.64 216.74 224.72 244.8 248.8 238.86 249.86 -9999 -9999 -9999 -9999 -9999 -9999 -9999 -9999 -9999 -9999 -9999 -9999 -9999 -9999 -9999 -9999 -9999 -9999 -9999 -9999 -9999 -9999 -9999 -9999 -9999 -9999 -9999 -9999 -9999 -9999 -9999 -9999 -9999 -9999 -9999 -9999
126.96 199.04 195.72 225.14 247.54 253.74 253.7 252.74 248.52 252.46 258.28 260.06 258.9 257.88 257.9 257.8 259.96 261.18 259.18 251.46 248.7 247.96 251.24 249.02 236.18 232.24 229.26 219.4 219.42 225.54 221.62 215.68 210.6 227.72 226.76 237.82 249.88 246.78 -9999 -9999 -9999 -9999 -9999 -9999 -9999 -9999 -9999 -9999 -9999 -9999 -9999 -9999 -9999 -9999 -9999 -9999 -9999 -9999 -9999 -9999 -9999 -9999 -9999 -9999 -9999 -9999 -9999 -9999 -9999 -9999 -9999 -9999 -9999 -9999 -9999 -9999
146.04 199.46 221.06 234.62 245.82 249.82 249.8 248.76 246.8 250.4 253.44 256.56 255.28 256.22 256.1 255 259.86 255.8 253.86 248.98 247.36 248.68 250.06 246.02 236.14 229.28 224.36 222.42 214.5 214.52 219.68 217.76 212.78 206.78 220.92 237.78 241.78 -9999 -9999 -9999 -9999 -9999 -9999 -9999 -9999 -9999 -9999 -9999 -9999 -9999 -9999 -9999 -9999 -9999 -9999 -9999 -9999 -9999 -9999 -9999 -9999 -9999 -9999 -9999 -9999 -9999 -9999 -9999 -9999 -9999 -9999 -9999 -9999 -9999 -9999 -9999
175.24 191.84 221.52 233.94 245.02 246.88 247.88 246.62 246.5 248.62 249.68 251.82 252.86 253.64 252.54 253.42 256.12 251.78 249.62 245.7 243.1 244.62 248.02 244.2 239.2 232.26 230.32 222.38 209.54 211.46 216.6 214.6 210.76 203.74 226.7 241.64 -9999 -9999 -9999 -9999 -9999 -9999 -9999 -9999 -9999 -9999 -9999 -9999 -9999 -9999 -9999 -9999 -9999 -9999 -9999 -9999 -9999 -9999 -9999 -9999 -9999 -9999 -9999 -9999 -9999 -9999 -9999 -9999 -9999 -9999 -9999 -9999 -9999 -9999 -9999 -9999
166.34 201.3 212 237.12 243.96 246.76 246.5 246.48 247.52 247.64 249.88 249.96 251.3 251.16 251.06 256.96 256.42 253.7 251.8 248.04 243.2 239.76 242.94 238.1 230.22 224.22 224.24 216.24 216.42 216.44 216.62 212.64 208.78 217.62 242.58 -9999 -9999 -9999 -9999 -9999 -9999 -9999 -9999 -9999 -9999 -9999 -9999 -9999 -9999 -9999 -9999 -9999 -9999 -9999 -9999 -9999 -9999 -9999 -9999 -9999 -9999 -9999 -9999 -9999 -9999 -9999 -9999 -9999 -9999 -9999 -9999 -9999 -9999 -9999 -9999 -9999
140.42 206.28 229.12 240.8 243.64 244.4 245.4 245.42 246.58 248.8 249.9 249.14 248.58 249.9 251.72 252.78 254.22 253.82 254.04 252.28 246.34 243.76 241.84 236.96 235.12 232.18 232.34 231.26 208.42 209.42 205.48 205.6 217.66 235.52 240.52 -9999 -9999 -9999 -9999 -9999 -9999 -9999 -9999 -9999 -9999 -9999 -9999 -9999 -9999 -9999 -9999 -9999 -9999 -9999 -9999 -9999 -9999 -9999 -9999 -9999 -9999 -9999 -9999 -9999 -9999 -9999 -9999 -9999 -9999 -9999 -9999 -9999 -9999 -9999 -9999 -9999
197.54 227.58 234.74 240.44 243.2 243.28 244.34 244.56 245.62 247.88 246.96 247.4 246.92 246.42 247.94 251 252.86 254 258.54 254.3 246.46 242.68 239.7 243.92 244.1 244.18 241.22 235.32 229.36 216.44 213.54 213.5 224.52 223.42 236.4 -9999 -9999 -9999 -9999 -9999 -9999 -9999 -9999 -9999 -9999 -9999 -9999 -9999 -9999 -9999 -9999 -9999 -9999 -9999 -9999 -9999 -9999 -9999 -9999 -9999 -9999 -9999 -9999 -9999 -9999 -9999 -9999 -9999 -9999 -9999 -9999 -9999 -9999 -9999 -9999 -9999
211.4 231.7 232.8 241 242.12 242.22 242.4 242.62 242.74 242.82 242.14 243.62 244.04 243.58 244.06 247.68 249.06 251.18 253.78 252.62 247.76 245.58 244.68 241.78 236.96 235.12 233.22 226.34 224.36 218.38 209.48 200.58 199.48 202.44 223.26 -9999 -9999 -9999 -9999 -9999 -9999 -9999 -9999 -9999 -9999 -9999 -9999 -9999 -9999 -9999 -9999 -9999 -9999 -9999 -9999 -9999 -9999 -9999 -9999 -9999 -9999 -9999 -9999 -9999 -9999 -9999 -9999 -9999 -9999 -9999 -9999 -9999 -9999 -9999 -9999 -9999
212.14 223.86 230.78 239 240 240.2 240.36 241.4 240.56 239.78 240.16 240.72 241.22 242.12 242.48 244.32 245.54 246.46 248.02 245.2 246.1 247.7 245.76 239.76 236.96 231.04 226.16 221.28 215.4 204.44 202.5 194.48 180.32 218.24 232.16 -9999 -9999 -9999 -9999 -9999 -9999 -9999 -9999 -9999 -9999 -9999 -9999 -9999 -9999 -9999 -9999 -9999 -9999 -9999 -9999 -9999 -9999 -9999 -9999 -9999 -9999 -9999 -9999 -9999 -9999 -9999 -9999 -9999 -9999 -9999 -9999 -9999 -9999 -9999 -9999 -9999
229.7 232.82 238.78 238.88 236.88 237.04 238.24 238.36 237.5 236.78 238.3 237.8 239.36 240.04 240.8 241.6 242.1 242.88 244.44 242.32 241.16 242.82 239.82 233.9 230.88 231.96 228.06 217.36 215.32 208.32 197.44 192.3 207.22 232.16 233.14 -9999 -9999 -9999 -9999 -9999 -9999 -9999 -9999 -9999 -9999 -9999 -9999 -9999 -9999 -9999 -9999 -9999 -9999 -9999 -9999 -9999 -9999 -9999 -9999 -9999 -9999 -9999 -9999 -9999 -9999 -9999 -9999 -9999 -9999 -9999 -9999 -9999 -9999 -9999 -9999 -9999
