shamba/rasters/climate/tmp_11.txt
ncols         720
nrows         360
xllcorner     -180
yllcorner     -90
cellsize      0.5
NODATA_value  -9999
[rows 136 to 169 of 360, columns 304 to 379 of 720]
-9999 -9999 -9999 -9999 -9999 -9999 -9999 -9999 -9999 -9999 -9999 -9999 -9999 -9999 -9999 -9999 -9999 -9999 -9999 -9999 -9999 -9999 226.86 231.9 230 236.06 242.08 246.2 246.08 249.22 242.24 246.3 245.22 245.24 244.26 244.22 244.26 244.22 244.16 243.16 243.04 242.92 241.86 240.8 240.76 240.74 239.74 238.66 237.62 237.5 242.4 243.42 243.34 240.32 240.46 235.34 230.16 230.02 229.7 229.32 228.14 227.86 225.68 226.36 218.9 216.58 216.52 215.6 210.76 215.58 212.64 208.78 205.88 198.02 196.18 198.42
-9999 -9999 -9999 -9999 -9999 -9999 -9999 -9999 -9999 -9999 -9999 -9999 -9999 -9999 -9999 -9999 -9999 -9999 -9999 -9999 -9999 233.98 228.02 234.04 237.08 243.08 246.2 250.32 250.2 252.28 245.3 251.3 249.26 249.4 247.42 248.32 247.28 247.2 247.24 247.18 247 246.04 245.86 244.84 245.86 244.72 242.76 241.76 241.66 240.58 243.46 246.52 246.5 244.4 241.4 238.4 233.42 233.26 232.9 232.7 231.44 231.1 225.66 223.3 220.98 221.68 220.78 221.88 222.12 215.08 216.06 215.96 208.94 204.06 195.16 200.36
-9999 -9999 -9999 -9999 -9999 -9999 -9999 -9999 -9999 -9999 -9999 -9999 -9999 -9999 -9999 -9999 -9999 -9999 -9999 -9999 -9999 237.98 230.08 235.16 242.22 247.22 252.3 257.36 259.36 257.28 249.4 250.38 253.48 252.38 252.48 252.38 249.3 250.22 251.28 250.24 250.24 250.08 248.98 247.94 247.94 246.74 245.78 244.78 244.74 243.64 243.5 248.48 248.48 247.52 243.58 240.54 235.46 234.36 234.1 232.9 226.48 227.06 223.62 218.26 224.04 230.02 229.04 229.16 234.44 233.44 225.38 224.26 213.3 211.24 208.26 212.36
-9999 -9999 -9999 -9999 -9999 -9999 -9999 -9999 -9999 -9999 -9999 -9999 -9999 -9999 -9999 -9999 -9999 -9999 -9999 -9999 -9999 -9999 -9999 241.3 246.24 251.32 258.4 262.42 263.46 261.16 254.34 255.36 257.48 256.54 256.46 256.42 254.38 254.4 254.32 254.38 253.24 253.1 252.02 251.98 250.92 249.84 248.84 248.8 247.66 246.7 246.58 250.54 251.54 250.6 244.58 244.54 238.6 237.62 232.24 227.8 224.4 226 222.62 222.4 232.36 233.26 236.3 233.48 237.76 235.98 228.82 226.74 209.74 203.64 217.54 218.52
-9999 -9999 -9999 -9999 -9999 -9999 -9999 -9999 -9999 -9999 -9999 -9999 -9999 -9999 -9999 -9999 -9999 -9999 -9999 -9999 -9999 -9999 -9999 247.38 252.46 257.3 263.32 265.46 268.26 265.04 260.18 258.26 261.28 258.44 253.5 251.38 255.36 257.32 257.38 257.24 257.18 256.1 256.04 254.94 253.9 252.82 251.76 251.7 250.72 249.6 249.52 251.5 255.58 253.54 249.56 248.56 247.6 245.48 236.16 231.7 228.3 232.9 235.72 236.62 237.48 239.58 243.52 241.78 238 236.34 232.26 225.22 214.1 207.04 213.96 218.88
-9999 -9999 -9999 -9999 -9999 -9999 -9999 -9999 -9999 -9999 -9999 -9999 -9999 -9999 -9999 -9999 -9999 -9999 -9999 -9999 -9999 -9999 256.96 251.5 256.38 262.38 267.42 270.22 270.74 269.78 268.04 267.06 264.3 261.36 256.42 256.42 259.32 260.4 260.24 260.34 260.22 259.1 259 257.98 256.9 255.78 254.78 253.62 253.72 252.64 252.58 258.52 258.5 257.52 252.52 251.46 253.4 250.22 240.96 239.56 236.16 240.96 242.96 243.76 243.86 243.78 249.82 249.04 243.3 241.66 238.7 231.54 218.44 195.4 211.36 216.36
-9999 -9999 -9999 -9999 -9999 -9999 -9999 -9999 -9999 -9999 -9999 -9999 -9999 -9999 -9999 -9999 -9999 -9999 -9999 -9999 -9999 -9999 -9999 266.48 260.6 266.56 271.18 271.74 270.54 270.66 273.86 272.14 264.04 262.2 261.36 261.46 263.28 262.34 264.28 265.24 263.18 262.06 262.02 260.94 259.9 258.84 257.74 256.66 255.66 255.6 255.56 258.48 259.48 258.46 251.4 254.32 258.16 256.08 248.72 248.44 244.26 248.14 251.06 249.92 249.06 249.16 254.08 252.36 246.66 245.9 243.02 235.98 221.9 200.86 190.76 210.76
-9999 -9999 -9999 -9999 -9999 -9999 -9999 -9999 -9999 -9999 -9999 -9999 -9999 -9999 -9999 -9999 -9999 -9999 -9999 -9999 -9999 -9999 -9999 269.38 263.66 268.14 272.68 273.24 273.4 272.5 275.64 272.9 265.96 266 267.22 270.26 267.28 269.26 269.24 269.22 266.1 265 265 263.96 262.92 260.82 259.72 258.64 257.68 257.6 257.52 258.48 258.4 259.4 259.24 260.2 262.06 262.9 253.56 256.38 254.34 254.2 254.1 254.12 253.24 252.26 257.32 256.56 249.88 249.14 245.4 238.36 223.36 200.24 209.22 218.06
-9999 -9999 -9999 -9999 -9999 -9999 -9999 -9999 -9999 -9999 -9999 -9999 -9999 -9999 -9999 -9999 -9999 -9999 -9999 -9999 -9999 -9999 -9999 -9999 263.9 269.5 274.26 276.96 278.16 277.32 279.5 273.72 266.9 269.92 271.96 272.06 272.14 273.2 274.22 274.18 274.1 270.04 267.98 266.94 264.82 263.84 263.68 262.6 263.64 262.46 262.36 263.4 263.26 263.18 264.12 264.98 266.92 266.66 262.4 260 262.8 261.82 260 259.14 259.42 261.44 261.56 258.78 257.16 254.38 246.72 240.86 224.72 201.66 219.58 230.52
-9999 -9999 -9999 -9999 -9999 219.56 240.76 -9999 -9999 -9999 -9999 -9999 -9999 -9999 -9999 -9999 -9999 -9999 -9999 -9999 -9999 -9999 -9999 262 266.3 270.44 274.1 277.36 279.8 278.2 279.4 272.6 268.88 271.94 271.82 271.86 274 275.04 275.12 276.1 279.06 273.96 269.9 268.86 266.9 265.74 265.66 264.6 264.5 264.38 264.32 266.2 266.12 268 267.92 269 270.9 270.62 263.14 258.84 267.46 260.22 255.38 259.58 262.8 260.98 264.28 261.66 256.12 256.66 252.98 245.18 232.1 228.04 234.88 237.66
-9999 -9999 -9999 -9999 -9999 237.52 233.72 239.94 -9999 248.2 247.52 -9999 -9999 -9999 -9999 -9999 -9999 -9999 -9999 -9999 -9999 -9999 -9999 263.54 267.74 272.78 276.26 279.56 279.96 281.44 279.86 277.26 270.68 271.8 270.76 270.72 273.76 275.82 276.86 278.94 279.96 275.94 272.9 270.82 268.76 267.72 272.52 271.5 268.42 268.22 268.2 270.12 273.12 273.04 273.94 274.94 275.74 274.36 261.98 259.68 265.3 259.08 258.84 266.1 264.3 261.48 266.68 264.06 253.58 253.12 253.52 252.04 244.38 240.28 242 241.86
-9999 -9999 -9999 -9999 -9999 -9999 -9999 -9999 -9999 -9999 242.48 -9999 -9999 -9999 -9999 -9999 -9999 -9999 -9999 -9999 -9999 -9999 269.44 265 269.42 274.22 277 279.66 281.94 283.38 281.9 280.34 270.34 274.38 271.5 272.4 274.52 275.54 276.6 278.66 279.64 276.76 274.72 271.58 271.46 271.34 274.22 273.14 271.04 270.94 272.06 274.06 274.04 275.06 273.92 277.84 277.54 277.14 269.74 265.48 266.12 261.9 264.7 263.54 266.68 266.86 269.08 267.58 254.96 254.42 255.06 253.62 248.9 247.16 246.2 245.12
-9999 -9999 -9999 -9999 -9999 -9999 -9999 -9999 -9999 -9999 242.4 -9999 -9999 -9999 -9999 -9999 -9999 -9999 -9999 -9999 -9999 -9999 268.46 267.02 272.74 277.58 279.32 281.04 281.66 283.52 281.72 280.7 277.7 276.72 273.96 277.06 277.04 276.08 276.22 276.16 277.26 275.22 277.28 275.26 275.18 273.08 273.9 272.8 272.78 273.64 274.76 276.06 277.18 278.08 280.02 278.6 278.98 278.66 275.32 275.12 274.98 273.74 274.46 274.34 271.12 270.18 272.44 270.9 264.38 263.94 260.64 255.2 257.54 249.68 248.84 250
-9999 -9999 -9999 -9999 -9999 -9999 -9999 241.94 238.1 246.18 -9999 -9999 -9999 -9999 -9999 -9999 -9999 -9999 -9999 -9999 -9999 -9999 265.2 269.52 274.44 279.38 281.3 281.86 282.28 282.82 283.04 279.88 280.04 276.96 278.18 273.34 272.54 271.7 272.78 274.76 275.84 274.86 276.84 274.86 275.68 275.64 274.62 274.46 274.34 275.42 275.62 274.84 281.3 281.28 281.96 280.18 279.6 279.32 277.04 274.74 276.02 274.64 275.48 275.24 271.9 271.7 273.74 272.24 262.82 264.44 263.2 260.7 256 250.26 251.58 251.7
-9999 -9999 -9999 -9999 -9999 -9999 245.74 216.96 250.12 255.22 -9999 -9999 -9999 -9999 -9999 -9999 -9999 -9999 -9999 -9999 266.22 261.76 264.94 270.02 275.44 278 279.22 280 280.58 280.88 281.24 281.68 281.08 280.26 275.32 272.56 270.76 271.18 272.36 272.5 273.66 273.72 273.48 275.3 275.2 276.14 275.08 276.94 272.96 266.16 277.66 281.12 282.5 281.36 279.56 279.88 279.34 279.96 278.64 273.34 276.18 275.8 276.52 277.26 275.96 272.66 274.66 272.82 263.38 263.1 262.78 261.2 253.58 250.88 255.18 254.32
-9999 -9999 -9999 -9999 -9999 -9999 -9999 -9999 -9999 -9999 -9999 -9999 -9999 -9999 -9999 -9999 262.44 263.58 -9999 -9999 -9999 267.1 268.52 272.04 274.34 274.46 275.74 276.98 277.82 279.14 279.5 279.94 277.24 276.68 270.76 271.92 270.24 269.54 270.94 267.22 269.58 269.64 272.14 274.96 274.84 275.78 276.64 276.9 272.14 275.56 279.98 279.56 279.64 278.92 277.2 278.48 277.98 278.64 278.16 277.46 279.46 279.18 279.96 277.58 277.58 275.58 274.7 271.04 262.88 262.66 261.36 261.72 258.16 258.5 257.8 255.92
-9999 -9999 -9999 -9999 -9999 -9999 -9999 -9999 -9999 -9999 -9999 -9999 -9999 -9999 -9999 -9999 -9999 -9999 -9999 -9999 -9999 -9999 269.4 269.02 271.6 271.88 273.06 274.52 275.88 276.44 277.86 277.14 274.48 269.92 274.62 268.54 270.7 270.06 267.54 266.06 266.42 268.48 271.02 274.58 274.48 275.62 277.06 275.34 275.52 279.84 279.22 277.62 276.06 276.42 276.72 275.18 278.22 277.9 278.72 282.38 283.02 277.76 279.7 279.8 276.74 277.68 273.58 269.08 259.5 258.94 256.68 257.18 256.54 258.08 259.36 257.66
-9999 -9999 -9999 -9999 -9999 -9999 -9999 -9999 -9999 -9999 -9999 -9999 -9999 -9999 -9999 -9999 -9999 -9999 -9999 -9999 -9999 -9999 265.5 265.98 267.5 267.26 269.5 271.84 273.22 275.02 275.66 273.14 273.46 268 270.78 266.62 266.36 265.6 263.26 263.82 265.18 269.26 271.82 273.5 274.84 275.18 277.3 274.64 278.82 279.02 277.26 276.98 277.72 277.16 277.36 277.54 277.74 278.4 280.74 282.3 282.56 280.56 280.38 276.28 276.2 275.06 272.7 265.3 258.88 255.36 255.54 255.12 255.68 256.18 257.44 257.66
-9999 -9999 -9999 -9999 -9999 -9999 -9999 -9999 -9999 -9999 -9999 -9999 -9999 -9999 -9999 -9999 -9999 -9999 -9999 -9999 -9999 -9999 265.38 265.24 265.84 265.16 266.86 268.24 270.48 272.48 272.14 269.8 270.3 266.94 263.66 264.6 262.54 261.38 259.42 258.5 262.36 265.32 268.04 271.32 270.78 273.16 273.42 273.46 278.66 278.84 278.84 277.42 278.14 277.6 276.86 277.1 277.3 277.16 280.64 280.86 279.92 279.84 278.74 274.64 275.5 275.2 268.86 264.32 254.6 251.5 248.96 250.34 251.8 256.16 258.58 258.86
-9999 -9999 -9999 -9999 -9999 -9999 -9999 -9999 -9999 -9999 -9999 -9999 -9999 -9999 -9999 -9999 -9999 -9999 -9999 -9999 -9999 -9999 268.26 266.26 267.04 267.5 266.92 268.02 268.16 269.28 266.06 255.7 259.38 261 259.94 259.86 256.68 258.66 256.58 258.52 260.72 263.56 265.56 269.46 270.18 271.18 270.48 273.1 277.42 277.48 278.1 277.76 277.54 278.66 278.26 275.6 276.92 278.16 278.04 278.06 278.18 278.24 278.1 277.98 275.78 273.36 262.66 259.8 253.34 249.74 246.18 244.62 248.9 253.26 255.64 256.82
-9999 -9999 -9999 -9999 -9999 -9999 -9999 -9999 -9999 -9999 -9999 -9999 -9999 -9999 -9999 -9999 -9999 -9999 -9999 -9999 -9999 -9999 -9999 268 268.08 269.88 268.36 267.08 263.16 263.08 253.96 238.64 247.26 246.06 254.18 256.12 255 258.94 259.7 259.56 259.44 261.78 265.5 266 265.46 269.52 270.44 276.02 275.06 276.74 277.22 274.66 275.62 276.94 279.36 279.04 276.52 279 278.48 277.48 276.5 276.54 276.48 276.2 274.72 269.78 260.86 262.14 250.64 246 244.28 244.7 247.96 249.34 250.66 253.96
-9999 -9999 -9999 -9999 -9999 -9999 -9999 -9999 -9999 -9999 -9999 -9999 -9999 -9999 -9999 -9999 -9999 -9999 -9999 -9999 -9999 -9999 -9999 267.9 267.84 271.72 269.6 265.28 259.24 254.02 239.86 229.54 238.28 246.12 254.1 257.24 258.22 259.06 258.84 258.56 259.38 260.64 264 264.58 261.9 263.86 271 273.88 276.08 277.46 277.8 273.52 273.9 276.38 278.62 277.98 276.48 279.98 278.5 276.98 274.5 273.86 272.7 272.78 271.96 268.98 258.1 259.54 248.94 247.2 243.38 241.72 245.18 247.52 243.94 249.1
-9999 -9999 -9999 -9999 -9999 -9999 -9999 -9999 -9999 -9999 -9999 -9999 -9999 -9999 -9999 -9999 -9999 -9999 -9999 -9999 -9999 -9999 -9999 -9999 -9999 268.52 272.58 265.3 261.38 253.14 255.84 234.7 235.32 244.18 253.18 256.16 256.14 257.08 256.9 257.84 258.94 259.08 262.38 264.6 263.5 263.48 272.32 273.94 273.8 276.02 275.48 271.92 277.26 280.58 278.78 278.1 276.5 281.94 277.48 268.98 273.52 272.38 270.88 269 268.18 268.06 260.38 263.76 256.96 250.26 246.54 246.86 245.4 237.7 237.98 248.06
-9999 -9999 -9999 -9999 -9999 -9999 -9999 -9999 -9999 -9999 -9999 -9999 -9999 -9999 -9999 -9999 -9999 -9999 -9999 -9999 -9999 -9999 -9999 -9999 -9999 -9999 269.36 270.32 267.28 259.28 256.9 248.62 250.44 246.28 254.3 254.2 254.1 256.08 256.28 257.28 257.28 258.4 260.62 262.68 264.56 269.44 273.24 272.62 270.28 272.86 275.98 272.26 276.62 281.98 280.26 277.54 279.88 279.92 269.48 262.2 270.14 270.98 269.22 269.18 268.04 268.18 266.54 265.68 265 256.32 250.8 247.2 245.42 231.76 234 246.04
-9999 -9999 -9999 -9999 -9999 -9999 -9999 -9999 -9999 -9999 -9999 -9999 -9999 -9999 -9999 -9999 -9999 -9999 -9999 -9999 -9999 -9999 -9999 -9999 -9999 -9999 -9999 -9999 272.04 261.1 259.9 267.8 257.5 253.38 253.34 251.14 251.04 251.04 250.3 253.62 255.66 255.8 257.68 261.7 265.56 269.44 274.34 274.46 271.12 271.6 275.72 272.86 275.24 281.5 278.82 273.96 277.72 275.34 265.86 265.8 271.7 270.36 265.42 268.16 269.94 271.32 268.54 269.86 270.26 263.7 256.06 245.26 240.42 223.66 228.86 254.02
-9999 -9999 -9999 -9999 -9999 -9999 -9999 -9999 -9999 -9999 -9999 -9999 -9999 -9999 -9999 -9999 -9999 -9999 -9999 -9999 -9999 -9999 -9999 -9999 -9999 -9999 -9999 -9999 -9999 272.06 270.88 268.84 258.64 250.36 245.34 245.16 243.14 240.06 241.28 247.6 253.64 255.84 257.84 261.7 264.6 266.54 271.42 273.2 272.4 270.38 272.62 270.88 276.14 280.02 276.98 273.74 274.36 268.08 261.24 266.04 271.14 271.52 266.28 264.84 270.04 272.38 271.76 272.16 274.56 268.82 259 249.22 252.42 234.7 231.94 254.04
-9999 -9999 -9999 -9999 -9999 -9999 -9999 -9999 -9999 -9999 -9999 -9999 -9999 -9999 -9999 -9999 -9999 -9999 -9999 -9999 -9999 -9999 -9999 -9999 -9999 -9999 -9999 -9999 -9999 269.02 269.9 267.82 260.62 252.3 249.32 247.18 239.12 234.24 236.34 241.56 250.74 257.72 260.74 263.74 264.7 266.64 268.26 270.28 271.98 269.18 270.46 271.66 276.94 279.52 277.8 275.3 275.02 263.76 266.74 268.2 275.3 272.38 265.72 263.98 267.26 270.6 272 273.42 273.64 271.88 263.98 260.18 263.38 264.64 266.88 266.06
-9999 -9999 -9999 -9999 -9999 -9999 -9999 -9999 -9999 -9999 -9999 -9999 -9999 -9999 -9999 -9999 -9999 -9999 -9999 -9999 -9999 -9999 -9999 -9999 -9999 -9999 -9999 -9999 -9999 257.9 269.8 266.64 262.52 257.38 258.22 251.2 244.18 240.2 238.32 243.46 248.76 255.84 259.76 262.82 263.9 265.76 268.34 269.8 270.78 267.98 266.3 272.22 274.84 276.52 278.26 276.76 272 257.74 268.62 272.9 278.4 275.46 268.86 267.24 267.6 263.86 263.24 267.4 266.56 270.84 268 266.24 266.46 267.7 268.88 270.02
-9999 -9999 -9999 -9999 -9999 -9999 -9999 -9999 -9999 -9999 -9999 -9999 -9999 -9999 -9999 -9999 -9999 -9999 -9999 -9999 -9999 -9999 -9999 -9999 -9999 -9999 -9999 -9999 -9999 -9999 270.56 266.46 265.34 261.22 255.18 246.12 247.18 247.22 248.3 243.52 242.62 250.78 259.82 261.8 265.94 264.82 267.7 271.18 272.14 271.28 268.64 268.64 266.24 273.76 275.36 277.12 272.62 259.02 271.44 274.62 278.86 274.96 275.18 271.54 267.94 260.18 260.28 257.38 263.58 266.76 267.96 270.22 270.48 270.7 269.96 269.06
-9999 -9999 -9999 -9999 -9999 -9999 -9999 -9999 -9999 -9999 -9999 -9999 -9999 -9999 -9999 -9999 -9999 -9999 -9999 -9999 -9999 -9999 -9999 -9999 -9999 -9999 -9999 -9999 -9999 -9999 269.5 268.3 268.26 264.1 258.96 250.06 253.06 252.2 253.42 251.56 248.86 253.86 259.8 261.74 264.76 265.62 270.14 270.86 269.06 270.58 267.94 266.8 265.7 271.58 274.28 274.92 272.42 259.98 272.06 275.2 279.22 279.8 276.88 275.94 275.1 267.2 265.38 266.5 263.6 268.84 268.04 266.16 268.44 266.56 264.9 261.02
-9999 -9999 -9999 -9999 -9999 -9999 -9999 -9999 -9999 -9999 -9999 -9999 -9999 -9999 -9999 -9999 -9999 -9999 -9999 -9999 -9999 -9999 -9999 -9999 -9999 -9999 -9999 -9999 -9999 -9999 -9999 -9999 267.06 264.9 261.9 251.94 255.06 257.26 257.42 255.6 255.78 257.66 260.48 259.56 263.46 265.26 270.82 270.88 270.34 269.94 270.12 269.02 268.92 266.78 268.68 272.68 272.52 264.94 272.56 276.86 277.4 278.72 277.54 277.4 278.32 276.36 271.42 271.64 267.7 267.88 263.08 269.22 267.38 265.66 257.92 250
-9999 -9999 -9999 -9999 -9999 -9999 -9999 -9999 -9999 -9999 -9999 -9999 -9999 -9999 -9999 -9999 -9999 -9999 -9999 -9999 -9999 -9999 -9999 -9999 -9999 -9999 -9999 -9999 -9999 -9999 -9999 -9999 -9999 -9999 267.9 260.86 258.06 258.2 257.28 255.44 255.6 258.6 259.58 261.36 262.14 265.08 272.08 272.2 270.66 271.26 269.22 271.24 269.04 268.02 267.9 263.94 275.16 276.12 276.04 278.32 278.34 278.28 279.1 277.88 277.76 277.58 275.52 272.58 268.84 267.96 266.04 269.14 263.36 264.6 250.74 232.06
-9999 -9999 -9999 -9999 -9999 -9999 -9999 -9999 -9999 -9999 -9999 -9999 -9999 -9999 -9999 -9999 -9999 -9999 -9999 -9999 -9999 -9999 -9999 -9999 -9999 -9999 -9999 -9999 -9999 -9999 -9999 -9999 -9999 -9999 -9999 266.86 262.94 260.08 258.14 250.42 254.54 257.58 257.48 261.3 263.38 268.46 271.58 271.88 272.94 271.6 270.56 272.38 271.44 272.56 273.68 278.54 281.5 277.46 -9999 269.42 -9999 -9999 -9999 -9999 -9999 277.02 274.82 273.64 271.76 270.9 267.04 267.1 262.3 258.44 261.58 242.86
-9999 -9999 -9999 -9999 -9999 -9999 -9999 -9999 -9999 -9999 -9999 -9999 -9999 -9999 -9999 -9999 -9999 -9999 -9999 -9999 -9999 -9999 -9999 -9999 -9999 -9999 -9999 -9999 -9999 -9999 -9999 -9999 -9999 -9999 -9999 -9999 264.92 262.02 261.02 253.24 254.34 253.42 256.36 260.18 266.3 269.52 272.8 274.36 274.74 273.56 273.72 271.64 272.62 272.56 277.6 275.52 -9999 -9999 -9999 270.42 270.24 -9999 -9999 -9999 -9999 -9999 273.3 272.18 270.88 268.88 266.02 266.08 264.28 256.48 253.64 235.84
