shamba/rasters/climate/tmp_3.txt
ncols         720
nrows         360
xllcorner     -180
yllcorner     -90
cellsize      0.5
NODATA_value  -9999
[rows 102 to 135 of 360, columns 380 to 455 of 720]
-9999 -9999 -9999 -9999 -9999 -9999 122.06 -9999 115.6 117.06 124.5 113.7 110.74 115.44 119 -9999 -9999 -9999 -9999 -9999 -9999 104.52 99.1 64.58 72.94 90.3 93.48 97.84 103.38 105.06 -9999 98 101.06 104.04 98.18 94.28 82.22 73.18 63.98 57.86 51.84 52.62 55.46 56.24 52.92 48.72 58.08 55.22 56.5 52.64 45.86 33.7 21.9 24.16 21.44 25.54 53.74 41.94 61.96 49.84 41.36 27.14 6.06 0.04 3.24 9.24 19.42 -3.16 -20.12 18.82 52.98 50.14 36.3 35.22 22.9 40.54
-9999 -9999 -9999 -9999 122.56 117.76 113.94 122.42 119.02 110.5 119.96 110.18 120.8 125.42 -9999 -9999 -9999 -9999 -9999 -9999 111.72 105.4 114.32 103.9 88.44 94.96 94.36 101.54 114.28 91.28 -9999 111.28 108.2 114.1 109.2 105.08 87 82.94 79.8 70.74 61.86 58.66 56.18 49.54 46.36 54.28 57.46 60.72 50.78 49.88 45.94 33.98 12.14 14.48 15.9 21.24 47.76 57.76 54.56 83.38 80.92 76.1 62.08 39.2 20.22 10.34 14.04 -4.9 -14.8 26.3 47.54 54.52 36.62 30.4 16.12 2.8
-9999 -9999 -9999 -9999 126.94 123.76 107.48 105 94.64 93.12 111.68 119.58 124.22 -9999 -9999 -9999 -9999 -9999 -9999 -9999 -9999 116.32 118.98 96.18 52.68 76.28 112.74 111.96 114.04 108.96 113.94 -9999 111 110.84 110.88 94.96 90.92 75.82 68.78 64.88 82.92 58.7 40 50.64 46.14 59.12 53.84 56.92 59.08 39.18 25.3 66.44 50.74 45 40.64 64.24 89.96 101.24 95.44 78.08 87.28 88.22 90.06 93.14 70.2 39.52 -4.32 -9.14 -10.1 6.1 51.38 55.64 9.54 18.22 22.08 30.06
127.96 131.24 112.66 -9999 -9999 -9999 126.36 120.98 117.68 117.48 127.92 -9999 -9999 -9999 -9999 -9999 -9999 -9999 -9999 -9999 -9999 -9999 -9999 106.68 86.86 79.32 111.88 -9999 119.78 120.74 114.72 113.76 -9999 122.68 118.76 109.78 91.8 80.9 63.86 56.76 69.74 90.6 56.02 35.76 43.66 53.6 60.48 44.16 10.86 68.58 124.7 135.96 112.52 85.08 83.66 93.32 104.96 107.62 105.66 98.72 101.18 98.12 100.24 107.98 116.22 90.4 61.54 39.68 25.82 5.84 55.94 59.28 47.14 31.02 36.52 56.18
133.44 131.96 132.42 131.98 123.66 -9999 -9999 -9999 134.56 126.24 132.48 -9999 -9999 -9999 -9999 -9999 -9999 -9999 -9999 -9999 -9999 -9999 -9999 118.6 112.56 112.74 118.28 -9999 122.36 123.5 122.5 124.46 124.46 -9999 123.5 119.58 128.92 123.8 89.68 49.72 63.5 129.46 119.36 104.28 40.26 41.12 70.1 43.1 96.9 129.46 130.06 134.16 116.72 114.14 102.84 106.46 111.16 115.6 115.06 112.3 111.1 114.88 119.7 125.06 124.16 125.36 105.46 85.62 70.62 49.68 27.58 48.74 46.92 14.86 9.44 34.82
134.9 131.44 -9999 -9999 -9999 -9999 -9999 -9999 138.48 -9999 -9999 -9999 -9999 -9999 -9999 -9999 -9999 -9999 -9999 -9999 -9999 -9999 -9999 -9999 119.72 114.82 123.86 -9999 -9999 -9999 126.2 126.16 -9999 -9999 -9999 120.7 124.88 -9999 102.82 106.82 123.64 -9999 -9999 -9999 126.94 69.82 96.76 122.74 122.64 -9999 -9999 102.84 126.1 118.62 110.06 112.66 116.14 120.46 120.06 112.56 107.42 117.66 118.98 120.16 130.22 129.38 129.54 122.5 97.48 92.4 63.42 46.34 36.54 28.76 28.32 41.84
141.34 146.16 145.82 -9999 -9999 143.74 -9999 -9999 136.66 140.54 -9999 -9999 -9999 -9999 -9999 -9999 -9999 -9999 -9999 -9999 -9999 -9999 -9999 -9999 -9999 -9999 132.1 130.2 130.36 -9999 -9999 -9999 -9999 -9999 125.54 130.88 -9999 -9999 -9999 -9999 -9999 -9999 -9999 -9999 -9999 -9999 -9999 -9999 136.4 -9999 -9999 142.04 116.1 111.06 115.36 116.66 121.14 125.34 123.9 124.68 121.7 126.84 128.24 134.36 137.42 138.36 140.46 140.46 139.4 123.4 88.4 65.38 34.46 13.84 44.36 49.82
140.92 145.02 149.6 -9999 -9999 147.68 -9999 -9999 -9999 -9999 -9999 -9999 -9999 -9999 -9999 -9999 -9999 -9999 -9999 -9999 -9999 -9999 -9999 -9999 -9999 -9999 -9999 125.32 120.44 116.58 120.74 124.96 123.18 134.48 132.66 -9999 -9999 -9999 -9999 -9999 -9999 -9999 -9999 -9999 133.02 134.88 136.2 138.38 137.76 -9999 -9999 140.04 117.28 116.28 111.52 110.68 117.2 120.16 114.8 124.72 131.96 135.02 136.32 136.32 139.38 143.36 147.26 149.38 152.38 136.4 110.48 115.5 33.52 27.74 49.38 55.88
144.24 148.44 153.48 -9999 -9999 -9999 -9999 -9999 -9999 -9999 -9999 -9999 -9999 -9999 -9999 -9999 -9999 -9999 -9999 -9999 -9999 -9999 -9999 -9999 -9999 -9999 -9999 -9999 -9999 127.76 123 -9999 -9999 -9999 -9999 -9999 -9999 -9999 -9999 -9999 -9999 -9999 81.26 139.52 122.82 122.3 127.88 138.14 -9999 -9999 -9999 142.46 113.68 109.82 97.84 102.04 112.22 119.1 130.04 134.32 136.56 139.1 139.32 137.28 141.22 148.24 153.28 156.34 157.42 155.36 141.56 126.5 46.52 49.52 40.26 31.2
154.6 -9999 -9999 -9999 -9999 -9999 -9999 -9999 -9999 -9999 -9999 -9999 -9999 -9999 -9999 -9999 -9999 -9999 -9999 -9999 -9999 -9999 -9999 -9999 -9999 -9999 -9999 -9999 -9999 -9999 -9999 -9999 -9999 -9999 -9999 -9999 -9999 -9999 -9999 -9999 -9999 -9999 -9999 -9999 -9999 -9999 -9999 -9999 -9999 -9999 -9999 128.32 59.94 77.92 95.94 109.1 127.1 128.1 124.28 126.66 133 138.3 141.36 143.34 149.36 152.38 159.44 160.5 162.42 162.56 155.46 129.54 61.58 65.6 51.34 48.86
154.02 161.06 158.16 -9999 -9999 -9999 -9999 -9999 -9999 -9999 -9999 -9999 -9999 -9999 -9999 -9999 -9999 -9999 -9999 -9999 -9999 -9999 -9999 -9999 -9999 -9999 -9999 -9999 -9999 -9999 -9999 -9999 -9999 -9999 -9999 -9999 -9999 -9999 -9999 -9999 -9999 -9999 -9999 -9999 -9999 -9999 -9999 -9999 -9999 -9999 129.52 97.1 69.06 92.92 108.96 112.88 115.82 119.88 122.28 126.64 127.9 131.96 136 142.3 150.16 158.14 162.22 164.18 165.22 166.2 166.2 149.2 82.26 71.22 90.02 75.02
150.16 160.86 161.72 163.42 -9999 -9999 -9999 -9999 -9999 -9999 -9999 -9999 -9999 -9999 -9999 -9999 -9999 -9999 -9999 -9999 -9999 -9999 -9999 -9999 -9999 -9999 -9999 -9999 -9999 -9999 -9999 -9999 -9999 -9999 -9999 -9999 -9999 -9999 -9999 -9999 -9999 -9999 -9999 -9999 -9999 -9999 -9999 -9999 -9999 -9999 138.28 108.8 102.88 107.84 119.8 123.66 120.76 122.92 124.34 124.46 128.56 131.6 138.76 144.82 151.02 161.08 164.94 166.96 165.94 167.94 170 166 144.04 93.98 98.78 98.92
158.36 156.9 164.62 162.52 160.26 159.96 155.86 154.78 155.66 -9999 -9999 -9999 -9999 -9999 -9999 -9999 -9999 -9999 -9999 -9999 -9999 143.86 139.92 128 130.02 144.14 151.18 -9999 -9999 -9999 -9999 -9999 -9999 -9999 -9999 -9999 -9999 -9999 -9999 -9999 -9999 -9999 -9999 -9999 -9999 -9999 -9999 -9999 -9999 152.18 141.6 134.92 119.8 95.76 117.68 125.68 128.62 125.9 125 127.16 129.2 136.24 143.4 148.48 153.6 160.84 166.94 170.72 170.74 171.8 172.76 173.82 173.8 166.76 147.5 148.78
168.4 164.18 166.68 165.48 160.28 156.06 146.98 151.88 154.66 161.58 163.38 -9999 -9999 -9999 -9999 -9999 -9999 -9999 -9999 159.16 155 135.02 134.04 132.12 136.18 141.3 148.46 151.6 153.66 156.9 -9999 -9999 -9999 -9999 -9999 -9999 -9999 -9999 -9999 -9999 -9999 -9999 -9999 -9999 -9999 -9999 -9999 -9999 157.5 152.42 137.76 126.76 122.86 111.82 127.8 127.6 134.64 129.62 129.64 131.7 134.8 140.86 146.04 153.16 159.24 162.38 168.52 173.7 175.62 176.46 177.48 178.46 178.46 178.48 177.2 172.5
163.42 156.2 155.8 151.46 142.3 140.08 138.94 151.86 159.6 164.62 168.4 -9999 -9999 -9999 -9999 -9999 -9999 -9999 -9999 162.08 158.02 152.06 153.2 153.26 151.38 148.5 146.66 146.76 149.9 154 154.12 158.14 158.12 -9999 -9999 -9999 -9999 -9999 -9999 -9999 -9999 -9999 162.06 -9999 -9999 -9999 -9999 -9999 162.7 152.38 139.46 139.94 119.68 135.64 138.6 137.42 136.58 139.58 136.6 138.52 140.44 144.54 151.62 158.76 162.92 165.06 167.18 171.34 178.5 180.4 180.42 180.2 181.24 182.26 182.98 183.4
167.4 160.32 156.04 153.5 153.34 149.12 153.94 161.94 162.76 167.62 169.4 172.32 172.2 172.88 166.74 -9999 -9999 -9999 -9999 -9999 163.22 159.26 158.36 157.42 154.48 153.54 152.72 152.98 153.1 156.12 158.2 157.28 155.32 151.38 152.36 157.54 160.6 162.6 -9999 163.86 161.96 160.16 158.3 159.56 167.84 168.12 168.46 165.6 155.46 152.3 153.48 127.9 125.32 132.3 145.3 148.38 142.44 137.5 141.46 145.56 146.48 149.5 158.48 162.56 167.6 167.72 168.72 171.9 176.98 181.24 184.36 183.26 182.02 184.94 186.68 187.06
169.46 162.3 158.94 157.74 155.4 153.2 150.94 156.88 167.8 170.66 168.48 171.3 171.16 169.98 166.82 170.64 172.56 169.52 -9999 168.32 164.38 163.4 162.44 161.54 160.66 158.7 158.96 159.12 158.32 158.38 159.36 156.46 154.48 152.5 153.48 152.58 155.56 159.52 159.92 158.94 161.9 161.58 162.62 166.9 168.26 162.84 153.8 152.5 152.36 141.16 171.62 116.36 126.08 130.08 144.22 153.3 155.32 147.36 142.4 147.36 152.5 159.46 164.42 167.48 170.48 171.48 171.58 173.64 176.76 179.94 183.06 185.22 186.1 188 190.52 191.8
170.38 164.32 162.06 160.76 159.46 158.1 156 156.92 168.8 171.72 169.48 171.34 167.1 167 168.86 172.78 169.74 172.64 173.58 170.56 164.6 167.56 167.58 166.68 165.8 163.86 163.06 163.2 163.42 163.56 162.54 159.54 157.56 158.66 159.62 162.64 165.74 163.72 160.72 159.64 163.54 165.66 174.06 171.18 171.04 162.78 145.52 152.32 155.12 149.88 156.96 119.88 134.84 137.02 140.12 152.24 161.3 162.38 161.38 153.3 160.38 162.38 168.4 171.46 173.44 175.52 175.56 176.58 177.64 180.64 183.72 185.86 189 190.1 192.52 192.78
172.34 170.32 168.14 164.86 159.6 157.18 153.94 154.98 166.86 172.74 172.54 172.3 166.22 162.98 166.94 166.8 166.78 169.82 176.72 173.76 170.8 170.68 169.66 169.84 166.94 166.04 167.2 167.36 168.5 171.64 168.6 166.7 164.74 172.78 173.78 171.78 167.96 165.9 160.92 158.72 159.62 163.44 169.26 156.28 165.32 172.4 153.76 160.02 151.84 160.54 146.12 133.9 141.76 138.82 140.98 150.16 162.22 165.24 164.32 163.24 168.38 167.34 171.42 173.4 172.5 175.44 176.44 178.42 180.56 181.52 184.62 186.64 186.76 188.82 190.54 192.04
171.38 172.26 169.06 166.8 163.62 159.38 157.12 159.08 165.94 170.78 174.58 175.36 167.28 165.14 172.04 170.98 168.94 172.86 179.9 175.9 174.9 174.88 174.84 173.94 171.08 170.16 171.38 170.42 170.58 170.66 172.76 173.8 172.88 176.88 176.94 173.8 170 167.04 161.02 159.8 169.64 173.48 171.38 153.42 165.44 177.46 157.48 138.38 137.42 178.5 141.42 141.06 147.72 146.78 144.88 158.08 164.1 166.18 167.18 167.3 168.2 169.3 169.32 172.32 175.36 179.44 180.38 182.44 184.48 185.54 186.62 188.62 188.64 188.72 190.38 196.08
173.32 176.2 174.08 169.86 167.64 165.46 159.16 160 163.88 163.86 164.52 169.42 173.32 175.28 175.24 176.16 174.16 176.12 177.12 175.12 177.06 177 178.1 178.08 176.12 175.28 174.42 173.58 173.64 172.72 173.86 172.9 174.02 176.02 175 172 170.1 168.26 167.18 169.96 165.74 168.46 165.52 162.62 138.58 174.46 175.62 132.52 141.46 173.44 124.46 142.2 155.98 154.62 157.76 159.94 163.04 165.2 174.12 175.2 171.08 171.24 176.28 176.3 180.28 181.4 182.32 184.42 185.38 188.44 190.46 190.56 191.6 191.7 192.34 195.1
176.24 179.16 180.1 178.88 176.6 173.42 156.32 151.12 165.96 171.9 170.66 170.52 170.52 169.38 173.44 177.28 179.42 179.24 179.28 179.28 180.16 180.16 181.26 180.18 179.22 178.34 177.56 176.68 176.84 175.82 174.9 173.98 173.06 173.06 173.04 174.14 171.04 169.3 168.16 170.88 167.74 171.56 165.58 162.62 149.64 157.58 184.6 165.64 146.56 192.58 171.54 143.32 158.1 159.86 162.66 164.84 167.92 170.02 179.02 181.12 177.08 178.16 182.18 182.26 186.3 186.28 186.28 186.4 188.32 192.48 194.42 194.5 194.56 194.66 196.32 196.26
182.26 183.18 182.02 182.86 182.68 179.34 178.18 178.16 182.12 182.88 178.8 174.56 171.68 164.6 166.54 168.52 179.5 181.4 182.48 184.42 183.36 183.4 182.34 181.34 180.44 179.48 178.66 178.84 177.9 177 176.02 175.12 175.14 174.2 172.24 171.16 172.18 171.26 171.12 170.84 169.62 170.62 165.66 167.72 156.76 151.7 172.64 189.6 183.72 -9999 195.56 170.32 162.2 146 156.76 170.72 173.8 176.96 177.92 182.04 180.92 181 185.08 186.06 190.24 190.18 190.28 192.28 195.3 194.3 195.36 197.44 195.52 199.62 199.22 200.32
185.14 187.1 188 186.86 185.66 185.44 188.22 192.22 191.04 185.92 179.88 178.84 174.8 162.76 152.68 165.62 181.66 183.66 185.58 187.56 186.46 185.52 184.5 184.48 183.54 182.64 181.74 180.9 180.04 180.1 179.16 178.08 176.26 175.22 171.22 169.2 173.16 172.12 172.04 172.76 173.6 174.74 172.72 172.72 166.74 160.76 154.74 184.76 -9999 -9999 -9999 198.4 182.22 171.08 156.94 160.6 176.76 180.84 184.96 185.94 170.94 173.02 183.96 185.1 188.14 194.12 201.2 199.22 201.2 199.3 196.38 197.46 198.6 200.68 201.42 202.38
187.2 189.14 191.04 189.88 187.64 186.46 186.22 183.16 184.02 185.04 183.02 182.98 179.94 176 167.86 170.84 182.78 187.74 188.74 188.76 188.72 187.72 186.7 185.72 184.66 184.78 182.96 181.04 178.16 178.2 176.26 175.34 174.34 174.34 172.26 171.22 172.06 172.04 172 174.8 175.76 176.72 177.76 177.82 178.82 179.78 165.8 174.74 -9999 -9999 -9999 208.5 209.2 198.08 177.98 188.74 187.52 187.76 190.88 192.84 171.9 173.94 199.94 199.06 200.04 200.04 208.08 204.1 206.32 202.38 199.42 200.6 202.64 203.62 201.48 203.46
193.18 194 192.92 187.76 185.56 185.46 188.2 188.08 190.1 188.06 188.1 189.16 186.1 182.08 182.04 188.98 192.92 193.98 192.96 191.86 190.9 189.86 188.82 187.86 186.82 185.86 185.02 181.22 177.22 178.36 175.28 173.46 173.32 172.3 172.28 173.14 171.12 171.02 171.8 171.82 177.86 180.88 182.84 183.86 189.84 188.88 183.76 178.84 203.72 -9999 -9999 -9999 216.24 212.14 188.04 195.96 206.68 195.66 197.76 199.84 178.78 178.84 206.92 204.92 204.9 205.06 209.12 210.22 209.28 206.44 198.5 201.52 202.52 202.64 203.46 206.56
196.12 191.02 188.94 188.8 193.62 189.4 189.24 190.12 191.1 191.1 190.14 189.18 188.1 187.04 190.08 196.08 197.08 196.1 196.02 193 190 189.96 189.96 188.98 186.98 184.98 184.18 175.28 171.44 174.42 174.36 170.46 171.38 170.3 173.2 176.14 174.98 171.98 172.82 176.94 185.88 188 188.92 191 193.94 197.94 194.88 194.82 188.74 212.7 -9999 -9999 -9999 227.22 212.98 212.96 221.76 221.62 211.62 202.64 201.74 199.78 204.8 210.9 200.86 201.08 203.14 206.22 207.4 205.38 196.4 199.5 206.6 202.58 203.52 203.64
189.08 181.98 191.86 191.82 190.5 187.32 188.12 188.22 191.14 193.08 192.12 190.12 190.12 191.12 191.12 196.12 196.06 197.2 194.18 189.08 189.12 191.16 192.1 191.08 188.12 183.16 181.28 175.42 172.42 173.46 171.36 171.4 169.32 168.18 169.14 172.1 172.02 174.9 179.92 183.98 193.02 196.02 194.94 196.94 198.98 205.96 200.96 200.82 187.76 209.76 -9999 -9999 -9999 -9999 228.04 209.94 220.8 229.72 219.58 212.64 210.74 209.76 209.86 214.88 204.02 203.12 202.22 206.3 210.42 209.4 199.48 197.52 206.56 203.68 204.64 207.66
188.04 188.94 191.82 190.74 191.56 191.28 190.12 188.16 191.18 199.22 197.24 196.12 195.18 194.16 195.16 194.14 193.24 194.12 193.26 189.2 189.24 191.24 190.34 189.3 187.28 183.32 181.26 180.42 179.48 175.36 171.32 172.34 169.22 167.08 169.12 171.04 174.02 176.92 179.88 186.94 197.96 200.08 199.06 202 204.02 210.02 206.96 205.84 198.74 200.68 223.64 -9999 -9999 -9999 234.14 207 204.92 211.64 226.56 224.62 221.66 218.76 211.82 214.94 210.12 208.2 206.26 204.36 204.34 211.48 213.5 211.62 208.62 207.52 208.54 207.46
181.94 188.84 195.74 193.62 195.48 195.26 193.22 192.18 197.32 203.28 201.32 200.22 199.32 197.24 199.18 198.26 197.28 194.2 188.14 188.24 189.24 190.34 188.38 186.42 183.34 182.42 184.46 184.36 182.4 177.28 169.34 166.22 163.16 169.16 175.12 178.04 182 183.88 185.86 195.92 201.98 204.04 203.12 206.04 208.1 216.02 212.04 210.86 205.92 191.68 213.68 235.62 -9999 -9999 -9999 237.04 231.78 220.66 234.48 228.48 225.52 223.7 215.66 216.9 213 211.04 209.06 207.06 206.16 207.26 216.22 214.34 209.54 202.72 215.76 212.68
188.94 179.76 193.66 196.6 196.4 197.38 196.26 192.32 195.3 203.24 202.28 201.2 202.2 201.24 202.26 201.28 198.32 194.28 186.36 182.42 189.36 190.28 189.42 190.46 188.52 187.48 189.44 187.42 183.12 174.2 164.18 162.14 161.16 173.08 178.06 184.02 190.98 195.86 194.8 200.74 207.86 211.02 207.96 210.02 213.02 215.98 214.88 211.78 205.74 202.66 207.56 236.36 -9999 -9999 -9999 -9999 245.62 244.5 226.38 231.32 225.4 223.6 219.68 216.7 212.82 213.8 213.8 213.88 210.94 208.06 211.24 215.5 203.78 209.8 216.88 219.84
207.8 197.8 190.68 198.58 197.46 199.34 197.24 192.36 191.28 195.24 192.2 201.26 202.24 203.28 204.34 202.3 200.32 190.34 184.34 185.38 194.44 194.4 195.48 195.54 195.44 194.5 193.44 191.44 188.3 182.12 174.06 166.08 159.06 178.06 182.96 188.92 198.82 201.74 202.66 205.64 211.72 214.82 213.88 216 216.88 218.9 216.8 208.56 202.6 205.56 218.44 241.38 -9999 -9999 -9999 -9999 -9999 253.32 242.22 235.16 219.32 223.34 214.42 212.48 213.54 214.64 215.7 215.78 213.02 211.24 214.5 217.64 209.8 212.84 217.88 221.88
211.74 207.66 202.56 196.48 197.48 199.42 197.26 195.28 197.32 196.28 188.26 195.24 200.36 206.4 208.36 205.28 203.36 188.46 177.5 185.44 199.46 200.58 200.5 200.52 199.44 198.5 197.52 196.44 191.38 181.26 173.98 173.02 178.02 186.96 189.96 195.78 204.76 207.76 209.62 211.52 209.6 211.66 214.76 218.84 220.86 220.78 221.62 216.38 206.28 204.26 209.18 227.16 247.12 -9999 -9999 -9999 -9999 256.28 253.96 230.88 220.08 223.16 221.3 221.26 219.36 219.6 220.68 215.9 215.06 215.3 218.5 213.7 205.88 215.88 218.86 224.82
224.78 219.64 213.42 204.54 202.46 199.36 202.38 203.3 209.36 209.28 195.38 192.3 197.32 198.34 196.4 198.44 194.44 182.5 157.48 190.56 204.48 206.5 206.46 205.52 204.5 202.56 200.6 200.64 195.4 183.34 179.24 184 190.98 190.86 194.82 199.72 207.6 211.56 212.42 213.4 213.46 215.54 217.66 222.7 221.66 219.66 225.5 222.24 220.08 211.86 200.88 212.84 217.84 238.74 -9999 -9999 -9999 -9999 251.76 236.78 211.86 223.98 222.12 221.3 219.4 221.56 222.72 219.96 214.2 216.42 219.58 214.76 212.82 223.9 222.78 227.86
