shamba/rasters/climate/tmp_9.txt
ncols         720
nrows         360
xllcorner     -180
yllcorner     -90
cellsize      0.5
NODATA_value  -9999
[rows 66 to 98 of 360, columns 380 to 455 of 720]
130.2 127.24 -9999 -9999 126.62 125.26 119.04 118.9 116.64 118.8 117.12 119.52 124.88 128.04 -9999 -9999 128.22 -9999 -9999 -9999 -9999 -9999 129.42 124.56 123.64 120.76 121.88 122.96 122.02 121.06 116.02 114.1 114.1 114.04 113.04 112.1 111.98 112.1 109.08 109.22 112.36 112.2 110.24 106.08 104.98 105.9 105 104.98 105.04 107 110.06 110.06 110.08 110.18 112.22 112.14 111.12 108.86 109.58 109.4 111.22 112.16 113.12 112.36 112.5 111.74 111.86 111.06 113.18 114.3 114.52 115.62 115.8 115.8 116.02 115.06
129.34 132.34 -9999 -9999 127.72 128.5 124.32 123.98 123.64 124.78 126.18 126.52 129.86 129.96 -9999 -9999 -9999 -9999 -9999 -9999 -9999 -9999 130.26 125.62 123.78 121.94 122.96 123.06 124.02 121.98 118.02 117.1 117.04 116.06 114.04 113 114.02 114.12 113.1 111.1 110.16 111.22 110.12 110.02 108.9 107.84 105.92 106.92 108.98 109.98 108.92 111.02 111.1 110.06 111.14 111.16 110.98 111.66 111.46 111.22 113.16 114.12 114.04 114.2 114.44 115.68 114.86 114 116.1 117.28 116.48 117.56 117.74 116.92 116.98 118.16
131.26 132.36 138.1 136 134.82 134.86 131.6 129.24 129.74 -9999 -9999 -9999 -9999 -9999 -9999 -9999 -9999 -9999 -9999 -9999 -9999 -9999 131.12 126.32 122.8 122.04 124.16 123.28 124.22 120.96 119.06 117.04 116.2 117.1 116.02 114.92 115.04 115.06 114.1 113.26 113.14 113.06 113.06 112.94 112.84 111.86 109.88 109.96 111 110.92 109.92 111.04 112.04 112.98 115.16 115.1 114.76 114.66 115.36 116.16 116.2 116.02 115.02 116.06 116.4 114.54 113.74 114.8 115.04 115.18 116.34 119.52 117.66 116.88 116.96 117.14
134.88 138 141.08 138.94 139.9 134.3 132.82 132.56 133.04 131.84 133 -9999 -9999 -9999 -9999 -9999 -9999 -9999 -9999 -9999 -9999 -9999 132.82 127.9 126.24 125.74 125.3 125.34 125.26 124 119.98 119.98 119.04 120 119.02 117.94 116.94 117.04 117.12 116.08 115 114.02 114.9 114.9 111.84 112.9 111.86 111.92 111.92 112.88 112.9 111.94 116.02 115.96 116.98 116.92 116.76 116.64 118.44 118.18 118.12 118.04 118.04 117.96 118.2 117.36 117.52 117.64 116.72 118.02 118.22 119.4 120.52 119.82 120.04 120.12
136.6 135.84 143.1 143.22 136.22 135.14 135.62 132.32 -9999 -9999 136.8 -9999 -9999 138.16 135.16 134.1 133.88 136.72 -9999 136.26 133.94 129.6 130.52 129.54 126.76 127.26 125.68 126.26 124.22 123.18 122.9 120.96 122.96 122 122 120.96 121.02 120.06 118.98 117.86 116.9 116.8 116.76 116.78 116.7 115.76 113.78 114.72 114.74 114.78 113.84 116.86 117.86 117.82 118.92 118.7 118.66 117.52 119.36 119.2 121.16 121.06 120.92 121.02 121.14 119.22 119.5 119.64 119.74 121.12 121.24 121.5 121.68 121.8 122.08 123.22
139.68 141.8 139.14 137.46 145.4 143.94 142.42 138.06 137.54 138.42 138.52 136.64 135.76 130.86 131.9 129.7 127.54 134.3 135.18 133.9 130.66 126.38 127.26 127.2 125.3 124.66 126.1 126.42 125.44 124.46 124.94 123.9 122.9 123 124 121.02 123.98 121.9 120.92 119.72 118.68 118.62 118.58 119.54 119.52 118.64 117.6 116.74 116.64 115.7 115.68 117.74 118.82 119.78 118.86 121.64 120.44 119.44 121.32 121.22 124.08 123.26 122.24 123.18 123.22 123.32 122.52 122.64 122.86 124.18 123.32 122.5 124.72 124.96 125.16 125.36
139.64 141.92 141.96 143.18 143.1 141.5 142 141.74 141.4 139.16 136.22 134.34 131.4 130.5 131.52 131.4 133.14 132.88 133.8 131.62 129.52 127.16 127.04 126.98 124.94 125.04 125.56 125.72 125.06 125.92 127.02 125.92 126.98 125.92 124.98 126.96 125.84 123.7 122.66 122.52 122.48 121.4 121.2 121.2 122.28 121.5 120.5 121.5 121.58 121.58 121.62 121.7 121.66 121.76 119.68 118.4 118.26 119.18 124.18 124.18 125.28 124.32 124.44 126.4 125.4 125.4 124.48 124.64 122.88 124.1 127.42 125.64 125.88 125.06 126.28 127.22
139.44 141.48 143.6 144.76 143.7 142.12 141.68 141.42 141.12 140.02 137.94 135.96 134.04 134.22 134.1 133.94 134.78 135.64 135.56 132.34 130.2 128.96 129.86 128.8 126.76 126.82 124.92 127.66 127.6 127.9 128.9 129.9 128.9 128.68 128.48 127.44 126.54 125.48 124.44 124.38 124.28 125.14 125.04 124.98 125.04 124.2 125.44 125.52 124.58 124.56 123.56 123.6 123.6 124.62 123.48 120.24 120.02 122 126.14 127.16 128.3 127.46 127.5 127.62 127.64 128.64 126.58 126.66 125.82 126.06 130.44 128.78 127.92 127.12 130.3 130.96
141.16 141.16 143.18 146.38 146.44 146.76 145.32 144.08 144.48 141.88 141.74 139.78 138.82 136.9 136.76 136.66 136.46 136.36 135.2 133.14 134.02 133.86 132.66 132.62 130.58 129.02 129.44 131.26 132.94 132.9 131.84 130.66 130.4 130.34 131.08 130.06 129.14 129.26 129.16 129.14 128.96 128.94 128.9 127.84 128.8 128.92 128.16 129.4 127.52 125.44 122.5 122.46 122.58 122.5 124.28 125.18 125.98 126.88 129.06 130.14 132.26 132.44 130.48 130.6 130.8 130.8 131.84 131.74 128.82 129.04 131.38 131.82 132.02 134.14 133.86 134.54
140.06 140.04 142.86 146 147.12 147.42 147.2 147.6 148.74 145.78 142.72 141.64 140.66 138.72 138.3 137.24 137.12 137.04 135.98 134.86 134.66 134.58 133.54 132.06 132.44 133.92 134.34 136.9 135.84 134.58 133.3 131.22 130.94 132.88 132.66 132.6 131.64 130.86 130.86 130.88 131.7 132.74 132.62 131.68 131.58 131.7 130.88 131.18 130.38 129.34 125.38 125.34 124.38 125.46 128.24 130 129.92 130.82 131.88 133 134.16 134.14 133.22 133.32 133.56 134.66 134.92 135.02 132.98 131.98 133.22 135.84 138 138.9 140.6 139.34
131.26 129.4 137.6 145.78 147.76 148.16 149.06 150.5 149.32 147.74 144.52 143.44 142.6 141.6 138.98 137.4 136.16 136.2 134.1 133.08 132.9 132.86 133.4 132.74 133.24 133.64 134.02 135.56 135.3 135.06 133.94 132.7 132.58 133.5 133.28 133.2 132.28 132.36 133.58 134.58 135.74 135.5 136.48 135.44 134.38 133.42 134.62 132.84 133.16 133.36 131.3 129.3 127.44 127.34 129.22 131.02 131.96 133.78 134.88 136.88 136.9 136.86 137 137.2 138.28 138.48 138.6 138.7 136.98 136.08 136.16 137.72 148.96 149.6 149.3 148.02
131.12 135.4 139.68 142.92 147.3 146.84 148.8 148.88 145.78 143.58 143.38 141.52 143.58 144.74 140.18 138.32 137.46 136.36 134.26 133.22 132.08 130.6 134.04 135.36 132.6 133.06 134.48 136 136.78 136.66 135.4 135.28 136.18 137.02 136.9 136.74 133.76 133.92 136.1 138.42 140.72 140.54 140.26 139.3 138.16 138.14 137.48 136.68 135.9 135.16 135.34 133.4 131.46 131.4 132.26 134.98 135.94 136.82 138.74 140.6 140.62 140.52 140.76 141.9 142.04 141.22 141.44 141.58 140.72 140.06 140.08 146.66 153.76 151.46 151.2 150.8
129.72 129.12 132.02 134.3 135.58 134.56 135.58 138.3 138.5 134.66 129.64 124.66 128.76 129.86 140.46 140.38 136.6 132.76 131.4 131.4 131.38 132.16 131.64 135.98 135.28 132.48 132.94 135.46 134.34 134.14 133 134.88 135.8 139.68 139.54 139.4 135.48 134.54 134.78 140.28 143.72 144.56 143.4 141.14 139.96 138.86 139.18 138.42 138.54 137.94 138.24 138.4 137.64 137.48 138.24 140.1 139.84 140.58 141.44 142.4 143.38 143.5 144.7 143.9 147.08 147.2 145.42 145.64 145.8 145.96 144.16 151.62 156.7 155.4 155.06 153.7
136.48 135 131.9 127.1 129.3 126.22 132.34 141.74 145.1 146.16 144.1 142 127.1 123.14 117.82 135.28 139.2 135.12 133.1 129.54 135.06 137.8 137.3 137.74 135.9 137.14 135.44 136.9 135.92 135.76 133.62 136.5 141.38 146.24 146.18 143.08 137.94 134.14 136.5 142 145.42 146.56 144.34 143.16 142.94 141.78 143.94 142.28 142.5 142.84 142.26 142.46 142.64 142.44 142.2 143 143.74 144.56 145.28 146.22 149.38 147.44 147.64 147.9 150.02 151.26 150.38 149.56 149.88 150 150.2 156.64 159.64 159.26 158.96 157.6
137.28 138.92 134.78 132.98 129.18 130.3 137.36 133.68 136.04 135.06 137.42 135.32 132.3 129.42 134 126.66 133.08 124 121.1 118.26 121.08 127.54 128.94 135.42 132.68 136.9 137.2 136.48 135.54 133.36 134.24 138.16 148.04 153.9 150.86 144.72 138.58 134.8 136.24 138.82 142.34 143.52 144.32 146.14 144.96 146.82 147.86 147.18 146.44 147.72 147.12 146.4 146.64 147.34 146.08 146.92 146.64 148.36 149.12 149.14 149.42 151.52 152.64 152.9 153.02 154.28 156.38 154.66 153.74 155.92 158.1 160.48 161.4 161.32 160.88 159.54
131.12 134.86 139.68 137.84 137.8 133.82 126.28 134.62 141 138.52 131.82 137.14 135.54 141.6 145.26 134.1 125.86 115.22 112.24 105.86 95.62 113.24 125.8 135.38 124.8 119.96 124.16 135.6 137.64 134.82 137.76 143.68 156.62 164.52 157.36 150.3 143.22 138.54 138.06 138.78 140.4 142.56 144.32 145.08 146.88 148.82 149.94 150.18 151.48 152.84 152.06 151.4 150.44 150.2 150.06 150.74 150.58 152.3 152.02 154.2 154.42 155.64 155.62 155.82 157.02 157.3 158.5 158.72 159.72 159.94 164.1 163.4 164.28 164.2 163.86 162.5
135.04 139.68 139.64 138.64 140.48 143.28 137.88 125.58 136.84 138.4 143.16 147.56 154.04 152.36 150.32 141.3 140.18 127.08 114.62 109.22 119.78 122.6 132.32 142.94 138.54 121.96 115.3 105.78 119.12 139.28 137.46 146.2 156.06 163 164 158.16 151.3 146.46 144.08 142.72 139.24 143.6 145.26 145.08 146.92 148.86 149 149.24 153.56 156.86 157.1 156.46 153.32 153.18 151.96 151.74 154.48 155.18 157.18 159.22 158.38 160.54 161.7 160.84 162.14 162.3 162.5 164.6 163.74 166.94 166.98 167.22 167.18 166.1 166.84 165.56
139.9 141.58 143.44 141.3 143.08 144.94 144.32 145.32 152.7 145.2 143.98 150.4 155.86 156.88 154.78 156.82 151.66 147.56 145.72 145.34 145.44 152.42 151.96 154.36 154.86 151 140.56 119.88 100.56 108.82 131.94 143.12 150.9 161.04 164.12 164.36 158.38 153.4 148.98 148.6 150.2 149.48 148.3 146.06 149.98 151 154.1 152.32 153.6 158.88 162.22 159.4 157.18 156.04 154.8 153.58 154.42 154.32 156.28 160.26 162.44 164.56 164.82 165.98 168.24 169.44 168.4 166.62 165.78 171.86 170.88 170.02 170.02 168.9 169.78 170.52
132.82 130.42 134.32 127.1 124.84 109.78 116.36 114.58 114.2 116.24 113.34 118.7 143.96 159.9 162.68 161.34 158.02 150.92 152.42 153.26 158.44 161.4 162.08 161.32 159.22 159.04 148.56 125.08 112.66 96.26 110.52 126.16 146.66 155.38 162.34 161.46 159.4 157.42 156.96 155.54 157.06 157.56 154.3 151.06 151.16 153.14 157.16 159.34 160.58 163.82 168.3 162.26 158.02 157.9 157.78 158.5 161.38 162.36 165.34 164.32 165.5 167.66 168.92 171.08 172.24 172.38 170.42 169.6 168.78 170.7 174.74 173.94 173.9 173.78 173.74 173.5
77.4 67.78 87.02 101.2 104.34 69.52 85.8 86.82 95.66 100.2 121.98 135.88 149.04 156.98 162.78 157.54 160.26 161.88 162.18 162.14 165.16 165 163.66 163.62 157.6 146.38 148.22 140 136.88 114.86 98.42 107.1 138.68 154.2 160.78 160.66 159.56 160.44 162.98 160.44 162.04 161.58 156.3 152.28 150.3 151.26 156.18 160.26 163.6 167 168.32 164.14 157.88 159.74 162.62 168.4 170.36 172.4 173.42 172.42 171.56 171.76 171.82 174 172.14 172.36 171.48 172.58 171.66 174.62 177.74 176.8 176.7 176.64 176.54 176.46
32.78 40.08 80.62 64.5 49.9 76.94 83.44 100.68 134.38 132.78 145.08 159.16 159.02 161.96 162.88 163.7 162.46 163.48 166.06 165.62 167.6 167.44 166.72 164.66 152.6 126.54 124.48 146.58 150.3 134.14 105.78 104.36 115.88 150.72 154.66 157.72 164.68 163.6 164.96 168.44 167.94 168.5 161.36 153.38 147.4 149.3 157.26 163.26 167.62 170.04 171.1 170 169.8 169.66 167.46 170.44 177.3 177.36 176.4 176.52 174.66 173.78 171.84 174 174.2 174.3 173.4 174.58 174.62 177.48 179.6 179.62 179.62 178.54 178.54 180.44
54.84 49.48 106.36 71.28 88.12 137.98 137.58 88.38 137.44 144.62 143.78 157.18 169.44 165.26 163.98 165.86 164.68 166.42 167.92 169.6 172.3 170.48 169.68 161.62 150.58 136.36 115.18 148.96 151.36 144 126.58 119.62 124.8 142.84 158.92 163.92 167.9 165.8 167.2 168.7 173.14 169.5 -9999 168.48 146.54 149.48 158.46 166.5 171.62 174.2 170.02 169.86 -9999 -9999 -9999 172.46 182.4 182.48 180.64 180.68 178.7 176.8 174.96 176.06 177.22 178.36 179.48 177.62 176.58 177.62 181.66 181.62 181.56 181.48 182.42 183.36
132.96 127.82 134.08 157.16 172.18 188.34 196.6 174.68 135.76 140.96 148.6 165.92 170.86 166.44 164.16 164.84 168.72 169.78 173.54 175.22 176.88 176.82 173.76 169.56 147.38 137.16 138.88 113.68 140.52 125.58 133.78 136.78 124.88 130.02 167.06 171.14 171.12 169 171.44 173.88 172.3 -9999 -9999 -9999 -9999 169.76 162.68 169.74 174.96 179.14 -9999 -9999 -9999 -9999 -9999 183.48 185.6 185.66 185.84 183.84 181.94 179.98 178.12 177.16 175.26 175.5 175.6 177.86 179.8 180.84 183.72 184.6 185.54 185.46 186.44 186.42
189.52 187.1 185.12 186.22 190.42 192.68 -9999 185.9 171.7 141.72 144.06 164.22 165.26 169.9 166.56 167.4 173.42 174.62 177.8 177.82 181.58 181.52 178.28 161.12 138.86 100.56 134.2 116.06 131.72 128.82 118.92 127.96 147.06 159.12 174.26 178.34 174.26 172.22 173.66 175.18 -9999 -9999 -9999 -9999 172.76 168.88 168.98 172.96 176.1 180.1 184.08 182.74 178.58 180.58 182.6 183.68 187.8 188.88 189.96 188.14 185.1 183.2 178.32 173.36 168.5 170.72 170.94 175.04 180.1 182.92 184.68 185.64 186.68 188.58 188.56 -9999
177 190.66 196.74 196.8 194.9 195.86 -9999 187.86 182.56 172.32 133.4 131.66 148.76 147.46 157.16 161.1 172.26 169.36 182.56 184.84 185.02 182 178.72 162.4 152.1 161.78 166.54 164.34 168.98 169.78 169.92 173.18 175.3 176.36 177.44 179.52 175.5 176.58 179.14 178.38 -9999 -9999 -9999 -9999 -9999 -9999 175.02 176.16 163.22 179.22 166.16 178.04 -9999 -9999 178.92 182.9 179.92 183.12 189.36 187.42 184.42 180.5 173.54 168.72 161.92 165.06 169.32 175.26 179.08 181.88 185.72 187.82 190.68 190.68 -9999 -9999
137.34 145.14 162.24 183.04 191.9 197.8 -9999 -9999 -9999 190.26 172 148.96 132.18 126.9 136.8 133 149.04 146.2 152.42 157.48 168.84 172.82 175.88 150.74 159.48 175.16 172.94 176.6 181.42 182.06 181.06 180.26 179.38 179.5 179.62 179.78 179.68 180.08 -9999 -9999 -9999 -9999 -9999 -9999 -9999 -9999 -9999 149.26 152.34 -9999 -9999 -9999 -9999 -9999 -9999 -9999 171.24 189.32 173.64 157.86 161.8 166.82 158.02 158.04 153.26 157.48 164.52 175.46 179.24 183.08 186.92 188.96 192.78 193.86 -9999 194.96
193.64 186.54 181.38 148.98 151.82 175.82 191.74 197.72 -9999 -9999 194 197.74 173.48 150.58 135.6 121.7 132.9 140.98 153.18 143.38 154.44 163.66 172.72 154.72 158.7 167.44 174.16 179.98 183.7 184.28 182.12 181.2 177.42 174.58 175.78 177.9 180.96 183.5 -9999 -9999 -9999 -9999 -9999 -9999 -9999 -9999 -9999 -9999 -9999 -9999 -9999 -9999 -9999 -9999 -9999 -9999 -9999 -9999 172.94 172.32 107.28 86.24 106.42 117.44 110.66 108.86 139.7 175.48 181.36 183.16 186 188.96 192.88 196.9 198.04 -9999
207.62 189.58 189.32 178.22 171.96 162.94 169.86 194.78 -9999 -9999 -9999 -9999 203.54 201.5 179.46 172.66 144.62 123.72 125.98 147.1 144.18 141.4 151.36 167.42 153.42 144.42 157.44 168.3 175.94 176.66 177.46 177.2 173.44 173.64 175.92 182.12 183.3 186.86 -9999 -9999 -9999 -9999 -9999 -9999 -9999 -9999 -9999 -9999 -9999 -9999 -9999 -9999 -9999 -9999 -9999 -9999 -9999 -9999 -9999 192.48 184.64 142.64 107.76 73.82 65.94 46.9 68.88 146.68 171.52 172.2 179.04 183.06 183.02 189.16 199.28 -9999
208.5 210.52 202.38 190.2 193.08 178.04 138.92 176.8 204.64 -9999 -9999 -9999 -9999 205.76 197.64 201.66 174.52 140.52 131.66 117.84 127.06 160.12 156.26 161.32 150.24 151.32 157.18 152.18 150.12 146.02 147.7 160.52 160.44 175.66 182.88 190.24 -9999 -9999 -9999 -9999 -9999 -9999 -9999 -9999 -9999 -9999 -9999 -9999 -9999 -9999 -9999 -9999 -9999 -9999 -9999 -9999 -9999 -9999 -9999 -9999 -9999 199.02 199.08 174.18 133.14 111.1 107.06 89.72 82.5 88.28 81.18 109.22 102.28 118.44 158.4 201.36
210.36 211.26 212.28 210.3 203.1 193.94 149.92 155.94 187.76 206.56 211.34 -9999 -9999 -9999 -9999 -9999 200.78 178.62 196.5 127.62 142.8 140.9 157.04 164.08 152.12 155.02 140.98 133.94 166.94 177.92 178.96 183.72 184.52 186.7 186.1 192.58 -9999 -9999 -9999 -9999 -9999 -9999 -9999 -9999 -9999 -9999 193.48 187.54 186.74 192.98 196.04 -9999 -9999 -9999 -9999 -9999 -9999 -9999 -9999 -9999 -9999 -9999 -9999 203.38 203.2 189.1 163.94 146.78 136.5 131.34 124.26 91.48 80.5 89.44 125.36 168.3
-9999 -9999 -9999 -9999 213.2 207.14 202.08 200.92 168.86 189.62 208.34 202.34 205.12 -9999 -9999 -9999 -9999 -9999 204.44 196.52 155.62 134.74 146.88 177.12 184.08 161.12 143.94 150.9 135.82 137.8 165.74 179.68 189.66 194.84 195.34 182.98 196.48 -9999 -9999 -9999 -9999 -9999 -9999 -9999 195.88 168.76 147.6 151.68 156.82 157.98 186.16 194.36 201.34 -9999 -9999 -9999 -9999 -9999 -9999 -9999 -9999 -9999 -9999 190.34 136.3 123.24 130.24 130.86 153.5 177.4 175.42 188.48 167.58 110.58 83.46 119.26
-9999 -9999 -9999 -9999 -9999 220.22 209.12 209.98 195.86 194.76 189.6 208.46 208.3 212.16 215.3 -9999 -9999 -9999 210.42 199.24 157.48 153.7 162.7 165.84 166 189.12 187.04 174.12 169 167.04 172.96 172 191.86 194.38 193.8 192.32 195.74 200.48 199.68 198.62 201.58 202.48 196.4 191.26 162.26 152.06 150.96 150.76 156 157.28 172.34 171.54 185.64 198.76 205.88 206.98 -9999 -9999 210.36 226.48 227.6 211.66 173.48 147.46 120.38 107.22 113.98 111.52 149.34 177.42 200.52 202.5 200.66 196.64 141.5 94.28
-9999 -9999 -9999 -9999 -9999 221.3 220.18 -9999 214 193.88 179.8 173.66 193.46 200.36 204.58 216.7 217.5 -9999 213.4 209.14 158.36 153.5 150.7 163.76 191.82 207.94 198.92 196.08 191.12 198.22 208.24 201.14 200.48 196.94 196.46 204 -9999 195.64 198.8 193.78 191.68 172.56 169.46 153.3 155.28 144.16 145.92 159.24 164.5 170.62 162.86 168.72 164.74 161.52 152.54 149.62 149.86 161.06 163.26 163.34 156.5 124.94 113.14 134.18 123.08 111.92 126.08 146.48 119.48 134.3 148.56 169.64 197.8 215.64 210.5 209.26
