shamba/rasters/climate/tmp_10.txt
ncols         720
nrows         360
xllcorner     -180
yllcorner     -90
cellsize      0.5
NODATA_value  -9999
[rows 99 to 131 of 360, columns 152 to 227 of 720]
102.06 102.94 108.1 113.14 114.48 112.72 110.92 115.34 121.86 122.3 123.6 123.52 124.52 123.36 125.16 125.7 130.46 127.82 124.54 123.34 121.82 124.9 127.14 129.66 133.1 131.22 127.98 126.94 127.5 125.7 125.12 124.78 125.72 125.84 124.86 123.44 120.16 113.88 111.2 113.16 110.5 112.66 113.38 115.62 115.44 113.3 114.36 115.24 114.42 110.28 105.12 106.36 109.46 115.2 117.22 116.62 112.74 122.58 127.66 131.58 130.48 -9999 -9999 -9999 -9999 -9999 -9999 -9999 -9999 -9999 -9999 -9999 -9999 -9999 -9999 -9999
101.02 101.02 108.08 113.18 112.88 112.44 114.94 118.42 123.62 125.68 129.3 131.58 131.88 130.38 134.54 136.02 137.18 138.34 134.68 131.52 131.38 132 131.2 132.74 135.32 134.7 131.42 129.12 131.88 134.32 133.82 132.56 132.54 135.68 129.06 127.98 123 117.74 117.42 124.4 117.56 118.86 121.16 121.58 118.48 116.46 117.84 117.34 112.6 103.48 113.86 118.22 120.24 124.56 124.38 125.14 129.4 136.04 131.16 132.46 -9999 -9999 -9999 -9999 -9999 -9999 -9999 -9999 -9999 -9999 -9999 -9999 -9999 -9999 -9999 -9999
96.08 101.06 107.18 112.02 111.98 113.86 117.78 122.48 127.48 128.32 134.48 138.96 140.3 140.52 142.66 139 138.3 144.36 142.04 139.08 137.94 137.46 136.08 134.72 133.56 133.1 135.46 137.06 138.66 137.84 136.94 137.4 136.64 135.44 129.34 125.58 125.42 122.92 127.06 127.24 122.44 121.64 123.06 123.56 120.72 118.2 118.18 117.24 105.58 104.74 119.94 125.14 134.78 131.98 134.6 137 139.5 140.3 133.04 145.54 -9999 -9999 -9999 -9999 -9999 -9999 -9999 -9999 -9999 -9999 -9999 -9999 -9999 -9999 -9999 -9999
104.84 108.84 112.98 115.08 116.24 119.98 121.92 127.36 130.2 132.14 136.56 141.74 147.64 148.28 142.66 139.02 141.3 150.8 147.86 145.92 141.26 140.92 139.78 139.06 139.48 138.88 143.8 149.44 146.54 142.16 138.16 138.56 137.88 142.68 132.34 130.84 131.94 133.24 132.78 133.22 129.64 127.88 129.04 129.72 126.6 119.86 119.84 109.9 95.3 109.26 122.82 133.26 145.62 148.28 147.26 148.74 145.98 142.54 -9999 -9999 -9999 -9999 -9999 -9999 -9999 -9999 -9999 -9999 -9999 -9999 -9999 -9999 -9999 -9999 -9999 -9999
120.2 118.26 118.18 117.9 118.36 123.4 126.9 131.24 135.5 136.18 140.48 145.34 149.76 149.38 147.9 145.36 146.24 149.54 151.14 148.46 145.64 145.22 146.22 145.56 142.42 140.2 142.62 146.6 148.9 143.38 138.44 141.52 141.48 143.98 139.88 138.74 144.6 131.02 132.62 135.78 135.74 132.26 135.62 134.82 133.68 129.44 113.94 103.22 109.74 114.96 131 142.56 142.2 143.7 148.72 150.38 143.86 144.8 -9999 -9999 -9999 -9999 -9999 -9999 -9999 -9999 -9999 -9999 -9999 -9999 -9999 -9999 -9999 -9999 -9999 -9999
122.84 122.9 119.66 122.04 125.94 131.08 134.44 138.8 141.92 143.1 145.32 149.28 151.26 152.78 150.92 148.52 150.3 151.1 152.62 147.42 146.8 147.18 148.96 147.88 142.56 138.76 133.9 139.14 147.28 147.62 146.16 147 146.3 150.26 145.78 141.44 141.08 135.86 136.5 137.64 135.72 135.72 136.9 136.76 131.56 120.6 117.94 120.84 131.02 130.98 143.26 148.92 146.88 148.26 151.12 149.5 151.28 153.98 -9999 -9999 -9999 -9999 -9999 -9999 -9999 -9999 -9999 -9999 -9999 -9999 -9999 -9999 -9999 -9999 -9999 -9999
117.2 116.18 122.96 128.44 133.44 137.06 141.9 145.84 152.3 153.02 154.16 157.74 159.52 159.58 154.72 150.7 154.32 155.14 152.86 147.48 146.44 146.94 147.16 147.14 144.72 142.74 140.92 142.64 149.7 156.22 154.36 148.86 148.04 149.6 148.04 143.84 140.04 137.34 136.54 137.76 136.48 135.38 131.68 130.14 123.72 114.28 116.74 117.54 140.92 144.6 146.48 148.64 149.34 153.78 155.82 154.32 156.86 -9999 -9999 -9999 -9999 -9999 -9999 -9999 -9999 -9999 -9999 -9999 -9999 -9999 -9999 -9999 -9999 -9999 -9999 -9999
107.6 123.98 132.08 134.86 140.68 144.16 147.5 150.68 161.42 164.66 164 166.48 169.18 168.5 164.12 159.14 161.12 158.8 155.74 151.98 153.08 155.34 155.34 154.38 151.74 151.96 153.28 154.36 156.54 161.22 156.3 149.08 146.94 148.36 148.78 146.9 142.86 140.8 137.62 137.92 133.74 130.38 125.94 128.38 117.22 108.28 118.6 131.06 142.72 143.82 146.24 146.54 150.1 156.14 159.76 165.08 160.16 -9999 -9999 -9999 -9999 -9999 -9999 -9999 -9999 -9999 -9999 -9999 -9999 -9999 -9999 -9999 -9999 -9999 -9999 -9999
122.12 131.84 138.6 140.46 144.4 148.34 149.04 153.38 159.32 162.9 166.12 170.6 171.2 172.06 170.38 166.46 167.44 164.78 158.02 155.58 158.52 157.6 159.8 160.72 159.12 161.1 161.86 159.98 159.2 160.24 156.32 150.16 147.04 152.16 155.04 151.56 147.48 142.14 137.22 136.28 139.44 139.16 135.2 119.84 114.24 130.68 147.12 147.78 150.18 146.56 147.3 143.92 151.38 158.3 164.62 170.08 164.4 -9999 -9999 -9999 -9999 -9999 -9999 -9999 -9999 -9999 -9999 -9999 -9999 -9999 -9999 -9999 -9999 -9999 -9999 -9999
143.44 144 149.02 147.62 149.38 151.42 153.4 157.42 163.3 169.36 167.46 171.28 172 171.92 172.86 171.32 170.7 169.82 160.48 159.28 160.14 159.02 159.38 162.38 164.32 166.02 164.82 163.86 162.14 161.46 156.8 152.62 149.48 151.48 152.34 151.32 151.38 143.86 146.58 147.62 141.46 128.28 106.42 113.84 143.6 153.76 156.36 155.54 152.34 151.54 157.42 153.92 157.1 162 170.3 175.5 178.58 -9999 -9999 -9999 -9999 -9999 -9999 -9999 -9999 -9999 -9999 -9999 -9999 -9999 -9999 -9999 -9999 -9999 -9999 -9999
147.82 157.12 153.12 151.08 150.52 150.56 156.72 162.72 169.62 171.56 173 173.12 171.52 172.3 173.14 170.98 171.66 167.88 169.62 169.78 173.08 174.48 173.94 170.84 169.24 167.36 166.98 169.74 168.04 162.5 159 154.02 146 149.78 150.62 152.6 149.86 151.84 154.2 142.36 128.68 120.14 117.16 145.88 159 163.12 162.22 159.68 156.76 158.14 162.28 166.04 165.08 168.32 176.96 171.14 173.4 -9999 -9999 -9999 -9999 -9999 -9999 -9999 -9999 -9999 -9999 -9999 -9999 -9999 -9999 -9999 -9999 -9999 -9999 -9999
143.32 150.12 151.66 152.42 153.78 160.62 165.76 168.88 174.92 178.66 175.22 176.34 176.36 179.28 174.26 175.88 172.52 170.16 167.92 165.8 169.44 172.62 175.14 177.62 172.4 169.36 170.36 173.28 170.32 164.36 161.54 158.76 157.06 159 160.68 155.06 154.12 154.02 154.06 142.26 141.7 151.36 162.06 164.3 167.68 167.72 163.08 162.16 164.26 167.72 169.54 172.56 175.38 179.02 187.96 176.26 -9999 -9999 -9999 -9999 -9999 -9999 -9999 -9999 -9999 -9999 -9999 -9999 -9999 -9999 -9999 -9999 -9999 -9999 -9999 -9999
147.68 151.34 154.86 156.54 156.98 159.78 168.76 171.94 173.06 178.8 181.24 182.32 182.34 181.44 179.66 178.98 178.26 175.52 172.18 170.92 173.68 177.76 179.58 178.2 176.4 174.72 174.62 170.8 167.68 167.8 167.74 167 163.12 163.72 162.5 160.8 156.74 156.48 159.32 157.86 162.24 166.58 167.84 162.66 170.48 170.2 161.48 168.9 177.7 176.36 176.38 179.36 184.14 177.08 -9999 -9999 -9999 -9999 -9999 -9999 -9999 -9999 -9999 -9999 -9999 -9999 -9999 -9999 -9999 -9999 -9999 -9999 -9999 -9999 -9999 -9999
153.1 154.6 159 160.84 162.68 164.36 172.04 173.02 180.18 181.7 182.76 185.12 184.46 184.42 183.84 181.2 181.32 180.26 181.1 181.94 182.66 182.58 182.5 179.48 178.76 179.12 177.88 175.88 171.58 171.78 175.06 175.26 172.42 171.1 169.8 168.1 162.22 160.14 166.44 171.76 170.86 172.7 171.28 170.36 174.46 177.64 174.4 175.54 181.22 182.92 183.38 182.4 182.3 -9999 -9999 -9999 -9999 -9999 -9999 -9999 -9999 -9999 -9999 -9999 -9999 -9999 -9999 -9999 -9999 -9999 -9999 -9999 -9999 -9999 -9999 -9999
159.28 161.76 165.3 166.06 169 174.86 176.48 178.12 185.2 183.96 185.76 184.24 186.6 189.78 190.18 185.18 184.22 184.26 183.14 184 185.88 184.76 183.76 181.76 181.94 183.1 182.3 180.28 176.5 173.74 177.38 179.58 178.86 175.54 172.74 170.74 165.78 167.64 173.86 175.88 177.3 174.16 174.96 176.16 182.48 185.4 183.72 180.86 188.46 191.9 -9999 -9999 -9999 -9999 -9999 -9999 -9999 -9999 -9999 -9999 -9999 -9999 -9999 -9999 -9999 -9999 -9999 -9999 -9999 -9999 -9999 -9999 -9999 -9999 -9999 -9999
166.14 173.84 177.42 178.48 178.3 180.06 180.98 184.66 189.24 189.44 188.98 189.5 187.82 195.08 196.18 189.96 187.1 186.14 186.14 187.02 189.86 188.02 185.04 183.1 185.04 188.32 188.46 184.66 180.04 176.98 178.04 182.96 184.68 183.12 176.68 175.78 173.58 173.16 180.4 181.14 181.62 181.56 181.68 184.2 187.4 190.4 190.22 192.6 192.8 -9999 -9999 -9999 -9999 -9999 -9999 -9999 -9999 -9999 -9999 -9999 -9999 -9999 -9999 -9999 -9999 -9999 -9999 -9999 -9999 -9999 -9999 -9999 -9999 -9999 -9999 -9999
174.9 178.7 181.84 182.88 184.64 185.18 182.8 181.06 189.48 187.7 188.96 188.28 192.84 195.26 197.26 196.1 190.2 188.46 188.7 190.64 193.68 190.74 187.02 186.34 189.68 192.56 192.52 188.38 183.74 181 181.08 183.86 185.86 188.36 189.32 188.66 182.32 185.44 188.5 185.98 186.72 190.48 188.54 188.58 191.8 196.46 198.4 197.6 -9999 -9999 -9999 -9999 -9999 -9999 -9999 -9999 -9999 -9999 -9999 -9999 -9999 -9999 -9999 -9999 -9999 -9999 -9999 -9999 -9999 -9999 -9999 -9999 -9999 -9999 -9999 -9999
188.9 190.9 187.08 185.38 184.68 184.16 185.62 191.2 189.74 190.1 186.82 188.66 198 201.48 200.64 198.06 197.18 194.5 193.76 193.54 194.8 194.14 192.2 192.48 194.98 195.84 192.3 189.04 185.46 186.84 185.48 188.24 190.12 192.24 191.46 190.5 187.78 191 190.1 188.88 187.02 190.38 191.5 192.02 196.6 201.42 -9999 -9999 -9999 -9999 -9999 -9999 -9999 -9999 -9999 -9999 -9999 -9999 -9999 -9999 -9999 -9999 -9999 -9999 -9999 -9999 -9999 -9999 -9999 -9999 -9999 -9999 -9999 -9999 -9999 -9999
197.02 199.24 191.58 185.96 188.38 186.6 188.8 189.26 190.34 190.24 189.04 187.34 202.78 204.1 205.72 203.04 203.44 200.62 199.86 198.64 198.04 197.68 196.56 196.56 199.9 200.82 194.94 192.66 192.38 192.96 193.24 194.94 198.28 197.3 195.64 195.02 194.34 196.48 195.76 193.24 191.94 195.06 195.04 196.1 202.58 207 -9999 -9999 -9999 -9999 -9999 -9999 -9999 -9999 -9999 -9999 -9999 -9999 -9999 -9999 -9999 -9999 -9999 -9999 -9999 -9999 -9999 -9999 -9999 -9999 -9999 -9999 -9999 -9999 -9999 -9999
182.42 194.78 193.98 195.26 195.1 193.38 191.56 190.34 191.9 193.26 193.54 193.26 202.76 211.18 211.8 211.22 208.3 205.64 205.04 203.9 202.3 203.18 203.08 201.8 204.62 204.6 201.82 199.96 200.22 199.6 201.24 202.6 204.48 203.76 202.08 197.52 199.84 200.88 201.54 200.12 201.66 205.3 204.26 205.26 210.2 212.92 -9999 -9999 -9999 -9999 -9999 -9999 -9999 -9999 -9999 -9999 -9999 -9999 -9999 -9999 -9999 -9999 -9999 -9999 -9999 -9999 -9999 -9999 -9999 -9999 -9999 -9999 -9999 -9999 -9999 -9999
181.08 185.4 188.48 202.46 206.54 204.14 199.46 196.24 195.9 194.6 190.84 200 213.08 214.34 215.8 215.92 211.92 210.58 211.28 210.08 209.52 209.64 209.86 208.2 208.42 208.2 207.48 209.62 208.94 207.78 207.56 207.28 206.44 206.78 207.12 208.38 206.76 206.92 208.58 209.3 211.38 212.42 211.28 213.28 217.28 217.66 -9999 -9999 -9999 -9999 -9999 -9999 -9999 -9999 -9999 -9999 -9999 -9999 -9999 -9999 -9999 -9999 -9999 -9999 -9999 -9999 -9999 -9999 -9999 -9999 -9999 -9999 -9999 -9999 -9999 -9999
204.14 209.62 210.76 213.84 219.04 217.86 208.36 206.2 207.88 207.46 203.08 207.9 213.42 216.66 218.68 219.66 217.28 216.32 219.56 217.38 215.4 214.42 213.52 212.54 211.6 210.94 210.54 215.16 216.56 212.98 -9999 -9999 -9999 -9999 -9999 -9999 -9999 213.74 214.76 216.56 218.56 219.7 219.66 219.54 222.76 226.4 -9999 -9999 -9999 -9999 -9999 -9999 -9999 -9999 -9999 -9999 -9999 -9999 -9999 -9999 -9999 -9999 -9999 -9999 -9999 -9999 -9999 -9999 -9999 -9999 -9999 -9999 -9999 -9999 -9999 -9999
220.1 217.66 208 191 207.2 222.04 224.82 224.4 227.82 226.62 223.3 221.1 218.3 219.48 222.48 223.46 223.48 224.8 217.98 -9999 -9999 -9999 -9999 -9999 -9999 215.78 216.06 218.14 217.54 216.94 -9999 -9999 -9999 -9999 -9999 -9999 -9999 -9999 -9999 -9999 -9999 225.06 225.92 225.66 229 231.92 228.44 -9999 -9999 -9999 -9999 -9999 -9999 -9999 -9999 -9999 -9999 -9999 -9999 -9999 -9999 -9999 -9999 -9999 -9999 -9999 -9999 -9999 -9999 -9999 -9999 -9999 -9999 -9999 -9999 -9999
193.1 210.6 196.2 185.22 191.3 216.22 230.5 232.04 232.06 231.16 227.02 225.82 220.38 223.62 225.3 226.34 227.54 222.84 -9999 -9999 -9999 -9999 -9999 -9999 -9999 -9999 -9999 -9999 -9999 -9999 -9999 -9999 -9999 -9999 -9999 -9999 -9999 -9999 -9999 -9999 -9999 -9999 231.28 231.34 234.02 236.02 238.48 -9999 -9999 -9999 -9999 -9999 -9999 -9999 -9999 -9999 -9999 -9999 -9999 -9999 -9999 -9999 -9999 -9999 -9999 -9999 -9999 -9999 -9999 -9999 -9999 -9999 -9999 -9999 -9999 -9999
195.04 200.5 195 180.5 212.62 220.32 226.56 234.56 233.1 232.84 231.6 228.42 227.38 229.22 229.2 227.16 -9999 -9999 -9999 -9999 -9999 -9999 -9999 -9999 -9999 -9999 -9999 -9999 -9999 -9999 -9999 -9999 -9999 -9999 -9999 -9999 -9999 -9999 -9999 -9999 -9999 -9999 238.48 238.32 238.88 240.16 242.3 -9999 -9999 -9999 -9999 -9999 -9999 -9999 -9999 -9999 -9999 -9999 -9999 -9999 -9999 -9999 -9999 -9999 -9999 -9999 -9999 -9999 -9999 -9999 -9999 -9999 -9999 -9999 -9999 -9999
193 204.46 193.06 186.46 207.76 222.54 230.08 237.08 237.78 234.9 230.74 231.4 235.38 234.08 -9999 -9999 -9999 -9999 -9999 -9999 -9999 -9999 -9999 -9999 -9999 -9999 -9999 -9999 -9999 -9999 -9999 -9999 -9999 -9999 -9999 -9999 -9999 -9999 -9999 -9999 -9999 -9999 240.4 241.96 241.72 242.84 245.04 242.26 -9999 -9999 -9999 -9999 -9999 -9999 -9999 -9999 -9999 -9999 -9999 -9999 -9999 -9999 -9999 -9999 -9999 -9999 -9999 -9999 -9999 -9999 -9999 -9999 -9999 -9999 -9999 -9999
199.88 208.34 193.88 204.48 213.82 228.66 236.54 241.44 240.76 237.06 231.96 236.92 238.2 233.96 -9999 -9999 -9999 -9999 -9999 -9999 -9999 -9999 -9999 -9999 -9999 -9999 -9999 -9999 -9999 -9999 -9999 -9999 -9999 -9999 -9999 -9999 -9999 -9999 -9999 -9999 -9999 -9999 245.04 244.28 243 247.3 249.64 251.34 -9999 -9999 -9999 -9999 -9999 -9999 -9999 -9999 -9999 -9999 -9999 -9999 -9999 -9999 -9999 -9999 -9999 -9999 -9999 -9999 -9999 -9999 -9999 -9999 -9999 -9999 -9999 -9999
208.78 206.22 204.76 207.2 209.78 211.68 218.58 232.12 241.44 240.22 236.96 241.08 241.24 236.86 -9999 -9999 -9999 -9999 -9999 -9999 -9999 -9999 -9999 -9999 -9999 -9999 -9999 -9999 -9999 -9999 -9999 -9999 -9999 -9999 -9999 -9999 -9999 -9999 -9999 -9999 -9999 -9999 -9999 249.96 251.18 253.4 254.88 255.92 -9999 -9999 251.3 251.64 251.76 251.8 -9999 -9999 -9999 -9999 -9999 -9999 -9999 -9999 -9999 -9999 -9999 -9999 -9999 -9999 -9999 -9999 -9999 -9999 -9999 -9999 -9999 -9999
211.68 207.16 212.6 200.92 195.2 200.8 210.9 223.04 232.82 242.92 243.16 243.34 244.34 239.88 -9999 -9999 -9999 -9999 -9999 -9999 -9999 -9999 -9999 -9999 -9999 -9999 -9999 -9999 -9999 -9999 -9999 -9999 -9999 -9999 -9999 -9999 -9999 -9999 -9999 -9999 -9999 -9999 -9999 254.66 255.98 257 258.32 258.78 -9999 -9999 -9999 -9999 -9999 254.76 -9999 -9999 -9999 -9999 -9999 -9999 -9999 -9999 -9999 -9999 -9999 -9999 -9999 -9999 -9999 -9999 -9999 -9999 -9999 -9999 -9999 -9999
204.66 215.06 210.76 206.04 200.28 197.48 190.64 224.42 236.1 241.24 242.28 244.42 244.06 243.8 -9999 -9999 -9999 -9999 -9999 -9999 -9999 -9999 -9999 -9999 -9999 -9999 -9999 -9999 -9999 -9999 -9999 -9999 -9999 -9999 -9999 -9999 -9999 -9999 -9999 -9999 -9999 -9999 -9999 -9999 259.74 259.78 260.86 261.56 -9999 -9999 -9999 -9999 -9999 257.86 257.86 -9999 -9999 -9999 -9999 -9999 -9999 -9999 -9999 -9999 -9999 -9999 -9999 -9999 -9999 -9999 -9999 -9999 -9999 -9999 -9999 -9999
206.84 201.5 203.54 204.54 191.32 184.4 168.14 179.64 228.68 239.86 248 245.18 244.88 244.66 -9999 -9999 -9999 -9999 -9999 -9999 -9999 -9999 -9999 -9999 -9999 -9999 -9999 -9999 -9999 -9999 -9999 -9999 -9999 -9999 -9999 -9999 -9999 -9999 -9999 -9999 -9999 -9999 -9999 -9999 -9999 263.44 262.46 262.58 -9999 -9999 -9999 261.16 -9999 261.04 260.88 260.7 -9999 -9999 -9999 -9999 -9999 -9999 -9999 -9999 -9999 -9999 -9999 -9999 -9999 -9999 -9999 -9999 -9999 -9999 -9999 -9999
189.46 199.2 199.36 194.52 189.24 186.7 178.68 168.2 203.4 234.68 236.76 247 245.74 -9999 -9999 -9999 -9999 -9999 -9999 -9999 -9999 -9999 -9999 -9999 -9999 -9999 -9999 -9999 -9999 -9999 -9999 -9999 -9999 -9999 -9999 -9999 -9999 -9999 -9999 -9999 -9999 -9999 -9999 -9999 267.22 266.3 -9999 -9999 -9999 -9999 -9999 263.82 263.02 -9999 -9999 262.78 -9999 -9999 -9999 -9999 -9999 -9999 -9999 -9999 -9999 -9999 -9999 -9999 -9999 -9999 -9999 -9999 -9999 -9999 -9999 -9999
169.04 183 188.54 189.72 181.14 180.3 178.18 178.46 183.98 240.06 247.66 245.74 246.62 -9999 -9999 -9999 -9999 -9999 -9999 -9999 -9999 -9999 -9999 -9999 -9999 -9999 -9999 -9999 -9999 -9999 -9999 -9999 -9999 -9999 -9999 -9999 -9999 -9999 -9999 -9999 -9999 -9999 -9999 -9999 -9999 -9999 -9999 -9999 -9999 -9999 -9999 264.74 264.88 -9999 -9999 -9999 -9999 265.68 -9999 -9999 -9999 -9999 -9999 -9999 -9999 -9999 -9999 -9999 -9999 -9999 -9999 -9999 -9999 -9999 -9999 -9999
