shamba/rasters/climate/tmp_3.txt
ncols         720
nrows         360
xllcorner     -180
yllcorner     -90
cellsize      0.5
NODATA_value  -9999
[rows 102 to 135 of 360, columns 304 to 379 of 720]
-9999 128.94 -9999 -9999 -9999 -9999 -9999 -9999 -9999 -9999 -9999 -9999 -9999 -9999 -9999 -9999 -9999 -9999 -9999 -9999 -9999 -9999 -9999 -9999 -9999 -9999 -9999 -9999 -9999 -9999 -9999 -9999 -9999 -9999 -9999 -9999 -9999 140.24 139.08 131.88 126.74 127.22 125.68 122.94 115.96 114.92 106.64 99.94 98.78 95.74 89.66 81.56 93.54 91.36 105.42 117.46 130.94 -9999 129.78 -9999 -9999 -9999 -9999 -9999 -9999 -9999 -9999 -9999 -9999 -9999 -9999 -9999 122.08 119.2 124.94 -9999
-9999 -9999 -9999 -9999 -9999 -9999 -9999 -9999 -9999 -9999 -9999 -9999 -9999 -9999 -9999 -9999 -9999 -9999 -9999 -9999 -9999 -9999 -9999 -9999 -9999 -9999 -9999 -9999 -9999 -9999 -9999 -9999 -9999 -9999 -9999 -9999 -9999 138.06 137.92 133.9 129.96 129.34 114.68 110.88 115.9 110.72 109.08 106.64 106.54 106.42 88.36 82.24 108.28 112.1 133.04 130.2 -9999 -9999 -9999 -9999 -9999 -9999 -9999 -9999 -9999 -9999 -9999 -9999 -9999 -9999 -9999 -9999 -9999 -9999 -9999 -9999
-9999 -9999 -9999 -9999 148.9 136.96 -9999 -9999 -9999 -9999 -9999 -9999 -9999 -9999 -9999 -9999 -9999 -9999 -9999 -9999 -9999 -9999 -9999 -9999 -9999 -9999 -9999 -9999 -9999 -9999 -9999 -9999 -9999 -9999 -9999 -9999 -9999 -9999 136.72 131.66 132.78 129.24 126.52 123.84 129.76 131.28 128.38 122.26 106.22 103.12 88.04 82.98 105.94 117.74 133.74 -9999 -9999 -9999 -9999 -9999 -9999 -9999 -9999 -9999 -9999 -9999 -9999 -9999 -9999 -9999 -9999 -9999 -9999 128.66 -9999 -9999
-9999 -9999 -9999 -9999 -9999 145.52 -9999 -9999 -9999 -9999 -9999 -9999 -9999 -9999 -9999 -9999 -9999 -9999 -9999 -9999 -9999 -9999 -9999 -9999 -9999 -9999 -9999 -9999 -9999 -9999 -9999 -9999 -9999 -9999 -9999 -9999 -9999 141.66 133.54 127.38 129.52 141.78 144.22 142.42 140.44 131.66 123.08 107.98 102.86 67.8 71.74 102.62 128.44 -9999 -9999 -9999 -9999 -9999 -9999 -9999 -9999 -9999 -9999 -9999 -9999 -9999 -9999 -9999 109.5 107.48 122.32 130.26 -9999 118.9 129.42 132.78
-9999 -9999 -9999 -9999 -9999 147.26 -9999 -9999 -9999 -9999 -9999 -9999 -9999 -9999 -9999 -9999 -9999 -9999 -9999 -9999 -9999 -9999 -9999 -9999 -9999 -9999 -9999 -9999 -9999 -9999 -9999 -9999 -9999 -9999 -9999 -9999 -9999 142.38 142.36 144.28 144.12 -9999 -9999 146.74 137.46 117.64 128.34 126.32 119.38 110.26 123.32 136.26 137.32 142.18 -9999 -9999 -9999 -9999 140.86 138.16 131.16 137.68 134.42 125.86 111.26 115.7 115.28 108.18 95.38 101.3 109.32 114.28 123.14 119.38 119.82 126.18
-9999 -9999 -9999 -9999 -9999 -9999 -9999 -9999 -9999 -9999 -9999 -9999 -9999 -9999 -9999 -9999 -9999 -9999 -9999 -9999 -9999 -9999 -9999 -9999 -9999 -9999 -9999 -9999 -9999 -9999 -9999 -9999 -9999 -9999 -9999 -9999 -9999 -9999 -9999 -9999 -9999 -9999 -9999 144.2 138.28 141.62 -9999 -9999 -9999 -9999 -9999 -9999 -9999 -9999 -9999 -9999 141.56 134.1 129.6 126.58 126.64 113.42 104.1 101.72 99.4 92.98 89.58 83.22 95.58 90.04 89.6 89.06 103.32 115.92 116.62 122.76
-9999 -9999 -9999 -9999 -9999 -9999 -9999 -9999 -9999 -9999 -9999 -9999 -9999 -9999 -9999 -9999 -9999 -9999 -9999 -9999 -9999 -9999 -9999 -9999 -9999 -9999 -9999 -9999 -9999 -9999 -9999 -9999 -9999 -9999 -9999 -9999 -9999 -9999 -9999 -9999 -9999 -9999 -9999 -9999 134.1 135.58 -9999 -9999 -9999 -9999 -9999 -9999 -9999 142.12 139.42 139.62 137.02 133.82 118.28 102.8 101.28 108.32 105.46 111.46 114.52 115.08 98.78 86.26 84.88 90.68 87.44 89.96 89.5 91.94 97.5 106.04
-9999 -9999 -9999 -9999 -9999 -9999 -9999 -9999 -9999 -9999 -9999 -9999 -9999 -9999 -9999 -9999 -9999 -9999 -9999 -9999 -9999 -9999 -9999 -9999 -9999 -9999 -9999 -9999 -9999 -9999 -9999 -9999 -9999 -9999 -9999 -9999 -9999 -9999 -9999 -9999 -9999 -9999 -9999 145.56 120.18 111.7 125.42 136.12 137.8 145.3 136.06 145.9 132.96 133.2 122.2 121.46 117.98 116.5 100.88 98.4 107.84 109.98 106.98 104.12 113.14 128.08 132.28 99.24 79.08 73.68 80.34 86.56 94.36 95.88 110.48 111.92
-9999 -9999 -9999 -9999 -9999 -9999 -9999 -9999 -9999 -9999 -9999 -9999 -9999 -9999 -9999 -9999 -9999 -9999 -9999 -9999 -9999 -9999 -9999 -9999 -9999 -9999 -9999 -9999 -9999 -9999 -9999 -9999 -9999 -9999 -9999 -9999 -9999 -9999 -9999 -9999 -9999 -9999 -9999 145.46 143.3 128.94 117.6 100.18 104.8 122.38 126.02 116.48 103.06 90.38 90.7 89.16 97.62 99.12 99.6 97.12 105.46 104.56 95.46 95.66 112.74 127.78 142.86 156.86 144.94 140.06 136.12 119.1 120.82 123.92 134.42 139.24
-9999 -9999 -9999 -9999 -9999 -9999 -9999 -9999 -9999 -9999 -9999 -9999 -9999 -9999 -9999 -9999 -9999 -9999 -9999 -9999 -9999 -9999 -9999 -9999 -9999 -9999 -9999 -9999 -9999 -9999 -9999 -9999 -9999 -9999 -9999 -9999 -9999 -9999 -9999 -9999 -9999 -9999 147.54 147.4 146.34 141.04 139.66 120.26 126.74 136.96 117.34 120.16 115.2 98.4 98.82 99.16 102.56 103.1 102.5 98 95.42 99.46 109.5 116.54 129.68 139.64 150.64 161.74 164.74 161.92 158.02 156.96 151.04 144.1 139.76 146.58
-9999 -9999 -9999 -9999 -9999 -9999 -9999 -9999 -9999 -9999 -9999 -9999 -9999 -9999 -9999 -9999 -9999 -9999 -9999 -9999 -9999 -9999 -9999 -9999 -9999 -9999 -9999 -9999 -9999 -9999 -9999 -9999 -9999 -9999 -9999 -9999 -9999 -9999 -9999 -9999 147.68 146.62 140.44 136.46 124.26 110.78 109.16 93.48 106.88 108.12 102.06 111.16 108.3 107.38 106.78 105.22 105.66 103.12 97.58 97.06 109.38 118.42 121.5 127.58 134.6 145.76 154.58 160.76 164.8 164.88 162.94 163 164.04 164.04 160.88 154.5
-9999 -9999 -9999 -9999 -9999 -9999 -9999 -9999 -9999 -9999 -9999 -9999 -9999 -9999 -9999 -9999 -9999 -9999 -9999 -9999 -9999 -9999 -9999 159.84 -9999 -9999 -9999 -9999 -9999 -9999 -9999 -9999 -9999 -9999 -9999 -9999 -9999 -9999 152.52 151.62 145.68 136.18 126.98 123.92 108.58 80.92 78.3 93.62 120.14 101.2 104.22 107.3 108.4 108.6 105.76 108.2 115.64 107.14 110.58 117.04 125.4 127.46 130.48 133.56 141.6 148.66 156.66 160.72 163.82 164.92 164.98 165.04 167.12 166.94 164.82 159.46
-9999 -9999 -9999 -9999 -9999 -9999 -9999 -9999 -9999 -9999 -9999 -9999 -9999 -9999 -9999 -9999 -9999 -9999 -9999 -9999 -9999 134.54 129.64 -9999 -9999 -9999 -9999 -9999 -9999 -9999 -9999 -9999 -9999 -9999 -9999 -9999 -9999 155.56 153.68 150.86 145.26 135.56 134.36 132.12 113.76 85.14 93.52 100.08 100.12 103.3 111.34 109.48 110.54 104.7 107.86 118.28 126.72 132.14 132.6 133.04 138.34 138.48 142.48 145.52 152.62 159.62 163.68 164.74 167.8 165.94 165.96 167.06 166.98 166.8 162.6 158.52
-9999 -9999 -9999 -9999 -9999 -9999 -9999 -9999 -9999 -9999 -9999 -9999 -9999 -9999 -9999 -9999 -9999 -9999 -9999 -9999 -9999 -9999 -9999 -9999 -9999 -9999 -9999 -9999 -9999 -9999 -9999 -9999 -9999 -9999 -9999 -9999 -9999 155.74 149.9 147.8 150 151.92 146.78 119.56 69.86 65.24 77.16 103.28 117.22 128.38 131.46 128.54 119.7 127.8 133.98 135.22 138.72 138.18 137.68 139.2 146.32 147.44 145.4 151.46 160.56 165.6 165.68 167.76 168.8 167.9 167 168.08 167.9 168.72 166.58 164.58
-9999 -9999 -9999 -9999 -9999 -9999 -9999 -9999 -9999 -9999 -9999 -9999 -9999 -9999 -9999 -9999 -9999 -9999 -9999 -9999 -9999 -9999 -9999 -9999 -9999 -9999 -9999 -9999 -9999 -9999 -9999 -9999 -9999 -9999 -9999 -9999 159.78 145.96 153.08 153.44 153.7 139.48 108.12 66.64 52.08 94.14 127.18 130.36 133.42 138.46 153.62 152.7 143.82 142.86 146.18 144.26 144.72 145.16 152.66 152.1 149.4 149.4 149.36 152.5 166.58 170.64 171.64 172.72 173.8 173.9 175.02 173 174.76 172.66 170.56 169.6
-9999 -9999 -9999 -9999 -9999 -9999 -9999 -9999 -9999 -9999 -9999 -9999 -9999 -9999 -9999 -9999 -9999 -9999 -9999 -9999 -9999 -9999 -9999 -9999 -9999 -9999 -9999 -9999 -9999 -9999 -9999 -9999 -9999 -9999 -9999 -9999 155.64 128.78 131.62 121.94 86.08 89.1 81.48 98.22 105.24 134.22 142.4 137.4 142.58 144.64 161.74 160.82 153.84 153.04 153.16 151.42 155.68 155.22 156.7 156.14 152.42 151.36 152.42 155.4 168.5 173.56 174.66 174.74 174.88 173.9 174.9 175.84 176.68 176.66 174.64 172.56
-9999 -9999 -9999 -9999 -9999 -9999 -9999 -9999 -9999 -9999 -9999 -9999 -9999 -9999 -9999 -9999 -9999 -9999 -9999 -9999 -9999 -9999 -9999 -9999 -9999 -9999 -9999 -9999 -9999 -9999 -9999 -9999 -9999 -9999 -9999 -9999 157.46 137.42 116.82 127.04 96.2 115.52 133.26 132.22 145.32 155.4 160.48 161.58 161.66 163.76 167.9 170.88 168.04 164.14 162.3 162.5 161.72 161.18 160.72 159.2 159.24 158.38 161.34 170.52 175.54 176.64 176.66 176.82 176.84 175.96 175.92 174.74 175.68 176.7 175.62 174.48
-9999 -9999 -9999 -9999 -9999 -9999 -9999 -9999 -9999 -9999 -9999 -9999 -9999 -9999 -9999 -9999 -9999 -9999 -9999 -9999 -9999 -9999 -9999 -9999 -9999 -9999 -9999 -9999 -9999 -9999 -9999 -9999 -9999 -9999 -9999 -9999 171.08 168.82 143.22 119.52 107.96 135.44 147.26 148.28 162.42 163.52 166.62 168.72 168.78 166.9 171.96 177.04 176.16 174.2 171.42 169.56 166.78 165.28 165.74 164.22 165.3 164.34 166.5 172.48 179.48 180.6 178.58 179.82 179.78 178.86 178.76 178.58 178.56 178.5 177.52 176.44
-9999 -9999 -9999 -9999 -9999 -9999 -9999 -9999 -9999 -9999 -9999 -9999 -9999 -9999 -9999 -9999 -9999 -9999 -9999 -9999 -9999 -9999 -9999 -9999 -9999 -9999 -9999 -9999 -9999 -9999 -9999 -9999 -9999 -9999 -9999 180.52 169.82 146.64 116.14 138.54 156 168.5 172.34 174.48 175.54 173.6 176.74 177.78 177.8 177.96 177.02 177.16 177.22 176.4 175.54 177.68 179.9 176.36 171.72 169.28 169.3 170.28 176.42 178.54 179.48 181.56 180.7 180.82 181.84 182.7 182.62 179.54 178.52 179.54 175.54 173.48
-9999 -9999 -9999 -9999 -9999 -9999 -9999 -9999 -9999 -9999 -9999 -9999 -9999 -9999 -9999 -9999 -9999 -9999 -9999 -9999 -9999 -9999 -9999 -9999 -9999 -9999 -9999 -9999 171.4 -9999 -9999 -9999 -9999 -9999 -9999 176.62 151.86 141.58 155.08 171.46 174.86 176.62 175.6 176.56 175.6 177.74 179.8 181.9 182.08 182.04 181.14 180.2 179.32 177.48 179.66 183.8 186.02 182.42 178.86 175.18 171.28 170.32 181.32 182.46 182.46 184.5 184.66 184.78 181.76 181.7 184.52 182.56 179.52 178.46 171.44 169.44
-9999 -9999 -9999 -9999 -9999 -9999 -9999 -9999 -9999 -9999 -9999 -9999 -9999 -9999 -9999 -9999 -9999 -9999 -9999 -9999 144.62 -9999 -9999 156.2 -9999 -9999 -9999 179.1 173.22 -9999 -9999 -9999 -9999 190.46 183.42 180.72 164.9 172.42 180.9 182.5 177.92 179.76 183.62 186.58 190.74 190.88 190.9 191.02 191.12 191.24 189.26 188.34 189.5 188.56 190.78 192.92 190.12 185.46 181.86 177.2 173.24 172.36 176.4 177.48 178.44 182.54 184.7 187.76 185.66 186.5 185.46 183.48 182.44 177.48 171.4 167.4
-9999 -9999 -9999 -9999 -9999 -9999 -9999 -9999 -9999 -9999 -9999 -9999 -9999 -9999 -9999 -9999 -9999 -9999 -9999 -9999 138.5 160.54 141.58 137.42 135.34 170.86 -9999 166.9 181.92 -9999 -9999 193.18 192.28 190.4 186.56 186.76 187.7 176.26 182.84 185.42 188.94 190.86 190.82 192.72 193.82 193.86 195 195.1 194.24 194.34 193.46 192.5 192.6 192.72 198.84 197.06 193.22 191.52 187.98 179.18 178.24 177.24 178.36 179.44 183.5 185.54 186.72 187.62 186.44 188.52 183.46 182.46 183.46 181.44 175.42 173.34
-9999 -9999 -9999 -9999 -9999 -9999 -9999 -9999 -9999 -9999 -9999 -9999 -9999 -9999 -9999 -9999 -9999 -9999 -9999 149.38 168.3 -9999 -9999 -9999 143.34 167.72 -9999 -9999 -9999 195.06 193.1 192.18 187.32 186.38 187.64 183.78 184.52 186.2 189.74 190.42 190.04 192.06 190.04 193.88 201.94 202.02 196.12 196.26 196.24 195.44 201.56 200.6 202.72 203.86 203 201.12 198.38 196.7 194.04 187.3 191.22 193.3 190.38 187.4 189.42 189.6 185.64 185.56 191.4 190.4 190.4 189.42 187.44 182.46 181.36 179.28
-9999 -9999 -9999 -9999 -9999 -9999 -9999 -9999 -9999 -9999 -9999 -9999 -9999 -9999 -9999 -9999 -9999 -9999 -9999 -9999 -9999 -9999 -9999 -9999 -9999 -9999 -9999 -9999 -9999 196.08 198.14 198.24 193.38 193.58 195.8 189.68 190.5 190.08 194.68 191.3 195.22 196.16 197.14 200.08 208 206.12 200.16 200.26 199.44 199.56 204.68 203.72 207.9 207.98 207.1 206.26 203.36 203.7 203.1 203.3 207.2 208.24 205.3 200.42 197.52 193.62 189.46 189.44 193.38 189.4 194.42 194.4 193.4 190.44 187.28 186.24
-9999 -9999 -9999 -9999 -9999 -9999 -9999 -9999 -9999 -9999 -9999 -9999 -9999 -9999 -9999 -9999 -9999 -9999 -9999 -9999 -9999 -9999 -9999 -9999 -9999 -9999 -9999 -9999 199.98 201 202.18 200.28 197.38 200.54 199.66 200.6 188.38 191.02 192.7 193.4 198.3 204.24 212.26 215.16 210.2 209.22 209.34 208.44 209.52 208.64 209.76 210.8 212.9 212.06 212.16 211.4 210.54 211.86 215.12 215.36 215.32 215.22 211.32 204.4 200.52 194.56 186.46 183.38 190.38 186.4 190.38 190.42 191.34 191.42 190.32 189.26
-9999 -9999 -9999 -9999 -9999 -9999 -9999 -9999 -9999 -9999 -9999 -9999 -9999 -9999 -9999 -9999 -9999 -9999 -9999 -9999 -9999 -9999 -9999 -9999 -9999 -9999 -9999 206.7 205.9 206.96 208.18 205.34 202.52 205.68 205.56 206.6 195.32 197.04 199.62 201.52 209.42 218.46 219.44 220.34 215.22 213.32 213.36 213.54 212.58 212.7 213.84 216.96 217.04 216.24 216.34 215.42 215.62 216.92 219.3 219.4 218.36 218.28 215.36 207.34 204.4 193.5 188.44 182.4 182.32 185.38 182.42 181.4 187.4 185.36 185.3 188.22
-9999 -9999 -9999 -9999 -9999 -9999 -9999 -9999 -9999 -9999 -9999 -9999 -9999 -9999 -9999 -9999 -9999 -9999 -9999 -9999 -9999 -9999 -9999 -9999 -9999 -9999 208.46 204.76 205.88 206.98 206.16 203.36 205.62 204.64 206.58 208.66 203.3 203.9 205.62 205.56 215.5 225.66 222.52 223.4 218.38 218.48 218.6 218.62 218.68 215.74 219.84 221 221.16 220.28 224.44 223.54 219.78 220.92 219.34 220.48 219.36 220.38 211.32 199.44 186.42 185.4 191.3 183.4 179.3 179.32 173.36 172.34 168.36 176.36 177.3 174.24
-9999 -9999 -9999 -9999 -9999 -9999 -9999 -9999 -9999 -9999 -9999 -9999 -9999 -9999 -9999 -9999 -9999 -9999 -9999 -9999 -9999 -9999 -9999 -9999 -9999 -9999 210.22 208.74 210.84 213.02 211.24 208.38 212.54 214.6 214.56 213.52 217.24 215.76 210.7 211.66 219.58 229.64 227.64 225.54 222.58 222.58 223.68 222.7 223.7 225.86 224.88 225.14 224.34 224.44 226.66 227.78 223.8 225.08 221.42 223.42 221.4 219.42 214.44 203.42 188.32 190.32 194.24 187.34 183.36 183.34 177.34 175.38 166.24 172.3 178.24 178.18
-9999 -9999 -9999 -9999 -9999 -9999 -9999 -9999 -9999 -9999 -9999 -9999 -9999 -9999 -9999 -9999 -9999 -9999 -9999 -9999 -9999 -9999 -9999 -9999 -9999 -9999 213.1 211.72 210.88 212.98 214.22 217.34 220.46 221.6 221.62 222.54 226.2 226.72 225.72 225.7 225.7 228.78 230.74 226.74 226.68 226.68 230.78 229.86 229.8 228.92 229.04 229.14 227.34 228.48 227.64 227.8 228.9 228.2 226.54 224.56 217.48 213.48 213.4 204.3 197.24 201.32 179.3 174.3 182.24 183.32 178.28 177.3 178.34 178.34 175.16 170.12
-9999 -9999 -9999 -9999 -9999 -9999 -9999 -9999 -9999 -9999 -9999 -9999 -9999 -9999 -9999 -9999 -9999 -9999 -9999 -9999 -9999 -9999 -9999 -9999 210.32 211.6 212.96 213.62 214.82 216.02 219.28 223.28 225.44 227.58 226.48 228.32 231.04 231.76 232.82 231.84 232.86 232.82 231.98 230.88 232.78 234.82 233.86 234 234.02 233.06 233.12 232.28 230.44 231.54 231.7 231.9 232.04 231.28 228.6 228.52 219.48 218.44 214.46 210.26 201.22 191.18 180.16 176.18 187.2 184.34 181.22 182.32 182.3 183.26 183.16 176.1
-9999 -9999 -9999 -9999 -9999 -9999 -9999 -9999 -9999 -9999 -9999 -9999 -9999 -9999 -9999 -9999 -9999 -9999 -9999 -9999 -9999 -9999 -9999 -9999 213.28 212.58 214.88 218.42 217.86 222.02 224.1 227.16 230.36 232.5 233.56 235.28 235.92 235.8 236.78 236.88 236.94 235.96 233.98 234.04 233.98 236.9 237.9 238.04 237.1 237.1 236.24 236.38 235.56 235.6 234.78 234.96 235.18 231.34 229.68 225.62 222.58 220.48 220.42 218.38 207.18 198.22 184.16 171.28 161.24 167.24 176.3 181.24 190.2 201.16 205.1 199.98
-9999 -9999 -9999 -9999 -9999 -9999 -9999 -9999 -9999 -9999 -9999 -9999 -9999 -9999 -9999 -9999 -9999 -9999 -9999 -9999 -9999 -9999 -9999 213.18 214.32 213.58 217.92 221.24 223.78 226.98 229.06 229.96 234.36 236.52 238.48 239.16 239.8 240.76 240.8 239.94 238.94 239.1 237.14 238.12 237.1 236.96 239.04 239.18 241.26 240.3 238.28 239.52 238.6 238.66 238.9 238.08 237.28 233.5 231.8 227.74 223.58 222.56 223.48 221.34 212.22 204.14 178.08 143.14 163.18 181.18 190.18 182.14 188.26 195.08 208.04 210.86
-9999 -9999 -9999 -9999 -9999 -9999 -9999 -9999 -9999 -9999 -9999 -9999 -9999 -9999 -9999 -9999 -9999 -9999 -9999 -9999 -9999 -9999 -9999 214.06 209.26 214.54 216.84 221.18 225.64 229.86 228.84 232.94 238.4 240.48 238.4 237.12 241.82 242.82 240.82 238.94 239.06 239.04 239.16 239.24 239.18 239.26 238.18 238.34 239.36 241.38 240.46 242.6 242.76 240.78 242.04 240.08 238.34 238.54 238.76 238.76 232.7 233.6 234.4 233.32 222.16 212.14 200.14 192.14 189.2 205.18 207.24 197.2 196.14 205.04 214.94 215.88
-9999 -9999 -9999 -9999 -9999 -9999 -9999 -9999 -9999 -9999 -9999 -9999 -9999 -9999 -9999 -9999 -9999 -9999 -9999 -9999 -9999 -9999 210.74 214.84 212.28 213.46 219.8 225.06 229.44 233.68 234.72 236.94 237.44 238.52 238.4 237.02 239.86 240.96 240.92 241.96 242 242.16 242.1 242.2 242.3 241.32 241.26 242.3 245.44 245.6 245.56 245.66 245.78 244.84 242.92 239.22 241.3 241.54 241.84 241.74 236.74 236.62 237.58 238.32 228.38 220.18 211.1 206.18 210.1 217.18 216.1 211.12 204.14 205.98 217.96 218.8
