shamba/rasters/climate/tmp_5.txt
ncols         720
nrows         360
xllcorner     -180
yllcorner     -90
cellsize      0.5
NODATA_value  -9999
[rows 99 to 131 of 360, columns 456 to 531 of 720]
188.32 181.02 179.72 190.42 192.62 -9999 -9999 -9999 -9999 202.5 199.62 198.86 203.16 205.24 209.58 211.82 217.08 222.16 223.44 223.56 222.64 222.88 222.94 224.02 221.84 222.62 223.32 224.08 225.74 226.76 227.86 229.16 228.18 225.16 215.02 201.98 189.96 181.74 177.58 208.34 217.38 217.26 212.24 199.84 191.66 200.48 175.3 203.14 158.36 150.46 107.64 81.84 61.04 -6.78 31.44 40.6 62.7 112.7 125.76 127.98 146.32 142.44 191.56 192.66 210.02 209.24 209.24 215.14 220.14 230.96 231.86 231.82 230.82 228.74 227.72 225.66
192.66 196.32 198.02 194.8 -9999 -9999 -9999 -9999 -9999 -9999 202.9 209.12 203.3 191.64 218.84 226 228.22 229.42 230.62 229.64 227.78 227.94 227.08 226.18 226.94 226.78 228.54 229.26 229.86 230.52 231.54 231.7 228.68 227.56 222.58 209.46 205.42 201.34 188.4 133.26 143.14 123.24 117.12 93.92 70.88 80.82 52.64 29.68 61.62 29.76 47 25.14 84.34 90.46 105.68 154.94 187 194 193.02 193.18 200.32 206.54 206.76 206.86 206.14 205.3 205.28 214.24 222.12 224 224.04 222.92 221.86 220.84 219.78 217.78
182.96 200.58 204.26 -9999 -9999 -9999 -9999 -9999 -9999 -9999 209.06 211.32 213.64 215.86 218.06 222.28 233.46 235.74 235.8 233.9 232.04 231.22 231.3 232.28 232.16 231.82 231.6 232.38 231.98 230.66 231.26 232.24 231.22 229.16 226.16 222.24 208.16 194.3 145.26 80.08 62.98 59.94 40.86 37.58 81.16 80.18 49.12 -9.84 -3.06 -31.9 -17.64 -25.58 19.68 42.74 126 180.16 203.3 202.34 203.32 206.36 208.44 211.72 211.92 210.98 210.32 209.36 208.36 218.28 221.2 219.22 225.08 223.98 222.9 220.9 219.82 217.74
144.1 189.66 -9999 -9999 -9999 -9999 -9999 -9999 -9999 -9999 -9999 -9999 213.78 217 212.26 213.54 214.76 216.9 238.06 238.18 237.26 235.5 234.54 235.64 234.32 234.06 232.82 231.56 232.2 232.88 231.58 231.38 232 232.14 231.12 227.08 213.18 188.1 103.12 96.96 110.8 128.74 112.74 114.4 110.44 76.68 39.62 10.64 -31.62 -9.66 12.52 -2.28 24.94 37.04 17.18 95.18 171.32 194.44 196.66 203.66 202.7 205.86 208.12 209.14 210.46 212.52 211.4 219.32 216.22 209.24 210.14 213.04 212.02 205.92 208.98 208.9
142.7 170.96 212.74 -9999 -9999 -9999 -9999 -9999 -9999 -9999 -9999 -9999 213.92 218.24 220.58 223.86 204.88 188.14 183.24 216.42 238.66 238.66 237.8 237.72 237.58 237.36 235.14 235.94 235.68 235.46 235.12 234.8 235.38 235 234.02 224.02 199.02 164.06 140.02 185.86 198.8 195.72 185.74 178.38 118.82 63.98 43.16 37.1 19.82 45.68 5.8 15.94 28.06 21.18 -10.72 56.32 114.5 165.56 199.7 202.94 206 209.06 210.18 212.28 213.58 215.52 214.54 214.42 211.36 210.26 209.22 207.18 206.08 204 201.96 201.86
137.46 133.7 202.2 -9999 -9999 -9999 -9999 -9999 -9999 -9999 -9999 -9999 214.08 223.66 225.06 219.88 198.12 195.28 184.44 164.64 166.92 207.08 234.2 238.26 238.02 236.84 237.7 238.46 238.34 234.94 234.58 235.22 236.92 237.44 237.04 232.86 206.96 202.9 231.92 214.8 202.9 217.94 211.02 207.36 144.92 71.42 74.54 32.6 -17.64 -3.96 -7.1 7.06 2.24 -4.66 35.34 43.4 76.54 130.66 182.78 195 203.16 202.34 202.38 206.5 218.58 217.56 216.56 214.46 213.38 211.3 210.3 208.14 207.24 205.08 198.08 185.96
145.52 128.94 209.52 230.66 235.72 -9999 -9999 -9999 -9999 -9999 -9999 227.54 222.66 231.02 227.08 182.96 171.18 179.54 176.9 168.24 171.62 163.82 184.86 214.74 235.48 238.24 237.14 234.98 237.8 233.38 232.08 232.66 236.38 239.02 240.6 242.1 240.8 243.84 241.9 235.82 229.82 236.06 226.04 197.22 161.88 118.8 67.86 10.92 -0.34 -2.62 -7.84 -8.72 0.38 1.36 13.38 19.46 53.66 73.82 126.98 142.08 163.28 185.36 195.48 202.74 220.78 219.6 217.58 216.54 214.46 213.38 207.38 185.32 177.26 143.18 120.1 45.1
131.52 131 133.74 135.66 149.04 181.46 235.76 229.94 -9999 247.3 241.36 220.22 199.1 183.98 177.88 189.42 203.66 198.08 200.48 197.78 170.06 169.38 164.62 149.52 210.18 235.74 238.56 232.4 233.32 228.14 223.7 216.3 222.96 231.56 235.08 241.52 241.08 233.78 233.66 233.5 233.96 238.02 220.2 187.14 142.68 88 55.08 26.18 20.06 37.72 38.46 15.42 39.5 4.4 -8.54 13.56 13.72 19.9 5.06 10.2 84.34 88.48 101.68 157.76 141.76 190.74 200.68 193.62 166.54 150.44 123.38 98.38 47.24 -7.72 -15.8 -3.84
143.92 126.78 139.32 165.8 174.1 136.72 135.16 134.42 197.54 220.68 213.54 176.5 186.32 200.22 196.34 193.78 215.32 219.58 204 208.44 205.7 191.9 164.26 190.3 200.98 225.54 239.08 233.84 232.62 227.4 216.06 214.62 221.3 226.94 220.42 213.02 213.52 217.12 174.92 173.52 187.54 227.2 183.16 102.2 25.46 8.96 47.28 55.44 82.24 47.1 39.8 65.56 69.5 46.48 -9.52 16.7 -6.26 0.92 -14.82 -9.68 -9.62 2.54 -10.3 63.76 60.88 113.88 129.74 81.66 4.64 7.64 -18.46 -6.56 -1.66 -5.66 -14.74 -13.8
138.86 140.84 138.44 162.9 188.78 199.12 180.56 167.78 143.82 152.88 170.02 196.84 221.94 225.96 229.1 235.26 247.68 246.08 231.48 222.58 223.96 209.26 189.48 187.58 193.54 200.22 223.68 208.22 217.12 224.78 219.5 203.08 176.8 172.48 155.08 120.52 117.06 131.68 121.4 111.76 107.34 142.68 97.24 53.3 16.32 1.7 31.56 106.64 73.48 54.36 71.12 76.78 77.52 57.52 32.66 8.76 0.84 -49.92 -39.82 -20.64 -26.44 -27.34 -18.26 -42.2 -31.18 -9.16 -25.14 -31.24 -36.32 -31.3 -10.44 4.48 4.48 9.36 -6.68 -35.74
145.88 153.78 154.56 148.86 183.68 208.82 233.92 240.98 224 226.18 243.2 246.4 234.54 237.56 254.52 255.66 258.88 253.28 245.62 247.7 238.06 226.34 202.64 184.82 201.7 210.68 218.22 207.72 203.5 210.16 210.94 181.62 146.26 141.08 115.66 94.14 85.76 88.44 76.9 103.28 76.72 89.2 83.64 54.18 90.14 77.6 123.84 141.86 119.8 106.54 109.26 79.08 73.64 36.62 53.7 62.84 42.96 -17.84 -22.7 -25.56 -23.46 -39.26 -20.3 -10.22 -25.14 -28.12 -33.16 -36.14 -32.22 -16.3 -6.32 -11.42 -3.4 2.4 -0.6 0.36
141.84 153.5 170.08 163.36 187.98 232.14 244.06 247.04 246.3 252.36 261.5 261.66 255.68 266.92 268.08 264.22 263.22 253.6 241.7 244.9 243.92 244.38 239.78 222.98 210.1 235.74 230.6 209.24 194.98 176.66 167.34 161.12 136.88 115.56 118.26 113.88 94.48 84.04 71.6 60.9 63.3 81.62 144.18 143.44 199.58 176.38 210.74 213.06 203.94 200.72 136.44 93.22 105.78 76.66 43.8 16.92 55.12 31.18 27.32 -2.48 -6.4 -16.32 -30.24 -30.28 -33.14 -37.12 -33.1 -22.12 -21.14 -25.2 -20.28 -16.32 -29.38 -21.6 -30.62 -22.58
152.12 155.6 144.24 183.68 176.3 191.3 230.34 251.34 248.44 258.58 272.72 269.74 260.78 262.04 258.28 257.62 254.78 248.86 247.88 245.94 214.22 224.54 228.9 224.02 238.02 233.58 237.54 223.58 213.32 180.18 150.8 142.62 135.42 125.14 121.04 113.54 122.22 102.86 94.32 79.64 79.9 116.3 110.48 128.8 193.82 236.64 260.64 283.32 275.08 247.82 225.44 160.32 142.02 133.74 69.94 41.12 30.18 43.28 41.38 27.58 3.62 1.74 -31.3 -47.28 -37.14 -24.12 -29.06 -23.06 -29.12 -25.24 -23.2 -15.32 -25.32 -22.5 -30.42 -32.6
155.02 162.6 156.18 157.76 170.72 183.6 177.54 221.46 241.6 249.8 250.94 258.08 252.96 252.14 269.32 279.62 253.7 263.84 236.14 250.36 237.54 207.64 204.96 213.14 236.98 243.52 234.26 232.36 212.52 172.58 161.34 149 139.88 128.82 130.56 141.32 136.9 114.58 82.98 72.36 112.56 141.98 125.06 147.28 194.46 183.46 245.34 278.48 286.36 282.1 257.94 223.62 163.32 137.16 142.06 72.14 31.22 32.38 25.52 11.54 7.66 16.72 13.66 6.76 -3.1 -1.08 -16.08 -13 -19 -23.1 -12.28 -14.24 -1.32 1.68 -8.42 -22.48
179.34 173.66 156.26 150.74 153.1 165.7 190.84 188.72 206.82 226 257.08 251.22 248.26 242.28 264.46 274.56 254.78 268.84 247.12 236.56 246.82 227.9 195.08 188.08 224.94 249.68 246.4 239.34 233.48 203.62 190.72 159.54 147.44 143.44 154.26 169 160.68 109.28 105.7 111.04 162.36 167.6 136.68 190.16 245.16 261.78 267.74 286.28 297.66 293.56 284.36 280.04 239.82 183.42 175.58 135.34 86.46 17.58 15.54 3.6 -7.34 9.66 8.78 25.74 32.88 16.92 7.98 -6.04 -15.06 -12.06 -18.16 -12.22 -8.3 -5.24 -12.36 -11.44
256.18 238.44 198.58 156.82 144.02 159.82 184.62 202.84 203 197.12 234.24 245.38 248.44 243.44 247.5 252.5 264.66 252.84 264.98 273.4 268.74 241 205.08 193.14 221.08 261.7 260.52 251.34 247.36 255.44 213.7 215.04 207.04 214.88 196.94 211.68 183.36 152.98 168.46 187.84 179.18 177.14 166.46 191.34 264.2 299.04 300.92 300.14 288.44 291.7 300.78 305.58 299.26 288.82 248.18 174.94 119.86 39.9 25.86 1.92 -1.22 7.74 13.72 12.78 4.92 -14.02 -18.04 -13.06 12.88 12.98 9.94 5.84 11.74 14.8 2.66 2.54
296.86 290 254.28 207.34 146.3 167.4 183.9 194 211.26 224.3 205.42 224.58 238.54 219.56 251.52 244.48 262.68 263.7 254.98 277.46 276.66 251.94 214.96 208.16 214.26 255.9 270.7 273.56 265.28 258.46 260.76 251.96 246.3 259.48 228.46 202.42 196.08 210.82 195.26 186.56 185.74 185.92 212.56 240.4 295.44 300.42 305.76 310.98 311.2 313.58 313.82 313.98 309.66 302.14 295.48 281.64 196.36 115.14 75.12 28.06 11.08 24.02 2.9 19.82 9.8 -6.08 -1.16 -4.04 8 10.96 -1.08 3.92 9.86 7.84 11.7 13.72
302.86 301.48 289.68 255.74 188.86 174.98 162.92 170.24 194.66 232.68 219.66 189.72 222.68 241.74 255.7 233.74 224.74 242.94 255.16 276.4 279.68 269.74 234.74 219.72 231.08 251.08 279.96 280.74 279.48 280.46 276.74 275.02 278.44 265.72 234.96 241.96 245.78 222.56 199.1 199.36 213.46 226.06 230.68 232.56 302.54 313.58 313.62 314.78 317.12 317.42 317.78 317.98 315.18 303.42 301.8 296.24 273 237.64 165.32 65.2 113.2 85.9 68.62 12.46 -7.42 -24.32 -5.08 11.04 14.08 -5.02 -5.98 -7.02 4.94 9.82 17.8 3.74
307.62 305.74 302 279.26 184.42 188.7 159.58 159.46 175.44 198.38 231.26 226.06 205.92 221.96 235.96 235.98 215.96 217.02 258.28 276.56 280.56 281.56 268.54 256.58 244.86 272.94 285.1 288 288.82 286.68 285.76 278.04 284.34 271.76 272.12 266.38 252.46 214.26 191.68 183.9 215.52 228.18 241.78 248.26 286.94 319.62 318.42 319.72 320.96 320.26 320.6 319.8 318.02 312 310.02 309.56 299.4 257.04 203.54 159 153.76 116.52 83.34 21.2 17.3 5.44 -29.44 -15.24 -13.92 -4.94 -5.84 1.02 33 22.94 17.88 23.76
309.3 307.28 305.08 297.82 270.04 228.38 185.32 169.92 177.16 171.22 188.98 221.86 219.62 197.42 222.22 232.12 223.14 213.18 210.38 270.42 281.34 282.38 283.46 275.46 242.44 272.78 293.9 295.1 293.02 293.86 294.78 292.92 290.28 276.74 268.04 264.48 248.94 211.94 196.38 181.86 227.28 237.32 245.44 251.18 289.96 325.68 326.34 325.52 326.9 326.1 326.3 326.42 326.54 323.72 321.98 323.5 318.46 304.96 257.48 224 183.5 116.26 73.04 36.92 -1.98 8.14 18.38 9.5 -6.36 -20.08 -12.8 -2.76 -2.84 2.16 -1.02 16
311.06 307.9 306.64 302.34 292.04 259.72 236.2 196.74 187.5 181.84 188.66 180.44 215.24 220.16 200.9 215.7 214.62 199.4 192.42 242.3 281.28 283.24 285.24 277.2 233.26 264.42 298.68 300.92 298.98 301.04 300.86 294.86 280.16 282.5 270.98 267.46 249.9 218.4 188.82 207.88 222.98 240.96 255.24 259.1 296.8 328.54 327.38 328.38 328.58 329.7 328.92 327.96 329.04 328.4 326.92 325.84 323.56 315.42 307.12 291.04 254.5 207 185.66 88.6 68.78 16.96 -15.82 12.26 -2.56 13.54 16.84 -1.86 -20.7 -19.86 -25.86 -14.02
311.94 315.84 -9999 -9999 310.84 285.62 264.18 216.26 195.18 213.56 213.32 209.12 216.74 209.56 224.14 208.76 183.5 187.26 184.24 202.18 269.2 291.14 296.12 273.02 231.02 241.08 283.34 305.6 307.76 303.86 282.04 266.88 259.98 277.42 293.76 290.22 241.54 211.5 250.46 315.54 287.62 264.6 252.08 261.86 325.72 332.4 329.16 329.04 328.18 328.26 327.42 328.6 327.72 327.22 325.24 324.16 320.88 317.6 312.44 307.24 298.02 264.78 234.42 213.32 215.62 159.72 58.86 82.1 45.14 -16.66 7.54 13.8 16.92 -2.88 0.26 2.12
317.96 -9999 -9999 -9999 -9999 292.78 278.48 256.46 219.42 215.44 212.16 212.72 214.36 216.06 214.66 215.38 199.2 176.98 175.1 196.06 255.06 286.06 294.92 283.88 234.86 224.82 250.04 290.2 293.4 278.5 268.6 254.72 256.82 287.2 286.48 272.4 229.42 210.34 263.3 336.28 326.18 281.26 282.04 310.7 332.48 331.32 331.08 329.98 331.64 331.94 332.02 332.12 331.5 330.58 327.48 326.3 323.12 319.92 315.66 312.46 311.22 308.02 293.92 260.08 252.28 213.52 179.66 146.78 80.94 8.06 0.2 -8.6 7.52 -1.18 5.98 21.1
310.96 -9999 -9999 -9999 -9999 316.92 278.64 260.54 252.02 216.92 236.6 256.22 237.86 225.56 222.4 223.2 217.04 202.8 219.72 234.84 231.86 275.76 288.6 286.52 253.48 225.38 242.64 294 311.16 318.3 313.36 301.52 275.52 269.54 257.4 262.3 228.36 211.24 287.16 345.2 347.82 335.1 324.9 333.66 333.44 329.18 328.94 331.74 334.56 335.42 332.62 333.8 333.04 330.82 328.58 324.58 324.3 322.14 320.92 319.8 317.72 316.64 316.62 313.86 312.14 298.34 277.54 222.66 190.72 126.92 18.02 22.16 -6.72 -39.5 -36.3 -3.24
312.88 324.76 -9999 -9999 -9999 -9999 293.64 274.28 274.58 266.3 258.12 247.74 260.42 253.28 236.16 241.92 245.74 232.64 247.64 272.56 266.4 259.42 267.18 264.02 261.08 259.02 256.14 263.54 305.98 321.18 321.28 316.42 301.34 305.16 306.1 266.94 245.74 243.58 279.5 347.28 351.2 349 343.84 338.56 335.36 331.1 330.98 334.76 336.56 338.28 338.18 338.3 334.2 329.04 326.92 325.04 324.94 322.8 325.52 325.3 324.24 322.24 321.5 319.68 317.88 317.02 313.2 287.42 240.58 202.74 182.88 180.98 182.24 120.26 66.44 4.58
312.76 313.64 -9999 -9999 -9999 -9999 -9999 313.68 286.1 270.92 262.7 258.34 260 261 271.88 263.7 266.56 273.46 284.32 277.14 295.06 295.82 293.78 291.64 298.6 287.48 254.8 264.98 263.5 306.82 316.2 316.34 311.1 296.9 267.72 259.6 262.44 264.22 291.06 346.9 350.78 347.38 343.64 339.74 334.58 332.36 333.1 334.76 335.56 338.4 339.26 339.3 333.4 328.32 323.38 320.32 320.78 327.32 329.12 331.98 329.88 327 325.28 324.38 323.52 321.82 320.06 317.16 307.3 295.48 276.62 270.76 275.9 267.1 225.14 180.32
314.68 314.68 313.6 327.4 -9999 -9999 -9999 -9999 -9999 298.76 281.4 256.98 252.74 265.6 269.48 282.36 293.3 308.16 295.94 275.7 290.6 299.4 305.24 313.18 322.04 320.04 274.4 268.62 274.04 275.48 284.94 290.9 280.68 269.54 261.38 268.22 263.06 267.82 300.7 343.4 346.94 344.68 340.88 338.04 333.28 330.34 334.32 333.04 332.86 336.7 338.72 340.76 335.72 329.78 326.28 321.78 321.36 329.76 331.74 336.72 334.62 331.76 328.94 329.1 327.32 324.5 322.68 320.86 317.08 313.26 310.48 305.56 295.74 292.94 273.1 250.22
314.68 316.58 313.52 311.4 -9999 -9999 -9999 -9999 -9999 -9999 307.12 296.78 286.4 288 294.9 304.96 325.08 329.08 299.82 256.7 263.58 278.38 283.24 290.12 281.04 279.94 271.12 279.36 293.8 286.2 286.3 291.34 280.34 274.22 285.1 292.86 289.68 286.4 316.24 338.04 341.24 340.92 338.16 336.4 331.48 325.72 326.02 330.14 334.2 335.18 338.08 340.16 337.78 332.24 329.7 328.28 330.9 333.48 334.66 337.88 339.9 337.82 334.94 333.96 333.16 328.4 325.6 326.78 323.96 321.12 317.28 312.46 309.58 305.8 300.06 293.14
314.56 317.5 313.4 313.34 329.08 327.72 327.48 -9999 -9999 -9999 -9999 -9999 -9999 -9999 -9999 -9999 306.96 -9999 307.8 288.62 277.56 291.48 306.3 294.18 293.98 290.96 287.86 292.14 297.54 301.82 290.9 285.84 290.76 279.68 298.68 297.4 309.24 297.08 307.88 325.5 338.36 339.14 336.52 333.64 330.88 325.12 325.4 328.7 334.96 337.3 341.32 339.82 335.5 334.06 333.68 337.28 338.82 336.48 338.82 340.08 339.3 340.28 340.22 338.16 338.12 334.26 331.44 331.66 328.82 325.98 323.18 319.3 316.54 311.66 305.9 299.04
313.54 314.5 312.36 316.34 314.14 331.6 311.42 329.04 -9999 -9999 -9999 -9999 -9999 -9999 -9999 327.56 290.7 -9999 321.66 315.48 313.4 311.38 315.18 307.14 299.02 301.96 306.82 303.9 303.38 302.38 296.36 288.28 285.24 285.2 290.1 285.12 305.9 306.7 302.6 310.8 334.74 338.52 334.7 331.08 327.34 323.7 321.1 331.52 335.82 338.18 336.24 332.84 327.44 333.08 336.66 343.24 343.84 343.78 336.86 334.32 339.64 338.72 339.62 339.52 342.4 341.4 339.32 336.46 334.68 331.84 329 327.22 324.42 319.54 314.76 308.02
313.42 313.32 313.24 315.2 315.96 316.62 316.6 329.72 -9999 -9999 -9999 -9999 -9999 -9999 304.48 304.3 300.38 -9999 -9999 -9999 -9999 -9999 327.1 324.96 326.98 297.82 300.82 301.76 297.9 297.84 296.74 314.72 302.66 301.6 308.5 314.56 319.46 302.3 304.16 313.04 329.16 334.04 331.48 328.88 325.28 326.76 327.14 332.52 333.82 334.24 329.12 316.82 323.42 329.94 335.62 346.26 347.82 343.82 336.08 334.62 340.12 341.12 337.06 337.02 341.86 343.78 341.66 341.44 338.6 335.7 333.88 333.06 330.3 329.48 325.68 316.8
313.4 313.3 315.2 315.1 314.8 317.62 317.18 328.72 -9999 -9999 -9999 -9999 -9999 308.48 304.36 295.16 293.08 -9999 -9999 -9999 -9999 -9999 -9999 -9999 -9999 -9999 -9999 -9999 -9999 -9999 -9999 -9999 -9999 -9999 -9999 -9999 -9999 321.04 304.94 313.32 322.62 327.18 328.56 326.84 326.18 328.76 333.12 332.46 323.84 321.22 305.1 308.66 326.38 328.96 331.58 335.2 343.74 341.86 334.36 333.86 336.3 334.58 334.56 331.38 331.28 334.02 335.56 333.36 332.52 331.68 326.86 329.98 333.18 333.4 327.58 313.74
315.34 315.24 316.18 315.92 316.72 315.5 318.16 330.48 -9999 328.28 327 326.74 312.6 309.44 308.24 299.1 284.86 320.88 -9999 -9999 -9999 -9999 -9999 -9999 -9999 -9999 -9999 -9999 -9999 -9999 -9999 -9999 -9999 -9999 -9999 -9999 -9999 -9999 321.08 308.86 315.18 321.68 325.76 328.94 330.34 331.7 336.1 333.48 328.86 313.18 299.92 304.64 324.24 325.96 330.58 334.2 337.86 337.12 334.7 335.18 337.64 338 334.92 333.76 334.24 335.74 334.56 333.46 331.48 330.68 328.84 332.04 326.22 328.44 312.52 309.72
