shamba/rasters/climate/tmp_12.txt
ncols         720
nrows         360
xllcorner     -180
yllcorner     -90
cellsize      0.5
NODATA_value  -9999
[rows 136 to 169 of 360, columns 380 to 455 of 720]
170.32 169.2 167.08 162.82 155.58 153.36 155.04 159.18 156.3 157.54 152.7 143.9 138.04 143.26 128.32 136.58 128.7 110.82 126.08 147.34 160.58 162.9 162.94 165.06 164.34 161.44 161.66 159.84 153.56 142.28 135.06 138.74 141.4 152.16 152.9 158.54 162.36 166.08 167.86 167.76 170.52 173.3 176.2 181.16 186.82 191.26 195.5 196.04 191.7 188.38 168.2 181.38 191.62 214.9 -9999 -9999 -9999 -9999 243.74 228.76 176.82 174.94 180.1 180.18 171.26 179.36 186.36 185.4 185.42 182.56 180.64 177.76 183.76 187.86 191.96 193.06
173.26 173.16 171 168.78 161.54 160.28 159.06 162.16 163.4 162.56 157.72 152.88 122.02 115.18 114.4 116.58 103.78 106 148.16 159.48 165.6 167.8 167.9 169.16 166.26 163.56 163.64 161.86 156.68 151.34 146.08 148.78 153.5 157.2 159.88 160.56 164.26 165.06 169.88 170.64 174.42 178.12 182.14 187.5 193.1 198.6 201.82 204.5 194.16 191.78 188.5 191.34 194.54 211.78 242.64 -9999 -9999 -9999 250.68 235.9 149.9 160.06 166.04 175.12 164.2 180.34 188.34 188.42 188.5 186.54 183.62 181.74 186.78 192.9 196.98 198.16
177.26 177.22 178.04 174.8 168.58 165.28 162.02 164.2 166.44 167.6 164.76 157.9 140.04 120.26 95.52 104.66 108.9 126.08 156.2 168.46 170.66 173.78 174 175.08 170.24 166.4 165.54 163.74 158.68 154.48 152.14 156.84 160.6 161.12 161.8 163.58 166.24 166.02 167.86 170.64 177.34 182.14 187.02 193.66 200.38 204.98 208.4 211 204.7 197.32 197.92 199.54 202.42 199.58 237.54 -9999 -9999 -9999 252.82 242.82 197.94 153.08 158.14 165.12 170.22 173.2 187.34 187.36 191.48 193.5 193.68 192.8 194.84 196.98 201.94 202.98
180.3 181.14 180.02 176.84 173.44 170.28 169.12 170.28 170.52 171.6 169.82 166.92 162.12 159.34 130.58 135.76 108.98 133.2 164.32 170.44 175.6 178.78 179.94 180.04 178.2 173.46 168.62 163.78 159.74 156.46 157.24 159.94 165.6 165.24 164.88 166.52 168.32 169.96 171.7 172.5 183.3 186.1 192.36 198.06 204.62 211.14 214.74 217.42 204.08 202.78 204.38 205.94 206.64 192.52 246.52 -9999 -9999 -9999 -9999 250.88 239.94 219.98 159.1 151.14 168.24 174.28 185.36 190.36 194.52 194.54 191.64 198.74 197.8 198.94 204.04 205
183.28 183.1 181.04 178.76 176.52 174.24 173.08 173.4 174.54 175.7 175.92 172.12 171.28 173.42 168.6 156.74 146 140.24 178.24 181.38 188.62 188.68 188.86 187.08 182.22 175.42 171.58 169.7 166.86 169.52 169.22 171 172.72 168.3 170.98 175.68 180.4 183.06 181.74 181.54 186.28 190.04 194.6 201.34 207.84 214.44 220.12 217.88 212.56 211.2 206.86 208.5 207.12 207.74 247.5 -9999 -9999 -9999 -9999 -9999 -9999 248.06 231.04 156.12 137.18 164.28 175.32 183.4 179.5 180.7 185.68 191.84 198.86 200.96 202.98 201.9
183.24 185.14 182.98 180.7 178.44 176.18 175.2 176.36 177.64 178.68 179.92 180.06 180.24 181.44 179.66 180.84 180.04 184.2 186.24 187.5 194.58 193.64 191.9 192.08 185.22 180.36 176.5 174.66 171.9 174.64 177.34 178 176.72 174.3 173.06 179.84 185.5 187.24 187.86 189.54 190.18 194.34 198.92 206.56 213.14 219.56 224.12 226.08 223.78 216.5 211.1 212.7 208.28 206.96 245.58 -9999 -9999 -9999 -9999 -9999 -9999 -9999 243.04 210.06 132.2 158.24 167.34 171.42 169.4 179.64 188.7 192.78 194.9 200.02 202.86 201.86
187.26 188.18 185.94 183.76 180.56 178.24 177.3 178.46 180.54 181.74 183.98 185.18 187.32 189.5 190.68 192.84 199.06 204.16 197.34 195.48 199.58 199.7 199.86 199.04 196.22 188.38 177.48 171.68 176.88 178.7 182.46 184.08 182.76 180.52 182.16 182.86 184.58 185.3 185.98 189.66 196.38 199.38 206.02 212.72 219.18 222.6 223.04 226.24 226.92 232.54 220.22 219.86 215.56 208.24 235.8 254.5 -9999 -9999 -9999 -9999 -9999 -9999 248.06 222.08 152.12 136.26 157.34 161.42 163.54 178.6 187.82 192.76 194.9 195.92 195.82 201.8
191.2 192.1 188.86 186.58 183.4 181.2 181.32 182.54 183.74 185.86 188.08 189.3 193.46 195.62 197.86 198.9 204.06 210.14 205.32 207.46 205.66 205.72 204.88 203.08 201.22 197.4 184.58 180.78 180.84 183.86 186.52 188.24 187.86 186.54 188.36 188.08 189.8 190.44 191.16 194.82 202.48 206.44 210.98 217.6 220.96 221.38 226.82 230.26 229.98 239.68 224.36 224.1 225.74 222.38 230.06 251.42 256.6 -9999 -9999 -9999 -9999 -9999 246.92 229.08 147.2 115.32 132.38 151.44 162.54 179.62 189.72 194.84 196.88 196.84 197.78 203.88
194.14 192.04 189.84 188.62 187.46 186.38 187.4 187.72 192.78 194.02 198.22 200.44 204.58 205.68 209.88 210.92 212.12 218.28 216.42 218.56 216.78 211.84 203.02 200.14 200.28 194.48 179.56 170.72 184.92 187.94 187.66 189.4 190.04 189.68 188.42 189.18 192.88 193.56 195.32 201.02 207.7 211.78 210.92 216.54 220.04 222.18 226.68 233.08 237.16 230.78 226.68 222.28 218.94 224.66 238.08 218.62 211.42 257.54 -9999 -9999 -9999 -9999 -9999 240.04 231.1 175.28 148.28 146.42 174.46 182.68 192.64 194.8 198.86 201.74 203.76 203.84
198.18 195.98 194.86 192.68 191.56 190.42 191.52 192.7 195.96 198.16 203.34 206.42 209.64 211.76 219.92 220.2 221.26 224.36 224.48 221.66 223.76 220.02 210.1 196.16 182.32 178.52 177.6 180.88 193.02 192.98 190.8 192.5 194.18 193.92 192.48 193.32 196.98 197.74 200.44 206.1 210.94 208.88 212.1 217.48 221 225.08 228.44 233.84 234 232.1 228.7 227.46 226.26 231.88 237.3 218.76 206.38 245.42 -9999 -9999 -9999 -9999 -9999 -9999 243.04 214.2 123.28 117.34 145.5 172.56 194.68 196.82 201.8 203.72 205.72 205.86
204.34 202.04 199.98 197.8 195.64 194.6 196.7 195.86 200.06 204.24 208.4 210.52 219.74 221.88 220 223.22 225.3 228.44 229.54 225.64 225.82 219.94 215.1 210.28 195.32 183.5 185.7 186.88 195 197.22 193.94 194.64 193.28 195.02 191.8 196.42 200.12 202.88 204.52 206.2 209.98 209.08 211.14 219.36 225.02 228.06 231.28 233.96 234.22 232.78 230.92 230.72 236.4 235 237.52 234.04 198.6 227.36 254.48 -9999 -9999 -9999 -9999 -9999 251.08 237.16 139.22 114.38 140.52 165.5 191.62 196.72 198.62 197.64 197.74 197.8
207.34 205.12 202.98 200.82 200.8 199.72 201.84 201.96 204.18 206.42 210.54 214.68 222.72 225.9 225.1 228.2 230.28 233.4 232.5 232.7 230.88 227.04 222.22 220.3 204.42 191.58 191.68 191.96 196.14 201.32 195.04 191.86 192.5 193.26 192.86 196.56 203.28 207.02 208.66 211.34 209.16 210.2 215.38 224.5 231.82 234.1 231.94 232.24 234.64 235.08 233.6 233.96 238.62 243.18 249.68 229.2 203.76 226.38 256.48 -9999 -9999 -9999 -9999 -9999 -9999 251.16 181.26 122.4 132.46 171.54 180.54 190.64 191.6 189.62 192.76 191.74
211.3 210.18 208.08 210.06 209.88 208.74 209.8 210.04 210.36 209.44 212.62 216.72 220.92 223.96 228.16 231.3 235.44 237.54 238.64 239.76 232.92 234.14 230.32 212.36 204.52 201.68 200.82 196 195.16 192.34 188.22 185.86 189.64 188.42 192.1 195.78 202.48 207.04 206.78 210.58 211.22 212.32 229.4 230.76 238.84 240 237.3 236.78 238.28 240.72 244.12 241.46 249.8 247.38 254.94 257.4 228.88 192.58 249.46 256.54 256.62 -9999 -9999 -9999 255 253.06 209.24 135.38 131.4 147.52 181.6 188.52 193.6 196.52 198.72 199.74
214.16 211.24 212.2 215.06 214.92 213.92 213.92 214.28 214.36 213.56 212.74 217.8 224.96 228.08 231.16 234.3 237.52 240.7 244.82 245.86 240.06 241.22 233.32 212.48 207.56 206.66 202.96 196.12 195.22 191.38 188.38 192.08 190.76 189.56 190.26 195.9 205.48 208.3 203.9 208.58 214.34 219.48 233.72 234.76 245.98 246.36 241.78 241.42 243.86 247.36 253.76 255.18 264.84 253.56 243.1 244.66 230.1 167.72 209.4 247.48 256.58 -9999 -9999 -9999 199.1 257.12 228.18 159.24 110.38 134.42 160.48 176.52 191.5 201.66 198.64 190.76
215.12 215.14 215.14 213.18 215.1 216 215 215.4 216.52 216.62 217.7 223.94 229.04 232.1 235.3 239.44 240.54 240.66 243.94 254.04 247.1 247.26 233.4 218.5 204.72 202.84 204.92 198.14 191.32 188.4 186.48 183.22 191.96 196.6 196.48 200.08 204.76 207.3 204.06 206.88 222.42 228.64 233.86 238.98 247.52 248.92 245.16 247.06 245.5 252.18 257.76 263.26 268.64 263.46 252.26 243.7 209.28 181.8 166.58 206.44 255.58 260.78 256.82 -9999 -9999 253.02 247.16 181.26 129.36 132.4 160.46 166.46 185.52 205.56 194.68 199.68
219.06 218.04 218.04 216.04 216.1 219.02 219.12 220.3 221.58 221.7 223.8 228.98 232.16 236.24 239.36 241.56 244.68 247.8 248.9 260.1 253.26 252.34 235.48 223.72 208.86 205.9 209.08 202.22 185.4 189.48 187.68 187.46 198.1 201.8 202.5 203.14 204.88 207.46 207.22 209.96 226.56 231.76 236.96 241.5 250.02 249.34 245.9 249.12 248.66 257.3 266 269.34 271.3 267.32 254.2 246.96 204.48 179.02 151.72 186.44 256.56 251.62 249.8 257.86 -9999 250 256.18 196.26 129.22 122.28 134.4 138.38 175.44 193.64 197.64 226.68
223.96 225.92 224.94 224.96 224.04 223.06 223.1 239.24 224.44 225.6 227.92 232.98 236.14 239.22 241.42 244.58 247.68 252.86 257.98 261.1 257.18 258.38 249.58 232.82 220.86 216 209.18 196.22 177.42 188.6 199.78 198.5 208.22 208.88 209.62 209.38 210.96 211.68 214.38 217.04 225.66 234.86 242.52 247.04 254.04 253.98 247.78 250 256.54 263 269.04 272.04 271.14 265.14 225.02 237.94 210.66 200.1 179.86 169.56 256.48 268.62 252.74 254.8 256.78 256 263.1 199.26 151.24 168.26 167.34 181.34 214.46 237.5 238.58 237.56
230.9 229.84 228.94 228.92 227.98 226.94 226.02 242.14 243.44 243.6 233.72 236.88 240.08 243.24 246.3 249.5 249.62 256.8 261 261.06 259.28 255.36 251.52 239.62 223.78 217.96 213.08 200.3 165.38 184.6 205.76 209.7 213.44 214.06 214.78 215.42 217.12 217.76 219.52 222.16 227.9 239.78 246.86 251.86 255.74 256.88 251.96 254.12 260.54 265.6 267.52 270.68 259.58 249.72 222.78 201.8 165.58 200.34 177.84 180.66 246.52 264.58 257.68 231.78 260.94 255 265.02 228.16 179.16 233.26 242.3 248.4 230.38 242.46 -9999 -9999
229.78 228.74 227.86 227.92 229.92 229.9 229.96 231.08 245.34 235.52 237.72 239.86 244.04 247.2 251.28 256.48 257.58 260.72 261.86 265.04 259.12 255.3 249.52 235.58 223.74 219.84 216.02 209.2 188.34 208.48 215.78 223.06 222.76 224.42 227.04 227.78 229.26 231.04 232.76 233.52 239.34 247.2 251.24 253.14 252.12 254.98 254.66 259.74 267.1 269.44 270.16 268.26 251.32 223.24 194.36 177.26 182.2 185.22 169.06 200.72 251.46 248.58 245.54 241.78 242.86 256.96 259.04 258.18 254.06 261.22 253.26 -9999 -9999 -9999 -9999 -9999
231.64 230.94 229.94 228.88 227.84 230.92 231.88 235.04 237.14 240.46 242.58 243.74 247.94 250.06 254.26 255.4 261.46 267.66 252.82 263.9 255 250.26 245.32 240.52 233.66 227.68 217.98 219.08 221.3 226.54 227.76 228.06 228.14 229.76 235.46 237.08 240.66 241.26 238.24 244.12 252.9 257.64 257.48 258.46 254.46 254.98 255.52 259.98 266.92 268.88 267.9 259.04 229.92 211.94 193.88 167.78 168.76 172.74 143.72 202.68 241.48 241.4 230.56 230.8 237.78 229.94 250.94 -9999 -9999 -9999 -9999 -9999 -9999 -9999 -9999 -9999
232.96 230.88 227.86 228.84 228.86 229.86 236.84 242.94 244.08 245.26 247.48 247.66 247.78 248.94 254.1 256.3 258.46 259.58 257.7 256.84 253 251.16 246.28 243.46 232.46 228.72 222.9 229.1 240.3 243.54 238.68 232.02 231.3 235.08 242.78 247.32 247.92 246.56 243.54 245.44 255.32 263 254.8 256.58 255.56 251 251.5 257.12 261.66 264.58 256.58 238.54 195.6 178.5 180.52 159.28 140.26 160.24 136.2 183.3 220.26 237.18 243.22 236.38 239.76 237.9 250.94 -9999 -9999 -9999 -9999 -9999 -9999 -9999 -9999 -9999
231.88 232.88 232.86 233.8 231.8 234.76 241.86 240.82 248.04 248.26 250.34 251.58 250.76 251.9 255.02 254.2 258.32 257.52 257.66 255.8 250.9 249.06 246.16 243.38 236.48 231.66 225.86 232.1 244.4 247.56 243.82 237.04 236.3 243.22 252 261.54 261.12 255.92 255.78 257.68 260.48 262.32 263.1 261 257.66 255.98 254.5 258.04 260.72 260.52 244.24 226.32 206.26 174.26 144.44 160.16 170.92 168.8 124.84 156.78 214.98 241.86 233.84 243.08 239.2 226.56 250.82 261.96 -9999 -9999 -9999 -9999 -9999 -9999 251.04 239
233.92 235.86 240.74 238.82 233.84 235.8 240.78 229.78 241.92 248.1 249.28 250.56 250.56 253.8 255.9 254.1 258.22 264.36 258.48 256.68 253.76 250.98 249.1 244.3 241.4 235.62 233.86 240.04 244.28 247.52 247.74 248 250.34 255.42 263.2 267.82 268.36 267.16 265.88 266.88 265.66 266.56 264.44 263.22 261.84 260.08 259.48 260.2 254.84 236.68 238.38 198.12 205.12 178.08 156.22 123.86 136.56 143.52 113.4 133.42 216.52 234.64 228.42 234.72 226.98 222.24 240.48 250.72 263.84 -9999 257.82 245.88 246.84 238.9 185.92 179.94
237.86 240.84 244.88 246.82 242.8 231.7 234.76 236.72 249.8 251.94 248.12 249.32 250.52 252.7 255.88 254.96 257.12 270.26 258.36 256.52 253.74 251.88 249.08 244.12 239.38 234.6 235.86 236.06 240.34 241.48 246.8 248 253.24 259.32 264.26 268.08 271.6 272.32 272.08 270.94 270.96 264.8 262.54 261.52 262.9 262.4 261.82 262.28 248.04 218.68 231.6 222.3 205.08 200.96 192.02 155.68 164.26 178.2 160.14 127.14 219.16 228.26 231.44 232.5 221.72 194.96 198.32 220.54 234.66 237.7 224.74 225.74 210.72 217.82 177.74 188.8
240.84 246.86 241.86 247.8 245.76 242.68 245.72 254.7 258.78 254.84 254.1 253.22 253.46 254.62 254.74 256.8 259 260.2 260.38 259.5 258.64 254.78 250.94 246.22 237.38 230.66 227.9 224.14 230.34 241.6 242.74 239.94 252.22 258.36 264.4 268.16 271.86 272.58 274.32 275.06 274.98 271.84 267.82 264.54 266.1 268.66 269.26 267.64 245.2 214.9 192.7 201.52 203.26 186.16 174.9 180.46 162.12 150.88 139.9 136.88 228.94 235.04 231.1 223.24 193.46 172.8 170.98 182.14 193.28 186.46 180.66 193.56 192.58 203.68 207.68 203.68
249.9 251.84 252.84 251.78 255.74 257.74 260.74 261.64 258.68 253.8 249.94 248.12 249.32 249.56 251.68 251.76 256.88 259.1 259.2 259.38 259.52 257.7 249.94 245.2 237.36 233.6 218.9 218.16 230.44 235.56 236.7 239.04 247.12 258.32 264.48 268.28 271.04 272.82 274.58 274.22 274.14 272 268.9 266.64 269.3 270.84 271.4 271.02 228.58 214.08 208.7 191.6 205.48 187.38 160.14 167.52 130.94 132.7 128.64 178.72 231.76 193.94 166.1 152.16 171.16 169.44 168.62 181.9 185.06 198.24 204.4 205.46 205.54 214.58 224.52 220.56
255.88 255.8 256.8 231.7 247.66 239.66 251.6 256.6 257.58 252.72 246.88 244.02 242.2 246.44 249.5 252.64 260.82 262.06 257.16 258.26 255.48 256.68 249.92 242.14 230.42 223.68 216.86 218.08 221.36 228.62 234.68 245.9 255.08 260.24 264.42 268.32 273.2 274.04 274.74 275.42 275.24 273.96 271.84 271.56 272.3 273.86 273.56 274.3 252.84 217.42 220.06 192.78 185.72 181.7 174.36 146.78 136 150.52 165.54 197.64 178.84 182.08 198.22 194.24 202.24 193.18 192.34 190.54 199.76 206.92 213.12 214.2 213.36 217.44 227.48 234.46
257.94 256.84 258.72 226.68 241.64 250.66 241.7 246.62 246.6 244.64 243.8 243.88 242.06 245.28 248.4 251.62 258.72 259.9 256.06 257.26 259.4 254.66 241.88 236.08 229.4 224.56 221.9 219.22 220.32 223.48 232.62 242.76 251.98 256.16 263.48 267.5 273.32 274.16 275 276.52 277.12 276.06 274.86 274.64 275.26 276.86 276.5 276.26 267.96 245.56 214.3 191.1 169.92 169.68 168.08 173.3 126.86 169.52 161.72 142.78 180.96 193.12 211.2 219.32 218.26 214.22 212.28 205.42 206.52 218.72 221.84 224.98 226.14 227.36 224.22 220.28
254.84 246.78 240.76 235.74 235.66 221.62 228.54 222.62 217.62 230.58 233.7 237.92 242.98 245.18 246.4 248.52 249.62 251.82 254.96 254.16 250.44 248.62 236.84 232.14 227.4 227.72 225.96 222.12 227.26 228.4 229.52 239.7 251.86 256.02 263.24 270.44 270.4 272.12 274.92 275.66 278.26 278 277.76 277.6 278.24 278.78 278.52 279.16 274.94 255.6 192.28 176.88 156.5 157.18 156.66 162.38 160.96 171.62 119.7 149.98 169.08 181.22 205.34 222.4 227.26 227.2 224.26 224.34 219.32 223.36 231.56 234.74 236.86 237.04 235.1 237.16
246.86 234.82 226.76 215.68 203.6 209.56 213.6 205.6 199.52 222.58 232.62 229.8 240 243.08 244.3 246.36 248.56 250.82 253.96 252.26 249.4 244.68 239.88 233.2 228.42 225.64 223.84 224.94 228.16 230.28 232.38 240.56 249.78 255.9 262.02 268.98 269.08 273.06 275.78 276.68 279.28 279.92 279.82 280.54 280.2 280.74 279.5 279.14 275.88 259.4 222.04 183.54 175.38 163.16 171.74 178.42 171.96 154.68 124.76 126 149.26 174.36 201.46 218.36 240.34 233.28 233.24 229.34 229.3 232.3 243.32 244.36 246.54 249.74 250.82 250.04
234.9 231.82 196.74 209.7 219.62 219.6 220.58 219.58 219.52 220.52 222.54 226.78 234.9 240 240.18 241.26 244.54 246.76 248 249.16 246.36 244.64 239.88 236.12 234.32 230.56 225.78 225.94 226.98 230.12 234.28 236.36 244.52 253.7 259.68 262.64 268.76 274.74 277.7 278.48 281.32 280.96 281.8 282.54 282.12 282.78 279.46 271.12 262.66 254.3 215.9 183.7 207.46 187.38 198.84 174.5 185.06 140.8 111.78 102.08 148.22 194.38 216.46 234.46 254.3 251.3 249.28 236.26 245.36 238.34 245.3 246.28 250.26 254.42 258.52 258.68
218.92 199.86 228.7 225.68 223.62 227.62 226.5 225.56 226.54 225.48 229.5 234.66 239.84 239.9 240.1 240.38 244.42 246.66 248.82 247.1 248.34 244.52 242.82 237.08 233.28 226.54 229.56 227.74 227.86 231 235.1 237.1 242.14 250.24 256.2 259.24 263.34 271.34 277.32 279.44 282.32 283.02 283.74 283.54 284.2 283.84 278.44 262.98 255.54 246.28 218 206.8 204.8 180.58 161.08 179.52 166.06 159.82 169.9 186.08 183.34 200.42 242.58 232.46 262.48 268.34 267.3 258.3 254.36 257.38 247.32 251.24 259.22 261.2 260.32 260.34
202.74 217.74 235.7 231.64 230.56 233.5 231.46 230.4 228.4 228.46 241.36 247.58 236.64 237.78 236.1 240.98 242.92 246.86 248.84 249.92 249.3 247.5 243.74 240.02 236.16 231.28 234.44 231.6 232.7 234.64 239.72 240.8 243.76 246.86 249.88 255.9 258.9 263.96 267.08 271.14 277.22 279.02 281.74 283.48 283.2 282.82 278.22 270.04 266.68 248.42 229.2 244 237.88 208.6 174.26 188.66 177.18 182.86 185.76 200.12 215.4 245.58 243.54 258.5 257.36 269.42 277.44 277.28 268.28 266.28 255.24 259.22 268.24 265.22 263.26 261.18
213.72 229.68 239.64 240.54 238.54 238.54 235.44 233.42 229.4 230.38 239.36 245.46 237.62 237.74 237.32 242.42 247.38 250.4 252.44 254.4 254.44 250.5 246.74 243.92 237.02 237.2 237.3 235.28 238.32 241.3 242.38 243.42 243.42 245.44 247.46 251.46 259.48 259.58 264.66 265.74 266.82 270.86 277.84 281.62 279.16 275.8 273.48 266.18 265.96 260.68 260.4 262.22 253.06 222.92 221.34 210.7 181.24 197.98 214.86 195.1 222.34 228.46 254.54 270.54 275.48 273.46 274.34 275.28 275.3 276.26 270.24 266.26 269.12 267.22 264.26 265.16
