shamba/rasters/climate/tmp_9.txt
ncols         720
nrows         360
xllcorner     -180
yllcorner     -90
cellsize      0.5
NODATA_value  -9999
[rows 198 to 230 of 360, columns 380 to 455 of 720]
-9999 -9999 -9999 -9999 -9999 -9999 227.74 228.54 229.74 213.88 210.98 207.2 216.22 232.3 240.58 240.56 233.7 232.56 226.54 230.46 235.34 236.28 238.22 238.12 241.22 241.26 234.34 235.46 234.5 235.54 243.7 255.82 246.82 233.82 246.78 217.98 242.06 254.26 250.4 237.5 220.52 212.56 210.72 210.7 216.56 207.42 192.3 194.4 173.36 179.28 190.12 243.94 229.78 226.62 237.32 233.28 233.32 232.24 245.24 247.12 -9999 -9999 -9999 -9999 -9999 -9999 -9999 -9999 -9999 -9999 -9999 -9999 257.64 -9999 -9999 -9999
-9999 -9999 -9999 -9999 -9999 -9999 226.5 226.62 231.74 218.88 208 206.1 214.28 226.48 228.5 231.64 232.7 232.74 226.64 230.56 236.46 237.36 240.36 240.3 243.18 243.22 241.4 237.48 238.58 243.66 245.78 245.82 228.94 243.96 251 220.06 243.18 252.3 246.46 234.58 216.52 215.6 219.68 224.58 222.52 215.44 196.34 245.32 198.28 176.14 186.04 225.84 222.68 222.36 236.36 233.34 233.28 233.3 244.3 249.22 -9999 -9999 -9999 -9999 -9999 -9999 -9999 -9999 -9999 -9999 -9999 -9999 -9999 -9999 -9999 -9999
-9999 -9999 -9999 -9999 -9999 -9999 225.54 224.76 222.8 198.86 196.04 200.16 211.36 217.44 219.56 219.64 223.62 227.64 224.82 228.78 230.64 238.56 240.54 241.5 242.44 243.34 240.44 235.52 234.64 238.66 238.72 218.84 223.02 242.08 249.1 217.18 238.32 241.38 236.44 227.54 229.58 226.6 224.54 227.52 226.36 222.38 201.22 215.16 236.1 216.1 219.98 213.82 221.6 216.4 213.46 226.3 237.36 233.34 229.3 244.22 246.06 -9999 -9999 -9999 -9999 -9999 -9999 -9999 -9999 -9999 -9999 -9999 -9999 -9999 -9999 -9999
-9999 -9999 -9999 -9999 -9999 -9999 -9999 225.7 214.84 190.94 192.08 192.22 202.38 217.48 222.56 223.54 223.68 226.72 226.88 227.84 232.8 237.66 241.64 242.62 241.62 239.52 237.58 232.54 230.62 232.72 227.9 225.02 222.04 229.16 237.14 224.22 233.32 236.4 230.48 230.54 227.54 226.64 226.48 221.4 223.34 219.24 204.18 183.12 232.02 214.98 204.86 206.64 216.44 212.46 224.46 232.38 237.4 235.4 232.24 244.22 247.16 248.08 -9999 -9999 -9999 -9999 -9999 -9999 -9999 -9999 -9999 -9999 -9999 -9999 -9999 -9999
-9999 -9999 -9999 -9999 -9999 -9999 -9999 228.64 207.78 188.96 193.04 192.16 203.3 212.38 222.52 225.6 221.62 225.7 222.84 228.92 232.96 236.88 240.82 240.7 239.66 236.74 231.62 227.68 225.62 224.7 221.86 221.92 214.1 223.2 223.3 226.46 228.42 227.42 226.56 226.48 226.54 218.58 217.5 212.34 226.2 227.12 219.12 203.96 206.04 215.84 216.7 223.6 221.54 231.54 236.46 239.44 242.4 244.4 236.32 238.18 249.18 -9999 -9999 -9999 -9999 -9999 236.9 -9999 -9999 -9999 -9999 -9999 -9999 -9999 -9999 -9999
-9999 -9999 -9999 -9999 -9999 -9999 -9999 218.72 201.84 190.96 196.12 200.18 203.32 205.38 218.48 224.52 221.6 226.82 221.9 228.9 232.98 238.06 241 240.9 237.84 236.68 230.72 227.8 223.74 220.82 217.9 218 214.04 216.2 214.36 220.42 224.38 223.38 223.54 223.52 223.6 216.52 214.46 209.26 222.26 224.08 214.88 191.88 230.76 217.66 214.6 224.6 226.52 237.48 239.42 240.46 248.42 241.4 236.32 233.28 248.28 -9999 -9999 -9999 -9999 -9999 229 253 -9999 -9999 -9999 -9999 -9999 -9999 264.66 -9999
-9999 -9999 -9999 -9999 -9999 -9999 224.56 212.76 195.82 197.04 195.1 208.18 204.28 204.44 215.36 220.42 218.76 222.74 225.8 232.88 236.06 237.14 240.04 239.98 239.94 232.98 221.92 222.9 225.92 223.92 226.96 221.02 215.14 212.2 212.26 211.34 217.46 223.54 224.6 223.62 220.58 220.46 221.42 238.24 230.08 215.04 205.88 194.7 229.58 229.48 218.46 216.52 226.48 229.48 239.5 243.52 247.44 241.4 243.44 242.32 244.28 251.22 -9999 -9999 -9999 -9999 -9999 249.04 243.94 246.88 -9999 -9999 -9999 -9999 -9999 -9999
-9999 -9999 -9999 -9999 -9999 216.4 210.6 205.7 204.86 198.02 199.12 209.16 207.22 209.32 219.32 222.5 220.58 222.68 225.76 231.86 234.96 236.14 239.18 240.12 242.16 236.1 229.1 232.06 233.04 231.04 230.14 224.08 220.14 214.18 214.2 212.42 213.52 220.54 221.64 217.56 215.58 210.46 215.36 245.22 234.1 211.94 206.84 204.7 239.48 229.32 201.48 203.46 222.5 237.5 240.48 241.46 243.46 242.42 240.38 241.4 246.22 247.26 -9999 -9999 -9999 -9999 -9999 -9999 -9999 -9999 252.96 -9999 -9999 -9999 -9999 -9999
-9999 -9999 -9999 -9999 -9999 204.46 202.62 206.72 211.94 207 206.04 211.14 214.26 216.3 223.42 222.46 216.64 219.72 224.74 230.82 232.92 235.06 237.2 242.22 243.3 241.2 240.22 238.24 238.14 235.2 231.26 227.2 222.14 223.22 224.24 222.36 222.56 220.56 216.7 207.6 204.5 205.48 226.28 241.24 240.1 223.92 220.8 208.66 236.52 234.52 204.46 212.44 229.52 234.44 234.44 236.5 239.44 240.4 239.36 241.3 243.32 251.4 -9999 -9999 -9999 -9999 -9999 -9999 -9999 -9999 254.12 -9999 -9999 -9999 -9999 -9999
-9999 -9999 -9999 -9999 203.36 197.48 200.62 211.82 202.88 203.88 210.96 214.12 216.22 218.3 223.38 222.46 216.54 218.66 223.78 227.86 228.98 232.96 235.2 240.38 243.34 243.34 243.3 240.36 241.32 238.36 235.3 232.32 228.3 226.38 227.26 226.32 223.46 221.6 220.6 212.58 218.46 229.38 233.24 244.18 239.08 226.96 220.88 204.68 231.62 237.6 219.56 224.56 231.5 228.58 232.46 239.56 238.48 241.5 245.52 243.46 242.24 250.24 -9999 -9999 -9999 -9999 -9999 -9999 -9999 -9999 -9999 -9999 -9999 -9999 -9999 248.9
-9999 -9999 -9999 -9999 199.34 197.46 205.66 212.72 211.84 214.92 218.98 220.08 219.24 220.28 219.4 217.48 216.54 218.68 225.78 228.82 229.9 233.12 237.2 241.38 244.4 246.44 247.42 244.46 242.36 238.38 236.44 236.48 234.5 230.52 231.46 230.46 227.54 227.6 225.56 226.54 233.4 236.34 239.2 237.12 234.9 233.9 215.7 204.68 201.68 243.68 232.56 228.56 235.46 237.5 243.54 245.5 244.52 242.44 241.42 243.38 247.2 251.28 -9999 -9999 -9999 -9999 -9999 -9999 -9999 -9999 -9999 -9999 -9999 -9999 -9999 247.12
-9999 -9999 -9999 -9999 192.46 194.48 198.62 205.72 213.74 220.88 224.94 223.02 222.18 221.28 219.3 216.42 218.6 218.6 222.76 223.9 226 229.08 235.16 240.34 247.48 250.56 249.54 245.62 242.6 238.6 235.52 236.64 234.7 231.62 232.52 230.54 227.64 234.4 247.4 250.36 235.28 235.22 234.12 232.96 237.98 245.78 224.62 206.72 204.64 221.56 234.68 230.54 235.68 241.6 236.5 234.52 237.46 237.48 238.36 242.36 244.28 249.22 -9999 -9999 -9999 -9999 -9999 -9999 -9999 -9999 -9999 -9999 -9999 -9999 249.36 257.34
-9999 -9999 -9999 -9999 186.42 195.46 196.58 202.68 211.7 220.84 227.92 229 227.1 224.2 223.36 221.44 221.5 219.64 220.78 218.86 218.94 223.06 230.2 238.34 245.46 249.54 250.7 247.72 242.76 239.7 237.72 235.58 230.68 235.62 231.58 230.54 224.46 223.38 238.22 234.24 256.16 241.14 243 238.94 247.78 252.72 245.76 233.68 218.64 224.64 227.62 226.6 223.54 226.58 212.5 227.48 230.44 233.34 239.3 242.34 245.24 251.26 -9999 -9999 -9999 -9999 -9999 -9999 -9999 -9999 -9999 -9999 -9999 247.62 257.54 251.44
-9999 -9999 -9999 182.4 184.36 190.4 200.58 198.62 206.8 219.8 228.92 232.08 228.08 226.2 231.34 226.46 223.5 222.66 220.66 216.86 213.94 220.14 228.22 235.34 243.52 247.68 248.74 246.7 241.76 239.78 236.66 234.62 236.66 235.68 232.68 228.6 228.46 240.3 251.2 246.16 255.06 259.9 256.86 256.82 258.74 254.74 257.8 251.76 238.64 242.6 217.54 207.5 216.5 221.5 224.44 229.4 232.38 237.34 240.24 242.2 245.18 -9999 -9999 -9999 -9999 -9999 -9999 -9999 -9999 -9999 251.52 250.64 257.66 253.72 251.62 245.52
-9999 -9999 -9999 177.26 179.4 181.44 183.54 193.6 204.62 217.76 227.86 234.98 235.1 235.28 238.36 235.44 231.5 227.68 223.76 219.92 220.06 224.2 231.36 236.52 240.64 244.76 246.78 242.74 239.72 237.72 235.72 234.68 231.66 226.66 226.6 227.46 238.3 260.22 245.16 240.06 249.02 247.82 249.76 238.7 242.6 251.74 255.7 261.76 252.64 250.52 236.48 219.54 224.48 228.46 232.5 237.34 238.36 240.3 241.24 242.22 250.12 -9999 -9999 -9999 -9999 -9999 -9999 -9999 253.48 253.46 252.54 251.62 250.74 249.84 245.74 232.66
-9999 -9999 -9999 171.24 167.34 171.4 178.46 185.6 199.7 214.8 226.9 236 238.16 239.34 241.38 239.5 235.56 230.82 226.78 224 225.14 228.4 232.42 235.66 238.78 240.9 241.92 240.88 238.84 235.82 237.78 235.9 224.8 213.74 215.52 255.46 258.38 255.14 234.06 216.98 219.94 208.76 204.66 214.56 229.6 238.62 250.74 248.6 253.7 248.54 245.56 231.44 229.48 235.46 238.38 238.36 240.26 239.28 241.14 249.18 -9999 -9999 -9999 -9999 -9999 -9999 -9999 -9999 251.42 248.54 240.56 239.6 244.76 245.94 232.8 204.74
-9999 -9999 -9999 163.32 155.38 149.48 164.52 184.66 197.76 210.82 225 236.18 239.22 240.34 242.48 241.66 239.76 235.92 231.92 229.06 227.22 230.4 231.58 235.78 238.86 240.04 240 237 235.88 240.86 242.82 234.78 225.8 219.72 241.48 259.4 253.24 247.16 237 219.94 213.88 195.72 201.58 208.52 210.6 224.64 231.66 234.62 243.64 245.7 240.56 231.58 235.48 237.46 239.42 240.38 240.26 246.28 -9999 -9999 -9999 -9999 -9999 -9999 -9999 254.24 -9999 252.44 248.48 240.6 231.52 224.66 233.76 231.84 205.96 202.82
-9999 -9999 -9999 156.26 147.5 143.56 156.66 172.72 190.84 206.98 222.04 232.18 237.36 239.44 241.54 241.68 239.82 237.02 234.08 232.28 231.36 232.56 232.66 234.88 236.98 238.08 239.14 237.04 239.12 245.96 248.96 239.9 237.76 239.58 260.48 244.44 242.18 245.08 241.98 227.8 210.84 194.64 190.58 193.6 203.56 200.7 215.64 225.62 234.58 239.58 242.52 236.54 239.48 239.42 239.44 245.34 -9999 -9999 -9999 -9999 -9999 -9999 -9999 -9999 -9999 -9999 -9999 250.4 245.48 238.58 229.6 220.7 216.78 203.9 199.02 183.9
-9999 -9999 -9999 153.52 147.6 143.62 154.7 161.88 182.96 202.04 218.18 230.16 236.34 237.46 239.58 238.7 237.9 237.08 236.16 236.32 236.56 234.7 235.88 235.98 237.18 238.34 240.22 242.16 244.1 245.12 242.12 241.02 240.94 244.78 237.74 233.54 233.46 228.34 231.18 225.08 212.94 199.9 188.76 182.78 179.74 177.64 218.56 223.56 231.58 239.52 234.5 238.46 239.38 238.44 -9999 -9999 -9999 -9999 -9999 -9999 -9999 -9999 -9999 -9999 -9999 -9999 -9999 247.42 243.46 231.46 222.52 202.72 196.86 183.92 177.96 179.04
-9999 -9999 -9999 -9999 148.7 145.78 149.9 157 176.06 197.02 214.14 228.3 235.4 236.5 237.64 235.84 234.82 235.08 234.24 234.44 234.5 234.72 234.94 235.14 237.36 238.48 240.34 242.34 244.28 242.22 238.16 237.04 234.04 226.02 226.86 226.76 224.64 221.46 219.48 217.4 207.24 197.04 189.96 193.96 190.94 186.74 217.54 225.52 234.52 234.52 233.54 237.42 236.46 -9999 -9999 -9999 -9999 -9999 -9999 -9999 -9999 -9999 -9999 -9999 -9999 -9999 -9999 -9999 242.7 229.72 226.7 200.76 195.94 180.96 173.08 169.14
-9999 -9999 -9999 -9999 -9999 144.96 152.04 161.08 175.04 187.2 207.34 224.3 231.44 231.5 227.64 224.78 221.96 232.1 232.24 232.34 234.56 234.82 235 235.1 238.38 240.48 241.44 241.42 241.44 240.34 239.34 236.24 231.16 226.08 223.9 223.98 214.76 213.7 207.7 199.5 195.36 190 192.2 204.12 204.16 193.92 212.78 226.58 236.52 233.46 234.56 237.4 -9999 -9999 -9999 -9999 -9999 -9999 -9999 -9999 -9999 -9999 -9999 -9999 -9999 -9999 -9999 -9999 243.8 235.9 227.9 201.92 198.1 173.16 157.2 160.16
-9999 -9999 -9999 -9999 -9999 149.04 150.2 157.18 167.24 185.2 199.38 210.36 217.52 217.56 214.62 211.74 215.88 224.06 229.3 229.44 227.7 230.84 233.96 234.22 237.34 239.46 240.46 240.38 239.42 237.46 235.4 233.24 229.16 225.14 221.18 219 207 207.88 197.74 197.54 201.28 196.12 193.2 200.2 214.16 181.94 210.78 233.74 234.64 234.56 233.4 -9999 -9999 -9999 -9999 -9999 -9999 -9999 -9999 -9999 -9999 -9999 -9999 -9999 -9999 -9999 -9999 -9999 242 234.92 230.08 211.14 189.08 163.18 152.16 163.08
-9999 -9999 -9999 -9999 -9999 -9999 155.22 160.4 170.38 186.36 197.44 208.56 212.5 210.68 210.78 214.84 216.92 217.06 219.22 220.4 220.64 225.86 229 231.22 234.34 236.4 238.46 238.5 237.46 237.38 235.42 233.16 229.06 222.24 215.18 207.06 202 200.02 200.72 203.44 208.28 201.1 202.26 209.24 217.2 201 226.92 229.76 230.7 233.54 -9999 -9999 -9999 -9999 -9999 -9999 -9999 -9999 -9999 -9999 -9999 -9999 -9999 -9999 -9999 -9999 -9999 -9999 239.14 232.14 225.14 213.18 185.18 167.2 158.16 169.12
-9999 -9999 -9999 -9999 -9999 -9999 170.4 161.42 170.48 183.58 198.6 204.66 206.7 206.74 211.8 213.86 213.96 214.18 215.3 216.46 218.62 223.78 226.04 229.16 231.4 233.46 234.48 234.46 234.44 233.42 233.3 230.1 227.12 219.12 212.14 207 206.06 205.06 205.02 201.72 208.48 206.6 207.5 216.48 221.2 219.02 224.96 227.76 231.74 232.64 230.68 -9999 -9999 -9999 -9999 -9999 -9999 -9999 -9999 -9999 -9999 -9999 -9999 -9999 -9999 -9999 -9999 237.28 233.14 226.12 217.24 208.18 184.18 163.08 162.18 181.12
-9999 -9999 -9999 -9999 -9999 -9999 -9999 157.58 165.66 175.64 192.66 201.68 202.8 209.86 208.9 207.92 207.1 209.18 210.38 211.62 214.76 217.82 218.96 221.16 224.38 226.38 228.46 229.48 230.38 230.44 227.32 225.14 222.96 216.1 214.16 214.16 214.2 213.1 212.12 211.92 212.72 211.82 208.72 218.52 224.2 227.02 227.9 229.9 229.8 229.74 228.7 -9999 -9999 -9999 -9999 -9999 -9999 -9999 -9999 -9999 -9999 -9999 -9999 -9999 -9999 -9999 236.26 233.24 226.14 217.2 210.18 203.18 191.2 173.18 171.14 197.14
-9999 -9999 -9999 -9999 -9999 -9999 -9999 180.68 161.86 174.86 189.84 203.84 208.82 205.94 204.08 199.08 199.18 204.26 205.38 206.54 208.78 212.98 214.1 217.26 220.34 222.4 224.42 226.44 226.46 226.36 224.28 220.06 216.94 213.12 215.24 216.18 217.14 218.2 218.24 219.06 218 216 214.64 216.5 223.14 227.04 229.02 226.96 225.86 226.92 228.76 -9999 -9999 -9999 -9999 -9999 -9999 -9999 -9999 -9999 -9999 -9999 -9999 -9999 -9999 -9999 234.2 230.2 221.16 219.3 216.24 196.22 191.16 175.14 174.1 205.1
-9999 -9999 -9999 -9999 -9999 -9999 -9999 -9999 187.84 168.02 189.02 204.04 210 206.02 194.08 192.16 197.26 197.32 198.54 199.62 203.84 207.92 211.08 215.28 217.46 219.44 221.46 223.52 222.46 223.38 221.26 216.02 211.92 208.08 217.3 217.28 218.18 219.26 219.3 220.24 222.08 221.98 223.68 222.4 225.16 227.12 229 226 224.98 224.92 227.82 225.92 -9999 -9999 -9999 -9999 -9999 -9999 -9999 -9999 229.92 -9999 -9999 -9999 -9999 -9999 230.24 221.26 210.22 205.28 203.26 186.1 189.22 173.04 192.96 212.88
-9999 -9999 -9999 -9999 -9999 -9999 -9999 -9999 184.94 160.06 186.16 196.14 197.16 193.2 187.18 191.24 194.3 192.42 194.6 195.72 198.9 203.04 207.18 211.32 214.54 215.44 217.48 219.52 219.42 220.36 217.28 214.08 208.9 208.06 216.32 215.28 216.26 213.24 206.38 205.24 203.26 212.84 221.56 223.34 224.14 226.16 229.16 226.14 224.08 224.08 224.96 222 -9999 -9999 -9999 -9999 -9999 -9999 -9999 -9999 -9999 -9999 -9999 -9999 -9999 -9999 228.26 214.36 201.2 200.18 191.18 185.08 181.02 184.86 202.78 213.68
-9999 -9999 -9999 -9999 -9999 -9999 -9999 -9999 175.1 162.18 185.3 196.28 194.34 189.28 196.26 194.36 193.36 191.5 192.58 193.76 196 199.04 203.28 207.44 210.54 211.54 214.48 215.52 215.46 214.5 213.3 211.04 207.98 208.14 215.18 217.34 212.28 204.38 197.42 192.36 204.02 214.84 219.62 222.36 225.24 226.18 227.1 226.18 223.14 222.1 223.1 -9999 -9999 -9999 -9999 -9999 -9999 -9999 -9999 -9999 -9999 -9999 -9999 -9999 -9999 -9999 227.3 221.32 212.24 206.1 198.94 191.9 170.78 185.7 202.62 214.6
-9999 -9999 -9999 -9999 -9999 -9999 -9999 -9999 -9999 167.24 189.34 195.46 185.48 188.5 194.42 193.42 190.46 188.56 189.66 190.84 195.06 197.2 199.28 204.58 207.56 208.6 210.56 212.62 212.56 211.52 211.4 210.2 210.98 213.14 214.26 212.36 204.24 201.4 186.46 179.24 196.06 212.9 219.68 221.36 225.32 225.26 225.28 225.16 222.16 220.14 221.2 -9999 -9999 -9999 -9999 -9999 -9999 -9999 -9999 -9999 -9999 -9999 -9999 -9999 -9999 -9999 -9999 221.28 215.14 209.96 200.92 187.7 177.7 178.64 198.56 214.48
-9999 -9999 -9999 -9999 -9999 -9999 -9999 -9999 -9999 162.34 179.44 188.62 178.6 188.6 196.62 198.6 191.64 188.64 189.76 189.84 191.04 193.22 196.44 200.64 203.76 204.7 204.68 205.66 206.64 205.56 206.42 207.24 212 212.12 211.28 194.5 191.38 194.46 191.2 186.22 183.04 205.82 215.72 220.5 221.36 224.28 224.36 222.32 220.32 220.12 221.16 -9999 -9999 -9999 -9999 -9999 -9999 -9999 -9999 -9999 -9999 -9999 -9999 -9999 -9999 -9999 -9999 219.1 211.1 205.9 202.78 197.6 204.5 186.54 203.44 -9999
-9999 -9999 -9999 -9999 -9999 -9999 -9999 -9999 -9999 158.42 171.58 179.72 173.8 181.8 189.72 194.68 190.68 188.74 188.88 189 189.18 189.32 192.54 195.76 198.82 200.84 201.72 202.7 202.66 201.7 201.42 204.24 206 204.18 202.22 194.36 191.52 198.28 203.14 182.28 179.18 157.88 204.72 214.52 219.4 223.34 222.38 220.26 219.08 219.96 219.02 -9999 -9999 -9999 -9999 -9999 -9999 -9999 -9999 -9999 -9999 -9999 -9999 -9999 -9999 -9999 -9999 218.04 213.94 209.86 206.74 205.52 210.48 190.32 212.24 -9999
-9999 -9999 -9999 -9999 -9999 -9999 -9999 -9999 -9999 154.48 164.66 168.7 167.84 169.88 181.86 190.9 189.82 189.86 186.9 185.1 186.24 188.42 190.64 192.76 195.96 197.9 198.84 199.84 198.78 197.7 195.54 197.34 198.1 196.02 196.22 195.48 195.16 189.78 189.18 168.48 151.28 163.02 196.74 214.52 219.52 222.3 221.1 220.9 -9999 -9999 -9999 -9999 -9999 -9999 -9999 -9999 -9999 -9999 -9999 -9999 -9999 -9999 -9999 -9999 -9999 -9999 -9999 -9999 212.9 213.78 209.68 209.44 211.36 209.32 212.2 -9999
