shamba/rasters/climate/tmp_5.txt
ncols         720
nrows         360
xllcorner     -180
yllcorner     -90
cellsize      0.5
NODATA_value  -9999
[rows 66 to 98 of 360, columns 380 to 455 of 720]
108.08 114.96 -9999 -9999 114.34 111.4 107.22 109.28 105.16 104.08 98.38 98.8 101.06 100.48 -9999 -9999 105.32 -9999 -9999 -9999 -9999 -9999 105.06 104.74 107.58 106.42 111.04 114.88 116.82 117.54 116.34 115.28 117.32 118.1 118 118.92 119.82 119.82 117.72 116.7 119.66 120.62 118.64 114.42 114.28 115.06 114.06 114.96 114.76 116.66 119.48 120.4 121.26 121 123.84 123.76 122.78 122.76 122.7 123.64 126.8 126.72 127.8 127.72 127.78 126.86 127.06 126.18 127.3 128.5 129.86 130.1 130.34 130.56 130.7 130.9
108.26 108.2 -9999 -9999 115.6 111.56 109.78 109.88 107.48 105.48 104.86 103.16 105.48 104.58 -9999 -9999 -9999 -9999 -9999 -9999 -9999 -9999 109.88 111.62 114.3 115.1 117.82 119.62 121.6 122.44 120.12 119.04 119.98 119.9 119.88 119.8 121.68 122.68 121.64 120.56 119.62 119.52 119.44 120.26 119.04 117.86 116.84 117.7 119.56 120.4 120.26 122.12 122.94 121.8 123.62 124.54 124.58 125.5 125.58 125.58 128.7 129.62 129.66 129.62 129.6 130.64 129.8 129.8 131.06 132.34 132.46 132.82 133.06 132.32 132.64 133.72
116.56 118.38 110.18 111.82 113.58 113.26 112.46 110.4 109 -9999 -9999 -9999 -9999 -9999 -9999 -9999 -9999 -9999 -9999 -9999 -9999 -9999 113.66 116.32 118.06 118.8 121.5 122.26 123.28 123.2 120.94 119.9 119.88 120.78 120.66 121.62 122.54 123.58 123.62 123.68 123.56 123.48 123.28 123.2 124.02 122.84 120.68 121.6 122.46 122.28 121.1 121.9 123.8 125.6 127.5 128.34 128.38 129.48 130.42 131.56 131.52 131.66 131.6 131.64 131.54 130.5 129.44 129.62 130.9 130.14 132.36 134.6 132.82 132.08 132.32 132.6
111.7 111.6 110.46 111.28 113.2 121.06 118.96 118.84 118.46 116.4 116.68 -9999 -9999 -9999 -9999 -9999 -9999 -9999 -9999 -9999 -9999 -9999 118.44 120.14 121.86 123.48 123.22 123.96 125.92 124.84 123.74 123.7 123.7 124.58 123.46 124.52 125.72 126.8 127.84 126.62 126.5 125.3 126.22 126.06 123.94 124.72 123.56 124.38 124.34 124.12 125 124.84 127.74 129.48 130.48 131.38 131.42 131.44 133.42 133.48 134.46 134.44 134.52 134.5 133.46 132.34 132.46 132.52 132.68 132.96 134.2 135.5 135.74 134.9 135.24 135.36
121 121.06 114.16 115.2 122.06 121.22 122.84 118.74 -9999 -9999 121.66 -9999 -9999 122.62 111.82 110.7 113.56 123.22 -9999 124.36 120.8 118.38 121.16 123.84 122.6 124.36 124.04 124.8 124.66 124.58 127.58 125.44 127.56 127.64 127.7 127.8 129.92 129.9 129.6 129.46 128.34 128.22 128.08 128.94 128.82 128.66 126.6 126.4 127.22 127.18 127.06 128.92 130.72 130.6 132.6 132.52 132.48 132.48 134.46 134.5 136.5 136.52 136.54 136.42 136.4 135.3 134.22 134.32 134.48 135.82 137.02 137.28 137.48 137.82 137.96 138.22
117.44 117.64 124.88 124 120.94 121.36 120.88 124.64 125.56 125.62 125.76 121.96 121.34 115.56 114.76 113.78 113.6 124.28 128.78 128.24 123.68 120.2 123 123.86 123.56 123.34 126.02 126.76 124.74 124.62 128.88 129.82 128.76 128.82 130.98 128.98 132.86 131.62 131.52 131.36 130.24 130.04 130.02 131.86 132.8 131.82 130.6 129.5 129.34 129.16 129.02 130.96 131.8 132.62 132.56 135.48 135.46 134.5 136.56 136.5 139.46 139.42 138.4 138.42 138.36 138.3 137.24 137.24 137.22 138.62 138.86 137.12 139.3 140.54 141.82 142.04
121.5 121.58 120.84 122.06 123.08 122.72 125.18 125.9 128.72 127.82 125.86 123.94 121.26 119.56 119.6 120.58 124.36 127.04 130.5 129.06 126.44 124.92 124.82 125.7 125.5 126.26 127.06 127.88 126 127.32 131.38 131.36 133.28 133.2 132.16 134.98 133.8 133.56 132.48 132.26 133.1 133.02 133.92 134.88 134.82 134.88 133.64 135.56 135.36 135.32 135.12 135 135.96 135.82 133.68 132.64 132.56 134.5 139.56 139.46 140.5 140.38 140.34 141.26 140.32 140.3 138.12 139.04 137.12 137.18 141.64 139.98 140.24 140.42 141.62 143.86
123.58 123.74 124.9 127.06 127.22 127.78 129.26 129.92 131.9 132.9 129.96 129 127.1 127.38 128.44 128.24 129.94 131.62 133.22 131.84 129.26 128.8 129.56 129.38 128.34 129.2 129.02 131.36 130.7 131.82 133.86 135.8 135.72 136.46 136.2 135.98 135.66 134.5 134.42 135.16 136.1 136.96 137.92 137.9 138.86 137.84 138.76 138.6 138.54 138.32 137.22 137.14 137.98 137.88 137.82 134.78 134.66 136.68 141.78 141.54 143.42 142.36 143.3 143.22 142.26 142.14 140.1 140.08 139.02 139.06 143.5 142.78 142.98 142.2 145.46 146.44
125.7 125.78 128.84 131.08 133.2 137.04 136.48 135.24 136.78 136.16 136.04 135.18 135.06 134.32 134.22 132.88 133.5 134.18 134.82 133.5 135.02 134.56 134.36 134.24 134.12 133.34 133.78 136.14 136.4 137.36 137.3 136.94 137.76 138.5 139.28 139.02 137.78 138.5 138.28 139.16 141.02 142.02 141.92 141.96 142.92 142.76 142.76 142.68 141.52 140.42 137.28 137.24 137.08 136.98 137.88 138.78 139.84 141.84 143.88 144.74 145.5 146.38 145.28 145.14 144.12 144.02 144.1 143.98 142 141 143.14 144.64 145.78 149.06 148.98 150
125.88 125.86 128.92 134.02 136.22 140.04 141.04 140.58 140.62 138.4 137.36 138.38 138.38 139.34 137.86 136.5 136.08 135.8 135.4 135.98 136.72 137.24 137.14 134.46 136.84 138.14 138.52 140.94 140.78 139.5 140.26 138.98 139.84 141.6 141.28 141.06 140.8 140.62 141.32 143.1 144 145.98 145.94 145.94 145.92 146.84 145.76 145.66 145.62 144.48 140.32 139.34 138.12 139.14 142 143.94 143.94 144.96 146 146.78 148.68 148.48 147.28 147.22 147.04 146.06 147 145.9 143.86 142.84 143.82 147.46 151.58 152.68 155.66 155.52
119.2 116.18 125.12 134.22 138.36 139.02 141.02 141.5 141.48 139.78 137.52 138.54 139.6 140.68 139.04 136.02 135.72 136.44 135 134.62 135.28 135.92 136.44 135.76 136.06 137.46 138.86 140.02 140.84 140.52 140.36 141.08 141.74 142.54 142.32 142.02 141.8 142.6 144.4 146.3 148.24 147.92 148.92 148.9 148.98 147.8 148.8 147.66 147.58 147.46 145.44 142.38 140.32 140.2 142.18 144.18 145.08 147.12 149.04 148.86 148.54 149.4 149.16 149.1 150.04 150.04 148.88 148.98 146.92 145.86 145.74 149.12 161.38 163.28 164.2 165.12
119.6 124.6 129.52 133.46 138.34 136.92 138.9 139.02 135.98 133.98 135.78 135.86 139.9 141.96 138.32 137.36 136.36 136.96 134.56 134.28 133.8 132.16 136.54 137.96 136.18 136.56 138.92 140.02 141.88 141.6 141.38 142.12 143.78 145.56 144.32 144.04 141.84 143.7 145.5 148.64 151.68 152.4 152.04 152 151.86 151.8 151.8 150.68 150.68 149.56 148.48 145.4 144.36 143.28 144.28 147.24 148.16 149.06 150.94 151.74 151.5 151.26 151.08 152.1 152.04 150.98 150.86 150.82 149.84 149.76 147.6 156.98 165.14 165.92 166.84 167.76
118.88 118.84 121.72 124.58 125.4 123.54 125.58 128.54 129.54 125.62 119.74 116.86 121.94 125.04 137.5 137.7 134.78 132.8 131.26 131.92 131.6 133.28 132.66 138.04 137.38 135.62 135.94 139.02 138.9 138.64 139.38 141.16 141.82 145.62 145.4 144.14 140.98 140.68 142.68 148.82 154.06 155.84 154.54 154.14 153.08 153.08 152.86 151.68 151.68 151.6 150.58 150.42 149.44 149.38 150.32 151.3 151.12 151.94 152.76 152.58 153.3 153.18 153.14 153.06 154.96 154.92 153.78 153.76 153.6 153.64 152.54 162 167.94 168.84 170.66 170.58
127.16 126.18 123.16 116.84 118.64 114.88 122.6 132.32 136.48 137.58 136.6 134.7 119.78 115.82 110.4 129.74 135.86 134 133.26 128.44 134.82 137.32 137.76 138.22 137.46 138.84 136.94 140.1 139.9 139.66 138.42 140.08 144.9 148.72 149.42 146.28 140.94 137.86 142.92 150.1 154.28 157.2 155.92 154.68 155.36 155.08 156.02 153.92 152.8 152.68 152.62 152.52 153.52 153.38 153.34 153.14 152.94 153.76 154.64 154.32 157.2 155.08 154.94 154.9 155.84 156.78 156.72 156.58 156.62 156.62 158.52 165.92 169.84 171.68 173.5 174.42
127.48 130.4 126.46 124.12 119.88 119.74 128.56 123.16 125.82 125.68 127.46 126.62 123.68 121.8 127.14 118.64 126.02 118.22 117.62 115.12 118.36 124.58 127.02 134.34 131.52 136.98 139.04 139.12 138.96 136.74 137.46 141.24 149.02 154.84 151.62 147.36 142.12 139.04 142.28 147.34 152.44 153.4 154.12 155.88 155.62 157.42 158.1 157.1 153.9 154.92 154.78 155.72 155.54 156.36 155.14 155 154.78 155.66 156.34 156.16 156.16 158.02 157.82 156.84 156.8 158.72 160.68 159.56 159.5 161.6 166.48 169.92 171.7 173.6 175.42 176.32
120.76 125.7 131.64 129.5 129.24 123.84 113.94 123.7 130.3 129 121.98 127.8 126.64 133.6 138.24 125.88 118.58 108.02 106.4 99.44 88.86 108.52 122.22 133.42 123.62 118.82 123.96 137.06 139.18 137.1 139.8 145.54 155.2 162.98 156.82 151.58 146.4 144.26 145.38 146.44 148.66 151.72 152.4 154.12 155.8 157.56 158.24 157.1 158.06 158.94 158.9 156.64 156.5 156.26 156 156.84 157.64 158.38 158.16 160.14 159.18 159.98 158.8 158.7 158.58 159.58 160.62 161.62 163.5 164.62 169.46 171.86 172.66 174.5 176.26 176.1
123.96 129.92 129.96 129.84 132.24 133.92 127.06 112.26 124.88 129.64 135.36 140.24 147.12 145.88 143.54 134.26 134.96 120.56 107.2 101.5 112.6 116.28 128.04 141.74 138.52 120.76 112.92 103.08 117.3 139.18 139.1 146.86 156.66 162.3 163.06 157.82 152.56 150.42 149.54 149.66 147.92 150.92 151.7 151.3 152 153.64 154.32 154.28 158.08 161 161.72 159.76 157.46 157.3 156.08 156.8 158.62 160.3 162.18 163.12 162.06 162.94 162.82 161.6 161.58 161.54 162.62 166.54 165.54 170.5 172.46 173.7 174.48 175.38 177.1 178.18
128.26 131.34 133.28 129.82 132.46 135 134.18 133.54 143.38 136 135.6 143.68 150.44 151.22 148.92 152.5 148.24 143.78 142.12 142.2 140.96 148.74 148.42 152.98 155.82 151.78 138.92 118.12 97.44 107.26 133.18 144.1 150.8 160.56 162.24 162.92 158.66 155.54 152.6 152.82 155.1 154.22 151.82 149.5 152.18 153.8 156.5 155.3 156.08 160.96 163.8 160.66 159.42 158.26 158.08 156.78 156.56 158.38 160.28 163.14 164.02 164.84 163.64 163.58 164.56 166.58 167.5 166.5 167.46 173.42 174.42 174.54 175.42 176.18 177.2 179.24
118.94 114.8 120.5 111.9 110.48 93.14 99.78 97.66 96.5 101.94 100.84 107.94 136.92 154.62 158.24 157.82 155.46 149.08 150.06 149.86 155.4 157.88 159.52 159.12 158.04 158.06 148.08 123.1 110.44 92.44 109.2 125.04 146.92 154.74 161.34 161.08 159.98 158.76 157.84 156.08 156.3 156.48 154.12 151.72 152.36 155.04 157.52 158.26 159.16 161.86 165.86 160.72 158.42 158.26 158.06 159.92 161.72 164.54 166.36 166.2 166.2 166.94 165.8 166.7 166.56 168.54 167.54 167.56 168.46 171.3 176.32 176.4 177.24 178.16 179.26 180.34
53.58 44.16 65.34 81.48 86 46.64 61.68 64.56 74.56 81.84 109.72 126.48 142.16 150.94 158.7 154.34 156.86 159.46 161.34 159.74 162.2 160.72 161.4 161.5 155.38 144.3 147.32 139.3 135.48 112.6 95.32 104.14 136.94 152.76 159.46 160.24 160.02 160.96 162.02 157.3 156.54 154.68 152.4 151 150.54 151.08 153.64 156.26 158.08 159.88 162.96 159.66 155.4 157.24 160.24 167.12 169.8 172.64 173.6 173.46 171.26 170.14 167.98 167.88 165.76 166.62 167.44 168.48 169.44 173.42 176.26 177.28 178.16 178.24 179.3 180.34
2.58 13.12 57.38 39.5 24.2 52.76 60.74 82.28 121.96 120.92 134.96 152.8 152.48 157.26 158.98 159.7 159.36 161.74 164.02 162.22 164.76 163.38 163.9 162.14 150.02 121.84 120.72 145.6 149.64 134.56 103.34 102.14 113.96 148.7 152.62 155.4 163.14 163.06 161.34 161.52 157.78 155.98 153.6 150.14 147.6 149.1 152.64 155.2 158.02 160.02 161.86 160.64 161.54 163.38 161.42 165.26 173.88 174.76 173.8 173.7 171.6 169.48 167.3 168.14 167.02 167.8 167.58 169.42 170.36 174.32 178.24 177.14 178.24 178.32 179.38 182.58
26.74 21.1 84.98 44.88 64.12 119.68 118.34 64.3 124.12 134.42 133.66 148.72 162.36 159.3 159.18 160.06 160.82 162.42 164.64 164.9 167.52 166.16 165.66 157.66 146.54 132.34 110.04 147.78 150.88 143.66 126.4 118.32 122.16 139.96 155.94 160.66 164.04 161.86 161.58 158.82 159 164.12 -9999 163.24 145.66 147.18 151.82 155.22 158.06 160.06 160.96 161.86 -9999 -9999 -9999 165.34 175.28 175.18 174.04 173.94 171.9 170.72 168.62 168.4 169.26 171.06 171.98 170.74 170.56 171.38 177.2 177.22 177.36 178.46 180.56 182.64
113.58 108.08 114.72 138.86 157.2 172.64 177.78 154.02 118.28 126.58 136.74 157.96 164.1 159.1 157.16 159.06 162.96 164.72 167.18 168.52 171 171.74 170.4 166.06 142.88 132.6 135.38 108.12 138.9 121.74 130.6 133.44 120.38 125.26 163.1 165.92 165.24 161.88 162.48 161.04 165.32 -9999 -9999 -9999 -9999 160.38 152.92 156.38 159.1 161.08 -9999 -9999 -9999 -9999 -9999 169.58 173.52 174.36 175.48 173.36 173.12 170.92 169.72 168.68 166.46 166.26 167.18 170.06 171.96 172.8 175.56 177.5 178.52 179.7 180.7 181.76
174 171.72 168.1 167.24 172.64 174.24 -9999 162.9 149.02 123.38 131.62 156 156.06 161.06 157.08 158.96 164.7 166.52 169.4 169.12 173.52 175 172.26 155.14 131.78 90.5 129.2 108.94 126.82 122.86 111.84 120.76 142.56 154.46 168.42 171.2 164.64 162.88 161.62 160.68 -9999 -9999 -9999 -9999 162.82 158.5 155.1 157.62 157.26 158.12 161.04 158.96 155.08 157.1 162.02 163.92 169.82 171.78 173.76 173.64 172.44 171.28 167.98 163.84 158.84 159.78 160.74 164.62 169.4 172.14 174.92 175.84 176.92 178.9 178.9 -9999
158.32 172.06 174.12 173.84 173.84 175.08 -9999 167.14 162.14 153.22 116.52 117.74 136.06 134.04 144.94 149.74 161.44 158.32 172.24 175.02 175.76 173.76 171.16 155.98 146.64 159.32 164 159.9 163.78 164.56 164.82 167.96 169.86 171.74 171.58 169.46 160.78 159.52 167.56 167.64 -9999 -9999 -9999 -9999 -9999 -9999 162.12 152.78 138.42 150.24 151.04 164.1 -9999 -9999 165.34 157.32 155.28 159.18 166.2 167.98 165.82 164.72 160.42 156.38 150.36 152.3 157.2 163.08 166.72 170.48 174.24 175.12 177.02 176.94 -9999 -9999
106.68 115.14 133.78 156.74 166.7 174.96 -9999 -9999 -9999 169.34 153.52 132.72 115.98 109.94 120.82 116.52 133.22 132.1 138.92 145.8 157.64 163.58 168.86 142.72 154.46 173.22 170.94 172.8 174.66 174.56 173.5 172.74 173 172.96 171.84 166.7 160.08 167.44 -9999 -9999 -9999 -9999 -9999 -9999 -9999 -9999 -9999 132.96 134.6 -9999 -9999 -9999 -9999 -9999 -9999 -9999 154.56 159.52 145.58 132.46 139.34 147.08 139.98 141.86 137.8 142.76 150.74 161.4 165.2 168.76 172.56 173.18 177.2 177.1 -9999 180.58
160 154.88 152.72 119.66 125.64 152.74 165.76 172.44 -9999 -9999 171.56 177.62 154.84 131.78 116.58 103.22 114.96 124.94 137.82 129.78 142.56 153.4 164.54 145.58 151.24 163.92 172.84 174.74 176.54 175.5 173.36 171.5 167.68 162.88 162.1 157.96 155.54 168.7 -9999 -9999 -9999 -9999 -9999 -9999 -9999 -9999 -9999 -9999 -9999 -9999 -9999 -9999 -9999 -9999 -9999 -9999 -9999 -9999 155.08 141.94 82.82 63.56 86.44 97.28 91.28 91.22 123.16 159.72 165.52 167.04 169.72 171.46 174.34 176.28 176.62 -9999
173 154.76 159.72 148.82 144.5 135.54 142.64 167.56 -9999 -9999 -9999 -9999 180.84 176.8 157.58 151.34 125.06 104.84 108.74 131.64 130.5 129.28 140.28 158.3 143.08 133.84 147.76 159.74 166.54 166.48 166.3 165.28 160.52 158.72 156.9 154.96 165.88 168.7 -9999 -9999 -9999 -9999 -9999 -9999 -9999 -9999 -9999 -9999 -9999 -9999 -9999 -9999 -9999 -9999 -9999 -9999 -9999 -9999 -9999 171.44 152.22 116.16 84.98 50.82 43.62 24.62 47.36 127.18 152.72 153.22 159.9 163.54 161.5 166.68 174.94 -9999
171 173.72 165.76 156.78 162.2 149.28 107.36 148.3 175.3 -9999 -9999 -9999 -9999 181.84 175.58 177.32 152.14 119.88 111.64 100.56 111.36 147.2 143.96 149.04 135.88 137.74 142.64 136.56 135.38 131.38 133.3 146.14 144.28 157.46 159.64 160.74 -9999 -9999 -9999 -9999 -9999 -9999 -9999 -9999 -9999 -9999 -9999 -9999 -9999 -9999 -9999 -9999 -9999 -9999 -9999 -9999 -9999 -9999 -9999 -9999 -9999 175.6 168.46 149.36 109.98 88.86 84.62 65.36 59 63.5 56.28 85.76 77.7 93.96 133.1 176.06
171.16 172.78 173.72 173.8 167.14 162.04 116.08 124.14 157.28 175.28 181.38 -9999 -9999 -9999 -9999 -9999 180.18 157.9 174.6 107.46 126.3 125.18 141.92 148.88 133.74 137.6 122.5 116.38 152.38 166.3 163.12 167.04 165.96 166.18 162.36 163.6 -9999 -9999 -9999 -9999 -9999 -9999 -9999 -9999 -9999 -9999 175.04 169.78 166.38 172.3 175.12 -9999 -9999 -9999 -9999 -9999 -9999 -9999 -9999 -9999 -9999 -9999 -9999 173.7 178.42 165.08 140.8 122.42 111.18 105.84 98.48 64.02 52.92 63.06 99.12 143.02
-9999 -9999 -9999 -9999 175.84 172 169.04 169.22 137.44 158.34 174.2 169.58 175.78 -9999 -9999 -9999 -9999 -9999 183.74 174.46 135.28 116.16 127.9 159.72 163.6 139.52 122.44 131.32 117.24 119.22 149.06 161.06 168.86 172.9 171.08 155.36 172.5 -9999 -9999 -9999 -9999 -9999 -9999 -9999 170.58 143.44 123.26 126.84 127.74 125.5 146.26 170.16 176.06 -9999 -9999 -9999 -9999 -9999 -9999 -9999 -9999 -9999 -9999 159.98 109.7 95.14 101.8 101.66 125.38 151.06 148.64 163.22 142.04 82.04 55.22 91.22
-9999 -9999 -9999 -9999 -9999 180.84 173.06 176.38 163.48 162.42 157.46 174.52 175.74 180.82 184.66 -9999 -9999 -9999 186.7 173.54 134.34 131.16 142.96 145.74 143.62 166.42 164.34 152.24 149.16 149.06 153.96 149.88 168.84 170.6 168.88 164.1 162.42 160.54 159.54 170.38 172.2 172.02 165.78 160.74 134.56 126.4 128.34 127.22 128 127.86 141.48 140.44 148.16 152.28 176.68 176.86 -9999 -9999 177.64 193.78 196 179.96 141.6 118.3 89.76 75.26 80.82 77.46 117.14 148.14 172.82 176.38 174.98 170.22 111.32 64.26
-9999 -9999 -9999 -9999 -9999 180.68 180.96 -9999 179.46 159.64 146.64 142.78 160.74 167.84 170.76 181.5 187.28 -9999 187.72 182.52 134.36 131.06 128.92 141.66 166.46 182.32 173.22 172.14 166.06 176.92 183.94 176.82 173.4 173.34 165.62 176.74 -9999 167.3 164.64 163.66 165.72 146.66 143.56 125.4 127.36 118.3 122.28 133.9 136.58 143.36 136.1 142.78 137.5 132.66 123.9 120.06 117.3 125.56 127.76 129.06 123.38 91.86 78.42 99.04 88.52 76.02 88.7 108.32 81.22 98.14 114.1 138.56 170.3 188.48 181.48 178.4
