shamba/rasters/climate/tmp_10.txt
ncols         720
nrows         360
xllcorner     -180
yllcorner     -90
cellsize      0.5
NODATA_value  -9999
[rows 0 to 32 of 360, columns 228 to 303 of 720]
-9999 -9999 -9999 -9999 -9999 -9999 -9999 -9999 -9999 -9999 -9999 -9999 -9999 -9999 -9999 -9999 -9999 -9999 -9999 -9999 -9999 -9999 -9999 -9999 -9999 -9999 -9999 -9999 -9999 -9999 -9999 -9999 -9999 -9999 -9999 -9999 -9999 -9999 -9999 -9999 -9999 -9999 -9999 -9999 -9999 -9999 -9999 -9999 -9999 -9999 -9999 -9999 -9999 -9999 -9999 -9999 -9999 -9999 -9999 -9999 -9999 -9999 -9999 -9999 -9999 -9999 -9999 -9999 -9999 -9999 -9999 -9999 -9999 -9999 -9999 -9999
-9999 -9999 -9999 -9999 -9999 -9999 -9999 -9999 -9999 -9999 -9999 -9999 -9999 -9999 -9999 -9999 -9999 -9999 -9999 -9999 -9999 -9999 -9999 -9999 -9999 -9999 -9999 -9999 -9999 -9999 -9999 -9999 -9999 -9999 -9999 -9999 -9999 -9999 -9999 -9999 -9999 -9999 -9999 -9999 -9999 -9999 -9999 -9999 -9999 -9999 -9999 -9999 -9999 -9999 -9999 -9999 -9999 -9999 -9999 -9999 -9999 -9999 -9999 -9999 -9999 -9999 -9999 -9999 -9999 -9999 -9999 -9999 -9999 -9999 -9999 -9999
-9999 -9999 -9999 -9999 -9999 -9999 -9999 -9999 -9999 -9999 -9999 -9999 -9999 -9999 -9999 -9999 -9999 -9999 -9999 -9999 -9999 -9999 -9999 -9999 -9999 -9999 -9999 -9999 -9999 -9999 -9999 -9999 -9999 -9999 -9999 -9999 -9999 -9999 -9999 -9999 -9999 -9999 -9999 -9999 -9999 -9999 -9999 -9999 -9999 -9999 -9999 -9999 -9999 -9999 -9999 -9999 -9999 -9999 -9999 -9999 -9999 -9999 -9999 -9999 -9999 -9999 -9999 -9999 -9999 -9999 -9999 -9999 -9999 -9999 -9999 -9999
-9999 -9999 -9999 -9999 -9999 -9999 -9999 -9999 -9999 -9999 -9999 -9999 -9999 -9999 -9999 -9999 -9999 -9999 -9999 -9999 -9999 -9999 -9999 -9999 -9999 -9999 -9999 -9999 -9999 -9999 -9999 -9999 -9999 -9999 -9999 -9999 -9999 -9999 -9999 -9999 -9999 -9999 -9999 -9999 -9999 -9999 -9999 -9999 -9999 -9999 -9999 -9999 -9999 -9999 -9999 -9999 -9999 -9999 -9999 -9999 -9999 -9999 -9999 -9999 -9999 -9999 -9999 -9999 -9999 -9999 -9999 -9999 -9999 -9999 -9999 -9999
-9999 -9999 -9999 -9999 -9999 -9999 -9999 -9999 -9999 -9999 -9999 -9999 -9999 -9999 -9999 -9999 -9999 -9999 -9999 -9999 -9999 -9999 -9999 -9999 -9999 -9999 -9999 -9999 -9999 -9999 -9999 -9999 -9999 -9999 -9999 -9999 -9999 -9999 -9999 -9999 -9999 -9999 -9999 -9999 -9999 -9999 -9999 -9999 -9999 -9999 -9999 -9999 -9999 -9999 -9999 -9999 -9999 -9999 -9999 -9999 -9999 -9999 -9999 -9999 -9999 -9999 -9999 -9999 -9999 -9999 -9999 -9999 -9999 -9999 -9999 -9999
-9999 -9999 -9999 -9999 -9999 -9999 -9999 -9999 -9999 -9999 -9999 -9999 -9999 -9999 -9999 -9999 -9999 -9999 -9999 -9999 -9999 -9999 -9999 -9999 -9999 -9999 -9999 -9999 -9999 -9999 -9999 -9999 -9999 -9999 -9999 -9999 -9999 -9999 -9999 -9999 -9999 -9999 -9999 -9999 -9999 -9999 -9999 -9999 -9999 -9999 -9999 -9999 -9999 -9999 -9999 -9999 -9999 -9999 -9999 -9999 -9999 -9999 -9999 -9999 -9999 -9999 -9999 -9999 -9999 -9999 -9999 -9999 -9999 -9999 -9999 -9999
-9999 -9999 -9999 -9999 -9999 -9999 -9999 -9999 -9999 -9999 -9999 -9999 -9999 -9999 -9999 -9999 -9999 -9999 -9999 -9999 -9999 -9999 -9999 -9999 -9999 -9999 -9999 -9999 -9999 -9999 -9999 -9999 -9999 -9999 -9999 -9999 -9999 -9999 -9999 -9999 -9999 -9999 -9999 -9999 -9999 -9999 -9999 -9999 -9999 -9999 -9999 -9999 -9999 -9999 -9999 -9999 -9999 -9999 -9999 -9999 -9999 -9999 -9999 -9999 -9999 -9999 -9999 -9999 -9999 -9999 -9999 -9999 -9999 -9999 -9999 -9999
-9999 -9999 -9999 -9999 -9999 -9999 -9999 -9999 -9999 -9999 -9999 -9999 -9999 -9999 -9999 -9999 -9999 -9999 -9999 -9999 -9999 -9999 -9999 -9999 -9999 -9999 -9999 -9999 -9999 -9999 -9999 -9999 -9999 -9999 -9999 -9999 -9999 -9999 -9999 -9999 -9999 -9999 -9999 -9999 -9999 -9999 -9999 -9999 -9999 -9999 -9999 -9999 -9999 -9999 -9999 -9999 -9999 -9999 -9999 -9999 -9999 -9999 -9999 -9999 -9999 -9999 -9999 -9999 -9999 -9999 -9999 -9999 -9999 -9999 -9999 -9999
-9999 -9999 -9999 -9999 -9999 -9999 -9999 -9999 -9999 -9999 -9999 -9999 -9999 -9999 -9999 -9999 -9999 -9999 -9999 -9999 -9999 -9999 -9999 -9999 -9999 -9999 -9999 -9999 -9999 -9999 -9999 -9999 -9999 -9999 -9999 -9999 -9999 -9999 -9999 -9999 -9999 -9999 -9999 -9999 -9999 -9999 -9999 -9999 -9999 -9999 -9999 -9999 -9999 -9999 -9999 -9999 -9999 -9999 -9999 -9999 -9999 -9999 -9999 -9999 -9999 -9999 -9999 -9999 -9999 -9999 -9999 -9999 -9999 -9999 -9999 -9999
-9999 -9999 -9999 -9999 -9999 -9999 -9999 -9999 -9999 -9999 -9999 -9999 -9999 -9999 -9999 -9999 -9999 -9999 -9999 -9999 -9999 -9999 -9999 -9999 -9999 -9999 -9999 -9999 -9999 -9999 -9999 -9999 -9999 -9999 -9999 -9999 -9999 -9999 -9999 -9999 -9999 -9999 -9999 -9999 -9999 -9999 -9999 -9999 -9999 -9999 -9999 -9999 -9999 -9999 -9999 -9999 -9999 -9999 -9999 -9999 -9999 -9999 -9999 -9999 -9999 -9999 -9999 -9999 -9999 -9999 -9999 -9999 -9999 -9999 -9999 -9999
-9999 -9999 -9999 -9999 -9999 -9999 -9999 -9999 -9999 -9999 -9999 -9999 -9999 -9999 -9999 -9999 -9999 -9999 -9999 -9999 -9999 -9999 -9999 -9999 -9999 -9999 -9999 -9999 -9999 -9999 -9999 -9999 -9999 -9999 -9999 -9999 -9999 -9999 -9999 -9999 -9999 -9999 -9999 -9999 -9999 -9999 -9999 -9999 -9999 -9999 -9999 -9999 -9999 -9999 -9999 -9999 -9999 -9999 -9999 -9999 -9999 -9999 -9999 -9999 -9999 -9999 -9999 -9999 -9999 -9999 -9999 -9999 -9999 -9999 -9999 -9999
-9999 -9999 -9999 -9999 -9999 -9999 -9999 -9999 -9999 -9999 -9999 -9999 -9999 -9999 -9999 -9999 -9999 -9999 -9999 -9999 -9999 -9999 -9999 -9999 -9999 -9999 -9999 -9999 -9999 -9999 -9999 -9999 -9999 -9999 -9999 -9999 -9999 -9999 -9999 -9999 -9999 -9999 -9999 -9999 -9999 -9999 -9999 -9999 -9999 -9999 -9999 -9999 -9999 -9999 -9999 -9999 -9999 -9999 -9999 -9999 -9999 -9999 -9999 -9999 -9999 -9999 -9999 -9999 -9999 -9999 -9999 -9999 -9999 -9999 -9999 -9999
-9999 -9999 -9999 -9999 -9999 -9999 -9999 -9999 -9999 -9999 -9999 -9999 -9999 -9999 -9999 -9999 -9999 -9999 -9999 -9999 -9999 -9999 -9999 -9999 -9999 -9999 -9999 -9999 -9999 -9999 -9999 -9999 -9999 -9999 -9999 -9999 -9999 -9999 -9999 -9999 -9999 -9999 -9999 -9999 -9999 -9999 -9999 -9999 -9999 -9999 -9999 -9999 -9999 -9999 -9999 -9999 -241.04 -242.04 -247.02 -250.04 -254.02 -250.02 -245.04 -244.04 -244.04 -245.04 -242.08 -236.06 -235.12 -238.14 -226.2 -225.22 -223.26 -218.26 -214.24 -9999
-9999 -9999 -9999 -9999 -9999 -9999 -9999 -9999 -9999 -9999 -9999 -9999 -9999 -9999 -9999 -9999 -9999 -9999 -9999 -9999 -9999 -9999 -9999 -9999 -9999 -9999 -9999 -9999 -9999 -9999 -9999 -9999 -9999 -9999 -9999 -9999 -9999 -9999 -208 -208.12 -214.2 -218.26 -224.16 -224.98 -238.82 -240.7 -235.58 -229.62 -229.6 -232.62 -232.62 -231.6 -233.66 -252.68 -258.7 -266.7 -263.66 -258.68 -262.62 -266.66 -273.72 -271.72 -257.7 -259.7 -271.68 -262.74 -255.78 -254.78 -244.88 -246.96 -240.9 -235.94 -236.98 -233.06 -232 -227.04
-209.04 -199.1 -198.18 -197.24 -196.28 -194.38 -9999 -190.5 -9999 -9999 -9999 -9999 -9999 -9999 -9999 -9999 -9999 -9999 -9999 -9999 -9999 -9999 -9999 -9999 -9999 -9999 -9999 -9999 -9999 -9999 -9999 -9999 -190.32 -193.48 -193.58 -199.64 -221.74 -222.78 -225.88 -231.94 -228 -230.9 -239.78 -241.66 -250.52 -252.32 -247.34 -246.34 -242.4 -248.5 -256.46 -263.42 -262.46 -268.48 -276.5 -280.48 -280.54 -271.54 -260.6 -263.58 -278.5 -262.56 -254.54 -254.58 -261.58 -260.58 -252.64 -265.68 -256.7 -256.64 -250.8 -249.84 -244.84 -247.9 -240.86 -239.9
-221.52 -218.68 -215.74 -212.92 -205.06 -202.26 -200.34 -196.48 -195.58 -192.7 -9999 -9999 -184.9 -9999 -184.04 -186.16 -189.22 -186.24 -187.44 -191.36 -186.44 -193.5 -192.6 -177.66 -190.7 -191.8 -181 -180 -183.1 -195.2 -202.34 -198.42 -196.48 -198.56 -199.66 -200.66 -215.78 -216.84 -215.98 -215.04 -220.86 -231.7 -236.6 -244.38 -249.3 -255.24 -258.22 -262.2 -257.24 -256.22 -254.22 -259.3 -266.36 -267.36 -274.42 -269.4 -269.36 -268.32 -265.34 -260.4 -251.46 -247.46 -250.42 -248.48 -257.52 -249.48 -241.56 -233.6 -228.68 -226.68 -224.68 -223.66 -222.68 -220.72 -216.8 -217.74
-192.64 -192.8 -189.92 -191.06 -190.14 -183.32 -188.46 -9999 -185.66 -185.8 -187.92 -189.9 -184.96 -180.06 -183.14 -183.18 -191.3 -193.38 -195.48 -196.58 -198.64 -200.66 -197.76 -187.9 -185 -192.02 -199.1 -201.24 -199.32 -199.42 -199.5 -196.6 -215.72 -220.82 -223.94 -226 -228.04 -225.1 -221.16 -222.02 -211.9 -214.72 -225.54 -231.4 -251.28 -260.34 -263.32 -275.3 -281.32 -289.34 -293.42 -295.44 -295.46 -293.46 -286.42 -282.42 -279.44 -273.42 -265.46 -259.52 -254.42 -256.42 -246.48 -240.52 -230.5 -235.52 -243.54 -242.58 -232.62 -230.64 -226.7 -231.68 -236.68 -231.7 -227.78 -223.84
-171.74 -173.84 -173.98 -186.18 -190.36 -181.52 -180.62 -171.84 -174.86 -173.9 -196.88 -202.96 -204.04 -203.16 -205.16 -200.28 -201.34 -198.52 -199.56 -198.66 -200.72 -196.84 -194.98 -197.02 -199.06 -202.2 -206.32 -209.48 -208.56 -208.58 -208.66 -207.78 -210.9 -214.98 -219 -222.12 -224.28 -224.14 -227.06 -227.92 -233.78 -236.64 -236.42 -239.24 -246.3 -250.36 -258.46 -266.48 -281.5 -292.46 -301.46 -305.54 -308.5 -306.62 -303.6 -299.66 -294.66 -289.62 -282.6 -278.58 -272.6 -268.62 -262.64 -258.64 -249.7 -246.62 -249.72 -242.76 -231.74 -229.76 -223.86 -224.8 -224.8 -224.86 -221.88 -216.96
-158.88 -162.98 -172.14 -183.26 -189.5 -177.56 -182.68 -190.98 -195.02 -185.14 -169.14 -166.26 -179.12 -185.22 -196.3 -195.36 -208.44 -212.56 -217.66 -217.72 -218.82 -218.9 -218.08 -217.16 -218.16 -219.3 -221.42 -223.52 -223.66 -225.8 -228.78 -231.96 -234.12 -238.12 -239.24 -243.4 -246.28 -248.1 -250.98 -252.8 -255.6 -257.54 -263.4 -265.3 -271.34 -274.38 -275.44 -282.46 -285.48 -299.5 -309.46 -308.58 -311.54 -312.52 -312.62 -311.62 -309.66 -306.7 -301.68 -296.7 -291.66 -289.6 -286.66 -288.66 -285.66 -281.72 -276.78 -274.8 -267.84 -261.94 -251.92 -247.94 -240.02 -236.06 -228.06 -227.02
-161.06 -159.16 -165.3 -166.48 -165.6 -171.64 -174.94 -174.1 -177.2 -179.26 -178.36 -172.36 -171.26 -173.3 -183.34 -183.5 -187.62 -192.7 -200.76 -206.82 -212.96 -215.04 -218.12 -220.26 -227.3 -229.42 -230.54 -233.68 -236.84 -238.92 -242.9 -246.1 -249.24 -251.32 -257.34 -260.28 -262.04 -266 -269.82 -272.66 -275.46 -277.4 -280.32 -283.32 -286.38 -291.36 -294.38 -296.44 -300.48 -305.48 -310.48 -310.54 -313.56 -312.56 -309.62 -309.62 -308.6 -307.58 -305.66 -302.62 -300.66 -295.7 -289.7 -289.66 -286.64 -285.74 -283.76 -280.8 -275.9 -268.98 -259.98 -256.02 -249.04 -241.12 -234.12 -227.14
-9999 -9999 -144.4 -153.58 -154.64 -161.84 -168.12 -171.28 -179.32 -184.44 -188.56 -191.62 -196.6 -198.68 -201.62 -202.74 -203.7 -204.76 -208.88 -211 -214.1 -217.2 -221.28 -225.38 -228.48 -232.56 -237.58 -239.72 -243.9 -246.92 -251.06 -254.22 -260.28 -263.34 -267.14 -270.02 -273.84 -276.72 -280.68 -283.48 -287.36 -289.26 -292.24 -295.18 -297.28 -301.3 -303.34 -306.44 -308.46 -310.48 -312.62 -313.52 -312.56 -314.56 -313.6 -313.64 -312.66 -309.62 -303.7 -299.64 -299.68 -296.78 -288.76 -284.78 -284.76 -280.76 -275.8 -269.76 -265.92 -262 -256.96 -250.06 -243.04 -236.02 -219.12 -220.12
-139.36 -145.32 -151.6 -157.62 -164.8 -169.04 -172.2 -182.32 -186.54 -191.58 -194.76 -196.82 -199.84 -202.92 -205.84 -206.84 -210.86 -211.04 -215.08 -217.14 -219.22 -221.32 -224.38 -228.56 -231.58 -234.66 -237.78 -240.86 -245.04 -248.1 -251.12 -255.26 -259.32 -262.06 -265.98 -268.84 -272.76 -276.58 -279.4 -283.3 -287.24 -289.2 -293.18 -296.24 -298.32 -300.32 -302.36 -304.38 -305.38 -307.44 -309.44 -310.48 -309.5 -310.62 -309.62 -309.68 -308.6 -306.64 -300.68 -294.72 -294.72 -291.66 -283.68 -279.72 -278.8 -274.88 -269.76 -264.88 -259.84 -255.9 -250.96 -246.06 -241.04 -229.14 -219.18 -217.24
-169.38 -174.54 -180.7 -183.92 -189 -193.18 -195.36 -198.58 -199.72 -201.76 -203.94 -203.94 -206.08 -209.1 -209.16 -213.16 -214.18 -217.24 -220.22 -222.28 -225.38 -226.48 -230.58 -233.74 -236.78 -238.78 -240.96 -244.02 -247.08 -249.2 -252.28 -257.28 -259.06 -262.96 -265.82 -269.64 -273.5 -275.42 -279.3 -281.14 -285.02 -288.04 -291.12 -294.2 -296.18 -298.2 -300.2 -302.24 -304.26 -306.34 -307.44 -309.5 -309.52 -311.52 -313.56 -313.54 -310.56 -308.5 -304.54 -302.6 -296.72 -292.68 -288.68 -286.66 -279.76 -275.74 -268.84 -266.9 -263.88 -259.92 -252.02 -245.96 -240.98 -238.14 -234.12 -230.18
-190.54 -192.66 -194.78 -196.02 -199.24 -202.4 -206.58 -208.78 -209.92 -210.96 -212.04 -212.14 -212.3 -213.36 -215.28 -218.4 -219.46 -220.42 -221.38 -223.52 -224.52 -226.6 -228.7 -230.72 -232.94 -235.96 -238.04 -240.16 -243.24 -246.4 -250.24 -253.1 -258 -260.82 -263.58 -266.48 -269.36 -272.26 -275.1 -276.92 -279.96 -283.02 -286.04 -289.14 -291.16 -294.14 -297.22 -299.26 -301.3 -303.34 -304.34 -306.36 -304.42 -307.46 -309.46 -310.48 -306.54 -303.48 -299.52 -296.6 -290.52 -286.58 -282.6 -280.62 -273.74 -269.86 -262.82 -260.84 -257.86 -253.9 -246.02 -240 -238.98 -236.12 -232.16 -227.1
-151.6 -157.72 -163.02 -174.18 -186.36 -189.58 -195.76 -198.86 -205.08 -208.16 -210.2 -210.36 -209.5 -209.56 -212.56 -213.58 -215.62 -216.66 -216.7 -218.74 -218.7 -221.72 -224.92 -226.9 -228.04 -230.18 -232.18 -235.24 -238.38 -241.3 -247.16 -248.96 -252.78 -255.66 -258.48 -261.38 -264.22 -267 -269.94 -271.96 -275.94 -278.02 -281.98 -285.08 -287.08 -290.06 -293.1 -295.12 -296.16 -298.24 -301.32 -303.36 -304.34 -305.34 -306.36 -305.44 -301.44 -298.52 -295.44 -293.5 -287.52 -284.52 -277.52 -272.6 -268.72 -263.76 -261.74 -257.8 -252.86 -248.84 -243.92 -238.96 -233.98 -231.14 -227.12 -224.1
-131.88 -141.02 -152.14 -165.4 -178.54 -184.68 -186 -191.08 -197.26 -200.34 -201.4 -201.6 -200.64 -200.76 -203.76 -204.92 -207.9 -207.96 -209 -209.92 -210.96 -212.94 -215.96 -218.02 -221.14 -222.16 -224.32 -227.38 -231.2 -234.14 -239.94 -242.68 -246.66 -250.48 -252.34 -255.16 -259.06 -261.98 -264.84 -266.9 -271.86 -274.92 -278 -281.98 -284.98 -288.06 -291.1 -292.1 -293.06 -294.14 -296.28 -298.26 -301.34 -302.3 -302.28 -300.38 -297.38 -294.32 -288.32 -286.36 -282.42 -279.44 -274.42 -270.58 -265.68 -260.66 -258.7 -254.64 -250.8 -246.82 -242.86 -237.9 -233.98 -231.02 -227.08 -224
-143.94 -151.18 -156.3 -157.58 -162.8 -165.96 -166.12 -166.38 -170.44 -172.54 -175.66 -177.82 -178.88 -180.94 -183.08 -185.02 -187.14 -190.2 -192.24 -195.24 -197.2 -200.22 -202.24 -204.28 -207.3 -211.38 -213.36 -218.28 -220.06 -223.98 -229.84 -233.6 -238.5 -242.36 -246.2 -249.16 -252.92 -255.76 -258.8 -263.86 -267.86 -271.9 -276.9 -281 -284.96 -288 -291.02 -293.06 -294.12 -294.16 -294.22 -296.2 -299.26 -300.26 -299.28 -298.32 -295.3 -293.26 -289.36 -285.44 -283.32 -279.38 -274.48 -271.5 -268.56 -264.62 -260.62 -256.66 -254.7 -254.8 -248.86 -246.92 -242.92 -238.96 -236.02 -233.12
-113.12 -117.32 -118.52 -111.78 -115.98 -113.14 -113.32 -111.52 -118.68 -122.8 -135.94 -136 -144.02 -148.1 -157.18 -162.3 -167.4 -172.4 -174.42 -176.48 -179.48 -182.5 -185.48 -189.54 -192.52 -197.34 -202.24 -206.12 -209.96 -212.82 -217.66 -221.5 -228.4 -233.18 -238.02 -241.86 -245.76 -248.72 -252.72 -256.88 -260.86 -263.88 -272.9 -276.88 -280.92 -284 -286.98 -289 -291.08 -292.08 -293.16 -295.12 -295.24 -295.2 -294.16 -293.3 -291.32 -289.32 -286.36 -284.32 -280.38 -278.34 -274.4 -272.46 -269.44 -265.54 -263.56 -259.6 -256.68 -256.76 -252.68 -249.82 -244.86 -242.9 -239.92 -236.98
-9999 -9999 -9999 -9999 -9999 -9999 -9999 -9999 -9999 -9999 -9999 -116.12 -105.14 -99.28 -105.36 -110.54 -126.58 -136.62 -146.7 -154.76 -158.68 -164.8 -165.76 -169.78 -175.66 -180.38 -187.14 -192.92 -197.78 -203.7 -207.52 -212.26 -218.24 -220.1 -228.98 -234.74 -240.74 -243.78 -248.78 -251.74 -255.86 -260.94 -265.88 -271.86 -274.88 -276.96 -279.98 -282 -286.08 -288.04 -290.14 -292.16 -293.06 -292.14 -293.2 -292.2 -291.2 -289.2 -286.22 -284.3 -278.32 -275.3 -272.38 -268.42 -265.46 -263.5 -261.48 -260.62 -255.58 -253.66 -251.78 -249.82 -246.78 -241.9 -235.96 -232.92
-9999 -9999 -9999 -9999 -9999 -9999 -9999 -9999 -9999 -9999 -9999 -9999 -9999 -9999 -9999 -82.72 -96.8 -103.82 -117.96 -127.04 -136 -141.96 -149 -153.82 -159.54 -164.34 -175.1 -181.94 -188.66 -195.56 -201.36 -205.18 -212.08 -213.92 -223.78 -229.74 -234.8 -237.68 -242.68 -245.76 -249.8 -255.86 -261.84 -265.88 -268.96 -270.9 -272.96 -275.06 -278.98 -280.96 -281.96 -284.1 -287.08 -286.1 -286.14 -285.16 -284.18 -282.24 -282.26 -280.18 -277.3 -274.32 -271.38 -267.4 -264.4 -261.54 -255.48 -254.52 -250.56 -246.58 -245.68 -242.72 -240.78 -235.88 -229.88 -225.88
-9999 -9999 -9999 -9999 -9999 -9999 -9999 -9999 -9999 -9999 -9999 -9999 -9999 -9999 -9999 -9999 -79 -74.06 -84.18 -99.2 -113.22 -125.2 -133 -138.78 -149.52 -155.32 -168.08 -174.86 -185.68 -190.38 -194.18 -197.06 -210.9 -214.78 -220.64 -226.64 -232.66 -237.66 -240.7 -245.74 -251.76 -258.86 -262.84 -265.76 -267.88 -269.86 -271.88 -273.92 -275.94 -278.02 -279.1 -280.06 -280.08 -280.08 -282.16 -282.08 -281.1 -278.18 -276.16 -275.14 -272.26 -269.24 -267.28 -265.34 -263.36 -260.44 -254.48 -252.5 -245.6 -241.62 -238.62 -235.72 -233.76 -228.82 -218.86 -215.94
-9999 -9999 -9999 -9999 -9999 -9999 -9999 -9999 -9999 -9999 -9999 -9999 -9999 -9999 -9999 -9999 -9999 -65.24 -68.32 -81.44 -96.38 -113.14 -123.98 -131.68 -142.46 -150.28 -162.98 -171.88 -180.58 -184.38 -191.18 -194.06 -207.82 -212.64 -216.6 -221.6 -226.66 -231.64 -237.64 -242.68 -246.76 -251.8 -256.82 -258.74 -260.76 -262.84 -264.92 -266.98 -268.94 -270.02 -272.04 -272.96 -272.04 -272.08 -274.1 -274.1 -273.16 -271.12 -268.12 -267.16 -265.12 -263.16 -260.24 -258.26 -256.32 -253.38 -250.42 -246.48 -239.5 -234.56 -232.54 -227.62 -225.68 -215.7 -206.74 -198.78
-9999 -9999 -9999 -9999 -9999 -9999 -9999 -9999 -9999 -9999 -9999 -9999 -9999 -9999 -9999 -9999 -9999 -9999 -55.56 -57.44 -71.36 -83.94 -104.82 -118.66 -129.52 -141.3 -155 -162.78 -172.6 -178.38 -187.18 -192.86 -200.68 -205.48 -211.62 -216.56 -220.62 -226.62 -231.64 -234.62 -238.72 -241.74 -245.8 -249.76 -251.76 -254.8 -258.84 -260.96 -264.82 -265.86 -266.9 -266.94 -270.98 -272.06 -272.04 -271 -270.08 -268.08 -266 -263.08 -262.14 -260.16 -258.2 -256.26 -249.24 -247.26 -246.26 -242.38 -236.34 -230.46 -219.52 -212.54 -199.62 -187.66 -169.66 -171.74
