shamba/rasters/climate/tmp_12.txt
ncols         720
nrows         360
xllcorner     -180
yllcorner     -90
cellsize      0.5
NODATA_value  -9999
[rows 102 to 135 of 360, columns 304 to 379 of 720]
-9999 137.36 -9999 -9999 -9999 -9999 -9999 -9999 -9999 -9999 -9999 -9999 -9999 -9999 -9999 -9999 -9999 -9999 -9999 -9999 -9999 -9999 -9999 -9999 -9999 -9999 -9999 -9999 -9999 -9999 -9999 -9999 -9999 -9999 -9999 -9999 -9999 121.62 117.46 109.2 101.94 97.06 93.38 88.4 81.36 77.38 68.2 61.5 60.24 59.94 55.02 47.2 58.4 63.62 84.96 103.2 110.28 -9999 113.12 -9999 -9999 -9999 -9999 -9999 -9999 -9999 -9999 -9999 -9999 -9999 -9999 -9999 114.5 113.14 119.8 -9999
-9999 -9999 -9999 -9999 -9999 -9999 -9999 -9999 -9999 -9999 -9999 -9999 -9999 -9999 -9999 -9999 -9999 -9999 -9999 -9999 -9999 -9999 -9999 -9999 -9999 -9999 -9999 -9999 -9999 -9999 -9999 -9999 -9999 -9999 -9999 -9999 -9999 122.74 117.64 110.18 102.7 100.02 85.46 79.66 81.66 74.54 72.9 72.48 74.14 73.86 56.72 51.9 78.14 87.42 114.78 111.16 -9999 -9999 -9999 -9999 -9999 -9999 -9999 -9999 -9999 -9999 -9999 -9999 -9999 -9999 -9999 -9999 -9999 -9999 -9999 -9999
-9999 -9999 -9999 -9999 157.24 145.22 -9999 -9999 -9999 -9999 -9999 -9999 -9999 -9999 -9999 -9999 -9999 -9999 -9999 -9999 -9999 -9999 -9999 -9999 -9999 -9999 -9999 -9999 -9999 -9999 -9999 -9999 -9999 -9999 -9999 -9999 -9999 -9999 116.9 108.7 106.92 103.12 99.54 93.96 97.96 96.56 93.7 90.36 78.12 74.82 60.62 56.78 81 95.36 114.66 -9999 -9999 -9999 -9999 -9999 -9999 -9999 -9999 -9999 -9999 -9999 -9999 -9999 -9999 -9999 -9999 -9999 -9999 120.18 -9999 -9999
-9999 -9999 -9999 -9999 -9999 154.4 -9999 -9999 -9999 -9999 -9999 -9999 -9999 -9999 -9999 -9999 -9999 -9999 -9999 -9999 -9999 -9999 -9999 -9999 -9999 -9999 -9999 -9999 -9999 -9999 -9999 -9999 -9999 -9999 -9999 -9999 -9999 127.98 116.12 109.08 109.84 121.7 121.84 115.14 110.04 102.2 95.6 78.38 72.06 42.9 47.58 81.54 108.92 -9999 -9999 -9999 -9999 -9999 -9999 -9999 -9999 -9999 -9999 -9999 -9999 -9999 -9999 -9999 96.12 95.08 110.04 117.96 -9999 110.38 121.02 124.74
-9999 -9999 -9999 -9999 -9999 156.42 -9999 -9999 -9999 -9999 -9999 -9999 -9999 -9999 -9999 -9999 -9999 -9999 -9999 -9999 -9999 -9999 -9999 -9999 -9999 -9999 -9999 -9999 -9999 -9999 -9999 -9999 -9999 -9999 -9999 -9999 -9999 130.14 129.32 129.32 127.28 -9999 -9999 125.44 113.68 96.84 108.42 104.24 94.94 86.8 105.46 121.34 117.8 123.12 -9999 -9999 -9999 -9999 120.78 117.94 113.7 123.4 122.08 113.76 100.54 106.24 105.06 97.04 83.96 92 102.02 106.02 112.72 107.58 107.24 115.96
-9999 -9999 -9999 -9999 -9999 -9999 -9999 -9999 -9999 -9999 -9999 -9999 -9999 -9999 -9999 -9999 -9999 -9999 -9999 -9999 -9999 -9999 -9999 -9999 -9999 -9999 -9999 -9999 -9999 -9999 -9999 -9999 -9999 -9999 -9999 -9999 -9999 -9999 -9999 -9999 -9999 -9999 -9999 123.66 125.5 130.44 -9999 -9999 -9999 -9999 -9999 -9999 -9999 -9999 -9999 -9999 120.54 111.54 106.56 105.62 107.76 96.66 87.44 84.18 81.92 74.72 68.68 61.42 75.8 71 73.82 75.76 89.94 101.1 103.02 110.56
-9999 -9999 -9999 -9999 -9999 -9999 -9999 -9999 -9999 -9999 -9999 -9999 -9999 -9999 -9999 -9999 -9999 -9999 -9999 -9999 -9999 -9999 -9999 -9999 -9999 -9999 -9999 -9999 -9999 -9999 -9999 -9999 -9999 -9999 -9999 -9999 -9999 -9999 -9999 -9999 -9999 -9999 -9999 -9999 125.44 115.58 -9999 -9999 -9999 -9999 -9999 -9999 -9999 123.3 119.3 117.36 113.78 110.24 94.16 80.1 80.22 86.22 83.28 89.28 92.3 92.06 72.82 59.62 57.34 65.34 64.64 70.42 73.18 81.28 86.16 95.14
-9999 -9999 -9999 -9999 -9999 -9999 -9999 -9999 -9999 -9999 -9999 -9999 -9999 -9999 -9999 -9999 -9999 -9999 -9999 -9999 -9999 -9999 -9999 -9999 -9999 -9999 -9999 -9999 -9999 -9999 -9999 -9999 -9999 -9999 -9999 -9999 -9999 -9999 -9999 -9999 -9999 -9999 -9999 128.16 108.6 98.82 111.36 121.62 123.86 134.02 116.34 125.06 114.12 112.06 102.1 100.38 94.5 91.44 75.36 72.52 81.62 83.58 81.68 78.7 86.64 100.7 103.7 68.7 49.5 45.18 53.92 62.1 71.98 78.46 92.48 96.16
-9999 -9999 -9999 -9999 -9999 -9999 -9999 -9999 -9999 -9999 -9999 -9999 -9999 -9999 -9999 -9999 -9999 -9999 -9999 -9999 -9999 -9999 -9999 -9999 -9999 -9999 -9999 -9999 -9999 -9999 -9999 -9999 -9999 -9999 -9999 -9999 -9999 -9999 -9999 -9999 -9999 -9999 -9999 133.14 128.86 112.04 98.64 81.16 84.28 103.54 108.7 95.92 80.54 68.72 69.62 65.74 71.88 72.82 70.9 68.84 76 73.98 66.06 66.02 82 96.98 109.96 123.98 109.94 104.84 101.84 85.86 88.58 93.72 107.46 115.64
-9999 -9999 -9999 -9999 -9999 -9999 -9999 -9999 -9999 -9999 -9999 -9999 -9999 -9999 -9999 -9999 -9999 -9999 -9999 -9999 -9999 -9999 -9999 -9999 -9999 -9999 -9999 -9999 -9999 -9999 -9999 -9999 -9999 -9999 -9999 -9999 -9999 -9999 -9999 -9999 -9999 -9999 133.3 132.12 128.84 120.36 115.78 95.36 101.92 114.28 94.58 96.92 90.2 74.44 74.1 72.14 74.2 73.14 71.26 65.3 62.34 65.42 75.38 83.38 96.3 105.26 115.32 124.24 126.24 122.24 118.14 117.08 113.2 107.08 108 120.08
-9999 -9999 -9999 -9999 -9999 -9999 -9999 -9999 -9999 -9999 -9999 -9999 -9999 -9999 -9999 -9999 -9999 -9999 -9999 -9999 -9999 -9999 -9999 -9999 -9999 -9999 -9999 -9999 -9999 -9999 -9999 -9999 -9999 -9999 -9999 -9999 -9999 -9999 -9999 -9999 138.8 135.62 127.3 118.18 104.12 87.92 84.62 70.34 82 83.42 75.8 83.14 80.8 80.36 78.54 75.44 74.5 70.56 63.58 61.66 72.66 78.68 83.6 90.6 98.6 108.52 115.56 119.58 122.46 120.38 119.38 119.26 122.14 124.06 125.02 124.88
-9999 -9999 -9999 -9999 -9999 -9999 -9999 -9999 -9999 -9999 -9999 -9999 -9999 -9999 -9999 -9999 -9999 -9999 -9999 -9999 -9999 -9999 -9999 165.6 -9999 -9999 -9999 -9999 -9999 -9999 -9999 -9999 -9999 -9999 -9999 -9999 -9999 -9999 142.5 139.76 132.98 121.08 109.36 103.3 85.14 54.96 52.52 67.3 91.96 72.66 74.9 76.38 78.54 77.78 73.76 74.88 80.92 71.98 73.94 77.88 84.94 86.92 90.86 95.88 103.88 109.74 115.68 117.6 118.5 117.42 117.36 119.2 122.16 125.14 127.98 126.82
-9999 -9999 -9999 -9999 -9999 -9999 -9999 -9999 -9999 -9999 -9999 -9999 -9999 -9999 -9999 -9999 -9999 -9999 -9999 -9999 -9999 142.68 137.58 -9999 -9999 -9999 -9999 -9999 -9999 -9999 -9999 -9999 -9999 -9999 -9999 -9999 -9999 144.54 138.74 134.94 128.18 115.34 111.58 107.82 85.9 56.82 64.58 70.28 69.92 71.54 77.96 75.32 77.06 70.12 72.22 81.22 88.2 92.22 91.18 91.22 96.28 97.16 102.06 107.04 113.86 118.8 119.68 118.68 119.46 117.36 117.28 119.08 121.14 123.06 122.98 122.8
-9999 -9999 -9999 -9999 -9999 -9999 -9999 -9999 -9999 -9999 -9999 -9999 -9999 -9999 -9999 -9999 -9999 -9999 -9999 -9999 -9999 -9999 -9999 -9999 -9999 -9999 -9999 -9999 -9999 -9999 -9999 -9999 -9999 -9999 -9999 -9999 -9999 141.7 132.88 127.24 127.4 127.62 119.76 89.94 39.88 34.96 45.92 69.92 81.74 91.46 93.12 89.46 81.46 88.5 93.56 94.56 96.48 94.52 93.4 95.36 102.24 103.14 104.02 111.92 118.72 121.74 119.62 119.46 118.4 116.34 116.16 118.1 120.06 122.06 123.98 124.74
-9999 -9999 -9999 -9999 -9999 -9999 -9999 -9999 -9999 -9999 -9999 -9999 -9999 -9999 -9999 -9999 -9999 -9999 -9999 -9999 -9999 -9999 -9999 -9999 -9999 -9999 -9999 -9999 -9999 -9999 -9999 -9999 -9999 -9999 -9999 -9999 146.7 130.9 133.2 129.32 126.52 109.8 76.88 35.88 20.98 60 88.92 91.98 92.9 96.92 110.84 107.54 99.84 98.66 101.66 99.56 98.54 99.38 105.4 105.2 102.12 103.06 104.98 108.84 120.84 123.66 123.56 122.4 121.4 121.26 122.18 121.16 124.1 125 124.9 125.68
-9999 -9999 -9999 -9999 -9999 -9999 -9999 -9999 -9999 -9999 -9999 -9999 -9999 -9999 -9999 -9999 -9999 -9999 -9999 -9999 -9999 -9999 -9999 -9999 -9999 -9999 -9999 -9999 -9999 -9999 -9999 -9999 -9999 -9999 -9999 -9999 143.88 110.2 108.34 94.54 56.72 56.92 47.92 62 67 94.02 100 93.96 97.9 98.84 113.86 110.78 103.7 103.66 104.6 102.5 106.38 106.34 106.3 105.16 102.12 102.06 103.92 107.88 119.72 124.54 123.5 122.44 121.3 119.32 121.16 122.12 124.08 124.92 124.86 125.7
-9999 -9999 -9999 -9999 -9999 -9999 -9999 -9999 -9999 -9999 -9999 -9999 -9999 -9999 -9999 -9999 -9999 -9999 -9999 -9999 -9999 -9999 -9999 -9999 -9999 -9999 -9999 -9999 -9999 -9999 -9999 -9999 -9999 -9999 -9999 -9999 140.1 115.3 90.54 97.74 64.94 79.96 93 91.04 103.04 110.98 115 114.86 112.9 112.84 115.76 117.78 113.8 110.7 109.58 110.5 109.4 108.36 108.16 106.2 106.12 104.98 108.96 117.76 123.66 124.62 123.48 122.36 121.36 120.18 120.12 120.16 121.06 122.96 123.84 123.78
-9999 -9999 -9999 -9999 -9999 -9999 -9999 -9999 -9999 -9999 -9999 -9999 -9999 -9999 -9999 -9999 -9999 -9999 -9999 -9999 -9999 -9999 -9999 -9999 -9999 -9999 -9999 -9999 -9999 -9999 -9999 -9999 -9999 -9999 -9999 -9999 153.22 142.56 114.64 87.88 72.98 96.06 106.08 104.98 116.96 117 117.94 118.88 116.88 113.78 116.72 118.64 118.74 116.58 115.52 114.46 111.36 110.24 110.2 109.12 110.06 108.9 111.88 118.72 124.54 126.54 124.42 124.38 124.26 123.16 123.06 123.06 122.98 122.88 121.86 122.68
-9999 -9999 -9999 -9999 -9999 -9999 -9999 -9999 -9999 -9999 -9999 -9999 -9999 -9999 -9999 -9999 -9999 -9999 -9999 -9999 -9999 -9999 -9999 -9999 -9999 -9999 -9999 -9999 -9999 -9999 -9999 -9999 -9999 -9999 -9999 163.28 145.44 118.72 85.84 104.96 119.04 127.02 128.98 128.96 127.94 124.84 124.88 125.8 122.78 121.62 118.58 117.64 117.62 117.58 117.46 119.44 122.32 119.2 115.14 112.12 112.96 113.98 119.78 122.64 124.58 126.46 125.4 125.3 125.2 126.14 125.04 123.12 120.98 122.86 118.82 117.62
-9999 -9999 -9999 -9999 -9999 -9999 -9999 -9999 -9999 -9999 -9999 -9999 -9999 -9999 -9999 -9999 -9999 -9999 -9999 -9999 -9999 -9999 -9999 -9999 -9999 -9999 -9999 -9999 164.72 -9999 -9999 -9999 -9999 -9999 -9999 153.46 124.66 111.76 121.96 133.96 134.98 133.94 130.9 128.9 125.84 126.88 126.76 126.72 125.64 123.7 121.58 120.6 118.58 117.54 119.44 124.4 127.34 124.24 120 117.06 113.92 113.8 124.76 125.68 126.54 128.42 128.32 128.26 125.18 124.14 128.06 125.02 121.94 120 113.74 112.58
-9999 -9999 -9999 -9999 -9999 -9999 -9999 -9999 -9999 -9999 -9999 -9999 -9999 -9999 -9999 -9999 -9999 -9999 -9999 -9999 143.6 -9999 -9999 155.64 -9999 -9999 -9999 172.76 165.88 -9999 -9999 -9999 -9999 178.3 160.38 153.52 134.76 139.84 144.98 143.88 136.92 135.8 137.84 137.88 139.72 137.7 136.7 135.52 133.5 131.54 128.56 127.5 127.46 126.6 129.4 131.34 129.28 125.2 123.08 119 115.88 115.7 119.78 121.68 122.5 126.48 128.26 131.18 129.16 130.06 128.1 126 123.98 118.82 112.72 109.6
-9999 -9999 -9999 -9999 -9999 -9999 -9999 -9999 -9999 -9999 -9999 -9999 -9999 -9999 -9999 -9999 -9999 -9999 -9999 -9999 137.52 157.66 139.76 134.9 132.34 164.78 -9999 158.92 172.98 -9999 -9999 180.28 171.3 167.42 159.44 157.66 154.88 140.86 144.9 144.86 145.82 145.86 143.8 142.76 141.7 140.56 138.54 137.5 135.56 134.48 132.44 130.42 130.42 129.46 135.42 134.24 131.18 130.1 128.02 120.9 119.86 120.76 121.62 123.6 127.52 129.32 130.3 131.22 131.24 132.1 127.04 125.92 125.96 122.9 116.78 114.62
-9999 -9999 -9999 -9999 -9999 -9999 -9999 -9999 -9999 -9999 -9999 -9999 -9999 -9999 -9999 -9999 -9999 -9999 -9999 147.44 165.56 -9999 -9999 -9999 137.42 160.84 -9999 -9999 -9999 182.1 170.24 168.28 162.48 159.44 157.52 151.74 149.9 148.94 149.92 148.82 145.66 144.72 141.66 142.66 148.6 147.54 140.44 138.44 137.44 135.34 140.4 138.4 139.46 140.4 138.4 137.3 135.16 135.08 134.06 128.88 132.8 135.7 133.6 130.52 133.4 133.34 130.26 130.26 136.24 134.06 134.98 133.98 130.92 124.74 122.76 120.6
-9999 -9999 -9999 -9999 -9999 -9999 -9999 -9999 -9999 -9999 -9999 -9999 -9999 -9999 -9999 -9999 -9999 -9999 -9999 -9999 -9999 -9999 -9999 -9999 -9999 -9999 -9999 -9999 -9999 167.2 168.32 169.42 165.48 163.5 163.68 154.9 152.84 150.9 152.72 147.76 148.7 147.62 146.6 147.58 153.42 150.32 142.34 141.42 140.32 138.3 143.36 141.24 144.3 144.42 143.38 143.32 141.14 142 143 143.94 148.76 150.8 148.6 144.52 141.4 138.22 135.18 135.2 138.2 135.06 139.04 139.96 137.82 133.84 129.62 127.5
-9999 -9999 -9999 -9999 -9999 -9999 -9999 -9999 -9999 -9999 -9999 -9999 -9999 -9999 -9999 -9999 -9999 -9999 -9999 -9999 -9999 -9999 -9999 -9999 -9999 -9999 -9999 -9999 183.28 170.34 170.36 168.42 166.56 167.62 164.8 163.88 148.8 149.72 149.7 148.64 151.58 154.6 160.54 162.38 155.36 153.32 152.3 149.26 149.26 148.24 148.22 148.2 150.28 149.28 148.38 149.22 149.08 151 154.88 156.76 156.66 157.6 154.56 148.44 145.34 140.3 133.14 130.22 137.14 133.06 137.06 136.9 137.88 137.76 134.62 132.52
-9999 -9999 -9999 -9999 -9999 -9999 -9999 -9999 -9999 -9999 -9999 -9999 -9999 -9999 -9999 -9999 -9999 -9999 -9999 -9999 -9999 -9999 -9999 -9999 -9999 -9999 -9999 184.18 178.22 175.36 174.52 170.52 166.58 168.68 166.84 165.86 153.74 153.7 154.62 154.52 160.56 167.44 167.36 166.28 160.2 156.22 155.14 154.22 152.24 152.24 152.14 155.12 155.16 154.26 154.3 154.2 155.14 157.04 159.88 161.82 161.76 161.62 159.52 153.46 150.32 140.2 136.16 131.1 131.06 132.98 130.92 129.86 134.94 131.74 130.64 132.5
-9999 -9999 -9999 -9999 -9999 -9999 -9999 -9999 -9999 -9999 -9999 -9999 -9999 -9999 -9999 -9999 -9999 -9999 -9999 -9999 -9999 -9999 -9999 -9999 -9999 -9999 188.94 180.1 177.3 175.4 170.58 165.64 165.7 163.9 164.84 165.7 159.72 158.64 158.5 157.52 165.42 173.28 169.24 168.1 163.16 161.1 160.16 159.1 158.12 154.98 158.04 160.06 159.08 159.2 162.2 163.26 160.14 161.96 161.8 163.76 163.68 164.54 156.48 145.34 134.26 134.26 140.22 132.1 129 128.04 122.96 121.94 117.84 123.76 123.66 119.48
-9999 -9999 -9999 -9999 -9999 -9999 -9999 -9999 -9999 -9999 -9999 -9999 -9999 -9999 -9999 -9999 -9999 -9999 -9999 -9999 -9999 -9999 -9999 -9999 -9999 -9999 189.96 183.2 181.3 179.42 174.58 168.7 168.88 170.82 170.68 168.66 170.56 168.5 162.48 161.44 168.22 176.22 173.1 169.06 166 165.1 164.94 163.04 163.94 164.96 163.96 163.98 163.06 163.06 166.26 167.16 165.06 166.98 164.88 166.82 165.6 164.48 160.42 150.32 138.32 139.22 144.12 137.06 134.02 133.04 127.9 124.88 115.92 120.74 124.52 123.52
-9999 -9999 -9999 -9999 -9999 -9999 -9999 -9999 -9999 -9999 -9999 -9999 -9999 -9999 -9999 -9999 -9999 -9999 -9999 -9999 -9999 -9999 -9999 -9999 -9999 -9999 191.9 186.1 181.3 179.42 177.58 176.76 177.74 176.9 175.76 175.54 178.5 178.4 176.34 174.38 174.06 175.04 175.08 170.94 170.02 169.02 172.04 169.92 169.96 168.9 167.84 167.94 167.02 168.02 168.1 169.2 170.12 170.98 169.82 169.66 162.6 160.46 160.38 153.36 147.34 151.1 131.14 127 133.98 133.98 128.92 126.82 126.84 125.7 122.56 116.46
-9999 -9999 -9999 -9999 -9999 -9999 -9999 -9999 -9999 -9999 -9999 -9999 -9999 -9999 -9999 -9999 -9999 -9999 -9999 -9999 -9999 -9999 -9999 -9999 195.12 193.52 190.92 187.12 184.32 182.38 182.6 183.58 182.6 182.8 180.78 181.68 182.56 182.36 182.26 180.14 178.96 177.96 175.92 173.88 174.92 176.94 174.78 174.86 173.88 172.86 171.84 171.84 169.9 171.98 172.04 173.1 175.1 174.94 172.8 173.74 166.56 165.44 162.34 159.36 152.22 143.2 133.1 129 139.02 135.94 131.92 131.86 130.84 129.74 128.6 121.4
-9999 -9999 -9999 -9999 -9999 -9999 -9999 -9999 -9999 -9999 -9999 -9999 -9999 -9999 -9999 -9999 -9999 -9999 -9999 -9999 -9999 -9999 -9999 -9999 197.1 193.42 192.88 192.14 188.28 188.4 188.46 188.5 187.5 187.56 187.58 187.84 186.7 186.5 185.26 185.04 182.88 181.88 178.9 177.78 176.84 178.82 178.82 177.8 177.78 176.78 175.68 175.76 175.78 175.92 175.94 177.12 178.02 175.9 173.76 171.7 169.52 168.44 169.4 167.26 158.24 151.16 138.06 126.02 115.94 120.98 127.86 131.84 138.8 147.7 149.58 143.36
-9999 -9999 -9999 -9999 -9999 -9999 -9999 -9999 -9999 -9999 -9999 -9999 -9999 -9999 -9999 -9999 -9999 -9999 -9999 -9999 -9999 -9999 -9999 199.84 197.06 194.34 194.78 195.02 193.18 194.28 193.34 191.36 192.36 192.38 191.48 191.58 190.7 190.5 189.32 187.12 185.04 183.94 181.9 180.78 179.76 179.72 180.72 179.7 180.72 179.74 177.8 179.68 179.72 179.8 179.88 179.98 179.96 176.88 176.9 173.64 170.5 170.42 172.32 171.26 164.18 158.1 134.1 100.98 118.96 133.9 141.88 132.8 136.84 142.66 152.48 154.32
-9999 -9999 -9999 -9999 -9999 -9999 -9999 -9999 -9999 -9999 -9999 -9999 -9999 -9999 -9999 -9999 -9999 -9999 -9999 -9999 -9999 -9999 -9999 199.82 193.02 194.42 193.82 194.96 196.1 197.12 194.24 194.26 197.1 196.16 192.26 189.4 193.54 192.56 189.42 186.38 185.24 184.1 183.98 182.9 181.74 180.66 179.7 178.64 179.54 181.62 180.56 182.68 182.7 181.76 182.76 181.92 181 181.96 182.74 183.66 178.46 180.46 182.32 183.32 173.2 165.08 155.06 148.02 143.86 156.94 156.94 145.86 144.72 151.7 159.5 159.42
-9999 -9999 -9999 -9999 -9999 -9999 -9999 -9999 -9999 -9999 -9999 -9999 -9999 -9999 -9999 -9999 -9999 -9999 -9999 -9999 -9999 -9999 199.54 199.8 195.1 193.44 196.66 198.8 198.88 201.02 199.1 198.08 194.9 193.98 192 190.16 191.26 190.44 189.54 189.56 188.3 187.22 187.18 186.02 184.92 183.8 182.7 183.54 186.52 185.54 185.52 186.56 186.62 186.66 184.74 181.84 183.98 184.8 185.74 187.6 182.56 184.44 185.32 187.24 179.16 172.14 165.04 160.96 162.9 167.82 165.94 158.86 151.74 152.7 161.44 161.38
