shamba/rasters/climate/tmp_9.txt
ncols         720
nrows         360
xllcorner     -180
yllcorner     -90
cellsize      0.5
NODATA_value  -9999
[rows 66 to 98 of 360, columns 532 to 607 of 720]
99.52 99.54 100.58 100.52 99.64 97.56 97.68 97.72 98.56 97.62 94.62 93.6 90.46 88.26 94.24 94.1 82.04 85.2 91.14 91.26 89.5 90.82 89.82 88.9 86.9 82.8 81.72 73.66 73.72 72.56 71.72 70.78 72.66 68.62 72.5 75.44 68.34 74.3 65.18 69.3 64.22 63.24 63.28 67.24 68.38 51.42 43.56 39.54 40.6 34.6 31.66 35.68 42.62 31.6 21.4 11.26 21.92 27.84 35.76 40.78 38.6 17.6 2.54 12.5 41.4 27.56 9.62 10.68 20.86 37.02 50.14 42.28 47.38 43.46 32.64 26.78
101.48 100.44 103.6 103.52 101.52 100.54 99.44 99.58 99.58 97.48 94.5 93.48 88.34 90.18 98.1 93.1 87.08 89.12 92.24 93.64 95.9 93.22 91.1 90.08 91 87.98 87.98 83.94 78.86 74.74 72.76 74.8 77.74 75.54 71.58 74.46 71.38 77.36 63.42 64.28 64.26 58.24 62.24 71.4 60.52 45.7 35.72 24.74 29.84 23.82 30.86 44.9 52.88 38.76 28.68 19.3 38.3 43.06 47.88 56.78 45.8 27.76 13.62 12.5 20.52 14.66 20.78 26.8 29.94 31.12 43.14 49.36 48.5 39.64 33.68 30.9
101.28 100.36 99.42 101.52 102.42 102.52 98.44 100.46 99.4 99.42 93.36 88.42 91.14 83.98 83.96 88.02 90.1 89.36 93.6 94.92 90.18 87.28 86.18 90.18 85.16 86.24 84.2 84.1 79.12 77.96 78.92 78.98 76.88 75.7 73.6 70.58 69.46 64.42 59.46 62.38 54.38 53.32 59.52 70.52 61.72 27.84 46.88 63.92 25.96 13.04 37.08 15.18 18.18 17.04 24.94 17.54 7.5 19.34 30.18 53.08 43.9 34.7 37.56 30.54 26.56 23.74 34.78 47.96 52.02 46.16 54.32 52.44 52.56 55.7 51.84 45
107.22 105.26 101.28 93.36 94.32 85.34 93.36 100.32 101.32 104.26 103.28 102.26 97.14 84.98 84.88 81.96 80.22 89.54 91.86 92.08 89.4 87.38 81.42 79.38 77.42 87.46 85.38 82.34 81.22 83.12 83.12 82.08 80.98 74.92 74.88 71.66 66.52 63.48 65.4 63.4 50.44 59.5 61.68 70.66 58.82 29.92 75 72.1 23.1 5.26 30.2 0.32 18.28 19.3 35.2 35.78 23.66 26.56 33.28 55.12 54.92 51.76 51.6 44.54 40.6 42.92 41.92 47.06 59.08 52.36 55.52 53.58 55.64 50.78 52.86 48.98
110.08 110.12 108.1 101.1 78.1 71.18 89.22 94.18 96.2 107.16 100.14 93.1 94.96 91.88 85.94 68.18 62.56 56.72 69 59.34 74.5 69.48 80.48 69.52 66.48 68.52 81.58 79.52 83.42 86.34 81.28 81.2 82.22 77.1 77 72.9 69.8 71.62 68.44 69.48 55.62 59.66 66.76 60.84 56.02 57.14 84.2 55.32 24.32 49.3 40.38 13.48 33.48 32.56 37.18 36.96 41.82 52.62 63.46 60.18 55.98 56.92 59.78 52.58 41.72 50.84 55.02 53.14 56.26 58.34 60.5 50.7 42.66 50.86 44.9 44.02
109.88 110.92 110.9 109.02 82.94 79.06 72 84.12 90 96.02 110.06 110.08 108.88 100.92 90.24 78.38 77.72 60.9 56.2 44.5 40.62 34.64 43.62 57.6 54.74 60.64 75.68 82.62 90.62 90.58 89.4 89.36 85.32 81.36 81.18 78.14 67.02 67.88 66.66 67.7 63.72 61.88 62.88 54.04 53.18 84.24 87.42 42.48 68.52 65.56 22.7 26.8 34.74 35.8 46.5 55.26 60.08 57.86 62.68 54.54 60.34 58.08 58.94 51.84 50.82 48.86 49.14 57.28 53.4 52.38 52.6 47.66 55.74 55.82 60.04 61.08
109.76 114.7 114.82 112.76 102.86 83.8 62.86 74.88 90.92 104.9 116 115.9 111.08 111.24 104.44 95.76 88.88 74.2 66.46 45.74 34.8 22.84 14.66 29.72 39.72 44.68 50.72 73.8 82.68 87.64 93.6 93.62 89.48 90.52 89.48 82.26 73.22 68.16 67.86 71.78 75.94 69.02 61.18 71.28 79.44 83.54 74.58 58.72 70.86 36.92 31.04 42.06 46.08 49.16 60.96 57.7 59.48 58.16 58.98 57.8 55.52 58.42 42.18 44 53.04 60.16 60.26 60.34 64.44 68.54 69.66 69.74 71.88 69.98 71.08 66.2
114.58 116.62 114.7 106.76 87.76 88.86 90.88 84.84 100.88 109.92 115.02 120.34 113.38 111.62 105.76 86.98 87.14 71.54 62.78 59.98 56.88 43.82 43.86 30.88 29.76 25.7 26.84 34.96 44.84 63.84 81.76 90.68 91.64 93.58 93.6 88.54 84.54 77.3 74.04 73.94 70.18 64.32 80.46 90.64 92.74 84.84 72.92 54.98 49.04 40.22 49.34 57.3 55.4 61.52 66.36 63.14 54.98 54.64 65.42 66.14 65.88 59.62 57.5 52.28 68.44 72.54 70.7 61.8 67.68 69.76 73.72 71.9 73 69.16 71.24 73.34
120.7 118.78 112.8 104.76 104.76 99.84 97.88 103.96 97.96 94.98 90.06 85.8 76.7 73.82 64.98 57.2 57.42 72.62 76.94 78.12 71.18 61.06 65.96 56.94 44.84 21.76 19.88 20.08 17.94 29.96 54.88 70.88 91.82 96.82 94.8 93.8 93.7 89.56 79.32 76.14 78.34 89.68 92.76 86.94 80.12 59.06 58.08 52.1 55.08 58.3 60.42 64.66 60.8 60.82 86.82 62.6 58.28 61.08 72.82 76.46 72.22 73.96 70.8 65.68 72.84 79.06 67.22 70.3 77.96 72 66.06 75.1 67.14 66.28 58.32 61.6
123.66 116.78 112.78 107.88 94.96 86.92 87.96 80.9 64.96 64.04 69.32 58.18 75.18 74 81.38 81.52 75.74 63.04 52.28 58.22 77.24 71.2 65.12 45.88 18.78 17.74 15.96 22.22 29.22 24.06 28.04 32.04 60 77.02 92.04 94.96 97.94 89.84 82.64 92.52 98.64 96.9 82.12 80.3 68.4 77.32 70.3 65.24 76.18 77.26 70.52 64.7 63.86 65.14 82.14 71.94 70.82 70.62 74.36 74.14 85.86 85.62 75.46 73.18 80.32 72.58 72.74 72.9 75.54 78.32 71.4 71.38 63.4 58.42 61.56 67.76
93.72 97.82 94.84 82.84 63.92 43.08 41.98 49.06 39 54.2 63.86 84.72 74.58 64.5 86.54 87.76 97.02 89.28 80.44 65.32 52.36 54.22 46.1 30.98 40.88 23.82 19 15.28 12.3 21.2 15.2 32.22 58.16 67.22 60.18 69.36 101.24 102.32 101.18 95.04 82.02 76.26 89.56 88.62 87.58 79.52 79.46 79.44 81.46 73.42 70.54 69.72 67.96 74.14 81.38 82.5 82.26 84.02 82.88 87.68 85.38 82.16 76.92 77.86 73.96 71.12 73.22 74.4 79.08 75.76 78.64 67.68 61.74 58.82 65.86 67.96
76.42 53.86 52.9 68 47.02 34.96 34.08 37.08 63.12 89.34 99.24 93.12 71.04 75.94 86.88 92.08 95.26 104.54 92.52 84.64 76.34 66.22 38.14 49.98 32.94 28.8 41.1 41.36 37.4 43.4 35.34 40.34 29.48 47.54 33.64 39.66 67.58 71.56 60.7 71.54 85.46 92.68 93.96 87.86 83.78 78.76 81.66 76.58 79.64 77.66 72.6 71.82 80.04 80.22 81.44 82.58 86.6 90.58 88.4 91.2 85.92 74.7 73.5 73.56 77.52 74.6 82.8 85 75.64 68.18 69.94 72.98 65.06 64.14 71.26 70.26
69.02 60.42 50.78 56.96 59 40.12 27.08 27.1 54.3 59.76 50.64 59.54 82.44 89.36 91.38 82.28 87.46 78.8 82.76 66.62 43.46 45.36 53.2 48.06 30.9 23.98 43.2 15.38 43.5 50.52 63.62 67.7 53.98 59.08 65.06 74.94 56.84 69.98 79.08 88.04 100.88 98.04 96.12 87.98 88 83.88 77.94 74.82 72.86 69.9 72.78 75.94 69 75.38 79.58 84.78 91.74 104.7 95.68 95.54 92.46 89.26 81.26 81.22 84.2 87.2 93.38 85.5 77.14 72.72 72.5 62.28 64.34 67.42 75.6 79.6
71.48 69.9 41.26 35.72 41.08 41.08 26.12 29.22 27.52 44.18 60.08 99.94 119.92 117.82 120.82 112.72 113.72 108.92 89.8 65.7 42.56 39.34 57.18 53 36.96 33.06 39.2 35.44 47.96 56 60.12 75.34 70.46 68.48 60.42 65.16 76.2 81.28 87.44 95.44 101.46 99.42 92.3 77.24 81.12 86.08 76.04 70.98 67.04 61.06 62 62.08 66.22 80.42 91.72 89.94 100.96 115.88 100.86 102.76 109.66 102.76 89.8 88.82 92.98 92.88 100.84 96.06 88.76 80.32 73.98 66.8 74.62 79.74 82.86 85
21.44 12.38 35.74 9.26 23.72 42.06 37.22 26.4 72.6 60.54 16.52 50.38 93.38 92.2 91.22 94.04 99.12 94.02 82.82 81.6 64.6 52.36 43.16 36.02 37.86 46.88 53.14 61 55.8 65.76 63.74 77.86 70.84 80.88 75.62 64.46 76.52 82.76 88.9 96.48 95.86 94.98 91.78 87.62 73.42 66.34 68.28 60.24 61.22 58.26 49.26 59.12 78.22 85.58 80.72 92.1 94.18 94.08 110 109.88 109 108.16 107.28 105.44 104.44 102.54 102.62 98.64 90.24 86.86 86.5 80.32 80.04 85.1 93.08 99.28
56.4 37.2 20.34 8.68 15.18 19.52 37.08 39.58 58.06 81.02 51.9 62.92 94.78 104.6 101.28 82.98 70.16 58.12 54.94 65.6 60.26 62.26 54.08 45.92 46.62 41.82 45.72 49.36 65.8 78.72 71.62 76.68 81.86 82.06 81.06 78 81.24 84.76 99.26 103.76 101 93.76 90.36 73.08 66.88 73.68 66.62 62.62 63.56 64.5 64.48 64.56 92.56 84.6 91.88 97.1 98.34 98.34 114.24 113.38 113.36 110.4 111.6 111.74 109.86 108.02 107.06 106.26 97.9 92.38 91.06 84.74 89.5 90.36 98.56 105.6
67.44 63.18 38.9 30.3 28.64 41.02 27.72 45.38 31.1 27.86 83.8 66.6 90.26 106.96 111.94 109.02 99.04 90.14 80.06 63.98 46.68 50.46 57.2 59.88 48.56 50.04 49.54 61.08 58.5 65.3 68.26 72.34 74.68 74.02 73.12 81.46 89 103.56 98.1 100.6 96.94 89.7 66.86 56.68 52.46 58.18 57.1 67.96 78.88 81.92 83.9 85 85.2 90.18 102.02 103.26 103.54 102.5 101.46 100.66 111.76 116.88 118 114.08 113.22 112.18 109.22 108.16 97.08 87.04 85.72 90.26 94.04 102.84 105.88 115.98
120.46 114.14 81.94 56.74 55.18 36.76 25.5 28.22 28.88 27.62 67.32 106.94 111.88 113.86 114.88 114.04 92.02 84.12 83.14 68.1 44.06 41.76 42.5 42.2 34.1 36.02 45.5 38.98 53.34 49.26 63.2 71.62 78.1 80.58 78.78 84.72 101.8 97.32 98.72 86.96 91.24 89.26 52.28 59.24 57.12 70.78 64.54 78.28 87.26 90.2 90.12 89.34 90.52 94.68 106.68 107.66 107.68 106.76 105.96 104.96 118.94 120.02 118.12 118.16 116.14 115.18 112.26 108.2 95 88.92 89.92 96.88 102.7 110.58 119.4 128.52
147.6 144.32 146.02 142.74 111.78 84.68 76.46 38.16 50.1 45.78 42.52 86.44 145.76 159.94 158 151.96 104.08 95.08 91.08 91.16 63.04 51.06 35.88 12.88 10.8 10.58 33.6 30.02 42.32 48.2 48.4 65.06 87.68 88.12 87.3 86.04 85.9 84.8 87.1 84.34 84.58 83.74 79.5 81.3 79.26 79.22 82.16 87.08 89.62 92.52 95.58 101.72 103.94 107.14 105.98 106.08 110.96 110.92 113.96 116.96 115 115.08 115.1 121.14 111.22 108.24 98.24 90.12 85.94 81.84 95.76 100.72 116.8 124.98 135 140.04
110.66 137.4 159.14 159.16 153.52 139.28 114.06 80.8 43.64 33.48 32.54 45.08 120.2 120.5 84.76 94.96 110.02 103.06 93.02 96.18 75.08 43.04 43.12 34.2 23.32 17.24 36.16 31.18 32.38 41.44 50.96 63.32 90.12 90.76 92.68 92.42 89.98 90.54 90.46 89.66 89.96 87.16 87.34 86.44 86.5 86.42 92.34 102.2 97.92 97.7 99.78 103.02 103.08 102.32 107.34 109.26 113.12 113.94 113.96 119.94 119.02 117.04 118.16 119.18 113.28 110.34 100.22 89.96 88.86 87.62 101.68 109.64 124.6 132.68 141.02 145.28
122.86 138.82 161.84 163.88 152.24 149.88 140.68 128.5 92.22 64.42 56.04 36.78 30.64 42.88 70.2 58.42 92.66 103.9 90.08 52.06 64.12 60.18 56.24 47.3 37.44 27.44 61.42 59.52 44.58 34.24 27.76 54.92 63.08 75.06 82.86 82.46 93.96 97.48 95.98 94.08 94.48 93.6 92.96 92.34 92.54 91.44 98.18 100.06 122.8 119.7 120.76 119.02 121.14 120.42 118.56 119.4 118.2 117 116 115.02 122.08 120.08 117.2 112.24 100.2 107.28 107.14 91.94 97.76 98.58 112.5 124.52 133.34 138.58 145.78 147.04
169.46 169.44 170.42 163.4 157.9 153.7 146.3 142.08 125.36 114.98 107.72 72.42 72.14 53.34 47.56 52.86 92.14 114.34 128.56 112.82 50.04 39.34 49.72 72.94 70.14 49.46 85.56 75.7 77.8 76.26 50.34 62.48 64.64 96.82 103.54 102.12 102.9 103.64 102.16 101.72 101.02 100.16 98.72 99.04 98.36 97.48 108.22 112.1 126.84 125.8 125.82 125.86 125.1 124.36 122.68 121.5 121.26 120.04 119 117.1 123.12 124.1 113.16 112.16 109.32 109.28 106.04 101.98 99.66 115.58 119.32 130.34 139.3 143.38 145.66 147.8
191.08 189.06 187.06 174.02 172.66 162.42 152.1 145.26 128.86 132.66 132.34 133.1 121.74 105.78 91.98 71.26 51.5 83.74 86 68.22 63.7 40.1 76.36 44.6 66.9 94.18 118.38 119.64 127.88 116.24 108.24 109.26 113.4 126.4 120.5 120.24 127.98 126.48 124.14 120.8 120.54 119.94 120.38 120.54 119.9 119.08 126.18 134.08 125.9 121.82 123.8 122.86 124.18 123.58 124.94 122.48 109.26 107.18 101.06 107.08 119.08 112.18 100.2 99.22 115.24 113.18 112.96 110.88 111.7 109.48 125.34 141.14 154.14 154.22 154.42 154.58
195.72 194.7 194.72 193.7 192.36 173.08 151.28 138.96 133.62 100.26 113.02 131.64 111.36 116.18 112.42 107.76 93.98 118.16 97.36 95.84 78.36 47.72 26.1 30.42 33.64 51.9 88.14 104.44 113.64 134.84 131.94 124 125.06 135.06 126.12 126.16 133.2 127.76 128.46 130.08 126.16 127.32 126.38 125.42 124.44 124.52 138.82 141.04 135.9 134.84 133.8 129.04 130.34 129.5 132.1 128.6 110.48 106.26 102.08 114.14 117.12 116.06 106.12 102.28 117.3 114.18 114.98 112.74 115.52 113.42 140.24 149.08 157.98 156.96 157.1 157.36
201.4 201.34 200.32 199.3 195.08 190.28 179.98 176.72 172.3 162.96 160.66 152.24 154.08 163.66 161.76 154.12 147.38 116.62 67.9 103.38 101.02 102.48 92.86 73.12 76.34 71.66 98.84 102.1 94.4 101.56 113.68 98.72 120.78 121.82 152.9 144.02 145.96 139 136.62 136.7 134.66 133.74 132.84 130.84 129.84 130.9 138.98 145 144.98 140.02 138.12 135.14 121.54 120.64 121.24 119.94 122.54 115.24 116.08 118.14 118.2 116.2 113.24 109.36 101.24 106.12 110.88 133.74 147.56 154.4 152.16 152.9 160.92 159.78 158.94 158.16
188.94 200.9 204.88 206.04 194.32 190 180.74 171.4 173 164.68 151.22 138.92 129.62 139.4 154.26 166.58 173.74 168.1 152.62 132.16 125.68 136.2 123.56 118.94 128.14 122.4 112.64 106.94 119.1 127.28 129.38 128.48 145.46 133.52 152.66 144.76 142.74 137.66 139.8 137.82 140.92 139.92 137.98 136.96 135.04 135 151.94 153 149.18 144.22 136.36 131.32 127.1 124.72 139.36 136.02 134.64 119.32 117.16 116.16 117.16 111.1 111.22 108.3 103.14 104.02 136.8 137.64 157.44 158.34 158.06 155.92 163.66 162.68 161.76 161.98
82.48 115.58 125.46 145.48 70.08 85.78 110.36 142.02 130.7 136.28 134.92 124.64 106.36 115.96 78.74 67.98 140.16 176.7 181.32 177.82 148.2 147.8 145.18 140.56 133.8 137 150.42 156.62 147.84 134.02 132.98 136.18 126.24 120.32 125.32 111.42 130.46 133.54 131.8 130.84 129.02 136 141.94 140.9 139.94 138 157.08 149.14 137.34 144.44 137.56 145.54 137.24 134.94 138.48 132.2 128.8 125.46 123.22 120.12 118.18 113.22 102.26 105.3 124.18 128.9 139.72 149.6 161.42 159.18 159 159.76 157.58 157.48 163.6 163.74
40.32 44.3 61.34 105.5 142.14 148.82 117.4 123.9 125.56 148.04 161.62 175.36 153.92 142.64 95.32 85.44 58.9 92.44 158.92 173.44 133.98 115.48 124.98 139.22 138.56 138.86 157.04 153.36 132.68 133.68 132.74 123.86 140.9 132.92 136.06 128.08 122.16 133.44 134.64 134.72 132.78 138.84 145.86 143.92 142.86 141.88 151.98 145.14 140.36 138.6 136.64 143.42 144.36 140.1 138.68 135.2 131.94 129.5 124.36 119.14 114.22 114.22 108.18 114.26 128.98 138.86 150.64 155.48 161.34 161.2 163.88 160.64 159.6 158.22 164.28 165.52
102.08 74.1 55.08 114.1 197.52 227.96 237.56 228.18 208.7 205.18 213.86 211.48 214.96 204.58 191.1 179.96 133.54 112.06 137.6 148.04 133.62 136.1 146.58 148.94 142.36 128.62 152.88 160.08 149.3 155.52 151.52 145.5 146.6 151.8 150.84 149.96 152.04 152.24 149.4 151.58 153.68 151.72 160.78 153.8 145.84 144.9 144.08 143.32 143.52 140.62 140.44 138.52 138.24 138.06 135.88 132.48 130.02 126.72 124.44 119.2 116.24 112.3 106.36 100.24 117.04 140.84 164.54 160.46 156.18 157.02 154.86 153.62 161.44 159.22 168.1 167.3
169.88 165.74 148.86 157.78 167.46 184.24 194.8 202.4 194.98 188.46 187.14 189.66 202.18 200.7 197.6 189.42 180.38 166.76 147.3 126.74 120.28 124.74 153.36 160.8 161.1 162.3 164.7 164.78 160.1 166.18 164.28 158.3 159.4 160.46 156.64 156.74 158.88 157.1 159.3 158.5 157.46 154.54 154.64 149.7 147.7 145.86 146.1 145.26 143.54 143.2 141.52 140.62 140.22 140.92 138.8 134.46 133.12 129.88 125.44 119.22 121.24 120.3 115.26 111.06 134.88 152.78 164.42 147.34 141.12 159.86 156.72 164.52 166.4 171.1 172 169
194.62 183.6 170.56 175.58 163.14 174.42 186.04 182.54 175.22 173.7 179.28 179.88 179.44 180.44 173.1 169.9 157.94 140.02 126.88 114.38 106.92 117.5 128.04 148.42 155.78 155.08 159.34 166.58 162.76 165.92 166.02 165.98 167.18 167.32 166.54 166.58 165.76 164.88 164.18 162.32 159.42 155.4 145.42 144.5 145.6 142.92 140.18 139.36 128.1 126.36 125.62 124.7 124.08 122.9 120.72 119.56 118.34 115.92 128.54 126.36 108.3 105.3 123.2 122.12 119.88 125.7 143.54 140.26 155.08 154.84 176.66 177.44 182.28 181.08 176.82 172.88
210.32 204.36 182.38 156.32 151.86 175.5 168.26 169.82 174.44 189.94 196.52 194.34 179.18 172.92 172.6 170.48 156.46 143.46 136.52 128.38 129.56 129.12 119.6 141.12 157.52 154.82 146.06 156.18 163.46 166.64 167.72 168.98 169.12 170.2 169.26 169.36 168.64 167.72 167 165.2 160.22 154.32 152.32 152.38 150.52 149.82 142.18 136.78 127.06 127.34 124.74 123.92 120.88 122.76 121.66 121.48 120.24 119.08 123.68 125.32 108.26 109.34 125.12 126.86 127.8 127.52 142.38 141.14 158.08 156.76 182.62 185.28 185.22 183.02 175.92 165.98
210.12 208.16 206.18 203.14 199.46 195.26 197.48 197.04 202.62 205.34 204.18 197.94 180.8 182.34 177.04 165.98 163.96 162.96 169.96 163.96 155.94 151.88 134.28 144.86 146.22 143.54 146.82 167.04 166.28 167.46 170.62 169.72 170.96 171 171.14 171.28 171.4 170.54 169.8 168.04 155.12 160.2 156.2 153.3 152.7 152.12 148.48 145.76 142.08 131.4 136.66 140.86 124.8 128.58 141.48 133.34 133.2 140.94 139.82 133.46 156.3 167.32 160.04 150.86 168.72 166.48 167.26 163.1 168.9 174.82 182.62 189.44 187.24 175.98 154.02 156
