shamba/rasters/climate/tmp_11.txt
ncols         720
nrows         360
xllcorner     -180
yllcorner     -90
cellsize      0.5
NODATA_value  -9999
[rows 102 to 135 of 360, columns 380 to 455 of 720]
-9999 -9999 -9999 -9999 -9999 -9999 152.56 -9999 148.06 149.24 155.68 145.98 141.92 146.66 148.22 -9999 -9999 -9999 -9999 -9999 -9999 128.7 121.1 86.48 95.56 115.62 122.48 128.24 125.04 126.76 -9999 120.36 122.18 125.94 117.94 108.8 96.78 89.62 82.52 75.5 66.32 66.28 68.28 69.2 63.2 56.14 62.84 61.58 66.3 66.12 53.88 42.88 36.54 37.1 32.8 39.32 67.78 63.16 80.42 73.2 65.36 58.12 44.88 38.98 40.02 45.1 51.24 31.38 12.84 41.22 66.34 64.42 51.94 52.02 40.86 59.82
-9999 -9999 -9999 -9999 152.52 148.46 145.74 156.04 153.34 144.58 149.84 140.96 151.66 157.3 -9999 -9999 -9999 -9999 -9999 -9999 139.52 132.3 140.36 128.76 113.2 121.52 121.8 130.68 144.44 116.14 -9999 134.74 130.5 139.86 130.08 120.06 100.92 98.86 98.76 87.68 76.54 72.48 71.34 62.2 58.16 62.06 62.7 65.36 59.96 63.54 58.2 47.36 28.04 29.8 29.4 36.1 62.62 76.98 78.82 104.52 96.98 91.02 83 69.06 52.08 44.14 47.54 30.22 18.58 49.08 63.9 69.06 53.14 48.04 34 20.8
-9999 -9999 -9999 -9999 156.78 156.58 140.9 138.2 127.42 125.78 142.02 154.02 157.72 -9999 -9999 -9999 -9999 -9999 -9999 -9999 -9999 146.16 148.98 124.06 78.36 102.8 142.24 136.42 137.76 133.1 138.36 -9999 133.98 134.26 134.3 112.36 105.22 91.18 83.16 77.98 99.86 73.8 55.64 66.5 58.24 67.22 59.18 60.88 66.36 52.98 40.54 83 67.74 60.6 54.28 79.16 109.42 121.7 118.1 100.74 102.34 103.04 104.86 111.8 94.82 68.62 30.24 24.9 23.56 33.18 65.92 70.42 29.18 35.52 39.58 48.76
153.78 158.3 142.02 -9999 -9999 -9999 158.98 154.28 150.62 148.8 158.12 -9999 -9999 -9999 -9999 -9999 -9999 -9999 -9999 -9999 -9999 -9999 -9999 137.54 115.74 108.08 142.12 -9999 147.16 146.5 140.96 139.12 -9999 146.52 141.62 130.6 110.64 97.48 77.38 68.18 85.08 109.94 72.76 52.68 60.62 67.5 70.52 53.86 25.58 81.52 148.12 159.54 133.44 102.52 99.34 108.36 121.46 127.36 123.84 115.5 116.4 118.08 122.82 129.22 133.98 109.72 85.34 67.14 53.9 32.82 72.8 76.58 65.44 49.12 54.04 74.34
159.26 159.16 159.96 160.68 154.26 -9999 -9999 -9999 169.62 158.86 167.96 -9999 -9999 -9999 -9999 -9999 -9999 -9999 -9999 -9999 -9999 -9999 -9999 152.48 145.5 146.78 152.78 -9999 151.8 152.12 150.32 151.68 150.9 -9999 147.84 143.82 156.86 147.76 107.64 65.4 80.24 157.1 136.1 129.02 61.98 61.96 84.96 59.9 114.54 153.1 150.92 160 137.84 133.78 123.02 120.68 124.56 127.32 126.5 123.38 122.46 128.28 139.16 142.14 139.92 138.68 121.56 105.36 92.44 72.5 50.54 67.88 65.68 34.72 26.72 51.62
158.2 157.02 -9999 -9999 -9999 -9999 -9999 -9999 173.68 -9999 -9999 -9999 -9999 -9999 -9999 -9999 -9999 -9999 -9999 -9999 -9999 -9999 -9999 -9999 156.76 152.06 161.2 -9999 -9999 -9999 155.88 154.12 -9999 -9999 -9999 144.12 147.06 -9999 122.76 128.72 150.48 -9999 -9999 -9999 158.4 92.32 116.18 147.32 145.22 -9999 -9999 125.2 142.14 135.56 127.06 125.82 127.58 129.38 128.74 122.74 117.86 126.92 132.3 135.16 142.92 140.92 140.86 137.88 119.08 113.16 85.2 66.3 55.94 47.24 45.06 57.92
163.2 169.8 170.36 -9999 -9999 173.24 -9999 -9999 172.08 174.8 -9999 -9999 -9999 -9999 -9999 -9999 -9999 -9999 -9999 -9999 -9999 -9999 -9999 -9999 -9999 -9999 168.52 164.76 164.08 -9999 -9999 -9999 -9999 -9999 150.36 155.36 -9999 -9999 -9999 -9999 -9999 -9999 -9999 -9999 -9999 -9999 -9999 -9999 159.66 -9999 -9999 169.86 136.52 127.7 129.98 127.7 130.44 133.48 131.8 132 130.28 134.84 137.3 144.42 147.32 149.34 152.36 156.6 159.82 144.8 109.8 85.82 52.9 31.18 60.28 64.22
161 167.46 173.12 -9999 -9999 175.86 -9999 -9999 -9999 -9999 -9999 -9999 -9999 -9999 -9999 -9999 -9999 -9999 -9999 -9999 -9999 -9999 -9999 -9999 -9999 -9999 -9999 164.96 159.22 151.54 152.7 156.82 151.7 160.66 158.7 -9999 -9999 -9999 -9999 -9999 -9999 -9999 -9999 -9999 156.86 168.62 165.72 170.8 163.8 -9999 -9999 163.8 139.82 130.96 123.92 120.5 124.28 127.34 122.68 132.1 138.42 140.96 142.72 144.76 147.7 153.84 159.04 166.16 172.14 157.24 131.38 136.26 51.3 44.5 64.62 68.7
163.8 170.16 175.58 -9999 -9999 -9999 -9999 -9999 -9999 -9999 -9999 -9999 -9999 -9999 -9999 -9999 -9999 -9999 -9999 -9999 -9999 -9999 -9999 -9999 -9999 -9999 -9999 -9999 -9999 159.72 154.86 -9999 -9999 -9999 -9999 -9999 -9999 -9999 -9999 -9999 -9999 -9999 106.4 164.44 148.56 156.28 161.78 165.84 -9999 -9999 -9999 166.02 136.18 125.32 109.82 112.42 119.12 126.28 136.76 140.22 142.68 143.1 144.08 144.2 149.3 158.3 164.38 169.4 173.48 173.48 161.44 145.54 62.5 64.44 53.74 42.44
171.66 -9999 -9999 -9999 -9999 -9999 -9999 -9999 -9999 -9999 -9999 -9999 -9999 -9999 -9999 -9999 -9999 -9999 -9999 -9999 -9999 -9999 -9999 -9999 -9999 -9999 -9999 -9999 -9999 -9999 -9999 -9999 -9999 -9999 -9999 -9999 -9999 -9999 -9999 -9999 -9999 -9999 -9999 -9999 -9999 -9999 -9999 -9999 -9999 -9999 -9999 155.78 87.06 96.06 107.64 117.28 132.08 134.52 130.94 133.34 138.84 143.18 145.4 149.36 156.44 160.44 167.44 170.54 174.54 176.56 172.64 146.54 76.54 79.58 63.3 60.3
172.52 178.92 177.3 -9999 -9999 -9999 -9999 -9999 -9999 -9999 -9999 -9999 -9999 -9999 -9999 -9999 -9999 -9999 -9999 -9999 -9999 -9999 -9999 -9999 -9999 -9999 -9999 -9999 -9999 -9999 -9999 -9999 -9999 -9999 -9999 -9999 -9999 -9999 -9999 -9999 -9999 -9999 -9999 -9999 -9999 -9999 -9999 -9999 -9999 -9999 159.14 125.64 91.88 104.84 117.46 120.28 124.18 128.52 130.06 134.6 136.84 139 142.12 148.36 156.34 164.4 168.46 170.46 173.48 176.48 178.42 164.52 95.4 84.34 103.32 87.2
165.38 177.9 181.3 183.66 -9999 -9999 -9999 -9999 -9999 -9999 -9999 -9999 -9999 -9999 -9999 -9999 -9999 -9999 -9999 -9999 -9999 -9999 -9999 -9999 -9999 -9999 -9999 -9999 -9999 -9999 -9999 -9999 -9999 -9999 -9999 -9999 -9999 -9999 -9999 -9999 -9999 -9999 -9999 -9999 -9999 -9999 -9999 -9999 -9999 -9999 173.2 136.5 119.72 117.78 127.66 132.26 129.28 131.68 134.26 135.4 139.56 140.72 145.96 151.08 157.3 165.3 168.34 170.34 169.34 175.18 179.34 178.18 157.26 105.18 111.2 111.54
169.02 171.9 181.32 181.64 180.98 181.3 178.74 178.76 182.62 -9999 -9999 -9999 -9999 -9999 -9999 -9999 -9999 -9999 -9999 -9999 -9999 175.76 173.98 163.24 164.32 178.5 180.7 -9999 -9999 -9999 -9999 -9999 -9999 -9999 -9999 -9999 -9999 -9999 -9999 -9999 -9999 -9999 -9999 -9999 -9999 -9999 -9999 -9999 -9999 183.46 174.66 162.5 138.32 109.3 127.36 135.64 137.46 135.84 135.02 138.1 140.3 145.5 150.62 154.74 158.9 164.04 170.14 173.16 173.1 176.08 181.18 184.1 186.08 179.06 160 162.8
175.8 175.7 179.34 180.68 178.02 175.32 166.86 172.74 176.66 183.62 186.44 -9999 -9999 -9999 -9999 -9999 -9999 -9999 -9999 187.84 184.78 164.92 166.1 164.24 167.44 172.72 178.9 179 180.26 181.38 -9999 -9999 -9999 -9999 -9999 -9999 -9999 -9999 -9999 -9999 -9999 -9999 -9999 -9999 -9999 -9999 -9999 -9999 189.4 183.42 168.3 154.72 142.26 127.3 139.34 138.52 144.64 139.64 139.62 141.78 143.92 149.08 153.18 158.36 163.46 165.68 170.88 175.94 177.92 179.94 182.9 186.96 189.94 189.88 188.9 185.74
169.54 164.36 166.24 164.84 156.04 155.56 155.96 168.84 178.88 183.82 188.66 -9999 -9999 -9999 -9999 -9999 -9999 -9999 -9999 188.92 185.9 181.16 181.28 181.38 179.58 175.62 172.94 172.12 175.34 181.5 176.74 180.84 180.08 -9999 -9999 -9999 -9999 -9999 -9999 -9999 -9999 -9999 187.68 -9999 -9999 -9999 -9999 -9999 193.28 180.94 169.56 165.9 142.48 152.54 152.68 149.92 147.98 149.92 146.88 147.78 149.78 151.7 157.92 163.9 167.08 167.24 169.4 173.56 179.7 182.74 185.74 187.76 189.64 190.66 192.62 193.66
171.18 166.06 163.92 163.8 165.2 161.7 167.24 175.94 177.96 184.8 186.76 190.7 190.56 191.54 190.34 -9999 -9999 -9999 -9999 -9999 190.2 186.24 184.38 182.54 179.78 176.88 176.16 175.28 176.46 180.66 184.8 185.06 183.16 181.36 183.5 178.4 181.28 183.26 -9999 186.1 193.98 191.86 190.68 192.7 192.76 193.8 194.86 193.98 184.66 180.4 179.52 156.04 148.7 150.84 161.04 161.24 154.28 148.22 151.16 154.12 155.12 156 164.94 166.94 171 170.06 171.02 173.12 179.2 183.36 187.48 188.46 189.48 191.48 193.44 195.38
170.9 165.86 164.74 164.62 164.44 162.84 161.34 169.02 179.96 183.92 182.94 186.76 186.72 186.6 184.54 188.48 190.4 190.38 -9999 190.36 189.36 186.38 184.6 182.7 181.94 179.06 178.26 178.4 178.66 180.82 182.02 181.2 180.28 178.44 180.52 180.4 183.36 187.24 188.16 188.04 191.1 190.04 189.82 193.86 195.86 190.88 182.68 180.42 179.34 166.18 192.94 139.16 145.94 147.12 158.38 166.56 166.54 156.42 151.4 155.46 159.32 165.36 169.26 172.22 174.2 174.12 173.04 175.18 178.2 182.26 186.3 189.38 191.32 193.28 195.24 197.26
170.64 166.56 165.36 165.44 166.44 166.14 164.6 166.12 179.1 182.02 181 182.94 179.78 180.76 182.74 187.58 185.62 189.66 191.62 189.66 184.6 186.64 184.68 182.82 182.08 179.18 179.4 180.64 180.8 181.96 182.08 180.26 179.46 181.52 183.6 187.44 190.3 189.3 186.12 185.22 189.2 190.08 194.04 192 194.86 187.6 170.46 176.2 177.16 171.06 175.62 135.26 150.36 151.54 153.76 163.9 172.82 171.74 169.72 160.68 166.62 168.64 173.44 175.52 176.5 178.44 177.4 178.42 179.26 182.34 186.32 189.28 192.42 193.44 196.3 198.2
171.32 170.28 169.2 168.26 164.34 162.32 160.78 162.3 174.14 180.06 181.02 181 175.98 173.98 177.94 177.84 179.9 182.88 190.76 187.82 185.84 183.74 181.84 181.06 178.2 178.36 179.58 180.82 182.9 188.04 185.24 184.48 183.54 192.6 193.62 192.52 188.48 186.28 181.22 180.14 181.24 186.18 191.14 177.04 187.8 195.52 175.36 181.2 171 176.84 161.48 147.58 154.62 151.9 153.12 161.14 172.06 174.02 171.98 170 173.92 171.82 174.8 176.84 174.66 177.68 177.68 179.58 181.56 183.52 186.48 188.42 189.42 191.46 193.52 197.4
169.06 171 169.12 167.14 166.22 163.22 161 164.4 171.22 176.16 181.12 181.1 174.04 173.08 180.12 180.14 179.04 183.16 190 187.04 185 183 181.04 179.16 178.32 178.52 180.66 180.9 182.04 183.22 186.4 188.54 188.66 192.56 193.58 190.54 186.42 183.3 178.32 177.22 188.28 192.28 191.22 172.94 185.72 199.5 178.34 158.14 154.94 193.78 154.9 153.8 160.98 159.2 156.42 168.38 173.3 174.32 174.24 173.14 173.18 173.1 172.08 175.04 176.98 180.94 181.9 183.94 185.82 186.82 188.7 191.7 190.72 191.68 194.64 202.62
168.84 172.9 171.9 168.98 168.1 167.04 162.1 162.58 167.32 167.22 168.2 173.24 178.18 180.22 180.28 181.22 180.32 183.22 183.3 181.24 183.26 181.26 181.2 179.26 179.5 179.6 180.84 181 182.14 182.3 184.52 184.68 186.7 188.72 187.72 185.62 182.4 180.36 180.24 184.28 180.26 185.44 182.2 180.94 156.8 195.48 196.38 150.14 159.04 189.96 138.26 155.2 168.26 167.52 168.66 169.66 171.6 172.56 180.54 180.52 175.46 174.36 178.32 178.26 182.3 182.2 183.12 185.2 186.04 190.04 191.94 193 193.9 195.78 198.7 204.6
170.64 174.76 175.74 175.82 174.72 172.94 156.92 152.86 167.36 172.3 172.34 172.34 172.3 172.4 176.38 180.42 182.5 183.42 182.46 181.42 183.4 181.5 181.36 180.4 180.58 180.7 180.86 182.04 182.22 182.44 182.66 182.7 181.76 181.72 182.7 182.58 180.54 177.38 178.32 182.46 180.48 185.42 180.18 179 166.76 176.7 206.48 186.16 165 211.2 187.52 156.62 170.64 171.86 174.02 174.92 175.92 176.86 185.82 185.7 180.66 180.62 184.62 183.5 187.5 186.42 186.44 186.32 189.3 194.14 196.06 196.98 197.86 198.76 202.82 206.74
175.48 176.44 176.58 177.64 178.66 176.74 176.74 176.8 181.5 181.48 178.36 175.48 172.48 165.48 167.58 169.56 180.54 181.6 182.64 184.64 182.62 181.58 180.54 179.56 179.74 179.86 180.08 181.22 181.34 181.52 181.76 181.74 180.78 180.8 177.72 177.62 179.58 178.62 179.66 180.62 180.72 182.42 179.28 183.04 172.82 168.62 194.44 203.34 197.16 -9999 208.82 184.96 175.04 156.24 167.22 180.26 181.22 184.14 183.08 186 184.04 183.88 186.82 186.86 190.74 190.6 190.58 192.46 196.26 195.12 195.96 199.9 198.82 203.82 206.78 210.86
177.36 179.34 181.48 181.42 180.54 180.6 184.52 188.62 187.58 183.56 178.62 176.64 173.56 161.64 151.66 164.68 180.64 181.78 183.8 184.82 183.86 182.82 180.8 180.8 180.84 181.02 181.14 182.34 182.44 182.66 181.82 181.8 179.9 178.92 174.82 172.82 177.9 178.82 179.84 180.92 183.66 185.5 185.26 185 180.84 176.68 172.5 209.28 -9999 -9999 -9999 215.28 196.36 182.6 165.56 168.6 184.42 186.42 189.34 189.3 173.26 174.2 184.94 184.84 187.74 193.58 200.5 198.4 201.32 199.18 197.12 198.96 201.98 204.92 208.9 212.92
177.24 180.2 182.26 182.22 180.4 180.38 180.46 178.48 179.52 180.68 179.68 179.76 176.8 172.82 164.78 167.78 178.8 183.9 184.94 184.96 183 182.04 181 180.96 181.02 182.12 181.3 179.48 178.58 178.76 177.9 176.88 176.84 175.84 173.96 174.04 176.96 177 178.06 182.02 183.8 185.52 186.36 187.2 188.88 192.76 181.52 192.42 -9999 -9999 -9999 220.56 224.68 209.8 186.76 197.78 194.74 193.64 194.5 195.38 173.26 173.14 199.94 198.96 198.72 198.68 207.54 203.4 205.24 202.16 199.1 201.06 204.02 208.06 208.02 213
183 182.98 183.1 179.16 177.24 177.28 180.34 181.48 183.56 182.54 183.62 183.76 180.78 176.86 176.98 184 188 188.02 187.02 185.16 184.16 182.16 181.22 181.24 181.2 182.24 182.48 179.62 176.78 177.84 174.88 174.94 173.92 173.1 174.2 176.22 175.26 177.22 178.26 178.1 183.9 186.56 188.34 190.12 195.94 196.76 194.6 192.54 220.9 -9999 -9999 -9999 228.02 225.06 198.02 203.92 213.68 200.6 200.54 201.36 178.22 177.08 205.98 203.9 203.78 203.62 207.52 209.38 208.3 206.2 198.22 201.12 204.1 206.12 209.1 214.16
183.82 179.86 177.86 179.02 184.12 181.22 180.34 181.42 183.52 183.56 183.62 182.64 180.72 180.88 182.9 188.96 190.12 189.22 189.28 185.26 182.28 181.34 181.4 181.4 181.4 179.4 180.62 171.8 169.94 172.92 172.98 170.06 172.16 171.26 175.34 178.36 179.34 177.36 178.44 182.26 189.9 191.66 192.48 194.2 196 199.8 201.64 204.86 201.08 223.42 -9999 -9999 -9999 239.96 223.8 221.72 228.66 226.5 214.44 203.16 201.1 197.96 202.84 208.6 197.68 198.5 201.36 203.28 205.16 204.08 194.18 199.24 207.08 205.14 207.1 210.06
175.7 169.72 179.82 180.02 180.16 177.26 179.36 179.4 182.56 184.5 184.56 181.5 181.74 183.84 182.76 187.86 188.1 188.22 185.26 179.32 180.54 181.5 182.52 182.64 181.64 177.68 177.7 171.94 170.04 171.16 170.12 170.22 169.4 168.44 170.52 175.54 176.54 179.52 185.38 188.28 196.02 197.74 196.56 198.24 200.06 207.96 204.74 208.92 197.42 221.6 -9999 -9999 -9999 -9999 239.68 217.54 226.42 234.32 222.26 212.1 209.94 207.78 206.66 212.58 200.48 200.28 198.2 203.18 208.16 207.16 197.16 196.08 206.06 204.08 208.1 213.08
174.52 174.72 178.86 177.98 180.16 180.32 179.34 178.38 180.5 189.44 187.58 186.5 185.66 184.72 185.72 183.84 184.06 184.12 183.22 179.24 179.42 181.46 180.6 180.76 179.82 177.88 176.92 177.08 177.04 173.22 169.34 171.46 168.48 166.54 170.4 173.38 177.34 180.26 183.08 190.02 199.86 200.82 200.64 202.32 204.1 211.9 210.9 213.3 206.52 209.58 233.6 -9999 -9999 -9999 245.44 213.42 209.28 214.14 228.12 223.9 219.68 216.64 208.52 211.46 206.34 203.18 201.18 200.1 201.04 208.04 211.02 210.14 208.06 207.08 210.08 212.14
167.56 174.64 180.9 180 182.1 182.3 181.28 180.34 185.48 191.42 190.46 189.52 187.56 185.6 187.66 187.8 186.84 184.02 177.22 178.28 178.34 179.42 178.56 177.74 176.82 175.98 181.1 181.16 180.14 175.3 166.34 163.26 161.36 168.3 174.2 178.04 183.98 185.9 187.88 197.7 203.52 205.52 204.38 206.3 209.18 217.96 216.16 217.24 213.4 199.4 223.5 246.48 -9999 -9999 -9999 246.2 239.04 224.06 236.86 227.8 223.64 220.58 212.36 212.28 209.22 206.06 204.1 203.12 202.06 204.04 214.02 213.02 207.98 202.06 218.18 217.32
172.58 165.76 178.86 181.98 182.24 184.26 182.42 179.38 183.46 190.44 190.52 188.52 189.54 189.56 190.56 189.72 185.86 181.96 175.06 171.12 177.26 179.44 178.54 180.62 180.84 180.96 184.14 183.06 180.06 170.16 160.18 158.14 158.2 171.18 177.06 183 191.92 197.84 196.66 202.54 208.4 211.22 208.24 211.06 214 219.06 219 217.22 212.18 210.26 217.36 247.36 -9999 -9999 -9999 -9999 256 251.88 229.7 232.64 223.48 220.36 215.3 212.18 208.1 209.14 209.06 210.04 207.06 205.08 209.04 214.08 201.18 209.3 218.4 224.56
191.48 181.76 174.84 183.06 182.14 184.2 183.36 178.44 178.36 182.42 179.5 187.48 189.54 189.56 191.62 189.58 186.8 177.84 171.98 172.12 182.24 183.32 184.48 185.64 186.8 187.84 188.08 186.2 183.16 178.1 170.02 162.02 155.06 176 180.94 187.8 197.78 201.62 203.48 206.38 212.22 215.14 214.06 215.86 218.84 222.06 221.06 214.12 208.12 214.1 228.2 253.16 -9999 -9999 -9999 -9999 -9999 263.76 248.6 238.5 218.3 221.26 209.96 207.08 209.02 210.04 211.04 212.14 209 206.94 212.14 215.2 208.46 212.52 219.6 225.56
194.5 190.6 186.88 180.98 182.2 184.28 182.3 180.46 183.44 182.42 174.48 181.46 186.54 191.56 193.56 190.54 189.68 174.8 163.92 172.08 186.24 188.26 189.48 189.66 189.76 189.92 190.08 190.16 185.2 176.1 169 167.98 173.88 183.92 186.86 193.7 203.6 207.52 209.36 212.18 209.1 211.94 214.84 218.78 222.74 223.2 226.22 221.96 212.94 212.86 217.98 238.94 259.98 -9999 -9999 -9999 -9999 269.52 264.4 235.3 219.18 221.06 217.12 215.98 215.02 215.02 216 210.98 211.14 211.26 216.42 211.46 203.56 216.56 221.58 228.5
206.5 201.72 195.88 187.02 186.04 183.2 186.28 187.4 194.44 193.42 180.46 177.5 182.5 183.52 181.54 182.6 179.66 167.72 142.86 175.96 191.18 193.36 194.54 194.58 193.78 192.86 192 193.12 189.1 177.1 172.96 177.9 185.86 187.78 191.7 196.56 206.48 210.32 211.28 213 212.92 214.84 217.72 222.56 222.88 223.24 230.32 228.16 227.92 220.8 209.82 223.8 230.88 253.84 -9999 -9999 -9999 -9999 265.34 243.1 209 221.94 218.06 215.96 215.02 217.06 219.16 216.22 210.38 213.36 217.4 212.52 211.54 224.5 225.66 231.58
