shamba/rasters/climate/tmp_3.txt
ncols         720
nrows         360
xllcorner     -180
yllcorner     -90
cellsize      0.5
NODATA_value  -9999
[rows 34 to 67 of 360, columns 76 to 151 of 720]
-9999 -9999 -9999 -9999 -9999 -9999 -9999 -9999 -9999 -9999 -9999 -9999 -9999 -9999 -9999 -9999 -9999 -9999 -9999 -9999 -9999 -9999 -9999 -9999 -9999 -9999 -9999 -9999 -9999 -9999 -9999 -9999 -9999 -9999 -286.16 -287.92 -290.76 -292.6 -296.24 -297.1 -298.9 -299.76 -299.52 -297.44 -292.24 -292.08 -291.92 -292.78 -294.68 -300.72 -305.66 -308.82 -310.84 -311.92 -312.96 -314.04 -312.04 -314.14 -317.12 -316.18 -308.3 -309.38 -306.52 -308.58 -309.6 -308.6 -9999 -308.7 -314.72 -316.72 -314.8 -312.82 -310.86 -309.9 -9999 -9999
-9999 -9999 -9999 -9999 -9999 -9999 -9999 -9999 -9999 -9999 -9999 -9999 -9999 -9999 -9999 -9999 -9999 -9999 -9999 -9999 -9999 -9999 -9999 -9999 -9999 -9999 -9999 -9999 -9999 -9999 -9999 -9999 -281.6 -279.46 -282.08 -283.78 -285.56 -287.44 -291.1 -292.02 -293.72 -293.62 -293.52 -288.34 -289.24 -291.1 -284.86 -289.64 -296.52 -298.38 -302.42 -305.6 -307.6 -308.66 -310.74 -309.78 -312.88 -311.86 -312.9 -314 -307.06 -308.18 -306.18 -307.3 -308.34 -308.36 -307.42 -307.48 -307.46 -310.58 -312.54 -312.6 -309.6 -309.6 -9999 -9999
-9999 -9999 -9999 -9999 -9999 -9999 -9999 -9999 -9999 -9999 -9999 -9999 -9999 -9999 -9999 -9999 -9999 -9999 -9999 -9999 -9999 -9999 -9999 -9999 -9999 -9999 -9999 -9999 -9999 -9999 -9999 -9999 -274.74 -275.4 -276.08 -277.74 -285.44 -292.22 -292.96 -295.88 -285.76 -285.56 -278.46 -284.28 -9999 -278.9 -280.72 -287.54 -289.42 -292.24 -294.18 -296.26 -299.28 -302.4 -303.46 -304.46 -305.62 -306.62 -308.68 -308.78 -307.88 -308.92 -309.94 -311.02 -310 -308.16 -306.16 -305.18 -305.22 -307.34 -308.28 -309.4 -309.36 -308.42 -308.4 -9999
-9999 -9999 -9999 -9999 -9999 -9999 -9999 -9999 -9999 -9999 -9999 -9999 -9999 -9999 -9999 -9999 -9999 -9999 -9999 -9999 -9999 -9999 -9999 -9999 -9999 -9999 -9999 -9999 -9999 -9999 -9999 -9999 -9999 -9999 -9999 -9999 -272.56 -277.38 -280.06 -276.88 -274.76 -272.58 -274.34 -9999 -9999 -9999 -9999 -279.46 -280.22 -284.18 -285.94 -289.92 -295.04 -298.1 -298.2 -298.3 -300.32 -300.34 -301.42 -302.44 -303.54 -304.56 -308.7 -308.7 -310.84 -308.84 -305.96 -305 -306.06 -307.08 -307.08 -308.1 -308.22 -308.26 -308.24 -307.24
-9999 -9999 -9999 -9999 -9999 -9999 -9999 -9999 -9999 -9999 -9999 -9999 -9999 -9999 -9999 -9999 -9999 -9999 -9999 -9999 -9999 -9999 -9999 -9999 -9999 -9999 -9999 -267.46 -9999 -9999 -9999 -9999 -9999 -9999 -9999 -9999 -9999 -9999 -9999 -9999 -9999 -9999 -9999 -9999 -9999 -9999 -9999 -274.44 -278.32 -280.12 -282.96 -285.8 -287.8 -288.88 -291.9 -291.94 -292 -293.06 -294.16 -297.28 -299.28 -301.34 -305.4 -306.5 -306.54 -306.6 -304.62 -303.72 -303.8 -304.82 -304.84 -305.88 -305.94 -305.92 -306.96 -307.02
-9999 -9999 -9999 -9999 -9999 -9999 -9999 -9999 -9999 -9999 -9999 -9999 -9999 -9999 -9999 -9999 -9999 -9999 -9999 -9999 -9999 -9999 -265.98 -263.92 -262.78 -9999 -9999 -260.54 -261.6 -261.5 -9999 -9999 -9999 -9999 -9999 -9999 -9999 -9999 -9999 -9999 -9999 -9999 -9999 -9999 -9999 -9999 -9999 -9999 -9999 -274.26 -275.04 -278.86 -282.76 -284.8 -285.78 -286.88 -286.8 -287.84 -287.98 -290.94 -294 -297.02 -298.16 -301.18 -301.26 -301.32 -301.4 -300.46 -301.5 -302.54 -303.64 -303.68 -305.72 -305.74 -306.76 -305.8
-241.2 -250.46 -250.84 -251.22 -251.28 -250.34 -9999 -9999 -9999 -9999 -9999 -9999 -256.36 -9999 -9999 -260.36 -263.54 -266.44 -265.36 -263.16 -258.14 -257.04 -255.9 -254.86 -275.78 -265.82 -271.7 -283.68 -286.62 -279.66 -257.6 -258.62 -9999 -251.96 -257.48 -251.1 -9999 -248.56 -252.4 -252.22 -253.06 -247.78 -249.66 -9999 -9999 -9999 -9999 -9999 -9999 -269.38 -273.12 -277.92 -281.86 -283.76 -285.66 -285.68 -288.8 -291.84 -290.84 -291.88 -292.92 -294.98 -295 -295.94 -300.08 -301.08 -299.14 -299.22 -300.26 -298.28 -298.36 -300.5 -302.48 -303.46 -303.6 -303.46
-278.24 -279.56 -276.92 -275.22 -266.42 -257.48 -244.42 -243.44 -9999 -9999 -9999 -9999 -246.2 -248.22 -249.24 -250.26 -251.38 -252.34 -251.3 -251.16 -250.02 -248.98 -248.04 -247.94 -280.88 -277.98 -283.84 -280.9 -288.8 -286.94 -255.86 -257.9 -255.64 -256.16 -255.84 -253.26 -252 -252.58 -255.42 -261.26 -270.08 -267.86 -259.64 -255.56 -258.4 -255.16 -256.04 -258.86 -259.6 -9999 -9999 -268.02 -272.9 -273.76 -274.68 -274.66 -275.72 -280.68 -282.78 -283.78 -285.8 -286.86 -288.92 -290.92 -293.94 -296.02 -294.98 -295.04 -295.04 -293.08 -292.08 -295.16 -297.14 -300.24 -301.36 -301.42
-266.6 -260.86 -264.2 -266.64 -255.8 -262.84 -252.88 -250.72 -243.74 -241.5 -239.38 -239.3 -238.2 -239.24 -243.2 -246.08 -248.32 -248.26 -247.16 -248.22 -248.16 -247.2 -247.1 -247.06 -248.08 -250.16 -250.12 -249.16 -255.1 -255.06 -254.06 -255.18 -254.96 -254.5 -253.96 -252.44 -250.98 -249.74 -248.5 -247.24 -246.2 -245.98 -246.84 -249.6 -256.48 -266.26 -266.12 -265.96 -263.82 -265.58 -267.38 -269.28 -269.98 -270.86 -270.66 -266.68 -9999 -269.7 -273.72 -275.76 -277.74 -279.74 -281.84 -281.86 -281.84 -284.88 -285.92 -284.98 -287 -288 -291.06 -293.1 -295.2 -291.32 -295.36 -293.38
-235.82 -237.22 -240.46 -239.86 -233.18 -235.22 -240.16 -245.16 -251.06 -253.92 -253.8 -252.62 -244.54 -233.46 -234.42 -236.38 -238.28 -240.3 -240.34 -242.34 -241.34 -240.3 -242.36 -242.36 -241.38 -240.28 -240.32 -241.38 -248.34 -249.4 -248.4 -248.34 -248.24 -247.66 -247.12 -245.6 -244.14 -243.92 -242.6 -241.38 -241.14 -242.02 -242.82 -244.58 -256.48 -260.38 -258.12 -259.02 -260.86 -263.68 -266.48 -269.3 -270.1 -268.02 -266.86 -265.74 -262.66 -9999 -9999 -9999 -269.7 -269.76 -271.84 -9999 -9999 -9999 -277.92 -280.98 -283.04 -284.02 -286.14 -289.2 -292.36 -292.48 -291.48 -288.48
-227.06 -232.48 -227.86 -226.26 -220.52 -221.56 -222.6 -232.48 -235.3 -252.24 -256.04 -258.92 -241.8 -226.72 -227.6 -228.42 -228.44 -229.46 -232.5 -233.58 -230.54 -233.56 -232.6 -235.64 -233.66 -234.58 -235.6 -236.58 -241.52 -241.52 -241.62 -240.62 -240.38 -240.9 -241.38 -239.84 -237.22 -236.9 -236.68 -236.56 -236.24 -237 -237.86 -240.8 -251.58 -251.42 -252.22 -256 -257.98 -259.7 -262.52 -264.4 -264.22 -264 -262.92 -261.8 -261.8 -261.66 -269.7 -263.76 -266.74 -268.8 -270.82 -273.84 -276.92 -276.86 -273.92 -273.9 -282.04 -286.14 -287.22 -288.34 -294.54 -295.52 -296.66 -295.68
-199.58 -204.9 -213.18 -213.5 -220.62 -221.62 -223.62 -221.62 -215.4 -217.32 -223.14 -244.08 -227.94 -222.86 -217.7 -216.7 -216.52 -216.5 -218.7 -217.66 -220.74 -222.86 -222.78 -223.86 -229.84 -230.78 -229.84 -229.9 -232.84 -234.8 -233.92 -233.84 -232.42 -234.12 -231.58 -231.98 -230.46 -230.02 -229.84 -230.64 -231.34 -231.12 -233 -234.76 -238.62 -241.46 -246.26 -248.1 -248.92 -251.7 -255.54 -258.34 -259.28 -261.12 -262.12 -261.9 -261.82 -262.72 -262.74 -264.7 -266.72 -268.76 -270.78 -271.9 -273.94 -275.98 -276.02 -276.08 -275.24 -280.28 -282.46 -283.58 -288.64 -290.6 -291.82 -292.8
-194.22 -202.3 -211.5 -216.88 -214.82 -219.78 -215.74 -209.74 -205.52 -205.48 -211.38 -223.18 -227.06 -210 -205.84 -204.74 -204.62 -204.68 -205.76 -206.84 -207.76 -210.94 -211.96 -213.08 -216.08 -220.12 -223.12 -222.1 -223.1 -225.08 -224.12 -225.96 -227.64 -226.3 -225.74 -224.26 -224.64 -222.14 -221.88 -222.66 -219.38 -219.24 -219.98 -221.86 -225.6 -230.52 -234.32 -237.16 -241.96 -252.82 -255.68 -258.52 -260.48 -262.34 -264.24 -265.12 -266.02 -266.88 -267.82 -268.76 -270.66 -272.74 -273.72 -275.88 -275.86 -276.98 -278.06 -280.2 -278.28 -280.4 -281.6 -282.72 -284.78 -285.8 -286.94 -288.02
-179.78 -186.78 -205.78 -214.88 -220.9 -217.82 -205.84 -195.74 -193.68 -195.52 -200.5 -206.4 -219.24 -207.14 -201.02 -193.86 -191.76 -191.76 -193.84 -194.92 -196.02 -197.04 -200.08 -202.18 -204.16 -206.26 -210.28 -212.36 -213.36 -214.32 -214.28 -215.08 -216.74 -215.4 -212.96 -211.4 -211.86 -208.36 -208.98 -210.84 -213.48 -211.26 -211.1 -214.92 -217.74 -222.5 -226.38 -227.28 -234.04 -246 -248.82 -250.72 -253.68 -255.46 -256.4 -257.28 -258.2 -260.06 -261.94 -262.8 -264.72 -267.8 -268.84 -270.8 -270.96 -272.1 -273.12 -274.38 -273.4 -274.64 -275.66 -276.82 -278.9 -279.92 -280.94 -282.1
-178.34 -182.28 -197.18 -204.98 -209.02 -206.88 -204.92 -191.82 -193.78 -193.7 -189.58 -187.4 -190.32 -185.16 -186.06 -191.98 -193.94 -191.92 -197.94 -202.98 -198.02 -198.2 -202.18 -197.28 -194.32 -196.4 -198.42 -200.6 -202.64 -209.64 -209.54 -211.3 -209.88 -209.62 -206.2 -206.6 -206.08 -207.54 -208.12 -206.84 -204.56 -204.34 -208.1 -208.92 -212.74 -216.6 -219.38 -223.24 -235.3 -238.08 -240.94 -243.92 -245.74 -247.62 -249.62 -249.46 -251.38 -252.32 -254.14 -258.06 -259.82 -262.68 -264.84 -266.9 -265.04 -266.22 -266.26 -267.48 -268.58 -270.78 -271.84 -272.96 -274.02 -276.1 -277.12 -279.26
-170.84 -174.74 -185.58 -195.2 -194.06 -191.96 -193.02 -192.88 -191.94 -192.8 -193.66 -191.56 -187.44 -180.32 -185.1 -193.06 -203.02 -207.96 -216.02 -215.12 -210.16 -210.22 -220.38 -219.4 -209.42 -208.5 -204.5 -205.66 -194.76 -191.76 -193.8 -198.42 -196.08 -192.64 -196.4 -196.82 -196.24 -199.66 -196.3 -193.92 -196.7 -207.42 -209.22 -204.94 -209.78 -216.74 -219.54 -222.42 -228.32 -231.22 -234.08 -235.94 -238.88 -239.76 -240.72 -242.58 -243.48 -244.42 -246.42 -248.24 -253.16 -254.88 -257.9 -260.08 -258.14 -259.18 -260.44 -261.54 -262.66 -263.88 -264.92 -266.04 -268.14 -269.14 -271.22 -273.36
-174.26 -166.24 -165.02 -185.52 -191.14 -196.02 -190.12 -189.96 -196.98 -191.92 -191.76 -193.72 -199.56 -200.42 -201.3 -206.24 -212.14 -213.1 -216.06 -223.34 -221.3 -219.36 -227.4 -228.48 -222.54 -225.66 -226.68 -226.78 -222.88 -212.92 -194.78 -185.5 -186.14 -183.78 -182.54 -191.04 -192.46 -189.86 -191.4 -193.1 -191.8 -193.6 -198.26 -207.08 -211.94 -215.84 -211.76 -209.62 -212.42 -217.32 -221.22 -225.22 -231.1 -231.9 -232.94 -233.72 -235.64 -236.58 -238.52 -240.52 -242.14 -245.08 -247.16 -249.22 -251.34 -252.5 -253.62 -253.7 -254.92 -255.98 -258.04 -259.18 -261.12 -262.28 -264.38 -266.36
-161.7 -162.72 -165.3 -160.96 -173.58 -168.22 -173.08 -179.1 -183.04 -182.98 -180.88 -173.8 -172.72 -171.62 -181.36 -182.34 -193.32 -196.2 -195.34 -204.36 -203.46 -206.58 -213.62 -217.74 -208.76 -211.84 -210.92 -213.96 -212 -205.08 -194.82 -186.52 -182.2 -177.92 -173.66 -185.14 -193.7 -187.16 -184.64 -187.26 -185.88 -187.6 -192.48 -198.22 -201.08 -202.94 -205.88 -210.76 -207.62 -208.56 -212.42 -216.3 -223.16 -224.1 -225.04 -225.88 -226.86 -227.86 -229.72 -231.54 -233.24 -236.26 -238.4 -240.48 -242.48 -244.66 -244.66 -245.82 -247.08 -249.1 -250.2 -252.12 -253.24 -255.38 -257.42 -259.44
-147.84 -156.52 -157.26 -158.88 -156.62 -153.6 -149.58 -149.44 -147.26 -151.16 -150.04 -140.98 -135.9 -146.7 -149.48 -152.52 -152.54 -155.44 -176.54 -178.58 -185.7 -190.74 -191.78 -191.92 -197.98 -199.06 -202.12 -195.16 -196.12 -202.02 -196.8 -187.44 -183.18 -176.94 -172.7 -171.42 -172.88 -181.3 -179.84 -179.38 -181 -182.78 -182.68 -188.34 -192.26 -197.16 -198.9 -196.9 -199.82 -202.7 -204.56 -206.48 -212.38 -213.24 -213.2 -214.12 -215.08 -218.06 -221.86 -224.58 -225.24 -228.56 -229.54 -232.74 -234.74 -236.8 -237.9 -239.08 -240 -241.12 -242.28 -244.24 -245.42 -247.42 -249.5 -251.56
-133.76 -141.4 -146.26 -146.2 -147.12 -142.08 -144.08 -141.2 -142.08 -137.92 -135.86 -129.54 -133.12 -137.88 -140.84 -138.7 -154.72 -158.66 -158.72 -161.82 -171.88 -176.92 -177.08 -182.06 -186.2 -182.3 -184.28 -189.26 -197.24 -196 -185.86 -180.56 -180.18 -178.9 -174.62 -171.42 -162.94 -172.54 -174.1 -172.6 -172.22 -174.02 -175.8 -179.6 -179.42 -181.3 -185.14 -188.12 -190.94 -193.86 -195.72 -196.64 -199.46 -201.42 -201.4 -202.4 -204.38 -206.24 -209.86 -213.5 -216.2 -217.72 -218.9 -222.92 -222.88 -225.04 -229.1 -230.14 -231.26 -233.22 -233.38 -235.44 -237.42 -239.5 -239.54 -242.62
-116.74 -120.94 -125.9 -136.68 -142.7 -141.56 -147.68 -151.74 -136.74 -131.72 -128.2 -119.68 -112.36 -117.28 -122.98 -135.96 -144.94 -143.94 -144.88 -153.98 -157.06 -155.2 -165.22 -168.26 -175.38 -172.42 -175.42 -179.28 -186.32 -195.12 -189.8 -195.58 -188.2 -187.92 -171.62 -162.44 -158.08 -152.84 -160.32 -161.94 -159.46 -161.26 -164 -165.8 -168.62 -172.38 -175.36 -179.28 -182.1 -186.02 -186.96 -184.86 -185.74 -185.72 -186.66 -188.68 -192.46 -195.14 -197.8 -199.48 -201.28 -199.82 -201.98 -205.02 -207.06 -210.26 -217.38 -221.34 -224.36 -225.44 -227.46 -228.54 -230.6 -233.66 -235.72 -238.82
-139.42 -137.64 -121.18 -118.24 -119.14 -130.18 -134.22 -137.18 -138.24 -138.68 -126.28 -111.86 -108.6 -112.48 -112.38 -128.4 -132.18 -138.08 -130.12 -139.22 -140.32 -139.34 -144.46 -151.52 -154.44 -170.46 -160.48 -168.5 -168.36 -173.12 -182.84 -186.58 -184.16 -179.96 -168.68 -162.48 -154.3 -140.92 -146.56 -149.14 -147.72 -152.4 -161.18 -173 -176.78 -178.62 -179.46 -175.34 -172.26 -173.2 -175.16 -176.02 -176.88 -176.86 -179.84 -180.8 -178.46 -180.16 -182.8 -184.5 -184.32 -188 -193.2 -198.18 -202.28 -205.38 -208.3 -211.52 -213.54 -216.52 -218.54 -219.68 -221.68 -224.74 -226.84 -229.84
-154.34 -143.2 -138.52 -135.04 -127.62 -133.64 -140.84 -139.46 -130.02 -118.56 -124.3 -115.14 -110.94 -106.78 -99.6 -112.66 -119.6 -128.46 -132.42 -131.42 -128.46 -128.62 -138.5 -144.54 -139.6 -149.5 -148.56 -145.54 -155.4 -160.14 -158.86 -152.52 -158.22 -162.02 -166.78 -160.54 -161.42 -147.1 -139.8 -145.36 -138.96 -138.54 -141.32 -146.1 -152.84 -155.64 -156.44 -156.34 -160.16 -163.06 -164.94 -165.88 -166.7 -166.7 -167.7 -167.64 -168.48 -169.12 -169.84 -170.58 -174.34 -181.24 -185.36 -190.44 -192.54 -194.3 -197.24 -200.48 -202.7 -204.68 -207.72 -209.66 -212.78 -214.84 -216.84 -221.02
-166.16 -183.02 -185.02 -194.54 -141.94 -129.7 -128.84 -129.38 -124.78 -121.36 -115.32 -111.3 -104.2 -93.94 -102.86 -104.88 -112.92 -113.86 -114.7 -126.74 -133.8 -134.66 -132.72 -142.68 -132.66 -126.64 -143.64 -142.62 -147.34 -147.06 -142.82 -142.62 -141.38 -147.14 -157.98 -152.76 -149.56 -135.3 -128.86 -130.5 -131.08 -132.82 -134.54 -135.3 -138.04 -139.68 -141.26 -146.12 -150.04 -150.92 -153.84 -155.8 -154.66 -154.66 -156.58 -157.4 -157.26 -159.18 -159.84 -160.6 -163.48 -169.32 -174.52 -178.68 -180.68 -183.22 -185.12 -188.36 -192.54 -195.76 -197.94 -200.9 -202.9 -205.04 -207.1 -211.14
-130.96 -144.82 -172.7 -179.92 -168.46 -154.26 -142.94 -124.66 -116.42 -105.28 -104.28 -103.24 -104.24 -96.16 -93.12 -92.16 -98.14 -100.1 -98.94 -101.06 -104.98 -113.92 -122.82 -118.86 -114.76 -115.76 -121.82 -118.56 -124.3 -127.2 -131.06 -125.82 -130.54 -131.3 -146.18 -142.82 -125.6 -115.4 -127.16 -133.7 -133.3 -133.04 -134.9 -136.68 -136.48 -137.22 -138.82 -141.58 -142.42 -145.22 -146 -146.86 -148.54 -148.5 -149.32 -149.14 -149.08 -149.8 -149.78 -150.68 -151.62 -155.46 -160.8 -164.96 -166.66 -170.3 -173.94 -179.18 -184.52 -187.7 -190.82 -193.98 -194.1 -196.12 -198.24 -200.26
-95.74 -111.62 -117.58 -125.42 -132.78 -119.22 -127.94 -117.72 -105.86 -108.94 -99.96 -95.94 -92.98 -100.98 -86.16 -82.16 -84.28 -91.34 -88.34 -96.3 -106.18 -112.16 -112.02 -112.08 -103 -106.98 -110.92 -109.72 -111.52 -110.28 -113.16 -109.96 -117.66 -111.46 -125.24 -119.02 -108.68 -108.52 -113.3 -117.9 -122.5 -127.3 -129.18 -130.96 -127.84 -133.68 -135.46 -138.12 -143.94 -142.7 -137.48 -138.34 -140.18 -139.92 -139.52 -139.22 -140.04 -139.72 -139.66 -138.6 -139.8 -144.78 -150.08 -153.1 -154.68 -159.22 -161.94 -167.1 -173.36 -177.56 -180.78 -182.96 -184.1 -186.32 -187.36 -189.36
-52.44 -34.3 -24.3 -25.18 -27.24 -53.28 -67.38 -71.4 -81.54 -68.66 -91.74 -88.76 -88.74 -85.74 -93 -93.04 -84.2 -94.3 -96.44 -85.3 -96.26 -112.22 -118.1 -118.04 -103.04 -103 -100.02 -97.78 -95.66 -90.5 -92.3 -103.02 -111.86 -111.64 -100.4 -91.18 -95.92 -102.72 -106.44 -109.04 -110.84 -111.62 -113.5 -115.34 -123.16 -124.06 -127.94 -131.72 -134.5 -126.22 -125.02 -128.86 -133.58 -139.22 -136.88 -131.64 -130.36 -131.18 -129.94 -128.7 -130.14 -134.12 -139.36 -142.12 -145.7 -147.32 -148.94 -153.04 -158.2 -162.44 -166.7 -169.84 -174.02 -175.36 -175.46 -176.52
-9999 -9999 -9999 -9999 -13.96 -20.96 -25.08 -30.18 -67.3 -73.42 -75.58 -59.5 -47.58 -46.5 -88.8 -91.92 -83 -86.18 -91.4 -78.56 -81.34 -96.22 -96.12 -108.02 -102.96 -103.94 -104.02 -103.96 -89.68 -92.62 -98.46 -100.22 -99.92 -96.8 -92.58 -86.28 -89.04 -89.8 -91.66 -97.28 -103.08 -105.96 -109.86 -104.76 -109.58 -110.38 -113.3 -114.12 -112.98 -113.76 -120.54 -126.24 -136.88 -139.62 -138.34 -134.84 -120.64 -118.24 -119.06 -120.06 -120.66 -124.44 -128.64 -130.18 -134.84 -138.42 -134 -137.02 -142.16 -146.36 -150.56 -154.76 -159 -159.1 -159.36 -162.66
-9999 -9999 -9999 -9999 -9999 -9999 -9999 -19.92 -34.04 -101.1 -49.18 -19.28 -27.3 -12.34 -31.52 -56.72 -41.96 -51.12 -58.3 -64.4 -69.36 -82.3 -82.08 -84.04 -88.02 -102.02 -102.1 -101.12 -95.84 -90.68 -102.52 -119.24 -107.04 -102.82 -102.54 -91.4 -85.18 -82.94 -81.74 -82.58 -88.46 -91.36 -92.2 -93.06 -92 -95.9 -99.66 -102.56 -106.38 -107.3 -107.9 -111.46 -116.06 -119.68 -117.28 -109.94 -105.56 -107.38 -108.06 -109.64 -111.18 -115 -116.78 -118.4 -121.96 -125.72 -131.4 -135.34 -138.46 -142.64 -144.64 -145.88 -144.02 -147.1 -148.3 -149.5
-9999 -9999 -9999 -9999 -9999 -9999 -9999 -9999 -9999 -52.82 -25.94 -7.92 -4.08 -4.24 -7.4 -11.6 -31.74 -55.12 -62.36 -68.48 -65.46 -72.24 -55.14 -67.98 -82.98 -90 -89.06 -91.04 -98.88 -94.64 -92.48 -99.22 -101.02 -114.78 -125.46 -104.22 -85.2 -83.86 -76.76 -79.62 -77.44 -79.4 -82.22 -86.04 -91.02 -93.92 -96.7 -96.52 -95.44 -94.46 -92.26 -89.7 -89.16 -90.84 -92.56 -92.22 -93.94 -98.64 -103.84 -105.4 -102.9 -106.12 -107.82 -111.32 -114.98 -119.78 -124.54 -128.52 -131.64 -134.8 -133.9 -133.14 -134.26 -135.42 -137.54 -137.58
-9999 -9999 -9999 -9999 -9999 -9999 -9999 -9999 -9999 -9999 -9999 -1.76 -12.86 -7.88 -5.22 -13.58 -12.8 -46.04 -53.28 -77.52 -61.44 -59.36 -62.26 -61.24 -69.04 -74.88 -83.88 -81.96 -86.84 -91.64 -97.28 -84.1 -80.86 -92.6 -104.42 -110.18 -92.92 -78.82 -78.76 -76.56 -74.46 -77.34 -80.16 -89.14 -99 -98.86 -94.7 -94.74 -90.7 -84.68 -85.64 -94.26 -95.78 -86.38 -85.94 -89.54 -94.3 -102.16 -107.76 -110.28 -100.1 -98.02 -101.64 -106.2 -112.82 -115.64 -119.52 -121.52 -124.62 -124.68 -122.88 -123.04 -125.2 -127.48 -126.48 -129.64
-9999 -9999 -9999 -9999 -9999 -9999 -9999 -9999 -9999 -9999 -9999 -9999 10.46 -8.66 0.94 -3.46 15.12 -19.04 -36.28 -90.56 -57.58 -79.48 -70.36 -57.34 -72.2 -72.8 -78.74 -78.78 -78.68 -81.52 -82.24 -89.96 -84.76 -65.44 -85.28 -100.12 -95.92 -87.8 -75.8 -71.7 -70.46 -72.3 -78.26 -86.1 -90 -95.82 -97.88 -93.8 -89.84 -81.86 -81.88 -84.86 -88.42 -76.94 -78.48 -87.16 -93.82 -95.1 -95.58 -94.36 -88.18 -91.04 -97.6 -101.24 -104.84 -105.46 -109.38 -112.32 -114.5 -116.76 -113.86 -113.98 -114.2 -117.36 -118.54 -121.72
-9999 -9999 -9999 -9999 -9999 -9999 -9999 -9999 -9999 -9999 -9999 -9999 -9999 11.58 0.24 14.74 17.34 9.9 6.64 -25.58 -25.6 -23.56 -29.42 -42.42 -46.28 -46.94 -53.62 -55.58 -61.68 -73.4 -75.14 -83.92 -75.68 -64.52 -66.26 -73 -81.88 -80.02 -66.84 -58.68 -56.48 -60.36 -64.2 -76.06 -87.32 -93.18 -89.04 -83.08 -81.04 -76 -81.06 -82.08 -78.1 -70.6 -74.1 -78.76 -78.66 -81.16 -83 -83.58 -82.34 -80.06 -85.68 -90.24 -94.82 -96.5 -99.24 -101.22 -104.2 -106.48 -107.68 -107.98 -109.22 -109.34 -111.6 -114.94
-9999 -9999 -9999 -9999 -9999 -9999 -9999 -9999 -9999 -9999 -9999 -9999 -9999 -9999 21.4 28.96 23.58 20.14 20.66 7.48 -12.76 -13.6 -7.5 -24.5 -43.44 -21.1 -35.78 -50.52 -51.52 -59.34 -62.1 -71.76 -70.58 -65.34 -66.16 -50 -72.04 -69 -62.9 -51.76 -43.58 -49.46 -52.22 -62.5 -68.32 -74.16 -70.16 -67.26 -67.18 -68.24 -74.3 -74.3 -70.38 -67.22 -67.76 -69.38 -70.76 -75.36 -75.1 -76.96 -80.54 -86.32 -80.78 -84.32 -86.8 -89.46 -93.18 -94.98 -97.18 -98.26 -99.46 -100.88 -103.2 -103.46 -105.84 -110.06
