shamba/rasters/climate/tmp_11.txt
ncols         720
nrows         360
xllcorner     -180
yllcorner     -90
cellsize      0.5
NODATA_value  -9999
[rows 170 to 203 of 360, columns 228 to 303 of 720]
254.42 249.56 234.74 223.9 239.92 246.12 241.28 240.32 227.48 225.5 222.52 240.5 251.48 258.48 269.46 268.4 268.4 266.3 266.28 268.26 267.22 269.26 266.18 264.12 264.08 263.04 262.98 262 267.98 -9999 -9999 -9999 -9999 -9999 -9999 -9999 -9999 -9999 -9999 -9999 -9999 -9999 -9999 -9999 -9999 -9999 -9999 -9999 -9999 -9999 -9999 -9999 -9999 -9999 -9999 -9999 -9999 -9999 -9999 -9999 -9999 -9999 -9999 -9999 -9999 -9999 -9999 -9999 -9999 -9999 -9999 -9999 -9999 -9999 -9999 -9999
230.54 220.72 229.84 232.94 233.06 232.3 242.4 243.5 243.6 245.64 249.56 255.54 261.48 268.54 268.42 269.44 268.4 266.36 261.3 263.3 266.26 269.26 262.16 264.24 265.12 263.14 260.1 257.06 263.16 271.1 -9999 -9999 -9999 -9999 -9999 -9999 -9999 -9999 -9999 -9999 -9999 -9999 -9999 -9999 -9999 -9999 -9999 -9999 -9999 -9999 -9999 -9999 -9999 -9999 -9999 -9999 -9999 -9999 -9999 -9999 -9999 -9999 -9999 -9999 -9999 -9999 -9999 -9999 -9999 -9999 -9999 -9999 -9999 -9999 -9999 -9999
236.68 238.86 240.96 224.06 250.22 248.32 243.44 260.58 260.78 273.78 274.68 276.62 278.6 276.5 272.44 271.48 267.4 261.38 249.46 243.32 263.34 266.32 268.24 264.2 264.2 261.1 261.18 258.2 259.3 263.26 -9999 -9999 -9999 -9999 -9999 -9999 -9999 -9999 -9999 -9999 -9999 -9999 -9999 -9999 -9999 -9999 -9999 -9999 -9999 -9999 -9999 -9999 -9999 -9999 -9999 -9999 -9999 -9999 -9999 -9999 -9999 -9999 -9999 -9999 -9999 -9999 -9999 -9999 -9999 -9999 -9999 -9999 -9999 -9999 -9999 -9999
258.74 262.94 255.04 225.16 238.32 249.56 262.68 267.78 271.92 275.82 277.66 279.66 271.6 265.58 270.54 269.5 266.52 266.48 257.42 250.44 267.42 263.32 263.24 264.26 265.26 261.3 260.4 260.3 260.4 264.5 -9999 -9999 -9999 -9999 -9999 -9999 -9999 -9999 -9999 -9999 -9999 -9999 -9999 -9999 -9999 -9999 -9999 -9999 -9999 -9999 -9999 -9999 -9999 -9999 -9999 -9999 -9999 -9999 -9999 -9999 -9999 -9999 -9999 -9999 -9999 -9999 -9999 -9999 -9999 -9999 -9999 -9999 -9999 -9999 -9999 -9999
259.94 257.06 264.3 231.42 227.5 242.64 260.76 265.9 272.04 276.82 277.64 276.64 272.6 274.52 272.54 270.52 270.46 269.42 268.44 251.42 260.4 262.36 253.4 266.4 267.34 261.4 263.42 262.44 262.44 265.56 272.54 -9999 -9999 -9999 -9999 -9999 -9999 -9999 -9999 -9999 -9999 -9999 -9999 -9999 -9999 -9999 -9999 -9999 -9999 -9999 -9999 -9999 -9999 -9999 -9999 -9999 -9999 -9999 -9999 -9999 -9999 -9999 -9999 -9999 -9999 -9999 -9999 -9999 -9999 -9999 -9999 -9999 -9999 -9999 -9999 -9999
239.98 258.2 261.32 252.52 237.68 245.74 260.94 264.08 270.24 269.04 276.8 269.82 271.66 271.7 273.62 272.62 271.58 270.54 269.44 261.42 262.42 265.42 260.34 264.38 263.4 263.58 267.62 260.6 261.6 267.62 272.6 274.62 -9999 -9999 -9999 -9999 -9999 -9999 -9999 -9999 -9999 -9999 -9999 -9999 -9999 -9999 -9999 -9999 -9999 -9999 -9999 -9999 -9999 -9999 -9999 -9999 -9999 -9999 -9999 -9999 -9999 -9999 -9999 -9999 -9999 -9999 -9999 -9999 -9999 -9999 -9999 -9999 -9999 -9999 -9999 -9999
249.1 247.24 239.46 243.56 263.8 263.9 263.06 272.14 263.26 276.08 273.86 271.78 269.76 269.7 271.7 267.6 269.68 268.56 268.58 265.44 264.46 265.46 266.48 268.52 268.6 261.56 263.62 266.68 265.7 268.74 274.8 274.76 -9999 -9999 -9999 -9999 -9999 -9999 -9999 -9999 -9999 -9999 -9999 -9999 -9999 -9999 -9999 -9999 -9999 -9999 -9999 -9999 -9999 -9999 -9999 -9999 -9999 -9999 -9999 -9999 -9999 -9999 -9999 -9999 -9999 -9999 -9999 -9999 -9999 -9999 -9999 -9999 -9999 -9999 -9999 -9999
229.1 199.38 235.54 258.7 258.84 270.04 270.14 269.3 271.34 275.08 275.92 274.78 274.82 259.72 265.72 266.66 269.56 269.6 271.6 268.48 268.48 266.6 265.6 266.64 271.68 270.74 270.74 270.82 270.92 271.88 275.92 274.88 -9999 -9999 -9999 -9999 -9999 -9999 -9999 -9999 -9999 -9999 -9999 -9999 -9999 -9999 -9999 -9999 -9999 -9999 -9999 -9999 -9999 -9999 -9999 -9999 -9999 -9999 -9999 -9999 -9999 -9999 -9999 -9999 -9999 -9999 -9999 -9999 -9999 -9999 -9999 -9999 -9999 -9999 -9999 -9999
226.22 235.44 256.62 267.82 269.96 270.16 273.3 274.48 275.42 276.22 274.94 275.88 274.82 271.76 275.78 274.78 272.66 271.7 274.62 273.66 267.62 266.7 266.82 266.84 265.82 269.8 271.86 272.94 276 274 277.02 279.08 -9999 -9999 -9999 -9999 -9999 -9999 -9999 -9999 -9999 -9999 -9999 -9999 -9999 -9999 -9999 -9999 -9999 -9999 -9999 -9999 -9999 -9999 -9999 -9999 -9999 -9999 -9999 -9999 -9999 -9999 -9999 -9999 -9999 -9999 -9999 -9999 -9999 -9999 -9999 -9999 -9999 -9999 -9999 -9999
263.3 265.4 266.64 268.92 270.96 272.22 273.32 274.52 275.42 276.28 276.06 275.84 274.9 274.84 274.8 276.78 275.68 275.72 275.72 275.72 269.74 268.76 267.88 267.9 267.94 270.9 272.96 273.96 277.02 278.14 280.14 280.12 276.1 -9999 -9999 -9999 -9999 -9999 -9999 -9999 -9999 -9999 -9999 -9999 -9999 -9999 -9999 -9999 -9999 -9999 -9999 -9999 -9999 -9999 -9999 -9999 -9999 -9999 -9999 -9999 -9999 -9999 -9999 -9999 -9999 -9999 -9999 -9999 -9999 -9999 -9999 -9999 -9999 -9999 -9999 -9999
266.22 269.54 270.8 271.9 274.08 275.32 276.4 277.6 278.52 277.3 272.12 272.02 272.88 273.88 277.86 278.82 276.76 277.72 277.7 275.84 274.9 273.9 271.98 270.98 273.06 273.04 275.1 274.2 277.2 280.22 280.24 279.24 279.36 279.26 279.28 277.22 -9999 -9999 -9999 -9999 -9999 -9999 -9999 -9999 -9999 -9999 -9999 -9999 -9999 -9999 -9999 -9999 -9999 -9999 -9999 -9999 -9999 -9999 -9999 -9999 -9999 -9999 -9999 -9999 -9999 -9999 -9999 -9999 -9999 -9999 -9999 -9999 -9999 -9999 -9999 -9999
267.32 269.62 270.88 271.98 274.14 275.34 276.54 277.74 278.62 277.38 273.22 272.98 274.96 277.92 278.84 279.84 279.84 279.84 279.84 279 276.02 276 274.08 275.04 275.16 274.2 274.22 275.24 278.28 278.32 278.4 278.36 278.4 278.4 279.38 276.38 276.36 275.26 278.2 -9999 -9999 -9999 -9999 -9999 -9999 -9999 -9999 -9999 -9999 -9999 -9999 -9999 -9999 -9999 -9999 -9999 -9999 -9999 -9999 -9999 -9999 -9999 -9999 -9999 -9999 -9999 -9999 -9999 -9999 -9999 -9999 -9999 -9999 -9999 -9999 -9999
267.52 269.66 270.94 273.14 274.4 275.44 276.62 277.74 278.58 277.42 275.18 276.02 275.96 276.9 277.88 280.9 280.94 281.96 282.04 282.04 279.06 278.08 274.2 275.24 276.34 276.3 276.34 279.34 279.38 277.4 276.4 275.5 276.5 277.56 277.6 275.54 274.46 273.3 274.28 275.22 277.02 279.88 -9999 -9999 -9999 -9999 -9999 -9999 -9999 -9999 -9999 -9999 -9999 -9999 -9999 -9999 -9999 -9999 -9999 -9999 -9999 -9999 -9999 -9999 -9999 -9999 -9999 -9999 -9999 -9999 -9999 -9999 -9999 -9999 -9999 -9999
268.56 269.7 271.98 273.2 274.46 275.56 276.7 276.76 277.66 277.42 277.3 276.1 275.98 276.96 277.98 280.04 282.1 283.08 283.12 283.18 280.22 279.22 279.24 278.36 281.38 279.36 281.44 280.48 278.52 275.54 274.56 274.54 275.62 276.48 275.58 274.54 274.18 274.26 274.3 275.16 278.06 278.96 278.88 -9999 -9999 -9999 -9999 -9999 -9999 -9999 -9999 -9999 -9999 -9999 -9999 -9999 -9999 -9999 -9999 -9999 -9999 -9999 -9999 -9999 -9999 -9999 -9999 -9999 -9999 -9999 -9999 -9999 -9999 -9999 -9999 -9999
268.58 270.8 273.02 273.34 274.42 275.66 275.84 276.9 277.62 278.52 279.32 278.14 278.08 278.06 278.08 281.08 282.2 284.24 286.26 284.26 280.28 277.44 280.42 279.42 279.44 278.44 277.48 277.52 277.56 275.6 272.56 273.58 274.46 275.48 273.46 274.36 273.14 272.96 273.7 275.56 277.76 277.9 278.88 281.82 -9999 284.7 -9999 -9999 -9999 -9999 -9999 -9999 -9999 -9999 -9999 -9999 -9999 -9999 -9999 -9999 -9999 -9999 -9999 -9999 -9999 -9999 -9999 -9999 -9999 -9999 -9999 -9999 -9999 -9999 -9999 -9999
269.66 271.9 273.1 274.34 274.56 274.72 275.92 275.72 277.64 278.48 279.36 280.26 280.08 279.16 278.18 279.22 281.32 284.36 287.36 284.32 280.38 276.38 275.34 276.42 277.44 276.38 275.42 276.4 277.42 276.48 275.44 274.48 275.42 275.38 274.46 275.34 272.96 273.74 274.62 273.34 278.16 277.98 279.08 281.24 282.4 282.58 282.7 282.5 287.46 287.4 283.32 284.24 284.1 -9999 -9999 -9999 -9999 -9999 -9999 -9999 -9999 -9999 -9999 -9999 -9999 -9999 -9999 -9999 -9999 -9999 -9999 -9999 -9999 -9999 -9999 -9999
270.72 272.94 275.18 274.4 274.7 273.88 274.9 275.72 276.66 277.62 279.4 280.28 280.18 278.16 277.2 277.3 280.24 281.22 282.26 281.26 279.3 277.34 276.28 275.3 274.26 274.34 273.34 274.36 274.44 274.46 274.48 274.42 274.4 274.34 274.34 273.18 270.98 271.84 272.54 273.28 278.1 280.8 281.64 282.34 282.34 282.58 282.68 282.88 280.94 274.14 280.3 278.28 280.1 277.96 -9999 -9999 -9999 -9999 -9999 -9999 -9999 -9999 -9999 -9999 -9999 -9999 -9999 -9999 -9999 -9999 -9999 -9999 -9999 -9999 -9999 -9999
271.88 273.04 274.36 273.52 272.76 272.96 272.96 273.82 275.76 276.52 277.4 277.16 278.26 278.2 277.18 277.16 278.24 279.16 280.16 280.18 279.16 277.2 274.2 274.28 274.28 273.24 273.36 273.28 273.32 272.3 274.36 274.38 275.26 274.36 274.36 273.08 269.94 271.66 268.5 274.16 278.02 281.8 283.58 282.3 280.06 280.94 284.7 284.78 281.96 267.08 270.32 279.42 275.5 274.72 274.94 285.98 -9999 -9999 -9999 -9999 -9999 -9999 -9999 -9999 -9999 -9999 -9999 266.44 -9999 -9999 -9999 -9999 -9999 -9999 -9999 -9999
271.9 272.18 273.34 272.7 271.8 271.12 272 272.82 273.56 275.36 276.22 277.06 277.24 276.2 276.1 276.04 277.12 277.1 278.06 278.22 278.18 276.2 272.12 272.14 273.18 272.2 271.22 270.24 270.18 268.2 268.3 270.3 273.34 273.3 273.28 272.08 270.9 272.64 273.34 273.16 277.92 281.72 283.44 283.2 285.12 286.76 285.62 285.44 283.14 270.1 267.28 281.38 273.58 272.88 271.22 279.92 284.04 -9999 -9999 -9999 -9999 -9999 -9999 -9999 -9999 -9999 -9999 -9999 -9999 -9999 -9999 -9999 -9999 -9999 -9999 -9999
270.76 272.06 272.24 272.5 271.8 270.78 271.78 272.62 273.42 274.2 275.1 276.1 276.06 275.14 275.22 275.12 276.04 275.1 276.02 277.1 274.08 273.12 272.12 272.1 270.06 269.24 269.1 268.2 267.16 264.2 261.26 266.18 271.28 271.22 270.14 267.94 265.78 268.58 272.22 270.1 275.8 280.68 283.42 282.24 286.04 289.7 288.46 287.32 283.08 275.88 275.6 275.64 270.98 274.2 279.64 282.48 286.16 283.34 -9999 -9999 -9999 -9999 -9999 -9999 -9999 -9999 -9999 -9999 -9999 -9999 -9999 -9999 -9999 -9999 -9999 -9999
270.78 271.04 271.36 271.54 271.46 271.66 271.54 272.44 272.2 272.96 274.1 275.1 275.06 275.18 274.06 274.04 273.06 274.1 274 274 272.96 270.02 270.06 269.06 265.12 264.1 265.1 262.08 261.12 260.12 260.14 265.12 269.2 271.16 272.08 271.86 268.72 265.44 266.26 268.98 274.72 277.54 281.32 280.14 284.88 287.72 289.48 289.26 286 274.96 276.94 274.7 275.58 284.5 285.14 287.02 287.62 283.4 276.52 269.5 265.54 271.52 -9999 -9999 -9999 -9999 -9999 -9999 -9999 -9999 -9999 -9999 -9999 -9999 -9999 -9999
270.82 271.04 271.3 271.42 271.18 271.42 271.48 272.28 272.08 272.94 272.94 273.98 274.02 274.18 272.16 272.12 272.06 272.04 271.04 271 271.96 269.02 269 267.96 261.98 261.04 263.98 259.04 258.08 258.08 261.1 265.08 268.06 269.14 268.06 271.82 267.56 269.38 264.1 268.94 270.74 276.52 278.24 281 286.8 286.62 287.54 290.38 285.24 273.22 275.06 273.84 274.74 280.82 287 284.58 289.28 283.96 277.6 267.56 264.64 264.64 -9999 -9999 -9999 -9999 -9999 -9999 -9999 -9999 -9999 -9999 -9999 -9999 -9999 -9999
269.88 270.1 270.24 269.98 269.98 270.24 270.22 272.04 271.94 271.94 272.96 272.9 271.96 272.1 270.16 268.14 270.1 269.06 268 267.94 268.94 266.9 265.84 265.84 259.96 257.98 260.9 259.88 254 254.04 259.04 260 261.98 264 264.94 268.76 265.52 269.32 263.06 263.86 265.6 270.4 276.16 279.06 279.94 284.86 287.66 286.54 284.46 278.3 272.2 275.14 275.08 281 279.08 277.5 278.86 282.56 271.3 260.74 261.78 264.84 -9999 -9999 -9999 -9999 -9999 -9999 -9999 -9999 -9999 -9999 -9999 -9999 -9999 -9999
269.88 270.04 269.86 269.62 269.84 270 270.04 270.94 270.86 270.84 271.86 271.94 270.94 270.08 269.2 267.08 268.06 265.1 264 264.06 265.96 265.94 263.92 262.88 260.9 257.84 256.98 257.9 256.94 256.9 257.9 258.94 260.02 262.94 265.88 263.66 265.42 266.22 258.96 260.76 265.52 270.46 274.34 278.26 282.08 285.04 289.8 289.76 282.5 282.44 275.38 273.34 279.3 280.28 280.24 279.5 278.96 279.42 269.88 254.6 252.92 264.06 -9999 -9999 -9999 -9999 -9999 -9999 -9999 -9999 -9999 -9999 -9999 -9999 -9999 -9999
269.84 270.72 269.5 269.44 269.58 269.86 269.88 269.68 269.76 268.78 269.84 269.9 267.84 266.92 270.14 269.16 266.04 257.08 258 260.04 260.02 260.92 260.94 258.9 259.78 256.84 256.82 256.76 257.9 256.86 256.88 256.84 258.94 264.92 261.86 262.58 267.36 266.14 263.9 266.84 272.72 276.58 279.4 280.32 284.22 287.08 288.94 291.88 290.72 288.64 277.66 268.62 267.56 272.44 270.5 272.62 274.1 265.44 258.8 255.22 257.86 264.1 265.18 -9999 -9999 -9999 -9999 -9999 -9999 -9999 -9999 -9999 -9999 -9999 -9999 -9999
270.66 270.4 270.14 270.24 269.44 269.7 269.7 270.6 268.72 268.74 269.74 269.76 266.78 264.9 268.04 265.06 265.04 259.02 252.04 257.02 257.98 258.94 259.92 258.9 257.8 258.78 258.76 256.72 256.8 256.84 256.86 256.8 259.86 264.84 262.78 263.46 267.4 267.22 266.12 268 270.8 275.78 276.62 272.48 280.26 283.16 288.1 290.08 290.9 292.92 277.78 272.8 267.66 265.74 269.66 263.76 261.04 257.48 255.92 254.22 258.7 262.22 261.38 -9999 -9999 -9999 -9999 -9999 -9999 -9999 -9999 -9999 -9999 -9999 -9999 -9999
271.22 270.98 269.96 269.12 268.24 269.46 270.54 269.62 267.68 266.66 266.74 266.64 266.74 266.72 265.88 266.12 266.04 260 252.94 251 252.06 255 256.86 254.84 259.76 259.84 259.8 257.76 257.8 257.72 253.74 256.78 260.78 265.84 261.7 267.66 265.44 264.3 262.28 262.14 268.92 266.78 273.68 274.64 278.5 281.4 285.34 289.22 288.14 286.16 280.06 276 268.96 263.9 268.9 269.96 264.22 257.64 245.94 249.4 249.82 259.14 259.38 -9999 -9999 -9999 -9999 -9999 -9999 -9999 -9999 -9999 -9999 -9999 -9999 -9999
270.82 269.66 268.72 268.84 269.04 269.34 268.38 268.44 266.58 266.6 267.66 266.68 266.74 266.7 266.9 266.08 266 263.96 258.98 253.92 251.88 251.84 252.88 254.88 256.88 258.86 258.76 259.78 253.76 255.72 254.66 260.74 264.74 267.94 260.88 268.78 265.6 263.4 258.28 262.18 268.04 265.94 271.82 276.72 274.66 272.56 275.5 286.38 282.36 280.42 281.34 276.32 269.24 266.2 276.12 276.22 268.22 255.7 246.06 243.44 255.84 262.08 -9999 -9999 -9999 -9999 -9999 -9999 -9999 -9999 -9999 -9999 -9999 -9999 -9999 -9999
269.46 267.38 267.54 269.74 267.94 267.1 265.3 266.42 267.44 264.48 266.64 264.56 262.7 264.68 264.8 263.96 261.02 265.02 261.98 258.96 255.92 251.86 251.84 254.82 257.88 256.76 254.8 260.86 257.78 253.68 258.76 265.66 267.74 267.98 264.94 269.78 268.72 265.52 256.44 264.3 265.28 264.18 267.06 273.02 268.92 264.76 272.76 277.7 278.6 279.6 281.48 277.52 269.36 266.5 269.4 276.42 273.36 268.74 260.18 254.48 259.9 257.84 -9999 -9999 -9999 -9999 -9999 -9999 -9999 -9999 -9999 -9999 -9999 -9999 -9999 -9999
270.04 268.2 267.38 268.58 266.74 267.92 266.14 267.38 267.42 263.44 265.5 263.52 262.58 262.62 261.7 264.92 260.02 259.96 260.96 261.96 260.84 255.82 252.78 254.76 256.82 258.86 261.8 262.7 260.7 256.68 262.7 268.78 269.98 267.06 267.02 270 267.86 266.74 258.66 264.5 263.44 263.34 267.24 263.12 262.08 264.98 268.9 273.82 275.88 270.78 269.82 270.8 264.74 262.62 266.7 271.66 275.58 273.74 268.14 264.58 259.64 -9999 -9999 -9999 -9999 -9999 -9999 -9999 -9999 -9999 -9999 -9999 -9999 -9999 -9999 -9999
267.86 267.08 265.26 264.34 263.52 265.78 264.98 265.16 264.28 263.36 263.44 263.54 262.42 262.58 261.56 263.72 260.92 257.96 256.92 256.82 261.9 260.82 257.88 253.88 255.82 261.82 261.78 261.72 259.68 257.66 265.76 267.94 267.16 267.16 268.14 267.04 266.94 266.94 262.74 253.72 252.7 256.56 263.5 261.42 256.28 256.16 262.22 267.18 265.1 250 256.96 252.98 258.96 253.84 257.86 264.82 264.82 265.82 267.18 266.38 -9999 -9999 -9999 -9999 -9999 -9999 -9999 -9999 -9999 -9999 -9999 -9999 -9999 -9999 -9999 -9999
269.7 266.88 262.92 255.16 257.28 261.6 263.84 264.98 265.14 264.26 264.26 264.4 263.38 263.42 263.52 263.68 263.88 259.96 254.92 257.82 261.74 256.92 255.76 254.8 259.72 263.66 261.68 261.68 263.7 263.8 267.86 269 269.14 267.32 269.18 268.2 265.16 264.08 258.98 253.98 252.9 256.76 259.78 254.54 252.48 250.44 255.42 260.42 256.36 247.24 251.26 254.22 261.12 257.12 259.08 260.02 260.02 263.96 260.2 -9999 -9999 -9999 -9999 -9999 -9999 -9999 -9999 -9999 -9999 -9999 -9999 -9999 -9999 -9999 -9999 -9999
273.52 270.64 266.8 260.96 257.1 260.46 261.62 266.84 266.96 266.14 265.18 265.34 261.26 259.34 264.5 263.6 262.72 262.84 254.82 255.8 260.88 258.8 258.88 262.78 265.72 265.74 264.7 261.66 264.78 266.92 269 270.14 270.3 268.28 269.12 268.14 260.22 257.22 254.2 249.14 250.12 254.08 261.02 261.92 253.9 248.8 243.72 248.72 243.7 240.62 247.64 255.58 258.5 260.34 261.28 263.28 260.26 263.26 -9999 -9999 -9999 -9999 -9999 -9999 -9999 -9999 -9999 -9999 -9999 -9999 -9999 -9999 -9999 -9999 -9999 -9999
275.3 273.48 270.6 268.86 269 268.32 263.5 261.72 265.76 266.94 265.08 263.22 261.28 259.22 264.38 265.54 262.72 263.86 255.86 254.78 260.8 257.76 258.64 263.68 266.68 264.7 265.7 264.76 261.86 266.06 270.16 270.22 269.26 266.32 268.18 268.04 263.18 261.18 258.08 249.06 249.16 254.1 260.14 259.12 250.2 252.2 240.12 238.08 239 230.92 245.94 251.94 255.76 259.7 257.7 260.58 261.58 -9999 -9999 -9999 -9999 -9999 -9999 -9999 -9999 -9999 -9999 -9999 -9999 -9999 -9999 -9999 -9999 -9999 -9999 -9999
