shamba/rasters/climate/tmp_5.txt
ncols         720
nrows         360
xllcorner     -180
yllcorner     -90
cellsize      0.5
NODATA_value  -9999
[rows 198 to 230 of 360, columns 228 to 303 of 720]
261.98 259.62 259.48 261.26 258.18 256.1 254.48 255.66 256.64 253.82 256.82 254.08 253.12 255.16 256.36 256.72 253.82 257.98 256.1 253.3 250.56 247.74 248.92 252.14 256.26 255.48 254.68 260.82 259 255.16 261.34 269.5 271.54 270.6 268.38 272.42 269.24 264.02 252.82 259.54 258.54 255.5 257.4 263.36 258.26 254.14 260.02 261.02 259.9 259.58 259.46 257.3 252.04 247.84 245.74 249 247.18 246.38 240.52 240.7 250.92 251.86 -9999 -9999 -9999 -9999 -9999 -9999 -9999 -9999 -9999 -9999 -9999 -9999 -9999 -9999
262.62 261.44 259.42 260.14 256.98 257.08 255.48 255.56 255.6 251.7 253.78 253 252.06 252.24 252.32 255.56 251.78 252.94 254.16 255.34 255.48 250.7 248.92 251.12 254.24 256.4 260.58 262.74 260.98 258.12 264.36 270.34 272.44 269.46 268.28 271.18 266.96 263.82 254.72 257.66 255.62 254.46 258.38 254.34 255.24 258.12 259.06 261.04 259.92 251.8 248.62 249.32 244.2 240.88 241.86 246.04 252.2 253.38 251.62 251.74 252.78 -9999 -9999 -9999 -9999 -9999 -9999 -9999 -9999 -9999 -9999 -9999 -9999 -9999 -9999 -9999
261.58 260.32 257.14 255.84 252.74 254.98 253.4 252.5 251.62 250.68 250.74 250.92 251.1 251.2 250.22 253.46 251.72 248.96 249.08 249.3 255.48 255.68 252.88 248.98 252.2 259.36 259.58 260.72 258.94 258.08 267.12 269.22 268.24 268.24 269.2 266.92 265.92 263.74 257.76 247.62 243.5 246.5 253.32 253.24 252.22 254.18 258.08 258.06 251.98 231.86 236.78 231.54 236.26 230.08 233.88 242.16 245.3 250.46 254.6 257.66 -9999 -9999 -9999 -9999 -9999 -9999 -9999 -9999 -9999 -9999 -9999 -9999 -9999 -9999 -9999 -9999
262.42 260.02 254.82 245.54 246.5 248.88 251.3 251.46 251.52 250.58 250.74 250.94 249.94 250.12 251.28 252.5 252.76 249.96 246.1 249.3 254.44 250.64 249.76 250.06 256.14 260.42 259.56 259.76 262.82 264 267.06 269.12 269.14 267.06 269.04 266.94 262.92 260.78 253.76 246.62 242.54 244.56 247.46 246.34 251.26 255.18 256.06 253.96 242.94 229.94 231.78 232.66 239.46 234.18 237.02 240.2 245.26 253.42 254.56 -9999 -9999 -9999 -9999 -9999 -9999 -9999 -9999 -9999 -9999 -9999 -9999 -9999 -9999 -9999 -9999 -9999
264.08 261.82 256.48 249.28 244.38 246.8 247.26 251.44 252.54 250.56 249.62 250.88 246.98 245.06 251.22 251.34 249.68 250.86 244.08 246.32 252.44 250.62 251.76 256.92 260.18 261.44 261.48 258.72 262.82 265.84 267.88 268.94 270.08 267.16 268.02 265.8 256.8 252.7 247.74 240.72 239.56 241.46 247.42 252.32 254.3 257.24 246.04 241.02 229.04 223.88 228.84 234.78 237.62 239.36 241.08 246.2 248.36 256.56 -9999 -9999 -9999 -9999 -9999 -9999 -9999 -9999 -9999 -9999 -9999 -9999 -9999 -9999 -9999 -9999 -9999 -9999
262.8 261.44 257.2 254.98 255.28 252.8 248.16 245.42 249.54 249.56 247.72 246.84 244.86 242.98 249.14 250.42 248.7 250.84 244.04 244.34 250.42 248.66 251.82 257 260.12 259.36 261.46 260.62 258.72 262.64 267.68 267.88 267.98 264.1 264.98 263.68 258.68 255.62 251.56 241.5 238.5 240.4 246.32 249.32 245.3 252.2 237.14 229.08 225 213.96 226.82 231.72 235.68 240.46 241.22 247.28 252.42 -9999 -9999 -9999 -9999 -9999 -9999 -9999 -9999 -9999 -9999 -9999 -9999 -9999 -9999 -9999 -9999 -9999 -9999 -9999
260.46 260.18 259.98 257.84 256.18 255.72 253.14 250.34 247.48 245.52 247.6 248.78 243.82 246.98 250.12 249.32 250.48 249.82 248.06 246.18 251.38 246.62 251.82 256.9 260.1 261.34 259.38 261.5 259.54 261.58 266.74 266.9 264.96 260.2 263.96 262.54 256.48 254.42 254.38 240.4 238.28 237.28 237.26 233.16 241.08 247.06 241.08 219.12 217.06 225.9 231.8 238.76 241.64 242.58 243.34 248.3 252.44 -9999 -9999 -9999 -9999 -9999 -9999 -9999 -9999 -9999 -9999 -9999 -9999 -9999 -9999 -9999 -9999 -9999 -9999 -9999
259.12 258.86 258.64 258.64 256.14 255.64 254.08 253.32 249.34 246.48 245.66 244.78 242.84 247.92 249.04 248.22 249.56 249.72 250.12 248.14 252.46 247.58 253.72 256.92 259.22 261.3 260.34 260.38 260.54 262.62 266.76 264.92 257.08 259.2 256.96 259.36 260.36 254.38 252.28 241.28 239.18 236.04 233.16 232.04 244.98 246.02 239.9 224.86 208.84 228.8 234.76 237.64 239.68 242.52 250.42 252.4 249.4 -9999 -9999 -9999 -9999 -9999 -9999 -9999 -9999 -9999 -9999 -9999 -9999 -9999 -9999 -9999 -9999 -9999 -9999 -9999
255.84 256.78 256.46 256.58 255.06 252.6 253.02 251.26 250.36 248.48 244.64 241.76 235.82 240.9 243.98 245.12 247.46 249.68 251.96 249.14 252.36 248.54 250.74 255.92 257.08 259.1 260.16 258.34 255.52 264.52 264.72 260.88 254.06 250.24 251.8 255.26 251.28 254.22 253.18 241.1 238.04 235 233.98 238 246.98 246.9 229.8 230.76 217.78 213.64 232.58 218.48 225.42 241.48 247.36 249.3 -9999 -9999 -9999 -9999 -9999 -9999 -9999 -9999 -9999 -9999 -9999 -9999 -9999 -9999 -9999 -9999 -9999 -9999 -9999 -9999
254.66 254.38 255.12 254.56 253.04 250.52 250.94 246.24 247.34 247.48 245.56 243.72 232.74 235.86 240.92 242.1 244.4 247.7 251.88 250.12 248.38 248.56 249.68 250.92 251.86 257 256.16 254.36 258.48 263.66 263.76 261.92 256.02 246.26 246.84 253.28 239.1 239.08 254 240.94 237.94 234.92 234.76 237.86 244.74 243.72 226.6 223.62 234.62 224.48 239.5 230.46 233.38 242.3 248.18 -9999 -9999 -9999 -9999 -9999 -9999 -9999 -9999 -9999 -9999 -9999 -9999 -9999 -9999 -9999 -9999 -9999 -9999 -9999 -9999 -9999
253.5 253.22 251.92 250.44 249.92 249.46 247.84 246.2 245.26 246.34 239.58 242.66 238.82 232.9 232.94 237.04 242.22 246.66 251.82 252.14 251.3 247.52 248.74 244.74 245.92 247.12 246.18 252.28 259.5 261.6 262.84 258.98 255.08 242.2 248.8 246.18 234.98 238 252.94 242.86 235.86 234.78 237.72 241.64 245.54 241.52 231.54 229.46 235.46 236.44 233.34 225.34 237.38 243.26 247.18 -9999 -9999 -9999 -9999 -9999 -9999 -9999 -9999 -9999 -9999 -9999 -9999 -9999 -9999 -9999 -9999 -9999 -9999 -9999 -9999 -9999
250.24 251 250.04 247.42 245.82 245.4 243.74 242.12 242.3 243.46 238.6 234.7 238.78 233.86 234.84 243.06 250.32 251.54 254.88 254.06 251.34 245.52 239.58 240.7 242.86 243.12 247.14 254.34 259.52 260.68 260.8 256.04 247.04 246.12 241.76 227.16 222.92 239.82 239.78 236.78 232.76 232.72 236.58 240.5 242.54 240.52 235.4 229.44 227.36 225.34 213.38 220.26 235.16 242.08 -9999 -9999 -9999 -9999 -9999 -9999 -9999 -9999 -9999 -9999 -9999 -9999 -9999 -9999 -9999 -9999 -9999 -9999 -9999 -9999 -9999 -9999
245.98 246.04 243.98 242.52 239.92 239.32 237.74 236.16 238.22 238.36 241.48 240.66 243.76 241.82 242.92 249.04 251.2 254.48 253.78 256.14 246.26 243.4 239.56 242.72 243.88 245.12 249.18 249.4 258.58 260.68 258.84 246.04 249.12 239.28 232.7 227.1 220.84 229.8 228.6 233.62 229.64 233.64 237.54 241.48 241.48 239.42 235.44 228.36 219.26 216.32 222.18 234.22 235 240.92 244.84 -9999 -9999 -9999 -9999 -9999 -9999 -9999 -9999 -9999 -9999 -9999 -9999 -9999 -9999 -9999 -9999 -9999 -9999 -9999 -9999 -9999
240.16 239.2 238.2 237.38 234.84 233.32 231.74 232.12 233.22 234.4 237.54 240.76 240.74 236.94 246.98 250.08 253.18 253.46 253.74 257 254.24 243.44 242.62 239.72 235.86 243.04 249.22 251.4 257.54 256.66 256.84 249.98 242.08 236.22 221.76 215.08 212.66 218.62 225.6 234.52 234.52 236.44 237.42 234.4 237.4 233.32 226.34 230.26 221.28 217.28 220.22 230.04 235.84 240.8 244.76 -9999 -9999 -9999 -9999 -9999 -9999 -9999 -9999 -9999 -9999 -9999 -9999 -9999 -9999 -9999 -9999 -9999 -9999 -9999 -9999 -9999
233.38 232.4 230.4 229.44 227.86 227.3 223.7 224.1 230.3 231.38 239.54 241.62 241.66 239.74 249.82 253.96 256.04 256.22 256.42 256.76 257.06 246.24 246.46 244.58 236.8 239.98 246.2 247.38 249.56 247.76 247.8 240.04 234.08 227.28 219.7 219.22 215.82 218.66 226.56 231.54 233.44 235.42 233.36 225.24 228.32 220.3 220.2 225.3 223.2 224.12 233.04 233.84 235.76 241.68 243.66 -9999 -9999 -9999 -9999 -9999 -9999 -9999 -9999 -9999 -9999 -9999 -9999 -9999 -9999 -9999 -9999 -9999 -9999 -9999 -9999 -9999
216.58 224.56 226.68 224.68 223.82 222.24 223.7 225.06 227.04 230.16 238.34 239.3 243.4 246.48 248.52 250.6 252.82 253.92 254.08 254.5 254.86 254.06 246.2 238.46 230.7 235.72 243 239.22 237.38 244.58 240.7 238.88 237.14 226.3 219.92 220.54 215.18 215.82 223.64 230.56 229.52 232.48 229.38 220.3 218.28 213.2 223.14 232.22 230.2 227.04 221.82 226.68 237.6 243.64 -9999 -9999 -9999 -9999 -9999 -9999 -9999 -9999 -9999 -9999 -9999 -9999 -9999 -9999 -9999 -9999 -9999 -9999 -9999 -9999 -9999 -9999
138.82 163.92 203.88 220.9 218.84 218.1 220.58 223.76 225.88 226.8 232.86 235.04 240.08 244.1 246.18 247.26 249.38 250.62 251.74 252.28 252.82 252.88 242.12 233.18 227.42 229.56 229.76 225 226.2 230.32 235.58 237.8 237.02 229.1 222.12 220.84 216.52 217.16 225.8 229.62 228.6 224.52 225.46 220.42 214.34 214.26 221.22 220.16 215.06 221.86 228.74 233.58 239.5 242.4 -9999 -9999 -9999 -9999 -9999 -9999 -9999 -9999 -9999 -9999 -9999 -9999 -9999 -9999 -9999 -9999 -9999 -9999 -9999 -9999 -9999 -9999
114.92 131.96 140.02 177.02 190.98 220.1 222.32 223.54 224.68 226.5 230.6 231.64 232.74 238.74 241.96 245.06 246.1 247.3 248.42 249.12 250.6 250.76 243.98 233.12 231.34 225.4 225.64 228.76 228.02 227.18 231.4 238.58 234.78 227.98 225.96 221.84 217.66 216.52 226.16 224.88 220.68 221.62 220.5 208.44 207.4 212.36 209.26 212.16 215.04 225.82 230.62 237.5 240.5 242.38 -9999 -9999 -9999 -9999 -9999 -9999 -9999 -9999 -9999 -9999 -9999 -9999 -9999 -9999 -9999 -9999 -9999 -9999 -9999 -9999 -9999 -9999
144.98 150.04 159.08 164.08 179.04 215.7 221.1 223.26 224.4 225.32 220.26 220.34 219.38 227.48 236.58 240.64 242.78 244.96 246.16 246.98 247.54 246.66 241.78 236.9 233.12 226.24 222.48 226.64 232.74 236.06 234.3 235.48 230.56 228.76 228.84 224.74 221.64 216.48 216.34 215.08 218.84 222.66 217.64 217.58 193.54 198.42 210.36 225.18 222.98 221.72 229.72 237.54 241.4 -9999 -9999 -9999 -9999 -9999 -9999 -9999 -9999 -9999 -9999 -9999 -9999 -9999 -9999 -9999 -9999 -9999 -9999 -9999 -9999 -9999 -9999 -9999
109.86 150.26 155.12 169.9 188.64 216.44 219.66 221.96 223.1 223.06 216.96 220.86 222.96 229.16 235.32 236.36 239.48 242.66 242.96 244.76 244.36 243.44 236.7 238.88 234.92 227.06 221.2 223.46 230.68 235.92 236.1 238.3 232.4 226.54 220.64 217.6 215.54 212.4 209.28 207.2 216.1 220.86 216.64 214.6 195.58 204.48 205.3 220.18 225.86 217.68 229.64 236.42 241.34 -9999 -9999 -9999 -9999 -9999 -9999 -9999 -9999 -9999 -9999 -9999 -9999 -9999 -9999 -9999 -9999 -9999 -9999 -9999 -9999 -9999 -9999 -9999
86.5 136.28 138.82 165.46 202.1 206 217.36 218.6 218.8 218.88 218.68 219.62 221.7 224.8 229.88 233.06 236.2 239.36 240.92 241.52 242.22 238.26 229.5 233.7 229.8 223.92 227.18 227.42 227.58 231.78 235 232.1 226.3 223.3 219.46 211.5 211.42 208.22 206.2 200.06 207.98 214.9 211.78 206.6 197.56 201.44 212.2 222.02 221.78 227.64 228.52 237.42 240.36 -9999 -9999 -9999 -9999 -9999 -9999 -9999 -9999 -9999 -9999 -9999 -9999 -9999 -9999 -9999 -9999 -9999 -9999 -9999 -9999 -9999 -9999 -9999
76.92 109.3 138.7 166.1 190.72 196.64 212.94 214.32 214.38 214.52 214.54 215.42 217.32 220.44 226.66 231.74 234.9 237 237.6 238.38 239.04 230.14 230.34 225.48 225.62 225.78 226.02 229.24 225.42 227.5 230.78 229.88 227.02 224.12 219.26 216.38 210.3 202.22 198.1 194.94 202.82 207.8 202.76 197.74 195.68 198.48 213.06 208.82 212.74 226.56 226.48 238.4 240.36 -9999 -9999 -9999 -9999 -9999 -9999 -9999 -9999 -9999 -9999 -9999 -9999 -9999 -9999 -9999 -9999 -9999 -9999 -9999 -9999 -9999 -9999 -9999
106.26 104.6 128.84 172.18 188.5 197.38 205.52 206.76 209.06 209.26 213.34 217.22 218.18 221.04 225.22 231.4 232.48 233.82 234.46 235.1 233.94 229.08 223.26 220.4 223.56 221.76 222.86 226.02 226.24 226.52 223.58 221.72 223.82 223.98 222.14 217.1 209.12 200.06 194.92 195.96 197.82 192.76 196.58 189.64 179.54 194.28 207.02 190.84 189.58 199.48 205.4 241.4 -9999 -9999 -9999 -9999 -9999 -9999 -9999 -9999 -9999 -9999 -9999 -9999 -9999 -9999 -9999 -9999 -9999 -9999 -9999 -9999 -9999 247.14 -9999 -9999
109.56 113.98 140.18 167.36 185.28 194.04 201.2 203.34 205.76 207.98 212.04 216 217.86 219.8 223.86 228.04 230.22 229.54 227.26 229.98 229.76 221.92 218.1 219.24 220.56 221.62 221.82 222.94 224.18 222.32 221.46 218.5 218.7 218.8 217.9 214.12 202.14 193.04 194.94 194.84 193.86 188.72 186.72 181.44 183.32 191.18 187.88 185.74 194.56 219.52 227.48 -9999 -9999 -9999 -9999 -9999 -9999 -9999 -9999 -9999 -9999 -9999 -9999 -9999 -9999 -9999 -9999 -9999 -9999 -9999 -9999 -9999 -9999 246.14 -9999 -9999
86.08 114.3 126.48 170.22 186.2 196.88 199.94 202.12 202.34 206.66 210.88 213.86 215.68 218.66 221.5 224.66 226.92 225.42 222.16 223.86 218.62 216.84 219 219.28 220.44 220.48 217.82 217.96 218.02 216.22 214.26 215.46 215.6 214.72 212.74 209.9 205.96 197.94 186.96 189.86 192.82 188.72 186.6 182.44 180.2 195.96 209.84 215.7 220.68 230.64 232.52 -9999 -9999 -9999 -9999 -9999 -9999 -9999 -9999 -9999 -9999 -9999 -9999 -9999 -9999 -9999 -9999 -9999 -9999 -9999 -9999 -9999 -9999 -9999 -9999 -9999
82.4 93.66 125.4 163.16 174.98 194.86 197.92 199.12 201.28 204.38 208.64 211.64 214.5 216.4 218.42 221.3 222.44 221.18 219.02 216.72 208.42 214.74 220.08 222.26 221.58 214.56 213.64 211.76 207.94 208.14 207.3 208.32 209.38 210.5 208.72 203.8 199.84 198.04 185.8 180.76 186.68 180.66 175.46 175.26 184.02 196.82 207.8 216.74 215.68 232.68 -9999 -9999 -9999 -9999 -9999 -9999 -9999 -9999 -9999 -9999 -9999 -9999 -9999 -9999 -9999 -9999 -9999 -9999 -9999 -9999 -9999 -9999 -9999 -9999 -9999 -9999
65.74 52.92 140.58 177.34 186.38 198.16 198.24 199.32 200.38 201.58 205.7 209.52 211.4 212.3 214.16 216.04 217.18 217.02 215.86 211.68 200.48 207.92 213.22 215.26 218.4 211.46 205.56 199.68 198.92 199.04 200.16 199.32 197.34 201.42 203.5 194.7 187.8 197.9 186.84 165.84 174.72 163.46 152.28 185.14 198.86 192.84 177.72 188.66 227.62 223.56 -9999 -9999 -9999 -9999 -9999 -9999 -9999 -9999 -9999 -9999 -9999 -9999 -9999 -9999 -9999 -9999 -9999 -9999 -9999 -9999 -9999 -9999 -9999 -9999 -9999 -9999
62.5 55.9 157.26 184.08 192.26 196.8 195.74 196.9 198 199.12 201.86 205.62 206.48 207.44 209.26 211.14 212.22 211.1 210.9 207.76 196.74 200.04 208.18 208.22 210.22 203.34 193.36 190.6 191.78 196 196.1 194.12 194.28 191.46 188.48 196.5 195.74 193.76 182.84 159.82 157.66 171.44 173.14 184.88 210.78 220.76 219.62 224.56 -9999 -9999 -9999 -9999 -9999 -9999 -9999 -9999 -9999 -9999 -9999 -9999 -9999 -9999 -9999 -9999 -9999 -9999 -9999 -9999 -9999 -9999 -9999 -9999 -9999 -9999 -9999 -9999
51.34 57.7 121.18 188.84 194.4 195.72 196.6 196.6 196.6 198.3 199.96 200.7 201.68 201.56 202.46 205.34 205.28 205.16 205.92 203.76 197.58 195.96 199.04 203.08 202.18 194.18 186.32 173.46 171.72 184.92 188.96 189.06 186.22 184.22 183.38 184.52 189.6 187.64 179.8 178.7 178.44 170.18 189.94 196.94 215.86 216.64 -9999 -9999 -9999 -9999 -9999 -9999 -9999 -9999 -9999 -9999 -9999 -9999 -9999 -9999 -9999 -9999 -9999 -9999 -9999 -9999 -9999 -9999 -9999 -9999 -9999 -9999 -9999 -9999 -9999 -9999
49 95.4 156.84 183.8 192.94 194.84 196.8 196.54 195.9 196.38 197.12 197.88 198.88 198.78 199.6 201.52 201.32 201.16 201.96 199.78 195.28 191.88 196.1 198.04 192.1 180.28 174.4 174.54 169.84 171.82 173.92 180.06 180.16 179.2 178.32 181.46 179.5 175.62 178.76 187.54 185.48 176.28 -9999 -9999 -9999 -9999 -9999 -9999 -9999 -9999 -9999 -9999 -9999 -9999 -9999 -9999 -9999 -9999 -9999 -9999 -9999 -9999 -9999 -9999 -9999 -9999 -9999 -9999 -9999 -9999 -9999 -9999 -9999 -9999 -9999 -9999
36.74 131.16 163.74 150.84 190.06 194.34 196.28 195.82 193.38 193.74 196.46 198.12 199.04 199.88 200.76 200.58 200.44 199.22 198.98 197.42 195.02 187.72 190.96 191.1 185.02 181.32 169.48 170.68 170.78 171.9 168.96 165.96 163.14 165.22 168.38 178.36 198.56 202.62 192.58 202.48 -9999 -9999 -9999 -9999 -9999 -9999 -9999 -9999 -9999 -9999 -9999 -9999 -9999 -9999 -9999 -9999 -9999 -9999 -9999 -9999 -9999 -9999 -9999 -9999 -9999 -9999 -9999 -9999 -9999 -9999 -9999 -9999 -9999 -9999 -9999 -9999
72.76 142.2 139.66 164.7 185.9 191.1 191.12 192.02 188.5 190.98 194.56 196.3 197.06 198.96 200.88 198.68 198.48 198.32 195.68 189.18 186.78 185.48 187.04 185.02 174.2 172.4 170.64 161.7 161.78 167.84 163.86 159.08 157.14 177.18 178.46 190.42 203.56 200.64 -9999 -9999 -9999 -9999 -9999 -9999 -9999 -9999 -9999 -9999 -9999 -9999 -9999 -9999 -9999 -9999 -9999 -9999 -9999 -9999 -9999 -9999 -9999 -9999 -9999 -9999 -9999 -9999 -9999 -9999 -9999 -9999 -9999 -9999 -9999 -9999 -9999 -9999
89.48 143.02 161.46 173.44 183.68 186.86 187.8 187.7 186.62 188.04 189.66 191.6 193.7 196.5 198.34 195.96 198.6 195.04 191.4 185.88 184.6 185.28 185.92 182.22 172.42 167.48 162.6 161.7 154.78 155.84 161 161.12 160.22 158.2 173.26 192.36 194.38 -9999 -9999 -9999 -9999 -9999 -9999 -9999 -9999 -9999 -9999 -9999 -9999 -9999 -9999 -9999 -9999 -9999 -9999 -9999 -9999 -9999 -9999 -9999 -9999 -9999 -9999 -9999 -9999 -9999 -9999 -9999 -9999 -9999 -9999 -9999 -9999 -9999 -9999 -9999
