shamba/rasters/climate/tmp_1.txt
ncols         720
nrows         360
xllcorner     -180
yllcorner     -90
cellsize      0.5
NODATA_value  -9999
[rows 66 to 98 of 360, columns 380 to 455 of 720]
2.1 -14.48 -9999 -9999 -17.94 -9.5 -16.84 -18.86 -20.78 -17.56 -20.64 -17.74 -13.74 -8.46 -9999 -9999 -14.3 -9999 -9999 -9999 -9999 -9999 -20.3 -26.08 -27.76 -33.6 -35.36 -37.3 -40.9 -44.7 -50.46 -55.18 -57 -57.8 -60.44 -63.26 -64.88 -67.62 -72.3 -74.02 -72.84 -73.58 -77.42 -82.28 -84.26 -85.44 -87.68 -87.72 -88.98 -88.16 -86.34 -86.58 -86.78 -86.98 -86.18 -88.56 -91.66 -95.82 -98.94 -100.06 -100.48 -101.86 -102.08 -104.36 -105.26 -106 -105.82 -107.66 -107.44 -107.3 -109.16 -111 -111.94 -113.78 -114.8 -116.84
2.06 5.38 -9999 -9999 -15.52 -5.96 -10.76 -11.8 -11.78 -9.58 -8.54 -9.68 -4 -5.52 -9999 -9999 -9999 -9999 -9999 -9999 -9999 -9999 -22.46 -29.68 -33.6 -37.48 -39.3 -41.16 -42.48 -45.9 -49.7 -53.34 -55.12 -56.84 -59.52 -63.3 -63.02 -65.66 -68.42 -71.1 -74.8 -75.52 -77.44 -78.2 -80.22 -83.34 -85.52 -85.76 -84.94 -85.06 -86.24 -84.48 -84.56 -85.72 -84.98 -86.24 -90.34 -92.58 -95.74 -98.9 -99.5 -99.72 -101.02 -103.28 -103.5 -103.36 -104.14 -103.86 -103.72 -104.62 -107.44 -109.3 -111.18 -113 -114.82 -114.7
-4.94 -5.92 9.64 5.3 0.86 2.28 -3.5 -5.56 -2.8 -9999 -9999 -9999 -9999 -9999 -9999 -9999 -9999 -9999 -9999 -9999 -9999 -9999 -22.68 -32.84 -40.28 -42.38 -43.2 -45.08 -45.2 -48.06 -50.86 -53.54 -56.22 -57.94 -60.72 -62.4 -63.16 -64.86 -66.64 -69.42 -72.1 -73.9 -75.84 -76.68 -77.7 -78.78 -82.88 -83.04 -83.14 -83.28 -85.46 -85.5 -83.64 -82.78 -80.9 -81.06 -85.16 -89.38 -91.62 -93.86 -96.28 -98.58 -100.92 -102.22 -103.46 -104.58 -105.5 -106.24 -106.4 -108.12 -109.02 -108.84 -112.7 -115.46 -116.2 -118.12
8.92 10.94 10.8 7.56 7.3 -8.14 -10.18 -11.3 -10.48 -11.44 -9.64 -9999 -9999 -9999 -9999 -9999 -9999 -9999 -9999 -9999 -9999 -9999 -27.9 -34.84 -38.12 -40.56 -44.08 -45.98 -46.08 -47.72 -50.98 -51.68 -55.44 -57.16 -59.94 -60.68 -62.46 -62.16 -64.96 -66.68 -69.54 -73.3 -74.36 -75.16 -79.14 -79.28 -81.36 -81.44 -82.56 -82.78 -83.88 -83.92 -81.08 -80.06 -80.14 -81.2 -85.36 -88.42 -90.52 -92.76 -95.18 -97.64 -98.86 -101.06 -101.36 -103.64 -103.72 -104.5 -106.8 -107.82 -109.68 -110.46 -111.34 -114.18 -115.94 -116.84
2.72 -0.04 12.1 10.2 -4.98 -6.7 -6.64 -10.78 -9999 -9999 -9.9 -9999 -9999 -11.98 -4.82 -6.42 -7.76 -17.74 -9999 -23.4 -22.38 -29.3 -31.2 -34.1 -38.12 -38.62 -43 -47.54 -48.58 -49.38 -49.14 -52.8 -52.68 -54.44 -57.34 -59.12 -58.88 -60.64 -63.3 -64.98 -68.76 -71.8 -72.6 -74.62 -75.54 -76.66 -79.8 -79.9 -81.98 -83 -84.14 -82.26 -81.18 -82.14 -82.22 -84.28 -86.54 -90.54 -91.66 -93.98 -94.22 -95.62 -97.94 -99.1 -100.32 -102.5 -103.78 -105.78 -106.48 -108.36 -109.3 -110.08 -111.96 -113.76 -115.64 -116.42
11.02 11.24 1.48 -1.38 8.8 8.88 6.82 -6.18 -7.5 -8.64 -10.54 -3.14 -5.18 -10.3 -10.98 -13.16 -16.2 -10.98 -13.62 -19.46 -26.84 -33.06 -33.7 -35.5 -38.42 -40.54 -42.12 -44.12 -46.98 -48.94 -48.5 -51.28 -54.1 -54.88 -55.74 -58.54 -57.28 -58.98 -61.7 -64.4 -67.2 -70.12 -71.96 -72 -73 -74.88 -77.08 -80.22 -80.28 -82.2 -82.26 -82.26 -82.28 -82.3 -85.38 -84.42 -86.56 -90.76 -91.96 -93.14 -92.36 -94.64 -96.88 -98.04 -99.26 -100.38 -102.62 -103.86 -104.74 -107 -108.88 -111.74 -111.56 -112.42 -114.18 -116.14
9.3 10.4 8.48 7.54 5.64 3.78 3.86 1.84 -0.08 -3.24 -6.24 -9.32 -12.58 -12.64 -13.36 -13.44 -12.84 -14.7 -16.78 -21.78 -27.56 -31.88 -33.56 -34.12 -36.72 -38.7 -42.06 -43.52 -46.64 -48.14 -47.88 -51.76 -51.46 -53.38 -55.18 -53.78 -55.56 -58.3 -61.08 -62.64 -64.42 -67.46 -69.4 -70.4 -71.4 -72.4 -75.32 -75.38 -75.38 -76.34 -78.24 -79.36 -80.36 -81.38 -85.52 -89.6 -91.72 -92.9 -91.16 -92.38 -92.46 -93.72 -94.9 -94.98 -97.22 -99.32 -102.56 -103.72 -107 -108.1 -108.54 -111.36 -112.2 -115.02 -115.8 -115.74
8.08 8.16 8.16 7.24 4.42 1.52 -0.46 -2.74 -4.38 -6.08 -8.02 -10.14 -13.18 -13.2 -12.72 -13.02 -13.82 -14.96 -17.08 -22.18 -27.16 -29.68 -30.42 -33.06 -36.62 -38.16 -41.04 -41.44 -43.9 -46.56 -47.44 -49.14 -51.04 -51.88 -52.64 -53.22 -54.92 -57.68 -59.28 -60.98 -62.9 -64.9 -65.86 -67.88 -68.88 -69.6 -71.58 -72.52 -73.48 -75.44 -78.46 -79.48 -79.48 -80.56 -83.68 -87.78 -89.76 -90.96 -88.32 -89.48 -89.64 -91.94 -92.1 -94.22 -95.18 -97.22 -101.44 -102.64 -104.88 -107.1 -107.14 -110.02 -111.8 -114.72 -113.62 -114.02
9.1 6.92 7.92 7 4.1 2.34 -0.02 -3.4 -4.62 -6.32 -7.18 -7.98 -9.94 -11.78 -12.24 -14.24 -15.3 -15.46 -17.52 -21.6 -22.68 -26.44 -28.26 -30.82 -32.44 -35.92 -37.2 -38.66 -40.32 -43.1 -45.88 -48.8 -50.72 -50.4 -49.92 -51.58 -53.22 -53.88 -55.7 -57.4 -58.2 -60.3 -63.22 -64.18 -65.02 -65.98 -67.84 -68.66 -71.62 -74.54 -79.54 -80.56 -81.52 -82.68 -82.8 -83.9 -83.82 -85.14 -85.48 -85.68 -85.86 -87.02 -90.32 -92.36 -94.48 -95.48 -97.58 -99.66 -103.82 -106.02 -107.42 -108.58 -109.5 -109.42 -111.02 -112.54
7.12 5.84 5.68 5.7 3.76 1.08 0.2 -1.96 -5 -5.66 -7.54 -8.46 -10.2 -12.18 -12.32 -13.5 -14.64 -15.8 -17.9 -21.1 -22.06 -24.32 -26.08 -30.5 -30.84 -32.18 -34.56 -35.92 -37.74 -41.7 -44.62 -48.5 -50.18 -47.72 -48.24 -48.86 -50.52 -52.14 -53.92 -54.58 -55.62 -56.64 -58.58 -60.36 -61.34 -63.16 -65.04 -66.04 -67.9 -69.68 -75.72 -77.68 -80.62 -81.82 -79.92 -79 -80.14 -81.3 -81.64 -82.84 -83.1 -85.1 -88.16 -89.34 -91.46 -93.56 -95.88 -96.84 -100.8 -103.98 -105.38 -105.3 -104.2 -105.88 -106.44 -107.96
-1.14 -3.24 0.7 3.46 2.48 0.74 -0.34 -2.38 -4.24 -4.94 -7.7 -8.62 -10.6 -11.56 -13.82 -15.12 -16.28 -17.5 -19.6 -22.7 -23.86 -25.9 -28.3 -29.92 -31.42 -32.66 -35.02 -36.62 -38.54 -41.38 -44.22 -47.04 -47.6 -47.06 -47.56 -48.2 -49.88 -51.48 -51.2 -51.16 -52.18 -53.96 -54.78 -56.76 -58.58 -61.42 -62.4 -65.22 -66.14 -67.96 -70.88 -74.78 -78.76 -80 -79.14 -78.14 -78.36 -77.52 -77.78 -78.76 -81.84 -82.84 -85.04 -86.1 -87.3 -89.44 -91.62 -93.78 -97.92 -101.14 -104.2 -103.54 -92.82 -94.24 -97.6 -101.02
-4.58 -1.48 -0.52 -0.68 0.2 -1.7 -1.72 -2.56 -8.34 -9.24 -9.1 -12 -12.04 -10.92 -15.22 -15.6 -16.92 -17.18 -20.24 -22.44 -26.5 -29.08 -27.14 -28.06 -31.78 -33.14 -34.58 -36.28 -37.18 -40.06 -44.02 -45.32 -44.84 -43.24 -43.98 -45.64 -49.2 -48.82 -48.56 -48.62 -47.88 -49.6 -50.14 -52.06 -53.92 -56.72 -58.64 -60.42 -62.32 -65.24 -67.12 -71.22 -73.4 -75.48 -76.6 -73.82 -73.94 -75.06 -75.04 -75.9 -77.78 -79.86 -80.94 -82.16 -83.34 -86.5 -88.74 -90.96 -94.2 -96.46 -100.76 -95.74 -88.82 -93.26 -96.6 -99.98
-8.66 -9.66 -9.82 -11.06 -12.14 -14.1 -15.08 -15.8 -16.5 -19.2 -24.26 -29.12 -27.24 -26.18 -17.42 -17.02 -18.32 -20.66 -22.92 -25.06 -28 -29.16 -30.28 -26.9 -29.72 -32.64 -35.08 -36.98 -40.88 -45.8 -49.26 -47.62 -45.16 -41.6 -41.24 -43.92 -47.62 -49.22 -50.04 -47.28 -45.56 -45.3 -47.96 -49.56 -52.3 -55.1 -56.86 -58.76 -60.58 -62.6 -63.64 -65.8 -66.92 -68.98 -69.14 -69.3 -70.32 -71.3 -72.38 -73.14 -75.16 -77.14 -78.36 -80.64 -79.96 -81.24 -84.48 -87.84 -90.12 -92.38 -95.2 -91.1 -88.66 -91.04 -93.46 -97.82
-6.62 -7.64 -11.84 -19.18 -21.44 -23.48 -20.22 -15.86 -14.42 -13.32 -14.42 -17.4 -30.4 -34.3 -39.5 -22.86 -18.36 -20.9 -23.44 -28.66 -26.16 -26.3 -27.44 -26.72 -28.62 -28.48 -32.72 -35.72 -41.6 -46.04 -51.38 -47.92 -42.42 -37 -37.7 -40.24 -45.98 -49.62 -48.64 -45.92 -44.16 -43.96 -45.64 -47.22 -48.82 -51.52 -52.32 -55.28 -57.3 -59.26 -60.24 -61.4 -62.44 -63.58 -64.66 -65.6 -66.72 -67.76 -68.7 -69.68 -68.84 -73.16 -75.26 -76.54 -76.84 -77.12 -80.48 -83.7 -85.82 -87.68 -89.5 -86.38 -86.54 -87.9 -90.2 -93.68
-7.58 -6.68 -11.92 -17.22 -22.58 -23.78 -18.28 -22.88 -22.46 -22.38 -22.54 -24.58 -28.68 -32.54 -27.8 -33.96 -27.26 -35.8 -38.28 -41.5 -41.14 -37.4 -37.58 -30.76 -32.52 -27.32 -31.68 -36.04 -41.84 -48.34 -49.78 -47.24 -36.66 -30.34 -34.04 -40.64 -46.34 -50.98 -50.26 -48.42 -45.52 -46.62 -46.18 -44.82 -46.42 -47.16 -49.02 -51.94 -55.04 -55.02 -56.96 -58.02 -58.06 -58.12 -60.26 -61.36 -63.52 -63.6 -64.42 -66.46 -68.9 -69 -70.26 -72.54 -74.76 -75.12 -75.32 -79.2 -81.08 -81.94 -79.82 -81.7 -82.42 -84.72 -87.2 -90.48
-14.74 -11.8 -10.9 -16.3 -19.68 -22 -26.56 -20.86 -18.44 -20.32 -26.32 -23.5 -27.66 -25.74 -22.04 -31.18 -38.32 -47.72 -50.12 -53.66 -60.82 -50.8 -42.76 -33.92 -42.38 -47.4 -46.78 -39.56 -41.42 -45.9 -46.52 -40.98 -28.64 -20.38 -29.16 -35.88 -44.72 -48.64 -48.76 -48.88 -48.2 -47.22 -46.72 -46.46 -46.04 -45.78 -47.68 -48.7 -49.68 -49.66 -51.64 -53.78 -55.02 -55 -56.06 -57.12 -59.32 -59.36 -61.14 -61.52 -64.8 -65.14 -67.2 -68.4 -70.68 -71.82 -72.62 -74.48 -74.28 -77.14 -74.02 -77.88 -79.28 -80.58 -82.9 -85.34
-13.78 -9.84 -12.12 -15.34 -16.9 -15.28 -17.82 -25.86 -20.46 -20.34 -17.28 -15.18 -10.56 -15.44 -18.8 -27.1 -29.42 -43.68 -52.84 -52.12 -42.48 -45.18 -40.84 -31.58 -34.2 -49.34 -57.28 -67.06 -58.88 -43.44 -44.94 -38.44 -29.14 -22.98 -23.92 -30.12 -38.28 -41.92 -45.14 -46.44 -48.72 -46.84 -47.5 -49 -49.58 -49.44 -49.36 -49.38 -47.32 -45.42 -46.44 -48.58 -51.98 -51.9 -53.86 -53.96 -55 -56.08 -55.28 -56.54 -58.82 -60.08 -60.14 -62.3 -63.2 -65.04 -67.88 -66.74 -70.58 -68.38 -69.36 -72.78 -74.16 -75.4 -76.76 -79.52
-10 -7.02 -7.98 -13.44 -14 -13.56 -13.22 -14.16 -12.56 -18.52 -19.7 -12.6 -4.84 -8.96 -16.14 -14.56 -20.86 -27.12 -31.28 -28.64 -28.42 -25.1 -27 -24.62 -23.5 -26.88 -37.76 -56.62 -74.46 -69.06 -49.56 -41.04 -35.26 -26.42 -25.56 -26.7 -32.64 -37.26 -41.5 -43 -42.2 -43.5 -46.04 -49.56 -47.24 -48.24 -45.16 -46.16 -46.12 -42.14 -41.32 -44.6 -46.02 -46.86 -48.86 -50.82 -53.84 -56.12 -56.32 -55.54 -54.82 -54 -56.02 -56.7 -55.56 -56.32 -58.14 -63.98 -66.78 -62.68 -64.6 -67.62 -68.94 -70.3 -71.8 -71.68
-11.78 -10.54 -11.68 -21.9 -24.08 -32.7 -27.82 -28.58 -33.74 -38.22 -42.2 -37.16 -16.5 -6.7 -7.9 -8 -14.18 -22.52 -23.54 -23.28 -19.06 -18.02 -18.06 -18.86 -21.7 -23.4 -32.72 -52.06 -64.96 -79.54 -68.2 -54.5 -38.78 -33.1 -28.22 -30.38 -32.2 -32.66 -34 -36.58 -38.9 -37.14 -38.62 -42.3 -44.06 -43.96 -41.8 -39.84 -38.94 -35.92 -31.06 -38.52 -41.92 -43.78 -44.66 -44.8 -44.82 -47.16 -46.3 -48.54 -49.72 -49.56 -50.3 -49.06 -48.74 -51.64 -56.44 -60.3 -63.04 -61.98 -58.84 -61.5 -61.78 -62.26 -64.06 -64.88
-47.6 -55.88 -45.24 -38.32 -36.12 -56.84 -46.88 -43.86 -44.44 -47.84 -38.3 -27.6 -14.46 -9.6 -6.84 -11.9 -13.12 -14.16 -15.1 -15.16 -14.1 -14.06 -15.12 -17.1 -22.8 -32.64 -32.38 -40.4 -46.56 -64.3 -78.64 -73.96 -48.3 -35.64 -30.98 -32.12 -31.68 -30.24 -27.4 -30.02 -29.38 -29.68 -33.24 -38.02 -41.92 -42.8 -39.6 -36.62 -33.66 -31.78 -29.92 -33.46 -39.84 -38.82 -37.66 -33.7 -33.78 -33.02 -34.32 -37.36 -40.08 -41.72 -43.34 -43.08 -47.88 -49.84 -52.68 -55.44 -58.4 -57.14 -54.02 -55.36 -55.68 -56.56 -57.22 -59.06
-82.72 -78.04 -51.34 -64.14 -73.76 -52.52 -47.6 -40.1 -35.28 -35.56 -25.78 -9.32 -10.36 -4.48 -6.68 -7.84 -11.04 -13.12 -12.24 -12.38 -11.28 -11.36 -12.4 -14.16 -24.96 -45.82 -49.58 -35.24 -35.5 -49.56 -72.9 -76.32 -67.68 -38.86 -35.86 -34.74 -27.4 -24.78 -23.02 -18.4 -17.86 -17.38 -23.96 -31.9 -39.74 -39.58 -33.46 -29.38 -27.5 -26.66 -24.94 -25.36 -25.94 -25.9 -24.78 -23.7 -24.76 -25.98 -27.84 -29.62 -33.18 -36.72 -40.38 -39.26 -42.16 -44.98 -48.9 -50.74 -54.56 -52.38 -49.2 -50.14 -49.96 -50.7 -50.5 -49.34
-66.34 -72.08 -35.22 -59.16 -45.78 -8.96 -10.26 -44.08 -15.08 -16.58 -9.94 -5.28 3.82 -2.34 -6.64 -7.76 -10.98 -12.08 -10.24 -10.38 -7.52 -8.56 -9.54 -15.42 -24.16 -36.26 -54.3 -32.28 -32.86 -41.16 -56.54 -65.5 -59.54 -44.54 -32.54 -28.58 -24.3 -21.78 -18.24 -14.62 -7.86 -20.02 -9999 -16.86 -34.7 -33.64 -26.52 -21.32 -18.36 -19.46 -11.88 -13.32 -9999 -9999 -9999 -17.68 -17.44 -17.2 -18 -19.68 -23.32 -28.06 -32.9 -34.72 -35.6 -36.44 -39.28 -45.14 -49.86 -50.76 -43.62 -44.46 -44.22 -44.04 -43.74 -42.54
-17.48 -21.2 -18.24 0.56 17.92 37.68 49.68 30.64 -12.9 -14.38 -10.78 0.8 6.8 -1.54 -5.94 -7.22 -8.28 -10.28 -7.48 -5.6 -3.74 -3.74 -4.76 -7.82 -24.88 -33.98 -35 -55.06 -38.18 -48.22 -44.3 -44.28 -52.3 -52.28 -25.32 -23.36 -20.96 -17.52 -12.28 -5.68 -14.9 -9999 -9999 -9999 -9999 -11.84 -15.78 -11.52 -8.64 -6.6 -9999 -9999 -9999 -9999 -9999 -7.2 -6.74 -5.46 -4.14 -7.82 -12.56 -19.52 -24.46 -28.32 -32.26 -35 -37.82 -39.56 -41.4 -43.4 -39.2 -38.88 -37.66 -36.52 -36.28 -36.1
14.26 12.54 13.38 19.1 30.22 35.1 -9999 46.08 35.06 -4.5 -11 3.44 3.72 4.4 -1 -3.22 -2.02 -3.8 -2.76 -2.78 0.02 0.06 -0.8 -12.82 -28.92 -56.94 -37.02 -53.08 -42.32 -43.68 -45.08 -40.08 -36.04 -31.04 -20.02 -15.08 -15.74 -11.36 -4.98 0.08 -9999 -9999 -9999 -9999 -7.92 -11.02 0.14 1.24 1.2 3.22 5.18 4.58 0.26 2.42 4.9 3.36 7.82 9.28 10.62 6.8 -0.08 -9.08 -18.96 -25.94 -33.68 -34.44 -38.24 -38.02 -35.92 -35.92 -34.88 -34.48 -33.18 -30.12 -29.98 -9999
13.44 18.7 19.4 24.4 30.38 41.36 -9999 34.5 30.52 20.38 -18.28 -22.74 -8.42 -10.7 -4.06 -3.88 3.32 -3.34 5.7 5.68 4.72 1.84 0.24 -11.86 -19.94 -14.98 -14.98 -21.14 -21.32 -21.8 -21.16 -19.84 -18.9 -16.92 -15.86 -11.96 -9.58 -2.64 -1.5 -2.02 -9999 -9999 -9999 -9999 -9999 -9999 -3.86 16.08 -1.92 15.28 -6.58 2.34 -9999 -9999 -0.64 15.96 11.3 14.7 22.14 18.38 8.58 -2.38 -16.42 -24.26 -35.14 -34.88 -33.66 -32.5 -32.5 -31.5 -29.46 -29.14 -25.02 -23.8 -9999 -9999
5.56 5.64 12.56 23.66 31.74 47.86 -9999 -9999 -9999 39.8 22.82 -2.94 -17.54 -24.78 -17.8 -25.5 -14.34 -20 -16.9 -14.74 -7.46 -3.4 -0.8 -21.76 -14.92 -5.96 -10.06 -12.02 -15.48 -15.94 -14.22 -13.52 -14.48 -12.7 -13.68 -7.78 -0.52 3.02 -9999 -9999 -9999 -9999 -9999 -9999 -9999 -9999 -9999 -21.8 -18.06 -9999 -9999 -9999 -9999 -9999 -9999 -9999 -9.14 34.24 12.52 -12.18 -10.06 -10.02 -26.92 -30.84 -39.48 -37.32 -33.12 -26.08 -26.14 -26.18 -25.14 -25.3 -20.76 -17.1 -9999 -9.74
63.86 48.92 41.96 13.12 14.24 32.22 47.28 50.28 -9999 -9999 47.2 55.2 28.14 3.26 -14.44 -31.26 -23.94 -20.4 -12.16 -23.96 -16.74 -10.76 -4.3 -18.86 -16.9 -10.96 -7.18 -9.26 -11.66 -13.04 -12.46 -10.64 -10.94 -12.92 -8.56 -2.68 7.4 10.7 -9999 -9999 -9999 -9999 -9999 -9999 -9999 -9999 -9999 -9999 -9999 -9999 -9999 -9999 -9999 -9999 -9999 -9999 -9999 -9999 -5.94 19.34 -81.6 -114.68 -90.66 -80.56 -94.22 -99.86 -61.64 -20.66 -18.84 -22.16 -25.4 -26.02 -18.28 -10.74 -7.48 -9999
72.8 61.64 58.72 44.78 35.84 25.9 29.94 52.94 -9999 -9999 -9999 -9999 62.78 65.94 36.2 24.56 -8.14 -32.78 -33.34 -19.2 -25.08 -29.06 -21.94 -8.34 -21.08 -29.98 -21.18 -14.36 -12.78 -13.18 -12.48 -8.84 -9.18 -5.34 -0.26 9.68 12.88 17.74 -9999 -9999 -9999 -9999 -9999 -9999 -9999 -9999 -9999 -9999 -9999 -9999 -9999 -9999 -9999 -9999 -9999 -9999 -9999 -9999 -9999 14.84 41.9 -29.02 -86.98 -139.02 -153.72 -182.44 -157.56 -58.52 -29 -33.44 -30.12 -29.54 -26.82 -15.54 -2.16 -9999
79.68 78.54 72.48 58.54 56.64 40.7 4.7 37.7 62.9 -9999 -9999 -9999 -9999 65.82 53.98 60.4 26.72 -12.84 -25.5 -42.44 -38.3 -13.36 -17.24 -12.88 -21.62 -23.38 -18.24 -24.48 -28.86 -34.2 -32.56 -19.94 -16.22 2.5 12.28 23.4 -9999 -9999 -9999 -9999 -9999 -9999 -9999 -9999 -9999 -9999 -9999 -9999 -9999 -9999 -9999 -9999 -9999 -9999 -9999 -9999 -9999 -9999 -9999 -9999 -9999 25.7 58.64 13.68 -60.3 -99.28 -110.5 -137.82 -148.2 -142.1 -148.66 -112 -120.68 -99.4 -48.86 4.44
83.6 83.46 80.38 80.32 67.5 57.48 16.52 19.62 50.74 67.64 72.62 -9999 -9999 -9999 -9999 -9999 53.4 28.9 43.26 -30.74 -21.6 -26.78 -16.76 -9.48 -16.34 -19.02 -30.48 -35.58 -7 2.64 0.22 8.9 12.56 16.3 18.2 31.36 -9999 -9999 -9999 -9999 -9999 -9999 -9999 -9999 -9999 -9999 16.28 12.08 12.64 21.12 26.6 -9999 -9999 -9999 -9999 -9999 -9999 -9999 -9999 -9999 -9999 -9999 -9999 64.24 51.02 15.68 -32.62 -65.08 -80.82 -87.62 -95.04 -135.72 -148.5 -134.94 -88.94 -33.62
-9999 -9999 -9999 -9999 87.18 76.26 65.42 65.48 31.5 52.66 72.44 64.5 70.38 -9999 -9999 -9999 -9999 -9999 52.68 45.68 -4.2 -28.22 -22.2 -0.26 5 -12.46 -24.94 -16.88 -30.14 -28.56 1.14 13.76 22.3 28.12 29.26 23.5 38.64 -9999 -9999 -9999 -9999 -9999 -9999 -9999 30.32 26.4 -8.46 -6.64 -3.24 1.32 45.76 28.3 36.04 -9999 -9999 -9999 -9999 -9999 -9999 -9999 -9999 -9999 -9999 44.54 -64.82 -96.46 -95.88 -98.56 -64.36 -21.04 -22.62 -3.36 -32.96 -108.7 -140.92 -95.58
-9999 -9999 -9999 -9999 -9999 88.2 86.26 81.3 63.36 60.42 53.38 71.34 76.38 79.2 80.66 -9999 -9999 -9999 62.12 60.12 5.18 -4.92 -5.94 -7.82 -6.5 15.12 18.62 10.8 10.48 12.18 19.82 13.46 30.1 29.04 36.24 37.48 44.72 53.92 59.08 46.16 49.14 50.16 45.22 40.24 8.36 -6.62 -15.52 -23.7 -18.12 -11.66 11.92 12.38 41.9 67.88 36.92 33.02 -9999 -9999 24.14 41.26 43.28 26.52 7.18 -44.22 -93.76 -123.48 -124.72 -130.7 -85.26 -34.84 7.3 12.32 12.2 8.4 -68.08 -127.86
-9999 -9999 -9999 -9999 -9999 90.88 90.02 -9999 90.24 65.2 47.22 39.2 61.2 70.22 75.58 91 78.96 -9999 67.54 76.48 9.52 -3.56 -13.44 -5.14 21.12 42.68 39.26 42.42 26.04 55.8 44.44 39.04 39.72 29.66 39.02 49.3 -9999 44.78 57.68 49 44.06 16.98 10.14 -16.84 -13.86 -26.84 -31.8 -24.32 -16.96 -2.42 -10.8 -3.12 -5.44 -2.9 -8.4 -10.26 -24.3 -17.32 -24.28 -27.32 -40.28 -83.44 -96.32 -67.08 -88.78 -113.92 -114.68 -104.94 -123.64 -102.48 -79.96 -43.88 4.6 32.42 22.68 19.06
