shamba/rasters/climate/tmp_5.txt
ncols         720
nrows         360
xllcorner     -180
yllcorner     -90
cellsize      0.5
NODATA_value  -9999
[rows 66 to 98 of 360, columns 152 to 227 of 720]
63.32 61.34 58.46 57.44 56.48 60.42 61.5 60.54 59.48 56.42 51.22 47.12 43 40.14 37.18 35.54 35.04 33.28 31.78 28.9 28.04 28.12 26.16 24.54 22.74 19.02 18.22 17.4 18.7 17.66 17.8 9.94 -9999 -9999 -9999 -9999 -9999 -9999 -9999 -9999 -9999 -9999 -9999 -9999 -9999 -9999 -9999 -9999 2.68 3.54 -9999 -9999 -9999 -9999 6.78 -4.1 -4.96 -6.92 -6.84 -5.8 -6.7 -4.64 -3.54 -3.54 -2.4 -3.38 -4.28 -2.26 -2.14 3.84 3.98 5.18 5.32 4.12 0.94 1.74
67.16 66.1 64.2 63.18 63.22 67.22 68.16 67.18 66.12 61.88 57.8 55.7 52.56 49.66 48.08 45.46 44.92 43.34 43.72 38.86 37.94 38.08 35.2 32.48 30.64 25.86 24.18 23.36 24.5 23.54 24.76 22.82 22.86 -9999 -9999 -9999 -9999 -9999 -9999 -9999 -9999 -9999 -9999 -9999 -9999 -9999 -9999 -9999 7.62 6.56 9.52 -9999 -9999 -9999 10.82 5.9 0.96 -2 0.1 1.18 0.2 0.28 1.36 2.36 3.42 2.48 0.7 0.62 0.62 5.76 11.76 7.1 3.28 3.24 3.08 2.84
70.9 69.04 70.94 70.08 73.02 72.1 72.94 70.98 70.78 68.64 65.48 61.22 62.28 60.76 56.12 53.54 55.96 54.36 52.56 49.8 45.86 43 41.16 39.28 39.5 37.68 33 31.3 28.32 26.4 27.54 25.66 21.68 20.74 18.74 20.88 7.88 -9999 -9999 -9999 -9999 -9999 -9999 -9999 -9999 -9999 -9999 -9999 14.58 15.54 -9999 -9999 -9999 13.64 6.74 5.84 5.86 6.9 8.98 6 5.98 6.2 6.24 6.22 4.34 3.4 3.44 4.4 -3.48 -2.32 5.94 5.96 4.18 5.38 7.16 3.94
76.84 75.74 78.78 78.88 79.94 76.92 76.88 74.82 72.76 71.52 71.34 69.36 71.38 69.78 64.12 61.48 63.84 62.16 60.5 57.7 54.86 52.08 49.1 47.14 47.36 45.66 40.84 39.16 35.22 34.3 34.38 32.46 28.48 27.48 25.5 24.64 29.8 29.88 28.06 27.18 26.3 25.36 15.52 16.72 -9999 -9999 -9999 -9999 -9999 -9999 -9999 19.46 13.5 12.6 11.58 11.68 11.78 10.8 7.8 7.88 7.96 7 7.06 7.14 6.1 6.28 5.24 4.26 1.44 2.52 5.74 9.86 5.14 9.28 9.26 7.1
87.6 86.56 88.38 89.44 89.88 81.86 79.9 77.74 76.64 75.7 78.54 79.46 78.44 75.64 72.02 69.44 67.84 66.14 67.38 65.5 60.84 58 56.04 53.04 52.24 49.5 47.76 45.94 44.14 42.26 40.2 39.38 39.36 37.4 36.52 34.68 33.82 33.88 31.06 29.12 30.24 29.38 29.42 30.64 -9999 -9999 -9999 -9999 25.62 29.42 28.48 26.44 23.54 23.56 22.54 21.58 17.66 18.7 17.8 15.78 13.88 12.92 13 11.92 8.98 14.08 7.12 8.24 10.28 12.48 14.64 14.86 16.02 10.28 11.42 11.2
93.24 92.2 92.1 91.2 91.62 84.88 82.82 80.78 78.78 77.7 81.54 83.54 83.42 80.6 76.94 76.36 74.68 73 74.26 72.34 68.68 65.86 63.04 61.12 60.2 57.52 54.58 52.9 50 49.06 47.12 46.26 46.34 45.4 44.58 42.62 40.74 40.92 37.96 35.96 38.06 36.24 36.26 28.5 -9999 -9999 -9999 -9999 -9999 36.38 36.38 35.48 35.52 35.44 32.54 30.5 25.58 26.74 24.7 22.72 19.78 18.84 17.88 16.98 11.94 19.04 11.08 13.2 16.28 17.44 19.7 17.86 19.02 18.34 17.18 17.32
98.84 97.9 98.9 96.98 93.32 88.76 85.96 82.94 81.82 79.72 82.62 81.58 84.48 83.54 80.8 80.16 79.7 79.02 78.18 75.36 73.56 70.78 68 65.1 63.3 60.3 57.5 54.74 57.9 57.04 54.14 55.22 52.28 52.4 49.48 47.62 46.68 44.8 43.86 42.92 41.12 40.08 41.22 42.22 -9999 -9999 -9999 -9999 -9999 38.34 44.32 45.46 45.5 43.48 40.5 39.54 37.6 36.56 33.58 29.62 29.74 26.8 24.74 18.88 13.86 12.94 14.02 17.2 22.22 24.48 24.66 10.82 23.04 22.12 22.02 24.06
104.56 99.74 91.66 85.76 94.32 92.9 91 88.96 83.8 78.74 87.7 86.56 85.64 85.6 83.72 83.04 83.48 83.98 83.06 81.2 78.44 76.72 74.88 72.04 69.24 66.3 63.46 61.76 64.82 62.88 60.1 61.14 58.28 58.32 55.48 53.6 52.62 50.68 49.74 48.78 47.88 45.92 45.98 47.26 41.34 45.54 -9999 -9999 41.28 42.3 50.36 50.46 49.48 49.44 47.34 45.44 43.46 42.48 39.58 36.62 34.64 32.64 29.64 24.64 19.82 15.86 17.98 21.1 24.26 22.42 26.66 16.86 23.98 24.86 27.84 29.8
95.64 95.64 92.6 91.76 88.3 92.1 99.14 95.02 91.84 83.76 85.66 90.72 90.6 89.6 86.62 86.96 89.4 89.7 87.9 86.1 83.4 75.48 80.76 77.98 71.16 69.36 70.54 68.7 65.8 63.9 61.98 62.1 58.14 57.32 61.3 59.4 58.58 57.6 55.62 54.7 53.78 50.84 50.92 51.08 48.26 47.4 46.42 -9999 -9999 -9999 55.38 56.44 55.48 53.34 51.4 47.34 45.36 45.42 37.5 35.52 32.52 30.58 27.6 24.66 16.82 18.84 23.08 26.06 28.22 31.38 31.64 31.84 30.76 31.56 35.52 36.68
99.86 97 95.04 92.24 91.64 97.18 101.26 101.12 96.94 90.82 90.72 89.72 94.7 94.66 89.68 89.88 92.12 93.48 91.68 90.98 88.2 82.44 85.66 83.82 76.14 73.36 76.52 73.72 70.7 68.74 67.84 66.98 64.02 62.12 67.26 65.3 64.32 63.44 61.64 60.62 58.66 56.82 56.8 56 54.16 54.28 -9999 -9999 -9999 -9999 49.36 60.4 58.36 57.38 53.28 52.28 51.28 51.34 42.34 40.44 38.46 36.42 34.54 26.62 21.78 24.72 23.02 35.08 34.2 36.38 35.58 36.72 36.58 36.5 39.32 36.36
98.32 99.42 102.5 98.58 99.26 91.32 95.34 99.28 103.1 97.92 93.88 93.8 94.76 92.68 90.7 93.86 94.14 95.24 94.46 92.8 93.02 92.34 84.66 82.84 87.08 85.32 84.52 81.7 72.68 70.68 68.8 68.9 68.9 68.06 69.08 70.1 70.22 69.3 66.38 65.46 64.52 62.66 60.76 59.88 56.96 56.1 56.22 -9999 58.26 57.22 63.36 61.42 62.42 61.42 57.28 57.26 57.2 56.26 54.26 51.28 46.38 45.4 45.5 41.54 38.66 39.84 36.88 40.14 41.16 43.44 44.54 43.46 37.34 36.2 41.04 40.98
101.44 103.64 104.84 102.02 102.18 96.46 100.42 98.36 109.2 105.1 100.02 101.92 101.86 98.82 95.8 99.76 100.96 100.14 99.28 97.54 96.92 96.34 89.66 87.88 92.08 90.3 89.5 86.56 76.64 73.56 70.6 71.74 71.92 71.96 72.96 74.12 75.06 74.22 72.28 71.38 69.42 68.5 67.6 65.66 62.88 60.96 60.08 62.12 65.18 66.26 68.26 67.32 65.36 66.32 65.34 66.22 63.16 62.06 60.14 58.22 56.32 54.32 53.5 49.58 45.68 45.78 43.86 41.98 45.2 47.42 50.36 47.26 44.14 39.04 41.74 40.64
111.5 110.74 108.02 106.22 103.36 102.54 102.66 94.48 97.24 111.24 108.18 110.04 109.98 105.86 107.9 104.78 108.98 107 105.2 104.44 97.86 97.24 95.54 95.02 92.2 89.36 84.44 80.48 79.54 75.54 73.5 72.7 72.72 73.82 76.02 75.06 76.06 80.1 79.22 79.22 76.34 74.4 75.48 72.56 69.76 67.72 65.98 67 68.12 70.18 72.3 72.34 72.3 68.26 69.24 69.2 68.12 67.02 65.06 63.08 61.2 60.34 58.42 55.56 51.64 52.84 53.82 52.94 45.18 51.28 54.12 53.04 51.86 49.78 47.52 46.42
107.78 107.92 107.26 107.4 109.64 108.82 108.84 97.48 99.36 112.02 115.06 113.22 115.26 112.1 109.02 109.06 111.02 109 108.1 108.36 100.74 102.2 101.58 100.88 97.24 94.32 88.38 83.46 81.42 77.3 74.36 74.48 75.68 76.74 77.8 79.96 80.94 83.98 84.04 83.16 81.26 80.3 81.3 79.5 76.5 74.78 73.8 72.88 73.02 74.12 74.2 75.36 75.34 74.26 74.32 75.12 74.1 74 70.94 69.04 67.12 65.38 63.46 60.48 55.62 56.72 57.84 58 59.18 61.1 60 59.82 56.74 53.5 58.22 59.02
112.22 111.32 109.46 106.58 111.84 113.94 112.92 110.54 115.6 119.22 118.92 117.04 118.18 115.24 109.56 110.46 109.4 107.28 106.16 108.18 107.62 107.08 105.24 103.56 100.04 96.12 92.3 86.36 83.38 80.22 79.12 77.22 77.44 77.5 80.62 81.72 83.82 84.82 84.92 83 83.02 83.14 82.18 82.24 78.62 78.68 76.68 74.8 77.92 78.06 78.12 78.32 80.24 80.22 78.14 79.04 79.06 76.02 74.98 70.96 76.12 76.26 76.36 75.54 66.58 65.74 67.78 68.04 68.04 66.88 67.82 67.58 62.5 69.26 80.02 -9999
115.46 116.64 116.8 113.94 115.16 114.3 113.24 109.96 113.9 114.86 111.6 116.94 119.92 118.8 116.22 113.8 110.04 107.86 118.72 110.5 112.56 110.72 105.9 105.44 101.82 98 94.12 88.24 84.36 80.2 81 80 78.12 77.36 76.5 81.62 88.7 84.74 84.78 84.82 83.84 83.96 87.04 87.5 86.56 86.52 83.6 81.7 83.76 82.96 82.08 82.2 84.12 85.1 83.04 83.04 80.92 79.92 76.94 75.96 81.02 81.18 83.3 83.44 75.58 70.66 71.78 71.9 72.74 71.64 75.56 74.44 73.28 81.06 78.86 68.94
118.08 118.42 114.8 113.08 116.4 114.44 117.46 114.3 113.18 114.24 113.2 113.12 125.24 126.72 122.52 118.1 109.32 110.9 112.28 115.06 113.86 109.8 105.92 102.32 98.6 95.7 94.82 88.94 86.1 82.14 80.92 85.84 86.98 79.1 78.12 78.36 82.44 80.54 82.66 84.62 86.84 89.24 90.42 91.48 92.36 93.54 91.62 89.64 88.72 86.84 87.04 87.08 87.1 87.08 85.06 83.02 81.04 78.96 76.9 74.88 74.98 77.04 87.26 94.52 88.54 83.68 83.78 74.6 75.54 79.46 90.5 88.44 79.98 76.82 62.88 66.98
121.98 122.9 119.72 117.38 119.64 117.66 121.64 120.4 117.52 118.44 118.5 119.58 127.02 132.02 127.98 124.32 118.16 116.72 117.36 118.32 117.16 113.02 106 100.68 95.76 92.78 91.82 88.88 88.9 88 93.56 95.56 97.98 96.04 95.08 90.2 80.28 80.46 83.58 86.78 87.06 90.32 92.48 94.38 96.44 99.4 97.54 95.62 94.66 96.82 96.86 91.18 91.22 89.16 86.12 84.12 83 82.04 78.94 77 79.04 86.1 88.16 87.34 80.52 86.6 87.56 78.4 82.28 95.24 88.06 81.3 79.86 78.84 75.02 77.08
125.96 121.68 122.82 122.38 120.78 118.86 117.14 115.88 119.8 120.98 120.96 122.1 126.32 131.16 131.84 128.9 124.02 121.54 122.62 121.66 118.46 114.22 109.3 100.94 93.1 89.14 91.06 92.12 101.08 101.66 102.22 103.24 103.7 102.02 102.08 98.22 94.3 94.48 92.62 92.88 92.2 95.3 98.5 100.52 98.34 99.44 102.32 101.48 103.62 104.86 99 95.18 93.34 91.36 91.36 92.22 92.14 91.08 89.1 87.02 88.12 95.12 96.16 92.28 81.38 81.62 73.2 87.02 85.8 87.74 92.92 87.04 83.76 82.9 82.08 80.1
125.18 124.58 124.68 126.38 123.74 123.44 121.68 120.62 121.02 122.26 125.32 126.42 127.46 131.46 135.42 133.22 126.02 125.66 126 127.36 124.6 119.62 113.82 102.42 91.32 94.32 111.52 109.46 110 108.52 105 96.92 106.44 107.14 107.24 104.34 102.4 102.56 97.74 96.08 94.34 97.42 99.46 102.46 100.4 102.38 105.4 103.34 100.58 103.78 99.08 97.26 97.2 98.4 99.44 99.34 97.2 94.26 94.22 95.14 96.26 96.2 96.12 98.32 83.52 77.46 85.08 97.78 92.64 93.78 94.66 96.82 94.82 90.92 87.12 84.2
121.24 121.38 121.86 123.22 124.86 124.54 124.88 124.46 123.28 123.48 128.66 130.56 129.6 133.82 135.16 132.7 128.58 129.44 131.16 132.04 130.08 125.52 120.68 113.22 100.64 98.86 106.9 113.46 103.86 103.3 101.9 101.16 102.22 111.02 110.62 107.82 102.78 101.7 104.82 97.08 99.26 105.38 102.46 100.44 106.42 110.42 112.46 108.36 104.64 105.74 101.92 101.2 103.2 105.34 108.4 106.38 107.36 103.26 102.36 100.16 100.98 98.76 100.04 105.34 103.52 102.4 100.14 96.84 98.5 97.56 98.54 101.46 100.84 97.04 90.12 95.16
124.26 124.02 123.18 124.72 127.46 129.26 127.8 127.56 127.44 127.68 131.46 135.36 131.64 135.76 135.7 134.96 131.08 130.84 134.5 132.24 132.76 129.16 130.22 123.08 116.92 113.14 108.68 104.46 101.76 101.18 103.3 105.62 108.74 109.32 110 109.06 107.94 105.88 102.84 103.14 109.24 111.34 106.48 104.42 105.38 111.52 114.5 112.52 114.6 114.74 106.82 106.92 112.1 117.28 114.3 111.46 114.46 111.1 106.96 101.68 104.5 110.28 111.92 111.36 110.26 106.2 102.94 98.78 97.56 99.44 99.36 101.52 104.78 98.92 98.06 100.04
123.3 123.88 125.12 126.56 129.28 129.86 134.28 132.48 134.66 134.7 136.58 135.72 133.14 131.66 137.72 138.04 136.16 137.06 137.86 134.42 136.9 138.44 138.5 134.22 129.1 121.94 115.6 110.42 108.02 106.62 107.56 114.86 117.28 117.56 115.78 116.78 115.68 114.7 113.64 113.88 115.12 114.3 114.5 100.56 99.58 114.58 115.58 112.64 112.54 110.34 107.62 104.84 112.88 122 121.12 117.28 117.32 116.4 117.06 116.34 122.94 122.2 122.98 119.06 108.82 104.82 103.58 97.46 102.34 99.22 104.32 108.24 106.28 103.3 101.76 105.88
125.4 125.96 128.3 130.64 131.98 133.26 136.88 136.08 138.32 137.24 137.34 136.1 133.8 135.18 137.76 141.9 143.58 143.36 141.24 142.22 145.16 142.88 143.74 139.06 135.96 130.56 124.36 118.3 116.5 111.8 115.8 120.66 121.9 121 122.42 123.5 121.34 116.26 113.7 112.8 114.16 119.36 121.46 119.44 118.7 118.64 119.76 118.5 112.32 113.14 112.34 108.6 111.66 116.8 122.82 125.08 127.58 126.46 126.36 124.34 123.28 125.38 119.1 116.94 111.9 106.52 100.24 99.22 100.2 102.16 108.3 106.36 104.44 102.12 92.76 91.04
126.58 131.3 130.4 133.62 137.68 138.82 139.46 139.74 141.94 139.86 140.3 141.3 138.36 137.76 139.94 142.9 146.4 149.36 149.3 150.96 153.98 150.96 148.06 143.16 142.76 138.44 133.54 128.24 126.02 123.2 126.82 126.58 124.36 125.4 129.78 125.06 120.14 119.28 115.74 113.96 113.22 122.48 123.42 123.38 123.42 105.72 109.58 120.2 119.88 118.9 116.96 117.28 116.38 118.44 122.62 128.9 130.44 131.44 123.72 117.64 117.12 132.2 106.76 109.98 100.8 99.48 94.2 96.1 111.2 111.2 112.32 107.32 103.18 98.48 113.52 110.88
101.92 130.34 137.42 137.52 138.4 140.38 142.76 143.7 146.76 142.48 141.98 147.58 146.74 141.1 142.14 142.4 145.34 149.26 151.18 151.24 150.34 149.12 145.3 143.8 144.62 144.6 140.78 137.08 132.96 132.42 136.64 133.56 124.88 132.08 133.34 124.78 123.1 121.62 124.9 122.18 121.34 127.36 126.26 126.2 124.16 114.1 113.8 112.96 120.06 122.96 123 120.46 119.2 123.46 121.36 128.4 131.38 123.32 114.78 110.88 103.04 133.1 105.16 109.62 90.84 86.58 101.58 113.58 116.12 112.18 112.08 108.04 120.98 -9999 -9999 114.78
105.3 130.04 138.7 139.5 141.8 142.64 143.72 146.58 147.44 147.44 147.6 152.86 156.66 149.3 145.26 144.16 142.2 144.3 147.36 147.86 146.14 144.38 142.24 143.64 147.84 149.82 142.22 139.16 137.86 138.52 139.22 134.14 128.78 136.62 135.46 127.76 129.16 130.58 132.3 133.06 129.98 125.14 122.16 130.04 123.08 119.9 118.14 118.44 124.32 129.2 131 132.72 134.72 135.18 137.38 132.44 124.84 117.58 104.14 96.66 119.96 130.94 112.44 118.34 113.5 113.54 122.58 121.06 131.12 130.1 128.02 -9999 -9999 -9999 -9999 117.86
134.94 138.7 140.26 135.16 137.86 138.8 141.06 142.64 143.5 146.44 150.54 154.02 158.9 155.3 155.68 152.88 147.46 144.4 147.3 150.68 148.86 149.26 151.14 149.68 148.96 152.4 146.96 142.9 138.84 138.7 141.2 132.84 143.46 143.04 141.6 133.16 135.5 137.38 138.88 137.12 135.62 131.84 129.06 133.12 131.02 126 126.56 131.22 130.22 131.22 133.42 134 137.64 134.86 135.98 137.7 131.54 124.28 113.46 111.06 132.8 127.3 121 122.58 124.94 125.04 126.82 135.6 -9999 -9999 -9999 -9999 -9999 -9999 -9999 -9999
128.34 134.18 135.02 134.28 135.72 137.36 140 140.72 143.62 146.54 150.7 154.66 156.44 161.36 161.84 157.06 150.82 145.5 152.16 154.92 154.5 155.04 156.36 153.9 151.56 154.14 150.42 145.5 142.38 140.82 140.48 135.36 128.66 147.46 146.42 140.36 143.4 144.4 142.22 140.04 141.6 137.76 137.02 138.08 133.94 124.82 130.92 128.2 133.84 125.32 129.08 126.56 128.62 129.1 132.38 131.08 128.36 125.44 125.38 127.88 142.28 131.16 128.9 139.06 132.38 137.3 134.14 -9999 -9999 -9999 -9999 -9999 -9999 -9999 -9999 -9999
125.76 128.74 133.72 133.02 133.84 136.46 138.08 138.58 140.46 143.24 147.4 149.98 152.96 157.42 158.9 161.7 157.24 153.06 159.88 160.84 159.64 158.12 154.38 155.6 157.12 157.66 154.7 155.2 148.9 149.12 145.32 141.32 141.86 151.38 150.66 148.36 153.1 151.38 144.48 144.82 153.4 148.02 142.06 140.1 139.56 138.44 137.06 136.6 128.98 126.02 121.78 118.1 117.8 123.86 124.24 133.8 136.4 129.12 119.06 121.9 147.06 133.14 142.16 139.1 137.48 143.12 136.86 141.32 -9999 -9999 -9999 -9999 -9999 -9999 -9999 -9999
131.36 136.86 138.32 139.6 138 138.3 138.04 139.4 140.62 146 150.7 150.08 155.36 159.36 161.82 164.66 161.84 157.82 158.72 162.62 164.68 162.36 158.9 161.74 164.92 165.32 164.74 166.82 158.4 156.1 155.04 152.56 152.84 153.76 150.54 151.72 155 153.18 147.18 149.8 150.78 149 147.46 145.88 144.56 139.22 138.82 137.04 132.8 132.14 127.52 124.16 120.32 122.46 125.02 132.7 137.78 135.96 134.1 148.14 150.02 141.44 146.94 142.82 138.94 141.52 138.92 144.92 142.82 -9999 -9999 -9999 -9999 -9999 -9999 -9999
124.74 134.04 143.18 148.78 148.14 146.56 143 144.18 144.36 151.22 156.98 157.92 163.22 165.58 164.46 166.3 166.92 162.86 160.86 160.44 162.96 165.08 168.26 169.52 172.5 169.8 170.38 163.98 162.7 163.24 161.74 160.1 159.44 157.7 156.36 155.52 155.68 154.72 154.16 154.32 154.74 152.66 146.68 144.24 144.3 143.9 143.14 141.3 139.04 139.84 136.48 136.06 135.14 138.12 142.82 138.14 138.5 137.46 144.1 148.7 156.08 146.32 146.78 139.84 133.92 149.92 147.94 148.02 145.76 -9999 -9999 -9999 -9999 -9999 -9999 -9999
136.14 145.24 148.14 152.82 154.02 152.4 147.9 154.36 157.94 160.22 163.16 164.6 168.64 170.38 167.76 166.74 169.52 167.3 163.78 161.64 163.1 165.26 170.6 171.84 172.34 169.58 169.26 168.06 167 165.04 164.14 164.48 166.14 162.7 162.62 159.84 156.86 155.74 154.78 155.16 154.46 153.7 145.22 146.06 148.62 148.88 145.5 147.96 147.86 148.86 146.5 146.84 146.68 150.74 150.88 148.54 147.52 148.76 148.88 162.16 159.8 152.92 152.86 152.74 -9999 -9999 -9999 -9999 -9999 -9999 -9999 -9999 -9999 -9999 -9999 -9999
