shamba/rasters/climate/tmp_11.txt
ncols         720
nrows         360
xllcorner     -180
yllcorner     -90
cellsize      0.5
NODATA_value  -9999
[rows 102 to 135 of 360, columns 532 to 607 of 720]
23.8 26.54 31.32 5.04 -29.14 -63.78 -90.38 -109.08 -91.9 -98.06 -67.18 -66.4 -66.58 -69.72 -61.9 -60.98 -59.92 -58.94 -60.96 -97.92 -139.94 -121.74 -156.68 -148.54 -148.38 -147.44 -142.64 -106.8 -69.14 -30.48 -33.78 -40.18 -25.34 -10.54 -0.38 -4.26 -10.06 -4.9 -5.78 -14.64 10.5 4.64 -9.3 -10.12 -5.02 -3.86 -0.84 -2.72 1.26 5.24 -5.9 -27.08 -28.16 7.82 -5.12 -6.26 41.78 45.72 56.52 60.38 62.26 63.18 63.3 57.24 -9999 -9999 -9999 -9999 -9999 -9999 56.42 59.34 -9999 -9999 -9999 -9999
17.72 -3.56 -53.8 -100.06 -95.16 -119.82 -109.48 -98.06 -52.74 -53.82 -51.92 -52.04 -53.1 -54.36 -55.56 -54.62 -56.76 -59.78 -94.8 -140.74 -157.7 -151.6 -151.66 -146.7 -157.5 -145.4 -144.52 -133.16 -107.74 -87.88 -58.18 -43.58 -17.78 -4.8 5.38 0.6 -1.14 -1.06 0.08 2.4 19.56 0.54 -4.3 1.74 3.88 2.92 5.12 1.2 5.06 9.94 -10.14 -9.38 -7.5 11.54 3.46 24.46 58.28 64.2 64.16 64.16 66 64.98 63.98 62.1 63.18 62.96 -9999 -9999 -9999 62.62 -9999 -9999 -9999 -9999 -9999 -9999
-60.44 -108.72 -116.88 -141.2 -146.18 -115.86 -114.5 -115.24 -98.66 -85.66 -70.78 -58.74 -45.9 -40.96 -41.14 -42.34 -41.42 -40.5 -44.58 -79.74 -114.84 -140.9 -126.96 -135.86 -151.38 -134.38 -133.52 -133.54 -107.34 -101.46 -80.64 -90.96 -49.1 -12 -0.86 -14.6 -8.32 3 11.26 13.44 14.64 7.38 2.54 9.62 6.7 2.76 12.88 13.02 25.82 28.72 -2.52 -8.56 15.22 20.18 9.02 27.08 48.98 68.88 67.8 67.82 67.76 67.72 66.8 64.86 64.96 65.88 -9999 -9999 61.96 70 67.98 76.02 -9999 -9999 -9999 -9999
-137.58 -131.76 -132.96 -132.22 -128.24 -125.9 -107.6 -102.24 -94.6 -122.38 -122.46 -91.64 -60.62 -33.74 -28.88 -27.96 -26.04 -24.32 -23.56 -36.36 -74.46 -56.8 -72 -73.78 -105.38 -109.32 -88.46 -71.72 -60.6 -70.94 -87.04 -76.26 -40.12 -42.96 -52.68 -25.42 -22.08 3.16 13.54 12.56 6.68 1.42 -1.64 -3.58 0.58 6.66 2.78 15.8 36.6 27.5 4.28 23.2 32.18 18.34 7.08 12.84 57.74 70.64 70.5 71.5 72.56 74.48 73.6 70.64 69.74 70.98 74.24 74.24 61.26 61.38 70.28 83.42 87.4 88.38 -9999 -9999
-125.66 -147.8 -145.06 -141.16 -138.32 -140.98 -147.58 -149.26 -110.56 -126.34 -121.32 -91.6 -74.54 -50.56 -49.64 -43.84 -25.14 -19.62 -16.56 -15.38 -14.08 -12.32 -20.42 -36.48 -64.16 -89.22 -91.54 -79.48 -65.04 -53.12 -44.82 -14.38 -30.26 -28.7 -24.44 -10.14 5.16 20.4 -2.44 5.68 2.7 -1.4 14.26 14.28 14.44 15.5 24.56 29.62 32.46 32.3 18.1 35.14 13.14 28.26 23.12 33 63.74 73.62 73.56 74.42 77.26 82.28 75.28 66.52 65.86 70.06 73.28 73.46 68.48 63.54 78.5 79.62 86.66 93.76 -9999 -9999
-138.74 -143.94 -157.1 -173.26 -147.32 -150.98 -142.62 -149.32 -161.48 -177.24 -144.02 -129.24 -117.48 -119.48 -120.56 -114.94 -91.34 -62.62 -61.58 -55.24 -41 -35.68 -12.78 -18.94 -46.88 -114.08 -111.22 -71.98 -67.38 -60.62 -39.9 -33.54 -23.14 -2.8 -1.26 10.08 5.44 4.46 -4.34 -4.26 8.8 3.62 19.34 25.16 23.28 30.38 33.42 30.32 37.2 31.08 31.06 50.2 33.24 32.22 33.28 44.06 73.82 76.76 74.64 75.56 75.46 76.32 67.34 67.56 59.8 66.02 74.34 80.46 86.66 81.72 -9999 -9999 -9999 -9999 -9999 -9999
-155.86 -144.98 -134.16 -133.34 -138.24 -151.06 -144.66 -149.24 -149.34 -145.16 -141.96 -145.88 -138.14 -130.4 -119.56 -113.9 -103.08 -95.2 -106.26 -102.94 -101.72 -101.34 -100 -77.28 -86.44 -105.54 -111.84 -92.52 -55.74 -55.1 -56.66 -38.62 -19.38 -8.04 0.38 -6.94 1.42 2.62 4.74 12.86 0.84 18.66 36.44 37.12 36.1 36.18 47.24 48.2 49.02 50.04 58.1 50.14 46.22 47.26 31.42 55.12 75.92 79.88 77.74 76.64 77.5 78.34 75.34 73.6 69.82 64.98 71.24 86.56 86.82 -9999 -9999 -9999 -9999 -9999 -9999 -9999
-127.86 -129.08 -127.24 -130.36 -128.3 -144.04 -139.74 -149.06 -130.32 -135.12 -138.9 -134.72 -129.86 -124.1 -116.4 -112.64 -108.76 -114.78 -110.84 -108.78 -115.44 -115.1 -109.86 -101.72 -103.84 -99.64 -99.46 -83.06 -51.9 -66.22 -73.92 -58.6 -39.08 -25.84 -16.52 -1.26 5.1 6.42 8.62 17.86 10.84 22.8 41.52 40.22 39.98 41.06 44.18 52.02 66.02 65.12 59.06 50.1 55.2 71.26 71.32 82.2 83.08 83.08 82.9 82.74 81.46 80.44 78.42 76.62 79.84 76.14 82.44 90.78 -9999 -9999 -9999 -9999 -9999 -9999 -9999 -9999
-132.9 -144.14 -140.32 -143.32 -136.32 -132.2 -126.8 -136.96 -125.26 -134.08 -150.82 -147.66 -133.5 -134.76 -114.28 -108.52 -104.28 -104.42 -120.58 -126.5 -130.3 -112.98 -98.88 -93.68 -99.72 -100.3 -127.48 -83.8 -81.16 -58.74 -51.64 -48.3 -36.92 -23.6 -9.24 -9.94 -8.84 5.22 27.42 29.66 26.76 37.64 52.64 38.38 56.06 64.86 64.94 66.92 67 64 59.14 67.14 84.32 88.22 74.28 79.32 84.2 86.08 86.86 86.76 86.64 86.52 85.46 85.66 87.94 85.32 88.7 -9999 -9999 -9999 -9999 -9999 -9999 -9999 -9999 -9999
-136.92 -139.2 -132.36 -133.3 -146.4 -145.18 -115.8 -135.88 -146.12 -143.92 -142.76 -131.56 -121.38 -110.5 -105.1 -108.66 -114.88 -127.6 -125.46 -124.44 -146.1 -132.96 -137.7 -116.8 -96.36 -92.34 -110.68 -71.94 -60.62 -56 -44.28 -39.12 -58.84 -29.52 -5.14 -0.8 -5.66 -6.68 38.18 40.48 28.6 44.62 42.42 49.2 69 66.86 64.9 51.98 48.96 58 57.04 60.14 80.1 77.14 78.12 84.32 88.26 89.14 90.94 91.92 91.8 91.7 90.64 91.96 92.22 92.58 92.86 95.98 101.82 -9999 -9999 -9999 -9999 -9999 -9999 -9999
-135.08 -117.28 -129.32 -138.42 -118.46 -139.24 -143.82 -150.86 -126.08 -135.86 -136.62 -112.48 -110.28 -106.48 -111.04 -114.54 -126.08 -149.34 -153.18 -114.04 -107.32 -114.46 -91.14 -107.58 -91.26 -109.4 -87.54 -58.7 -54.04 -53.24 -45.66 -42 -18.62 -22.28 -3 -0.64 12.42 52.38 54.44 65.3 63.36 46.32 34.16 2.02 41 46.9 43.82 47.76 56.82 59.84 57.9 52.9 62.88 82.88 91 92.32 93.28 94.16 95.04 95.92 96.84 96.78 95.92 97.16 97.46 96.86 99.06 99.94 100.82 107.92 -9999 -9999 -9999 -9999 -9999 -9999
-113.1 -107.28 -126.32 -117.44 -114.46 -126.32 -126.76 -120.68 -118.08 -130.78 -135.58 -129.38 -121.48 -119.82 -114.3 -110.74 -124.12 -112.58 -126.8 -130.08 -94.36 -76.66 -81.72 -70.2 -61.04 -97.82 -90.6 -57.7 -65.7 -69 -77.36 -45.64 -15.76 -31.44 -8.06 4.34 14.52 61.5 73.56 80.4 80.3 72.08 78.08 71.96 62.9 54.8 57.62 59.58 70.6 66.66 80.58 86.64 89.6 93.7 93.04 96.32 99.34 99.2 100.02 102 101.94 102.04 102.24 102.42 101.62 101.04 103.18 103.94 103.74 107.88 -9999 -9999 -9999 -9999 -9999 -9999
-99.16 -98.42 -93.38 -100.44 -98.52 -103.4 -104.64 -113.64 -104.92 -101.7 -108.54 -116.6 -119.7 -118.02 -120.62 -120.86 -126.34 -84.94 -85.38 -105.6 -78.74 -109.02 -90.08 -82.92 -108.72 -72.56 -76.56 -72.72 -61.74 -65.84 -49.1 -46.32 -10.68 -25.64 -13.28 33.08 62.26 83.32 93.24 86.2 72.08 62.94 52.96 46.84 77.72 80.6 81.54 69.46 81.36 94.34 100.34 107.34 108.36 104.6 99.98 97.34 103.38 103.18 104.12 105 106.06 106.3 104.42 104.64 102.86 103.08 105.2 106.02 107.88 109.98 -9999 -9999 -9999 -9999 -9999 -9999
-87.14 -90.4 -102.36 -94.42 -88.5 -96.4 -100.64 -94.48 -77.86 -91.54 -96.66 -99.64 -90.86 -92.34 -99.84 -95.18 -113.82 -89.4 -53.5 -35.44 -70.62 -60.66 -79.86 -78.7 -87.48 -81.52 -62.66 -63.78 -52.74 -59.74 -78.9 -14.04 20.66 3.38 39.42 61.86 81.08 91.08 100.02 101.96 89.86 86.84 86.76 80.72 68.6 68.5 64.3 77.24 81.14 79.08 84.06 104.08 111.1 110.54 96.9 102.32 108.38 108.28 108.12 107.18 109.36 109.54 108.74 108.92 107.1 106.22 107.12 109.98 110.8 111.98 115.74 123.74 -9999 -9999 -9999 -9999
-86.2 -83.36 -77.38 -70.48 -85.5 -60.46 -58.48 -66.4 -63.82 -81.72 -88.76 -80.8 -79.2 -72.58 -93.14 -76.66 -63.2 -83.46 -59.42 -89.46 -69.36 -71.4 -68.5 -77.38 -71.46 -73.54 -38.6 -14.72 -32.78 -47.82 -62 19 25.96 8.6 -1.66 70.74 98.9 113.88 117.74 118.72 106.72 109.72 107.68 103.56 86.4 77.28 79.18 68.08 88.94 88.84 84 99.94 116.16 113.52 112.84 111.26 107.36 109.3 106.28 99.42 109.68 112.78 113.9 113.28 111.3 112.08 111.94 112.76 115.58 118.34 121.6 127.56 -9999 -9999 -9999 -9999
-78.28 -72.32 -81.46 -82.54 -67.54 -75.4 -76.44 -86.38 -66.06 -62.1 -69.12 -62.32 -64.46 -69.9 -86.48 -64.08 -60.62 -47.58 -25.46 -80.46 -82.36 -73.26 -74.26 -79.36 -48.44 -28.6 -19.72 -43.72 -21.78 -29.86 -9.86 36 27.86 -6.24 58.72 93.48 121.72 121.56 120.58 121.64 120.62 114.54 114.4 115.36 105.28 104.14 93.04 92.9 102.82 97.7 92.58 108.74 117.14 113.48 109.94 116.32 115.5 116.34 108.5 94.7 99.9 107.94 116 117.14 115.1 114.84 115.74 113.46 124.38 122.22 125.5 133.36 -9999 -9999 -9999 -9999
-83.74 -73.9 -76.04 -87.14 -86.24 -83.38 -86.44 -76.52 -54.42 -67.94 -65.02 -71.44 -81.72 -66.36 -71.86 -73.38 -60.58 -54.54 -57.42 -92.4 -73.3 -84.12 -66.18 -32.28 -19.34 -25.5 -0.74 -22.76 3.26 -15.96 -8.98 19.96 17.9 13.78 80.8 124.58 123.52 120.5 126.48 127.46 126.52 123.48 126.36 127.22 118.12 107 100.82 97.74 94.68 95.52 111.38 117.74 120.12 118.4 118.88 119.14 118.56 120.62 117.72 103.86 98.8 119.04 121.06 115.98 110.74 109.54 110.28 117.18 124.08 125.96 131.2 134.18 134.2 137.2 -9999 -9999
-87.26 -84.4 -92.64 -103.76 -91.92 -86.2 -84.52 -88.36 -80.58 -68 -49.9 -46.1 -57.24 -58.76 -50.26 -47.62 -33.56 15.64 2.64 -79.2 -75 -49.84 -33.38 -33.18 -16.32 -2.4 1.5 -26.62 -29.72 -25.76 -0.9 2.06 47.9 67.82 118.74 127.68 123.58 124.52 128.4 132.4 130.4 126.34 130.08 130.06 101.96 89.88 97.7 98.58 74.54 78.46 105.54 119.74 121.16 121.54 122.88 123.2 122.42 122.62 123.68 115.8 121.84 124.92 113.92 102.7 98.42 98.28 98.08 112.94 126.74 131.66 135.18 131.2 133.28 142.38 -9999 -9999
-53.92 -63.94 -103.28 -95.38 -73.72 -36.9 -54.34 -60.16 -36.6 -39.28 -7.8 -29.04 -51.4 -69.06 -35.5 -17.56 -15.4 -11.28 40.9 -3.78 -62.56 -57.02 -41.5 -7.24 22.76 32.68 -1.38 -37.56 -31.68 16.22 41.16 -15.92 68.96 82.86 105.82 137.72 132.66 134.56 137.48 136.38 138.28 134.24 125.16 107.96 101.94 94.86 107.8 97.68 95.6 101.48 119.72 124.06 126.34 126.68 128.9 125.2 121.38 118.48 118.6 125.68 125.68 124.84 113.58 111.46 110.2 104.96 111.78 114.7 122.52 122.56 126.2 142.26 140.32 -9999 -9999 -9999
-74.48 -56.54 -66.84 -55.02 -32.36 -14.7 -6.1 -30.28 -33 -8.94 -18.98 -11.86 -42.46 -25.24 -12.54 -15.4 8.84 16.06 74.38 47.58 -14.44 -33.1 -20.58 3.82 -6.24 3.76 34.58 -5.46 -59.62 17.3 40.28 -37.86 59.02 73.96 83.9 126.8 140.76 141.66 141.54 140.46 140.3 130.16 111.14 118.96 110.88 97.82 107.8 105.64 107.62 104.6 121.94 126.16 129.46 131.68 129.84 118.02 117.32 119.44 121.58 128.62 133.74 134.62 127.42 122.12 113 111.7 128.54 124.46 123.52 127.5 127.26 147.38 -9999 -9999 -9999 -9999
-97.2 -92.2 -86.52 -59.66 -44 -47.38 -37.02 -39.78 -44.12 -30.42 -43.52 -28.62 -40.8 -51.44 -21.3 7.98 50.2 132.48 93.74 91 46.44 9.88 14.22 -19.18 -3.2 -2.36 47.64 0.52 -77.46 -2.62 39.28 25.1 23.96 77.98 66 90.8 128.82 144.66 138.46 133.14 120.04 112.96 103.04 121 108.94 100.92 108.72 114.68 116.54 115.76 121.06 123.36 129.46 133.68 126.94 118.04 115.24 113.34 123.44 134.54 139.48 137.34 134.14 125.88 128.78 129.56 120.6 128.5 122.44 125.6 134.36 145.34 -9999 -9999 -9999 -9999
-88.08 -103.28 -71.4 -75.58 -43.9 -70.4 -55.32 -61.5 -64.76 -24.14 -28.4 -50.6 -35.68 -38.5 65.9 95.44 118.62 166.88 152.16 164.94 108.28 62.7 18.02 1.82 -3.22 8.68 20.68 16.6 -42.62 26.38 71.3 81.28 94.16 85.08 92.96 69.82 113.6 128.36 119.22 118 116.84 111.64 109.7 107.84 110.88 107.86 108.78 114.72 118.72 111 114.2 116.3 124.48 131.74 129.8 121.02 114.12 129.3 135.3 139.48 138.56 138.4 138.3 134.04 129.9 110.68 124.6 134.54 129.54 135.58 146.32 -9999 -9999 -9999 -9999 -9999
57.54 -31.86 -9.1 -25.3 -69.48 -33.66 -54.82 10.12 55.94 23.84 77.66 62.62 25.6 75.88 124.24 160.5 172.86 193.32 206.44 207.82 193.2 72.58 131.92 126.58 94.88 41.74 60.62 14.64 15.52 36.44 74.36 76.32 94.24 66.98 76.76 73.62 90.4 97.14 94.9 98.86 103.56 113.4 106.42 102.56 104.62 94.7 119.78 123.7 115.8 110 111.22 120.42 128.56 129.82 132.9 128.86 127.02 137.18 142.3 137.42 138.58 136.48 126.42 115.26 128.1 135.88 110.8 122.72 147.6 159.56 -9999 -9999 -9999 -9999 -9999 -9999
152.38 115.02 127.76 113.58 86.5 101.3 57.08 40.26 116.22 118.08 152.94 120.82 104.94 158.36 159.66 182.96 217.38 215.22 200.24 189.78 184.1 140.5 150.86 176.48 88.92 74.84 55.7 52.62 25.58 64.54 81.46 94.46 82.56 81.26 71.98 83.74 83.42 89.12 88.02 86.74 97.56 111.36 112.4 105.56 104.52 108.7 116.66 125.78 109.98 115.18 125.32 126.46 129.72 126.9 131.92 122.82 125.98 141.06 144.26 137.42 135.5 143.56 131.4 136.38 139.2 137 118.84 142.78 156.78 160.82 -9999 -9999 -9999 -9999 -9999 -9999
217.22 195 196.62 190.44 194.44 212.2 206.88 192 202.24 197.38 202.14 203.06 220.4 229.72 224.94 222.76 219.46 200.52 141.5 144.4 180.08 177.44 139.84 183.34 118.86 51.94 42.86 38.78 56.52 81.62 120.72 134.74 110.78 104.66 97.3 92.96 79.78 76.5 86.1 97.9 99.66 102.4 106.46 117.56 112.64 109.82 119.88 122 119.26 129.38 132.58 136.7 133.76 134.88 133.94 121.92 122.86 142.98 143.12 136.38 139.52 121.56 131.54 139.38 143.28 132.18 145.04 168.92 159.96 -9999 -9999 -9999 -9999 -9999 -9999 -9999
224.3 221.8 220.6 221.42 223.3 224.82 226.56 222.82 216.92 217.18 217.38 218.46 224.44 227.22 212.9 212.64 195.64 166.72 128.58 181.68 199.62 208.3 161.72 180.18 108.98 69.08 74.86 74.8 123.82 130.86 106.98 130.98 132.08 89.98 96.74 97.4 95.02 99.84 122.42 119.2 121.86 113.5 113.68 126.76 109.9 120.02 127.02 120.22 95.42 111.68 136.9 135.96 122.06 133.02 136.9 119.84 119.88 142.88 148.02 149.2 147.48 139.44 145.54 146.44 147.34 149.28 160.06 166.18 179.14 -9999 -9999 -9999 -9999 -9999 -9999 -9999
225.18 222.82 220.36 222.28 227.1 228.6 230.28 226.54 214.62 206.84 195.16 184.68 186.4 207.06 214.82 199.78 158.8 137.78 139.84 208.8 179.8 194.82 181.58 183.12 123.94 97.96 98.96 90.98 123.08 131.14 118.26 147.18 104.36 104.22 101.98 113.64 100.5 106.1 130.82 131.44 139.18 127.88 137.7 125.92 129.08 135.12 136.2 129.4 130.66 133.88 134.04 137.24 139.4 136.34 129.14 127.1 134.98 155.9 146.06 153.3 154.52 141.62 148.74 155.62 150.64 155.54 178.34 182.14 186.24 -9999 -9999 -9999 -9999 -9999 -9999 -9999
222.14 222.92 220.32 223.14 231.8 233.38 234.06 232.2 219.36 217.64 204.38 192.66 190.16 180.06 195.08 156.12 155.14 153.04 213.1 217.1 206.02 203.12 216.18 166.86 118.84 115.14 136.18 135.3 134.32 134.52 124.48 122.54 118.56 112.62 116.22 114.98 111.7 113.36 119.1 137.78 151.46 154.12 152.82 144.98 154.26 138.28 149.46 148.64 160.86 137.08 147.34 142.44 136.52 138.48 138.38 145.32 150.2 161.26 157.72 158.88 152.98 147.06 152.18 152.1 177.06 188.88 186.6 192.24 -9999 -9999 190.56 183.68 -9999 -9999 -9999 -9999
217.98 218.76 219.48 226.92 237.5 238.08 237.84 237.8 236.94 234.68 231.36 231.04 222.74 217.76 205.82 176.8 171.8 207.9 218.98 201 204.02 211.98 212.94 139.34 134.46 142.98 137 129.12 146.24 140.34 137.28 131.4 125.5 119.54 127.52 116.32 128.98 135.74 146.48 145.1 148.68 151.44 165.14 165.98 171.28 163.48 164.64 157.78 155.1 156.32 153.52 142.84 147.66 147.64 149.6 165.44 156.26 158.64 167.08 166.52 168.6 166.6 166.52 183.48 195.46 202.18 194.84 196.42 -9999 197.08 164.86 196.2 -9999 -9999 -9999 -9999
212.88 219.74 223.48 233.8 242.22 240.78 238.44 239.36 237.02 234.88 229.76 224.94 220.8 212.58 188.78 177.7 199.82 218.72 213.78 202.9 210.76 221.8 212.84 151.94 152.98 139.58 158.72 125.76 152.84 145.96 138.08 153.08 140.22 129.22 141.26 130.16 138.16 136.04 145.72 154.34 160.08 164.72 171.38 165.06 168.36 169.48 172.7 173 157.26 155.58 158.74 158.96 156.9 163.86 172.68 174.56 169.66 170.18 176.54 182.92 176.22 176.26 175.2 194 199.54 200.38 -9999 -9999 204.4 191.34 95.36 192.6 -9999 -9999 222.58 220.5
219.66 225.48 231.04 238.78 243.16 242.62 239.02 237.64 238.56 239.84 235.06 226.9 221.82 192.72 165.6 159.52 213.58 221.66 223.74 220.72 223.76 217.64 188.7 174.58 173.62 174.28 151.28 141.42 147.46 152.64 148.7 162.8 151.78 141.9 133.98 133.96 134.76 139.74 138.68 152.54 170.3 190 184.7 179.32 178.24 180.62 177.8 179.08 177.44 179.8 180.02 181.04 180.96 180.92 188.76 181.74 186.06 187.52 184.96 184.38 188.82 190.98 198.78 195.4 -9999 -9999 -9999 211.98 218.28 151.16 138.3 169.32 -9999 -9999 -9999 -9999
219.56 225.14 232.84 238.54 243.16 242.38 238.26 239.86 239.36 241.04 241.4 236.92 234.72 209.68 164.5 161.48 227.54 225.6 231.7 231.6 219.56 213.46 167.48 185.46 172.2 174.98 163 156.02 157.14 161.2 151.3 151.32 154.44 157.62 151.72 129.56 144.48 153.32 157.36 165.24 160.16 174.06 181.92 188.6 186.38 183.6 181.94 187.28 192.54 192.78 189.08 187.28 187.98 192.98 199.94 197.12 198.58 197 191.38 194.66 202.08 208.52 208.26 -9999 -9999 -9999 -9999 217.38 221.86 159.82 181.78 -9999 -9999 -9999 -9999 -9999
222.18 228.82 234.46 242.2 244.84 243.9 244.14 245.6 238.04 240.74 243.26 244.82 245.68 219.62 170.62 178.64 223.66 234.5 240.48 238.42 205.4 184.32 176.32 192.24 162.72 170.54 154.74 157.7 170.86 177.92 162.02 169.04 165.18 158.22 176.54 197.38 192.32 193.16 191 177.94 181.82 186.8 191.58 193.6 190.46 190.68 189.98 187.3 186.62 191.92 189.1 192.2 192.34 198.36 202.96 205.94 205.26 205.58 211.06 208.3 210.64 213.9 -9999 -9999 -9999 -9999 -9999 -9999 227.7 172.14 155.62 -9999 -9999 -9999 -9999 -9999
220.64 231.44 236.1 242.86 246.68 247.66 248.6 248.14 242.56 243.24 247.88 246.92 244.84 223.92 172.98 192.76 220.62 242.38 243.34 244.34 229.2 208.26 196.1 176.08 176.28 182.2 181.32 167.36 165.46 184.56 185.58 178.72 186.86 196.14 197.34 205.28 225.1 223.92 210.78 197.64 184.54 194.52 197.38 196.26 193.52 192.82 192.16 192.46 194.64 202.02 193.2 194.3 198.36 202.28 205.92 210.8 209.94 210.28 -9999 -9999 -9999 -9999 -9999 -9999 -9999 -9999 -9999 -9999 224.82 221.38 -9999 -9999 -9999 -9999 -9999 -9999
