shamba/rasters/climate/tmp_10.txt
ncols         720
nrows         360
xllcorner     -180
yllcorner     -90
cellsize      0.5
NODATA_value  -9999
[rows 66 to 98 of 360, columns 532 to 607 of 720]
11.14 11.98 11.86 10.68 8.66 7.4 6.4 6.16 8.02 6.86 4.8 3.64 0.9 0.16 6.3 5.42 -6.5 -3.36 2.7 2.88 1.14 1.32 1.64 0.88 -1.04 -5.28 -8.6 -16.86 -17.2 -20.38 -21.3 -23.28 -22.06 -27.04 -24.02 -22.14 -29.22 -23.4 -34.36 -30.64 -35.78 -36.84 -37.94 -33.7 -32.56 -50.68 -58.7 -63.82 -62.82 -68.74 -72.72 -68.74 -62.94 -74.02 -84.82 -95.58 -85.78 -80.56 -72.32 -68.24 -70.14 -92.02 -107.92 -99.08 -72.22 -85.46 -104.72 -103.74 -94 -78.12 -64.28 -72.38 -68.58 -72.84 -85.86 -91.82
14 12.92 14.8 14.62 12.38 10.3 9.14 9.1 7.98 6.78 3.64 3.52 -0.18 3.34 11.46 5.5 -0.4 1.8 3.98 6.2 7.44 5.64 3.84 3.12 4.36 1.2 0.86 -4.34 -10.64 -15.94 -18.16 -18.3 -15.26 -18.4 -23.38 -20.42 -24.46 -19.52 -34.64 -34.74 -34.96 -41.06 -36.8 -27.76 -39.6 -54.48 -64.58 -77.74 -72.72 -78.86 -71.78 -58.8 -50.86 -66 -77.84 -87.14 -68.94 -63.7 -59.44 -51.16 -62.02 -81 -96.1 -99.14 -91.36 -97.5 -91.78 -86.96 -84.06 -83.16 -71.34 -65.6 -67.74 -75.86 -82.74 -86.76
14.92 13.76 11.62 12.6 13.38 12.22 8.1 10 8.72 8.66 2.54 -1.6 2.68 -3.72 -3.56 1.6 2.82 2 6.28 7.52 3.84 -0.02 0.18 4.38 -0.22 1.72 -0.58 -1.88 -8.14 -10.44 -9.78 -12.2 -14.5 -16.62 -19.64 -23.7 -25.72 -31.82 -37.88 -35.06 -43.12 -45 -38.88 -27.74 -36.58 -71.38 -53.54 -35.56 -74.72 -88.82 -65.9 -87.84 -86.74 -87.82 -79.9 -89.46 -99.14 -87.92 -76.58 -54.24 -63.16 -73.02 -71.12 -79.3 -83.4 -87.54 -76.94 -64.04 -60.22 -66.3 -59.58 -61.68 -62.78 -59.72 -63.68 -70.54
21.72 18.56 13.52 5.32 5.18 -3.88 2.96 9.84 9.66 12.46 12.34 11.3 6.68 -4 -3.72 -5.58 -7.24 2.08 4.36 5.64 1.92 1.18 -4.5 -5.38 -7 4.18 1.88 -2.34 -4.72 -3.26 -4.56 -7.04 -9.44 -16.68 -16.68 -20.9 -26.94 -31.04 -30.16 -33.2 -46.18 -38 -35.9 -26.7 -38.48 -68.38 -16.42 -26.46 -76.64 -95.7 -70.68 -101.84 -84.86 -84.82 -69 -69.54 -82.3 -78.98 -72.74 -51.54 -51.24 -55.14 -56.26 -63.44 -68.58 -67.68 -69.02 -64.2 -52.28 -59.56 -57.66 -59.66 -58.6 -63.5 -61.36 -65.14
24.64 24.4 21.38 13.2 -10.96 -18.06 -1.2 3.68 4.56 15.4 7.28 0.14 3.56 1.78 -2.88 -20.48 -25.14 -30.96 -18.64 -27.4 -12.04 -15.78 -4.56 -14.32 -16.84 -13.6 -0.74 -4.16 -0.62 0.9 -5.48 -5.84 -5.24 -11.68 -12.76 -18.94 -22.04 -22.16 -25.3 -25.18 -39.12 -34.9 -28.78 -34.66 -40.56 -39.42 -6.3 -41.34 -74.46 -49.5 -59.68 -87.8 -68.82 -69.88 -67.04 -67.8 -62.58 -52.18 -41.78 -44.48 -49.24 -48.16 -46.36 -53.6 -66.7 -57.94 -53.06 -56.28 -54.48 -52.6 -50.66 -61.5 -69.3 -62.22 -69.1 -68.76
25.48 25.32 24.28 21.18 -6.04 -10.14 -18.22 -6.36 -1.62 3.36 17.16 17.04 17.34 9.64 -0.06 -10.56 -11.2 -27.96 -31.64 -43.32 -47 -51.78 -41.54 -26.18 -28.84 -22.6 -5.8 -0.12 7.48 7.04 4.62 4.28 -1.06 -6.46 -6.82 -10.94 -23.04 -23.24 -26.38 -25.4 -29.18 -32.02 -31.9 -40.76 -42.52 -6.44 -3.24 -53.22 -27.3 -31.36 -76.44 -72.48 -65.58 -65.54 -56.6 -48.5 -43.18 -45.94 -40.54 -49.22 -43.3 -46.34 -46.42 -53.68 -55.78 -58 -58.22 -51.46 -55.64 -57.58 -57.5 -63.18 -55.1 -55.98 -51.8 -51.54
25.32 30.26 28.12 26.02 14.8 -4.28 -26.34 -15.56 -0.76 12.14 22.08 20.94 17.3 18.54 13.96 5.28 -0.28 -13.84 -21.64 -42.28 -52.06 -63.7 -71.46 -55.24 -43.94 -37.78 -31.84 -9.08 -0.52 4.12 9.74 9.5 4.1 4.66 2.26 -4.9 -15.08 -21.12 -22.46 -19.42 -16.2 -24.1 -32 -22.82 -10.82 -5.64 -19.48 -35.1 -23.94 -58.94 -66.04 -56.04 -53.02 -50.1 -40.9 -43.82 -42.64 -44.62 -43.28 -45.38 -47.42 -45.5 -62.56 -60.82 -51.98 -45.1 -46.44 -46.56 -42.48 -39.26 -38.2 -39 -36.86 -40.74 -39.56 -44.42
31.32 32.2 29.08 19.94 0.78 0.68 0.52 -5.6 9.36 17.1 21.06 25.92 19.2 18.54 13.88 -3.7 -3.28 -17.9 -26.54 -28.2 -29.98 -42.74 -41.38 -54.22 -54.06 -57.9 -55.88 -48.22 -38.56 -19.94 -1.22 6.5 8.3 9.82 8.48 3.08 -2 -10.2 -14.4 -15.52 -21.3 -27.2 -11.14 1.88 2.96 -8.86 -20.72 -38.44 -45.14 -54.74 -46.54 -39.58 -41.66 -36.6 -33.18 -36.18 -46.02 -45.86 -36.2 -35.44 -36.62 -42.62 -44.72 -50.82 -35.12 -32.16 -34.32 -43.4 -38.34 -36.24 -33.12 -34.94 -33.88 -39.66 -37.56 -35.36
36.36 34.22 27.08 17.98 17.78 11.68 8.54 13.48 7.3 3.14 -1.82 -7.02 -15.72 -18.48 -27.06 -33.82 -33.36 -16.84 -11.54 -10.24 -15.94 -24.64 -19.38 -28.32 -40.18 -62.1 -64 -63.22 -65.56 -53.94 -28.18 -11.5 8.2 13.9 11.56 10.18 9.92 4.7 -6.46 -11.68 -11.62 0.48 3.52 -5.48 -12.38 -34 -35.02 -41.88 -37.66 -36.12 -33.72 -30.28 -35.08 -36.18 -9.3 -35.44 -40.42 -38.62 -26.86 -23.24 -28.46 -27.8 -30.78 -36.82 -30.04 -24.12 -37.2 -34.24 -26.14 -32.08 -40 -30.98 -38.82 -39.64 -48.44 -45.4
40.32 33.28 28.08 22.96 7.82 -0.34 -0.38 -7.6 -24.7 -26.84 -21.64 -34 -16.66 -17.44 -11.26 -9.84 -14.44 -27 -36.6 -30.24 -10.96 -15.66 -20.52 -39.52 -66.32 -66.26 -67.24 -61.34 -53.74 -59.04 -55.24 -50.52 -21.8 -5.14 10.56 13.32 15.94 6.7 -2.62 5.02 10.98 7.12 -9.84 -11.72 -23.44 -15.36 -22.4 -27.24 -16.06 -15.8 -22.28 -28.74 -30.3 -29.84 -13.64 -23.84 -26.12 -27.38 -24.58 -24.82 -13.22 -14.46 -25.74 -27.9 -20.94 -29.94 -29.98 -30.06 -27 -24.98 -31.88 -32.78 -41.66 -45.56 -42.5 -36.34
11.36 14.22 10.1 -2.02 -22.22 -43.36 -45.38 -39.58 -49.72 -34.62 -26.56 -7.92 -17.62 -27.44 -5.12 -3.88 5.52 -1.12 -9.7 -23.28 -35.84 -32.8 -40.74 -54.64 -44.64 -60.44 -65.42 -68.32 -70.72 -62.08 -66.32 -49.48 -23.76 -14.12 -22.5 -13.18 18.52 15.66 15.36 8 -6.18 -14.14 -2.1 -2.96 -3.7 -12.6 -11.62 -12.56 -11.36 -19.26 -21.8 -23.32 -25.82 -19.36 -12.98 -12.88 -13.06 -12.28 -14.62 -10.86 -13.14 -17.48 -22.68 -22.74 -26.78 -29.8 -27.92 -26.94 -21.82 -24.72 -23.66 -33.58 -40.54 -43.32 -37.38 -35.3
-5.84 -28.72 -30.92 -15.98 -38.22 -50.3 -52.4 -50.48 -24.62 0.82 9.4 1.08 -20.58 -16.32 -5.1 0.94 3.44 13.84 2.32 -4.36 -10.98 -20.98 -48.9 -35.82 -52.8 -55.62 -43.6 -41.48 -45.74 -38 -45.28 -40.52 -52.02 -33.7 -49.42 -43.28 -15.84 -12.78 -24.74 -14.86 -2.2 3.8 3.88 -2.98 -6.72 -11.78 -9.92 -14.86 -11.66 -13.46 -19.24 -19.74 -11.32 -12.96 -11.72 -11.52 -8.5 -5.54 -7.64 -5.98 -12.2 -23.52 -25.66 -25.62 -21.64 -24.6 -16.7 -15.78 -23.68 -31.54 -29.54 -27.42 -35.36 -36.26 -30.22 -31.16
-11.94 -21.9 -31.96 -26 -26.14 -45.24 -58.46 -58.6 -33.36 -28.08 -38.54 -30.84 -9.54 -2.32 -0.16 -9.86 -3.68 -12.2 -6.78 -22.5 -45.36 -42.1 -33.08 -38.06 -54.02 -60.88 -41.8 -67.7 -38.86 -31.1 -17.64 -12.28 -27.96 -23.52 -17.66 -8.76 -27.22 -14.12 -7.04 1.88 12.9 9.8 6.82 -1.94 -2.7 -6.82 -13.06 -16.12 -17.98 -20.78 -17.76 -14.42 -22.92 -16.68 -13.52 -8.16 -3.16 9.86 -0.2 -0.12 -5.28 -8.6 -16.58 -16.58 -13.54 -10.44 -4.56 -13.6 -20.46 -25.38 -25.34 -35.24 -34.18 -31.06 -23.04 -19
-9.06 -12.08 -41.04 -47.1 -43.1 -42.22 -58.32 -56.38 -57.96 -43.08 -28.46 9.1 29.44 26.62 29 21.2 22.34 18.6 -0.08 -22.76 -45.66 -48.4 -30.34 -34.24 -49.16 -52.1 -46.02 -48.1 -34.94 -25.94 -20.54 -6.18 -10.8 -13.98 -21.52 -18.32 -8.56 -3.54 1.56 8.56 14.72 11.68 3.78 -11.96 -8.78 -3.9 -14.96 -20.22 -24.26 -29.12 -28 -27.98 -24.62 -10.44 -0.34 -2.94 7.12 22.16 5.16 7.18 14.14 5.32 -7.44 -8.4 -3.38 -3.44 4.64 -1.38 -8.42 -16.16 -22.06 -30.08 -22.06 -16.94 -14.9 -12.9
-58.2 -68.28 -44.22 -72.24 -59.2 -41.26 -46.36 -58.02 -11.62 -26.04 -70.48 -38.92 3.48 1.74 0 3.26 7.52 2.6 -7.44 -7.3 -24.18 -36.06 -44.02 -52.06 -49.12 -39.16 -32.14 -23.6 -27.22 -15.96 -18.02 -3.04 -10.28 -1.68 -7.02 -19.88 -7.86 -2.84 2.28 9.32 7.36 7.54 4 -1.68 -15.68 -22.82 -21.9 -30.1 -29.22 -32.26 -41.3 -31.5 -11.36 -5.14 -10.98 -0.66 1.54 -0.54 15.42 14.56 13.62 11.84 11.2 9.36 8.54 6.68 6.74 2.72 -5.18 -7.06 -7.9 -13.8 -13.82 -9.8 -1.78 3.2
-24.34 -42.42 -59.36 -71.36 -66.42 -62.46 -45.2 -42.68 -25.58 -3.94 -35.46 -25.76 4.42 14.9 12.52 -6.1 -19.62 -31.46 -35.04 -22.7 -28.32 -26.3 -33.18 -42.14 -41.14 -45.12 -40.64 -34.96 -16.76 -1.42 -8.18 -3.16 2.16 0 -1.64 -5.2 -4.22 -1.1 11.88 14.88 11.02 5.4 1.82 -14.7 -21.58 -15.52 -22.56 -27.86 -26.02 -25.06 -25.18 -25.1 2.2 -6.02 0.38 4.62 4.84 3.86 19.8 17.92 18.28 15.44 16.68 16.92 15.14 13.4 12.68 11.88 5.02 0.16 -1.66 -6.58 -2.64 -2.72 5.3 11.36
-12.46 -15.56 -40.6 -48.56 -51.6 -40.54 -53.04 -36.56 -50.06 -55.2 -1.5 -19.76 3.74 20.32 25.1 21.46 9.98 1.46 -10.04 -27.1 -41.86 -38.46 -31.98 -29.56 -40.16 -37.64 -37.16 -23.66 -23.42 -15.04 -9.64 -4.98 -3.54 -7.22 -9.62 -1.76 4.22 17.34 10.52 11.54 6.9 0.28 -21.36 -31.94 -36.78 -30.62 -32.72 -22.78 -10.76 -7.9 -5.96 -4.94 -4.24 -0.74 9.68 9.88 10.18 8.14 7.22 6.44 16.76 22.94 24.26 20.46 18.86 18.14 15.56 15.78 4.86 -4.82 -4.62 0.56 4.46 11.32 14.28 23.18
40.42 34.44 3.3 -21.7 -23.8 -42.36 -54.94 -52.62 -52.16 -54.68 -15.18 23.62 27.72 28.22 28.6 27.04 4.56 -3.88 -4.62 -21.6 -46.48 -48 -47.6 -47.82 -55.54 -51.2 -40.48 -44.92 -27.66 -29.38 -14.06 -5.36 0.16 0.62 -2.58 2.02 16.98 12.04 11.16 -1.62 2.88 0.52 -36.26 -30.06 -33.02 -18.88 -24.8 -11.88 -2.92 -0.32 -0.52 -1.34 -0.38 3.32 14.98 14.7 13.34 12.56 11.76 11.04 25.46 26.82 25.08 24.5 23.88 22.26 20.74 16.68 3.38 -2.14 -0.82 7.58 12.52 20.08 26.96 35.96
66.22 64.2 66.2 64.02 33.18 5.62 -2.98 -42.56 -30.02 -34.46 -39 4.72 62.32 74.74 72.2 65.68 18.14 8.64 5.02 3.74 -26.12 -39.2 -54.68 -77.28 -78.8 -76.5 -52.28 -53.46 -39.12 -30.64 -29.58 -11.66 11.12 8.68 5.4 4 1.76 0.88 1.16 -2.66 -3.26 -3.5 -8.78 -7.72 -9.86 -9.92 -7.84 -3.86 -1.44 1.06 4.06 11.12 13.24 15.1 13.78 13.62 17.48 17.3 20.72 23.98 22.4 21.76 23.2 28.58 19.96 17.44 7.72 -0.44 -4.68 -8.5 5.82 12.18 27.36 35.08 43.76 48.6
30.92 57.02 79.04 79.28 74.7 59.1 34.56 1.02 -35.44 -46.94 -48.28 -35.86 37.74 37.24 0.78 9.38 24.78 18.34 7.76 10.2 -11.78 -45.04 -45.56 -54.92 -66.44 -71.38 -51.06 -53.96 -50.56 -38.3 -27.92 -13.24 13.04 11.78 11.44 10.08 6.96 6.88 6.1 4.28 2.6 -0.58 -1.76 -2.38 -2.42 -2.44 2.28 11.64 5.92 4.52 7.76 10.8 12.04 10.16 16 16.82 20.56 21.32 21.74 27.16 26.58 25.9 27.28 28.76 23.12 20.5 9.7 0.4 -0.68 -0.84 12.5 20.76 36.1 43.9 50.64 53.32
41.84 58.12 80.42 83.8 72.08 69.62 59.98 48.52 13.14 -15.14 -23.76 -44.42 -49.98 -39.36 -12.88 -25.26 8.32 19.82 5.56 -32.1 -20.12 -25.44 -29.94 -39.36 -48.82 -58.34 -24.78 -26.28 -38.78 -48.32 -52.92 -23.42 -15.94 -3.08 3.58 1.4 12.2 14.14 12.1 9.18 7.46 7.34 4.78 3.9 3.9 2.62 7.98 8.74 30.62 27.54 28.6 27.74 29.92 29.96 28.12 27.88 26.62 24.44 24.86 23.2 30.58 30.02 27.4 22.8 11.22 19.62 19.52 3.3 10.16 11 25.12 36.42 45.74 50.6 56.34 57.1
87.16 87.54 88.88 82.24 76.62 72.96 65.6 61.06 43.92 34.32 25.68 -7.96 -9.56 -28.02 -34.5 -29.88 8.68 31.2 44.82 28.36 -32.78 -44.6 -35.26 -12.96 -15.58 -37.46 -1.04 -10.7 -7.36 -7.28 -30.56 -16.78 -12.82 20.08 25.86 21.58 21.34 20.42 18.26 17.2 15.34 14.12 12.04 11.2 10.32 9.18 18.94 20.78 35.5 34.52 34.52 34.66 34.8 34 32.26 30.12 29.86 29.76 27.94 26.38 33.8 35.18 25.48 24.94 22.36 22.64 19.44 15.2 13.02 28.92 32.74 44.08 52.38 55.46 57.06 57.82
107.68 105.96 104.36 91.66 90.12 79.56 70.06 62.96 47.36 51.68 50.12 50.42 38.86 23.34 9.92 -10.48 -31.02 1.64 3.22 -14.2 -18.88 -43.64 -7.42 -40.22 -18.9 8.4 32.72 34.02 44.3 33.64 27.78 29.64 35.44 47.24 42.14 39.92 45.64 43.52 40.46 36.36 35.3 33.54 33.9 33.84 32.98 30.92 36.92 43.7 35.42 30.42 32.42 31.6 32.8 32.96 34.42 32.34 19.16 16.92 10.94 18.38 30.8 24.28 12.58 13.04 29.48 28.44 27.32 26.18 25.9 23.74 40.62 55.7 68.96 68.14 67.86 66.58
112.18 111.48 110.86 110.2 107.58 89.06 68.08 56.46 51.76 20.1 31.58 49.96 29.22 34.7 31.28 25.86 12.44 35.94 15.56 13.76 -4 -34.68 -57.5 -53.24 -51 -32.72 2.52 19.8 29.14 51.34 50.44 44.58 45.66 55.46 46.36 45.1 51.12 44.94 43.94 45.76 40.98 41.9 40.8 39.74 37.58 36.52 49.6 51.64 45.42 44.42 43.44 38.66 40.82 38.62 41.68 38.52 20.34 16.12 13.12 25.64 29.92 29.36 20.78 18.18 34.62 31.4 31.2 30.1 31.88 29.64 56.4 65.36 73.68 72.9 71.72 70.42
117.8 116.98 116.32 115.72 110.1 104.12 94.5 90.9 88.26 78.64 77.94 69.38 71.82 81.02 79.68 72.22 64.8 35.38 -12.68 21.74 19.94 20.22 10.5 -10.22 -7.06 -12.76 14.46 17.66 10.96 18.16 32.26 17.42 39.48 41.64 72.5 62.32 63.2 55.4 52.34 51.34 50.28 48.16 47.02 44.98 42.82 43.7 50.54 55.38 55.44 50.52 48.58 45.66 31.9 31.8 32.76 31.74 33.66 27.44 28.22 32.68 33.1 32.5 30.86 27.2 20.46 24.34 29.08 52.92 66.76 72.54 70.36 70.2 77.28 76.7 75.42 73.22
106.2 117.54 119.82 120.14 107.18 103.6 93.96 85.3 86.7 80.04 67.44 55.88 48.24 58.64 73.1 84.64 92.14 85.94 71.2 52.56 44.92 54.28 41.48 35.64 43.94 38.16 29.5 22.76 34.98 42.98 45.12 45.22 63.32 52.4 69.56 61.62 59.36 53.44 54.66 52.52 55.36 53.24 52.1 50 48.78 47.56 64.42 64.22 60.38 55.5 47.68 42.78 38.98 35.98 52.98 48.94 47.82 32.7 31.48 32.8 34.18 30.5 31 29.32 23.4 24.24 59 57.8 76.6 76.38 76.3 74.02 80.98 80.22 79.2 78.02
9.56 39.88 48.2 63.32 -7.4 5.96 29.42 57.82 46.18 53.5 51.88 42.24 24.64 35.02 0.42 -10 60.62 95.88 101.24 97.58 67.86 67.18 63.42 58.64 51.94 53.2 65.36 71.68 62.78 48.02 48.94 53.1 43.24 37.28 43.32 29.5 47.48 50.6 47.74 45.62 43.36 50.28 57.08 54.92 53.68 52.5 70.4 63.32 51.6 56.68 49.76 57.76 50.18 49.12 54.08 47.02 45.04 41.96 40.72 37.88 38.3 33.72 25.08 29.38 48.24 53.08 62.82 71.62 82.52 79.3 78.1 79 75.68 75.82 80.96 81.86
-30.2 -26.9 -10.52 28.68 60.2 64.56 35.98 41.28 42.68 63.96 77.34 89.66 71.06 60.36 16.86 7.32 -18.5 14.84 80.1 92.48 54.74 35.1 44.42 58.6 56.86 56.02 73.34 68.52 48.72 47.82 46.92 40 56.04 49.18 52.3 44.36 40.4 50.54 50.74 50.62 49.42 55.26 61.04 59.82 57.66 57.46 67.34 60.58 55.74 53.84 51.86 56.98 59.34 56.32 55.36 53.26 51.22 50.16 44.02 40 35.42 37.78 33.24 40.3 55.22 63.88 74.74 78.56 83.38 82.16 85.02 80.84 79.74 77.54 83.72 84.64
34.14 5.42 -16.36 39.04 111.92 139.24 147.52 138.88 121.22 117.64 126.98 125.34 128.68 120.96 109.38 99.14 55.48 35.8 60.12 69.36 55.7 57.02 66.24 68.56 61.88 47.04 70.34 75.48 64.64 68.78 64.78 58.92 60.92 65.08 66.18 65.14 67.18 68.46 65.56 67.62 69.52 67.28 76.06 70.84 61.62 60.46 60.6 60.76 61.94 59.94 58.06 57.16 57.18 58.38 56.5 54.46 51.4 49.28 47.12 43.14 41.58 37.82 34.28 28.28 44.06 67.84 89.68 84.44 80.28 80.06 76.92 73.72 82.64 80.34 88.48 88.5
98.34 92.62 74.9 80.2 85.42 99.94 108.28 114.56 107.88 103.2 101.66 104 117.34 116.64 115.46 108.26 99.36 87.72 69.1 49.34 42.64 47.92 74.26 81.54 80.76 81.04 80.36 80.46 73.5 77.66 76.66 70.82 70.88 72.88 70.86 70.9 73.96 73.4 75.5 74.66 73.44 71.18 72 66.84 64.64 64.6 64.72 65.86 63.98 64.18 62.3 61.18 62.16 64.22 63.5 59.62 58.56 55.54 51.4 46.16 48.58 49.04 44.36 41.08 63.92 79.7 90.54 73.3 66.2 84.06 78.88 84.66 86.42 92.18 94.18 90.3
118.56 106.94 94.18 96.44 82.62 91.52 100.86 98.18 89.54 88.86 94.26 94.54 95.1 98 91.68 89.42 78.5 61.7 49.92 37.34 30.56 40.86 52.2 70.52 75.74 75.04 77.16 82.34 77.44 78.5 77.62 77.64 77.66 78.62 79.56 80.56 80.9 81.22 80.4 79.54 77.38 74.18 63.94 62.8 64.62 62.76 60.92 62.1 52.2 50.3 50.4 49.34 49.94 50.16 48.42 47.58 46.76 44.68 56.56 55.48 37.72 36.14 54.18 53.96 49.82 55.66 70.5 67.26 81.1 79.96 98.7 98.44 103.32 103.08 98.96 96.08
130.86 125.14 104.46 78.68 72.82 93 85.42 85.8 90.2 104.5 110.78 109.62 96.48 91.24 91.86 89.64 77.66 64.72 58.02 51.2 51.44 52.82 44.16 65.4 79.72 75.96 67.1 74.22 79.3 80.34 80.4 80.38 80.42 81.34 82.4 83.58 84.86 85.08 84.32 83.44 79.28 74.12 74.02 73.9 71.84 70.92 66.1 61.18 53.32 54.28 51.4 51.74 49.86 52.16 52.24 51.52 51.7 50.9 54.78 56.74 40.86 41.24 57.08 59.9 59.7 57.46 71.36 70.16 84.96 83.74 107.64 109.34 108.34 106.16 100.22 91.12
130.08 127.42 124.68 121.98 117.18 112.3 113.04 112.48 117.82 120.3 120.08 114.04 98.74 100.46 97.02 85.86 84.78 83.82 89 81.2 75.4 75.82 60.06 70.38 71.66 67.82 69.06 87.12 84.18 84.18 85.14 83.06 83.1 84.06 85.18 86.32 87.66 87.92 88.16 86.36 75.22 82.08 80.96 78.86 77.02 77.16 75.3 73.26 70.34 60.48 65.6 70.6 55.78 59.98 73.18 65.4 65.58 72.68 71.9 65.88 88.96 99.12 91.9 83.78 98.62 96.48 96.28 92.16 96.96 101.84 110.72 117.64 112.54 102.42 81.38 83.32
