shamba/rasters/climate/tmp_10.txt
ncols         720
nrows         360
xllcorner     -180
yllcorner     -90
cellsize      0.5
NODATA_value  -9999
[rows 99 to 131 of 360, columns 380 to 455 of 720]
-9999 -9999 -9999 -9999 -9999 -9999 -9999 -9999 -9999 185.88 156.9 125.88 146.88 177.04 180.06 183 177.7 173.38 169.14 155 110.02 101.98 108.24 114.44 111.62 161.8 157.78 157.96 158.28 -9999 -9999 154.16 163.48 149.66 158.78 161.84 159.82 156.9 135.82 140.8 134.8 121.66 114.68 115.62 115.58 106.48 103.54 121.74 121.74 116.76 110.66 116.54 115.5 111.82 102.1 98.18 111.38 101.46 115.38 108.5 78.24 56.36 60.56 66.74 68.1 66.02 61 101.76 107.12 82.1 62 55.86 63.8 128.68 156.9 158.02
-9999 -9999 -9999 -9999 -9999 -9999 -9999 -9999 -9999 -9999 182.06 178.98 165.26 174.48 -9999 184.12 177.72 -9999 -9999 168.98 159.04 136.28 115.56 145.72 149.94 152.1 167.18 164.24 -9999 -9999 168.18 -9999 163.7 156.76 152.82 157.82 146.86 138.88 125.86 114.74 120.74 124.68 124.68 132.62 128.64 119.6 122.48 129.42 127.44 118.52 110.44 108.36 104.48 105.68 101 107.18 120.28 111.56 101.66 95.88 100.08 89.38 76.94 81.98 70.9 81.9 80.92 82.9 114.28 124.2 109.26 76.2 80.24 113.94 152.74 159.88
-9999 -9999 -9999 -9999 -9999 -9999 -9999 -9999 -9999 -9999 -9999 181.56 154.8 157.88 185.44 -9999 -9999 -9999 -9999 179.04 167.94 166.5 146.76 139.96 163.14 158.42 161.32 170.52 -9999 -9999 -9999 171.68 171.74 176.9 164.88 159.98 144.86 136.88 123.92 117.74 117.7 118.72 131.66 135.74 129.64 118.64 125.44 126.26 121.22 119.18 107.28 98.18 111.34 105.64 96.9 112.08 135.2 109.54 108.48 100.38 112.62 98.84 92.02 95.8 103.64 97.62 85.6 82.52 84.24 119.02 138.52 102.7 93.6 138.34 142.98 148.72
-9999 -9999 -9999 -9999 -9999 -9999 192.98 -9999 187.2 188.56 193.84 184.18 180.1 185.78 188.44 -9999 -9999 -9999 -9999 -9999 -9999 171.96 164.56 131.18 140.38 159.52 163.8 166.92 172.2 175.52 -9999 169.72 172.76 176.88 172.96 166.02 151.98 142.9 135.76 130.86 121.76 122.72 125.7 126.72 123.68 119.58 128.5 125.34 127.16 122.14 115.04 108.04 100.26 102.52 101.74 112 144.18 139.28 157.16 148.76 141.14 135 122.1 112.74 104.58 106.4 114.44 94.62 77.14 108.92 137.46 135.04 123.08 120.68 108.28 124.94
-9999 -9999 -9999 -9999 195.02 189.92 186.12 195.44 191.72 181.98 189.42 180.54 190.2 195.86 -9999 -9999 -9999 -9999 -9999 -9999 179.92 172.74 181.9 170.38 155.1 163.68 164.06 172.16 182.48 162.56 -9999 182.78 179.08 182.64 178.78 173.66 156.5 154.46 154.4 143.22 134.54 129.8 126.78 118.64 116.72 123.62 125.5 128.24 119.94 120.7 119.54 112.56 92.86 95.2 98.54 107.82 138.06 152.94 155.42 180.24 173.7 169 162.1 145.78 120.64 108.42 111.56 95.16 85 118.8 133.18 139.86 125.42 119.02 103.64 88.18
-9999 -9999 -9999 -9999 200.44 194.02 179.42 177.72 166.9 165.26 181.44 190.58 195.32 -9999 -9999 -9999 -9999 -9999 -9999 -9999 -9999 184.74 187.5 164.76 120.38 143.94 183.62 178.86 182.3 177.74 184.26 -9999 182.1 183.58 178.28 164.9 160.8 147.64 140.78 137.24 157.76 130.9 113.82 123.68 118.52 127.66 120.2 121.82 126.56 112.32 103.14 149.18 134.6 128.86 123.24 150.66 182.86 195.9 193.02 176.66 179.94 181.02 183.06 189.82 169.5 138.84 99.4 95.98 99.7 105.2 133.56 140.6 101.04 107.56 109.44 116.36
200.62 205.1 187.38 -9999 -9999 -9999 199.28 192.58 189.84 188.14 197.42 -9999 -9999 -9999 -9999 -9999 -9999 -9999 -9999 -9999 -9999 -9999 -9999 176.28 155.7 148.5 180.8 -9999 188.38 189.82 185.16 184.72 -9999 194.08 189.68 181.32 166.1 154.26 135.6 127.9 144.18 166.32 131.24 112.14 119.26 125.26 128.38 113.1 85.46 145 212.7 222.82 200.22 173.7 170.98 180.7 194.74 201.82 197.96 191.48 192.16 193.98 199 205.14 208.28 183.8 159.58 143.3 131.12 107.88 140.72 146 136.34 120.38 123.42 141.74
206.38 204.36 204.34 204.92 196.48 -9999 -9999 -9999 206.76 198.04 205.12 -9999 -9999 -9999 -9999 -9999 -9999 -9999 -9999 -9999 -9999 -9999 -9999 188.3 183.48 183.8 188.02 -9999 191.48 192.8 193.34 195.92 196.04 -9999 195.16 192.08 203.1 195.3 161.5 123.5 138.62 207.74 192.8 180.92 119.02 119.1 144.24 118.3 174.2 209.48 213.94 218.94 202.1 203.62 194.3 192.72 196.84 201.66 200.76 198.64 197.42 202.98 213.16 216.72 214.28 212.02 195.88 180.7 168.6 146.42 122.36 138.28 136.62 104.08 96.22 119.38
206.1 204.24 -9999 -9999 -9999 -9999 -9999 -9999 211.66 -9999 -9999 -9999 -9999 -9999 -9999 -9999 -9999 -9999 -9999 -9999 -9999 -9999 -9999 -9999 190.68 185.06 195.28 -9999 -9999 -9999 197.42 197.84 -9999 -9999 -9999 192.26 197.3 -9999 175.58 178.76 196.84 -9999 -9999 -9999 204.1 148 175.12 205.12 203.3 -9999 -9999 188.3 208.46 205.76 200.92 199.86 201.62 204.56 203.82 197.9 194 202.72 208.26 209.82 217.56 215.52 214.36 214.24 196.04 189.98 159.86 138.64 126.9 117 114 125.16
210.84 215.52 217.18 -9999 -9999 216.02 -9999 -9999 209.9 212.68 -9999 -9999 -9999 -9999 -9999 -9999 -9999 -9999 -9999 -9999 -9999 -9999 -9999 -9999 -9999 -9999 202.38 200.6 200.92 -9999 -9999 -9999 -9999 -9999 197.38 202.42 -9999 -9999 -9999 -9999 -9999 -9999 -9999 -9999 -9999 -9999 -9999 -9999 217.42 -9999 -9999 220.98 200.12 197.98 203.62 203.64 206.52 208.54 207.78 208.2 206.18 211.74 214.38 221.18 224.08 225 228.9 234.72 238.66 223.48 186.3 160.14 125.06 101.52 128.88 132.18
210.92 215.66 220.36 -9999 -9999 219.14 -9999 -9999 -9999 -9999 -9999 -9999 -9999 -9999 -9999 -9999 -9999 -9999 -9999 -9999 -9999 -9999 -9999 -9999 -9999 -9999 -9999 198.76 193.08 187.4 189.58 193.6 194.58 205.64 204.54 -9999 -9999 -9999 -9999 -9999 -9999 -9999 -9999 -9999 210.22 216.16 219.38 221.64 219.96 -9999 -9999 225.08 202.04 201.9 198.34 196.44 201.38 204.54 199.74 209.1 216.46 217.96 220.9 221.68 225.68 231.48 237.34 245.2 253.08 238.98 210.74 212.6 123.46 114.54 132.88 136.34
214.9 219.7 225.46 -9999 -9999 -9999 -9999 -9999 -9999 -9999 -9999 -9999 -9999 -9999 -9999 -9999 -9999 -9999 -9999 -9999 -9999 -9999 -9999 -9999 -9999 -9999 -9999 -9999 -9999 198.42 194.68 -9999 -9999 -9999 -9999 -9999 -9999 -9999 -9999 -9999 -9999 -9999 158.24 215.5 200.56 202.5 211.18 219.44 -9999 -9999 -9999 227.76 196.84 193.08 183.16 187.1 196.22 203.48 213.88 217.48 219.72 220.92 223.06 222 227.9 236.84 243.72 250.62 255.62 256.42 243.28 225.1 135.98 134.86 122.22 110.96
224.92 -9999 -9999 -9999 -9999 -9999 -9999 -9999 -9999 -9999 -9999 -9999 -9999 -9999 -9999 -9999 -9999 -9999 -9999 -9999 -9999 -9999 -9999 -9999 -9999 -9999 -9999 -9999 -9999 -9999 -9999 -9999 -9999 -9999 -9999 -9999 -9999 -9999 -9999 -9999 -9999 -9999 -9999 -9999 -9999 -9999 -9999 -9999 -9999 -9999 -9999 207.82 149.98 162.66 178.64 191.58 208.36 210.74 208.26 210.6 216.82 221.02 224.04 227.98 234.92 238.86 247.76 251.68 256.76 259.64 257.54 228.48 150.38 150.36 132.02 128.04
224 232.72 230.32 -9999 -9999 -9999 -9999 -9999 -9999 -9999 -9999 -9999 -9999 -9999 -9999 -9999 -9999 -9999 -9999 -9999 -9999 -9999 -9999 -9999 -9999 -9999 -9999 -9999 -9999 -9999 -9999 -9999 -9999 -9999 -9999 -9999 -9999 -9999 -9999 -9999 -9999 -9999 -9999 -9999 -9999 -9999 -9999 -9999 -9999 -9999 214.82 182.76 155.72 172.2 188.06 192.76 198.38 203.84 206.24 211.56 213.66 216.76 220.78 226.84 234.68 243.6 247.54 251.42 254.44 259.4 261.34 245.22 171.1 156.04 172.92 155.32
217.58 228.58 230.3 236.1 -9999 -9999 -9999 -9999 -9999 -9999 -9999 -9999 -9999 -9999 -9999 -9999 -9999 -9999 -9999 -9999 -9999 -9999 -9999 -9999 -9999 -9999 -9999 -9999 -9999 -9999 -9999 -9999 -9999 -9999 -9999 -9999 -9999 -9999 -9999 -9999 -9999 -9999 -9999 -9999 -9999 -9999 -9999 -9999 -9999 -9999 218.54 192.56 181.44 183.36 196.14 202.8 201.54 206 208.3 210.26 215.28 218.36 223.36 228.48 235.38 244.48 248.26 250.2 249.08 256.12 260.96 258.94 234.86 178.76 182.62 181.7
222.3 223.44 231.28 231.06 229.78 230.54 228.3 225.1 227.74 -9999 -9999 -9999 -9999 -9999 -9999 -9999 -9999 -9999 -9999 -9999 -9999 212.66 216.86 206.02 207.18 219.34 219.5 -9999 -9999 -9999 -9999 -9999 -9999 -9999 -9999 -9999 -9999 -9999 -9999 -9999 -9999 -9999 -9999 -9999 -9999 -9999 -9999 -9999 -9999 234.38 222.22 217.42 198.58 174.6 194.7 204.92 207.64 207.78 208.94 212.92 215.9 221.9 228 232.98 237.04 243.06 249.1 252.9 253.84 257.84 261.7 263.68 264.52 255.5 233.38 235.52
231.06 228.1 231.24 230.88 227.68 225.46 216.24 220.02 222.78 226.62 227.46 -9999 -9999 -9999 -9999 -9999 -9999 -9999 -9999 226.8 228.62 209.8 210 208.12 211.34 215.48 221.6 218.82 220.9 223.1 -9999 -9999 -9999 -9999 -9999 -9999 -9999 -9999 -9999 -9999 -9999 -9999 -9999 -9999 -9999 -9999 -9999 -9999 236.74 224.94 218.58 211.84 202.74 190.62 204.68 206.5 213.58 210.46 212.54 215.46 219.5 225.6 229.54 235.58 241.56 244.66 249.66 255.66 258.62 260.5 264.44 267.44 268.26 267.14 264.16 259
225.98 219.78 220 216.86 208.62 206.42 206.1 217.9 224.7 227.5 229.38 -9999 -9999 -9999 -9999 -9999 -9999 -9999 -9999 229.78 228.82 224.88 226 226.22 224.42 220.54 217.74 216.78 217.96 222.26 220.28 225.48 224.62 -9999 -9999 -9999 -9999 -9999 -9999 -9999 -9999 -9999 233.4 -9999 -9999 -9999 -9999 -9999 239.84 225.92 219.6 220.48 202.42 214.3 216.24 215.16 215.22 219.2 218.2 220.18 223.16 227.26 234.1 240.12 244.18 246.16 248.18 253.12 260.3 264.28 266.18 267.96 268.94 268.9 268.82 268.74
229.66 222.7 218.6 217.74 217.5 214.34 218.1 224.76 224.54 229.36 229.22 230.06 227.84 227.7 235.44 -9999 -9999 -9999 -9999 -9999 230.86 228.92 228.06 228.2 225.42 223.58 221.78 221 220.14 222.24 224.38 223.5 222.7 219.82 221.94 224.86 227.74 230.76 -9999 232.48 232.44 230.3 229.34 230.52 238.72 239.94 241.18 240.26 228.52 227.68 230.24 209.1 206 211.84 222.78 225.88 220.92 215.92 220.96 224.98 226.96 230 239.96 242.92 247.86 247.9 248.8 252.86 258.76 263.9 268.84 268.82 269.74 269.56 270.5 271.34
231.56 223.38 221.42 219.38 218.46 216.24 212.92 218.78 227.5 229.32 226.1 227.88 226.78 225.58 222.36 226.14 229.1 235.94 -9999 234.94 229.02 229.98 230.12 230.26 229.4 227.56 226.8 225.92 224.1 224.3 224.34 222.64 220.74 219.8 220.86 220.92 224.72 228.58 229.42 229.28 233.14 232.94 232.8 235.06 236.28 232.5 224.62 223.76 225.84 216.9 244.62 195.6 204.56 208.52 220.54 229.56 232.6 223.66 220.58 225.68 230.72 237.72 243.72 246.72 249.78 251.72 251.74 253.62 256.64 261.56 266.62 268.56 270.46 271.3 272.2 273.14
232.34 226.28 223.22 222.16 221.28 219.16 216.84 216.84 227.42 228.24 226.02 226.84 221.66 221.38 223.32 227.12 225.94 229.94 233.06 230.08 226.04 231.12 232.14 232.26 231.44 229.6 228.82 228.92 228.2 228.32 226.42 224.7 222.76 224.86 225.92 229.92 233.8 232.6 230.48 230.3 235.02 236.74 240.5 236.64 238.74 230.9 216 223.1 227.16 223.28 230.94 195.16 211.16 212.28 215.22 227.24 236.26 237.32 237.34 230.32 236.42 239.4 245.52 248.42 250.46 253.5 253.46 255.4 256.44 260.36 264.32 267.34 270.3 271.34 273.18 273.96
234.22 231.06 228.1 225.04 219.94 217.04 213.78 213.6 224.36 228.22 227.98 225.82 219.54 216.3 220.18 220.06 222 226.08 233.06 232.06 231.1 231.24 232.14 232.36 230.5 230.62 231.92 231.98 232.2 236.34 232.5 230.68 228.76 237.78 238.8 237.84 233.76 232.78 228.52 228.32 230.02 234.7 240.38 224.34 233.36 240.32 222.36 229.4 222.44 231.56 218.22 207.16 215.12 213.08 214.04 224.12 236.16 239.16 239.18 238.2 243.22 242.18 246.22 249.24 248.24 252.42 253.3 255.38 258.34 260.3 264.26 266.18 267.18 268.24 269.3 273.14
231.96 232.96 228.88 225.84 222.82 217.76 215.72 216.52 222.22 225.08 228.82 227.68 219.5 218.28 224.16 224.18 223.1 227.1 235.22 233.2 232.2 233.26 234.32 235.46 233.5 232.64 233.86 234 233.22 233.4 235.5 236.68 236.78 240.72 240.82 238.74 234.76 232.66 228.6 227.3 238.02 242.74 241.56 222.42 233.42 245.46 225.36 207.44 207.34 247.34 211.18 212.02 219.98 219 216.96 229.98 235.94 238 239.92 240 241.02 242.04 243.08 247.08 249.1 254.18 255.12 258.16 260.28 262.22 264.16 267.14 266.12 267.1 269.1 276.12
232.86 234.76 232.68 227.68 225.62 222.58 216.56 216.42 219.2 218.04 217.72 221.58 225.4 226.28 226.36 227.26 227.26 229.26 230.22 230.34 233.28 233.38 236.44 236.52 236.7 236.72 235.9 236 235.3 235.34 235.48 235.62 236.62 238.74 237.74 235.7 233.64 232.78 232.66 236.36 233.1 236.82 233.64 230.44 206.44 242.46 242.44 200.44 209.46 241.48 194.24 212.02 225.84 224.86 227.84 229.88 232.88 235.8 244.82 245.82 241.86 242.84 247.86 247.92 252.92 253.98 256.02 257.88 260.06 263.06 266.08 267.06 268.08 268.98 270.94 276.02
234.74 237.58 237.54 235.46 232.32 229.36 212.3 207.36 220.12 224.98 223.78 221.42 221.42 220.42 223.36 228.4 230.34 231.32 231.46 232.36 234.48 234.52 237.5 237.68 237.72 237.82 237.9 238.08 237.24 237.36 236.5 235.56 234.52 233.62 234.66 235.6 233.64 231.66 232.64 237.48 234.16 237.88 232.74 230.48 217.46 223.58 250.6 231.62 213.7 258.54 238.28 210.04 225.82 228.86 231.9 233.76 236.8 238.78 248.78 249.72 246.72 247.76 251.78 252.68 256.68 256.86 256.8 257.8 260.84 265.82 267.9 268.9 269.98 269.9 273.86 275.94
239.44 239.46 238.36 238.28 237.26 234.24 233.1 232.18 235 234.94 229.64 225.56 222.66 215.54 216.58 219.44 229.56 231.52 233.56 236.56 235.56 235.6 236.54 236.7 237.72 237.84 238 238.08 238.16 237.28 237.44 236.46 235.56 234.5 231.56 231.6 234.58 234.68 235.66 236.5 236.16 238.08 233.82 235.62 223.58 216.62 237.68 253.86 247.86 -9999 261.2 235.94 228.76 211.8 223.8 237.74 240.82 244.7 245.76 249.74 248.72 249.68 252.72 253.66 258.72 258.68 259.7 262.58 265.62 265.66 266.7 269.7 268.74 273.8 274.92 277.84
241.3 242.24 243.12 242.2 240.12 239.02 242.04 244.94 242.94 236.8 231.76 228.74 224.66 213.68 203.66 215.6 231.64 232.64 234.72 237.66 236.72 236.64 236.74 237.86 238.82 239.96 239.98 241.04 241.1 240.22 239.34 239.4 236.4 235.44 230.46 229.52 234.64 236.62 237.58 238.46 241.32 243.18 241.92 239.7 232.8 225.78 218.86 247.96 -9999 -9999 -9999 263 246.76 235.8 221.74 225.7 242.74 246.74 249.7 250.66 236.7 238.64 249.7 250.64 253.7 260.58 267.64 266.62 269.6 267.48 265.62 268.52 269.64 272.66 275.72 277.78
241.18 243.08 244.12 243.02 239.98 238.88 237.86 234.82 234.8 235.84 233.9 232.88 229.88 224.88 216.76 219.8 230.82 235.82 236.72 237.74 236.8 236.84 236.88 237.9 238.9 241 241 240.12 238.12 238.26 237.28 236.3 235.36 234.34 232.44 232.46 235.56 236.62 237.66 241.5 242.4 244.28 245.08 243.98 243 244.02 229.08 237.18 -9999 -9999 -9999 270.96 272.74 260.66 240.68 252.76 251.72 251.68 254.68 256.58 235.66 236.62 263.56 262.54 263.64 264.6 272.58 269.54 272.56 268.54 266.5 268.44 271.5 273.5 272.58 276.62
247.08 247.02 245 239.94 237.8 236.76 238.78 239.78 240.76 237.86 238.88 237.9 234.9 230.92 229.82 236.9 240.94 240.92 239.88 238.9 237.94 236.9 236.86 238 240 242.04 243.1 241.1 238.18 240.14 236.18 235.28 234.26 233.34 233.42 235.56 236.54 238.64 239.6 238.56 244.42 246.42 248.32 249.28 253.16 251.22 246.26 241.34 266.12 -9999 -9999 -9999 277.74 274.64 249.64 257.62 268.66 257.62 259.66 261.64 239.64 239.62 268.6 266.66 267.5 267.54 271.52 273.58 273.52 271.5 263.46 266.42 268.56 270.56 272.58 276.58
248.06 242.9 240.88 240.78 244.74 240.7 239.66 239.66 240.72 240.7 239.8 237.82 235.88 234.96 236.94 242.98 244.12 243.12 243.08 240.12 237.06 236.08 237.08 240.04 241.04 241.1 243.02 235.08 233.22 236.08 236.1 232.22 234.28 233.42 236.52 240.46 242.62 240.6 241.64 244.68 250.68 251.62 253.52 254.38 256.38 259.36 256.52 257.36 251.16 273.74 -9999 -9999 -9999 288.6 273.56 273.62 281.6 282.6 271.56 261.6 260.46 258.56 263.46 270.58 260.58 260.56 263.56 266.48 268.5 267.44 258.48 262.48 271.48 268.54 269.6 271.6
239.88 233.78 241.78 242.66 240.64 237.62 238.66 237.66 240.64 242.68 241.74 238.86 237.82 238.94 237.9 242.98 243 244.12 241.12 235.24 236.2 238.18 240.08 242.06 243.06 241.08 242.1 237.18 235.16 236.12 235.16 234.18 233.28 232.42 234.5 238.58 240.66 244.62 249.74 251.78 257.84 258.82 258.72 259.72 261.6 267.58 262.66 263.48 249.2 270.84 -9999 -9999 -9999 -9999 287.68 268.58 279.62 288.54 278.58 270.6 268.56 266.5 266.54 271.54 261.44 260.44 259.44 264.44 269.44 268.42 259.48 258.48 268.56 266.52 268.6 272.56
238.68 238.72 241.68 239.58 240.62 240.62 238.56 237.58 239.6 247.62 245.72 243.68 242.82 240.86 241.92 239.98 240.08 241.1 239.16 236.08 236.2 239.24 240.2 241.22 243.2 242.12 243.1 244.08 243.22 239.2 235.26 236.3 233.3 231.48 235.36 237.42 242.48 245.58 248.66 253.74 263.84 263.9 262.88 264.94 266.88 272.8 269.7 268.5 260.32 260.88 283.46 -9999 -9999 -9999 292.6 262.58 260.56 267.52 283.54 280.5 276.52 273.54 265.42 269.52 264.46 262.38 260.42 259.4 260.42 268.38 271.5 270.5 268.42 267.5 269.52 270.56
231.64 237.6 243.52 242.54 243.54 243.52 241.56 240.56 244.52 250.54 248.56 246.66 245.72 242.82 244.92 244.94 243.02 241.04 235.06 236.12 237.14 239.14 239.18 240.1 240.12 242.1 249.12 249.18 247.18 242.08 233.18 230.18 227.14 234.24 240.26 244.28 249.32 252.54 253.66 262.82 267.84 268.86 268 269.94 272.98 279.98 275.8 273.56 267.3 251.9 273.46 294.06 -9999 -9999 -9999 292.5 286.5 274.6 288.44 281.54 278.52 275.46 267.44 267.46 264.4 263.4 261.42 260.32 260.32 262.44 271.46 270.48 266.52 259.5 275.48 273.56
