shamba/rasters/climate/tmp_1.txt
ncols         720
nrows         360
xllcorner     -180
yllcorner     -90
cellsize      0.5
NODATA_value  -9999
[rows 0 to 32 of 360, columns 228 to 303 of 720]
-9999 -9999 -9999 -9999 -9999 -9999 -9999 -9999 -9999 -9999 -9999 -9999 -9999 -9999 -9999 -9999 -9999 -9999 -9999 -9999 -9999 -9999 -9999 -9999 -9999 -9999 -9999 -9999 -9999 -9999 -9999 -9999 -9999 -9999 -9999 -9999 -9999 -9999 -9999 -9999 -9999 -9999 -9999 -9999 -9999 -9999 -9999 -9999 -9999 -9999 -9999 -9999 -9999 -9999 -9999 -9999 -9999 -9999 -9999 -9999 -9999 -9999 -9999 -9999 -9999 -9999 -9999 -9999 -9999 -9999 -9999 -9999 -9999 -9999 -9999 -9999
-9999 -9999 -9999 -9999 -9999 -9999 -9999 -9999 -9999 -9999 -9999 -9999 -9999 -9999 -9999 -9999 -9999 -9999 -9999 -9999 -9999 -9999 -9999 -9999 -9999 -9999 -9999 -9999 -9999 -9999 -9999 -9999 -9999 -9999 -9999 -9999 -9999 -9999 -9999 -9999 -9999 -9999 -9999 -9999 -9999 -9999 -9999 -9999 -9999 -9999 -9999 -9999 -9999 -9999 -9999 -9999 -9999 -9999 -9999 -9999 -9999 -9999 -9999 -9999 -9999 -9999 -9999 -9999 -9999 -9999 -9999 -9999 -9999 -9999 -9999 -9999
-9999 -9999 -9999 -9999 -9999 -9999 -9999 -9999 -9999 -9999 -9999 -9999 -9999 -9999 -9999 -9999 -9999 -9999 -9999 -9999 -9999 -9999 -9999 -9999 -9999 -9999 -9999 -9999 -9999 -9999 -9999 -9999 -9999 -9999 -9999 -9999 -9999 -9999 -9999 -9999 -9999 -9999 -9999 -9999 -9999 -9999 -9999 -9999 -9999 -9999 -9999 -9999 -9999 -9999 -9999 -9999 -9999 -9999 -9999 -9999 -9999 -9999 -9999 -9999 -9999 -9999 -9999 -9999 -9999 -9999 -9999 -9999 -9999 -9999 -9999 -9999
-9999 -9999 -9999 -9999 -9999 -9999 -9999 -9999 -9999 -9999 -9999 -9999 -9999 -9999 -9999 -9999 -9999 -9999 -9999 -9999 -9999 -9999 -9999 -9999 -9999 -9999 -9999 -9999 -9999 -9999 -9999 -9999 -9999 -9999 -9999 -9999 -9999 -9999 -9999 -9999 -9999 -9999 -9999 -9999 -9999 -9999 -9999 -9999 -9999 -9999 -9999 -9999 -9999 -9999 -9999 -9999 -9999 -9999 -9999 -9999 -9999 -9999 -9999 -9999 -9999 -9999 -9999 -9999 -9999 -9999 -9999 -9999 -9999 -9999 -9999 -9999
-9999 -9999 -9999 -9999 -9999 -9999 -9999 -9999 -9999 -9999 -9999 -9999 -9999 -9999 -9999 -9999 -9999 -9999 -9999 -9999 -9999 -9999 -9999 -9999 -9999 -9999 -9999 -9999 -9999 -9999 -9999 -9999 -9999 -9999 -9999 -9999 -9999 -9999 -9999 -9999 -9999 -9999 -9999 -9999 -9999 -9999 -9999 -9999 -9999 -9999 -9999 -9999 -9999 -9999 -9999 -9999 -9999 -9999 -9999 -9999 -9999 -9999 -9999 -9999 -9999 -9999 -9999 -9999 -9999 -9999 -9999 -9999 -9999 -9999 -9999 -9999
-9999 -9999 -9999 -9999 -9999 -9999 -9999 -9999 -9999 -9999 -9999 -9999 -9999 -9999 -9999 -9999 -9999 -9999 -9999 -9999 -9999 -9999 -9999 -9999 -9999 -9999 -9999 -9999 -9999 -9999 -9999 -9999 -9999 -9999 -9999 -9999 -9999 -9999 -9999 -9999 -9999 -9999 -9999 -9999 -9999 -9999 -9999 -9999 -9999 -9999 -9999 -9999 -9999 -9999 -9999 -9999 -9999 -9999 -9999 -9999 -9999 -9999 -9999 -9999 -9999 -9999 -9999 -9999 -9999 -9999 -9999 -9999 -9999 -9999 -9999 -9999
-9999 -9999 -9999 -9999 -9999 -9999 -9999 -9999 -9999 -9999 -9999 -9999 -9999 -9999 -9999 -9999 -9999 -9999 -9999 -9999 -9999 -9999 -9999 -9999 -9999 -9999 -9999 -9999 -9999 -9999 -9999 -9999 -9999 -9999 -9999 -9999 -9999 -9999 -9999 -9999 -9999 -9999 -9999 -9999 -9999 -9999 -9999 -9999 -9999 -9999 -9999 -9999 -9999 -9999 -9999 -9999 -9999 -9999 -9999 -9999 -9999 -9999 -9999 -9999 -9999 -9999 -9999 -9999 -9999 -9999 -9999 -9999 -9999 -9999 -9999 -9999
-9999 -9999 -9999 -9999 -9999 -9999 -9999 -9999 -9999 -9999 -9999 -9999 -9999 -9999 -9999 -9999 -9999 -9999 -9999 -9999 -9999 -9999 -9999 -9999 -9999 -9999 -9999 -9999 -9999 -9999 -9999 -9999 -9999 -9999 -9999 -9999 -9999 -9999 -9999 -9999 -9999 -9999 -9999 -9999 -9999 -9999 -9999 -9999 -9999 -9999 -9999 -9999 -9999 -9999 -9999 -9999 -9999 -9999 -9999 -9999 -9999 -9999 -9999 -9999 -9999 -9999 -9999 -9999 -9999 -9999 -9999 -9999 -9999 -9999 -9999 -9999
-9999 -9999 -9999 -9999 -9999 -9999 -9999 -9999 -9999 -9999 -9999 -9999 -9999 -9999 -9999 -9999 -9999 -9999 -9999 -9999 -9999 -9999 -9999 -9999 -9999 -9999 -9999 -9999 -9999 -9999 -9999 -9999 -9999 -9999 -9999 -9999 -9999 -9999 -9999 -9999 -9999 -9999 -9999 -9999 -9999 -9999 -9999 -9999 -9999 -9999 -9999 -9999 -9999 -9999 -9999 -9999 -9999 -9999 -9999 -9999 -9999 -9999 -9999 -9999 -9999 -9999 -9999 -9999 -9999 -9999 -9999 -9999 -9999 -9999 -9999 -9999
-9999 -9999 -9999 -9999 -9999 -9999 -9999 -9999 -9999 -9999 -9999 -9999 -9999 -9999 -9999 -9999 -9999 -9999 -9999 -9999 -9999 -9999 -9999 -9999 -9999 -9999 -9999 -9999 -9999 -9999 -9999 -9999 -9999 -9999 -9999 -9999 -9999 -9999 -9999 -9999 -9999 -9999 -9999 -9999 -9999 -9999 -9999 -9999 -9999 -9999 -9999 -9999 -9999 -9999 -9999 -9999 -9999 -9999 -9999 -9999 -9999 -9999 -9999 -9999 -9999 -9999 -9999 -9999 -9999 -9999 -9999 -9999 -9999 -9999 -9999 -9999
-9999 -9999 -9999 -9999 -9999 -9999 -9999 -9999 -9999 -9999 -9999 -9999 -9999 -9999 -9999 -9999 -9999 -9999 -9999 -9999 -9999 -9999 -9999 -9999 -9999 -9999 -9999 -9999 -9999 -9999 -9999 -9999 -9999 -9999 -9999 -9999 -9999 -9999 -9999 -9999 -9999 -9999 -9999 -9999 -9999 -9999 -9999 -9999 -9999 -9999 -9999 -9999 -9999 -9999 -9999 -9999 -9999 -9999 -9999 -9999 -9999 -9999 -9999 -9999 -9999 -9999 -9999 -9999 -9999 -9999 -9999 -9999 -9999 -9999 -9999 -9999
-9999 -9999 -9999 -9999 -9999 -9999 -9999 -9999 -9999 -9999 -9999 -9999 -9999 -9999 -9999 -9999 -9999 -9999 -9999 -9999 -9999 -9999 -9999 -9999 -9999 -9999 -9999 -9999 -9999 -9999 -9999 -9999 -9999 -9999 -9999 -9999 -9999 -9999 -9999 -9999 -9999 -9999 -9999 -9999 -9999 -9999 -9999 -9999 -9999 -9999 -9999 -9999 -9999 -9999 -9999 -9999 -9999 -9999 -9999 -9999 -9999 -9999 -9999 -9999 -9999 -9999 -9999 -9999 -9999 -9999 -9999 -9999 -9999 -9999 -9999 -9999
-9999 -9999 -9999 -9999 -9999 -9999 -9999 -9999 -9999 -9999 -9999 -9999 -9999 -9999 -9999 -9999 -9999 -9999 -9999 -9999 -9999 -9999 -9999 -9999 -9999 -9999 -9999 -9999 -9999 -9999 -9999 -9999 -9999 -9999 -9999 -9999 -9999 -9999 -9999 -9999 -9999 -9999 -9999 -9999 -9999 -9999 -9999 -9999 -9999 -9999 -9999 -9999 -9999 -9999 -9999 -9999 -329.1 -329.14 -334.12 -337.12 -340.14 -337.14 -333.14 -333.12 -333.12 -333.1 -331.02 -327 -325.88 -328.82 -318.76 -317.68 -316.62 -312.66 -308.66 -9999
-9999 -9999 -9999 -9999 -9999 -9999 -9999 -9999 -9999 -9999 -9999 -9999 -9999 -9999 -9999 -9999 -9999 -9999 -9999 -9999 -9999 -9999 -9999 -9999 -9999 -9999 -9999 -9999 -9999 -9999 -9999 -9999 -9999 -9999 -9999 -9999 -9999 -9999 -310.8 -309.8 -313.78 -316.78 -320.68 -320.5 -333.36 -334.24 -332.14 -322.12 -321.16 -323.16 -322.18 -321.2 -322.24 -341.26 -345.26 -349.28 -347.26 -344.26 -346.26 -348.22 -352.18 -350.18 -343.1 -344.14 -349.18 -344.08 -340.98 -339.96 -334.84 -334.78 -331.7 -328.58 -328.6 -326.54 -325.5 -322.5
-328.24 -323.28 -322.32 -322.34 -321.38 -323.4 -9999 -319.48 -9999 -9999 -9999 -9999 -9999 -9999 -9999 -9999 -9999 -9999 -9999 -9999 -9999 -9999 -9999 -9999 -9999 -9999 -9999 -9999 -9999 -9999 -9999 -9999 -301 -301.9 -300.88 -305.8 -320.8 -321.82 -323.78 -326.82 -324.84 -326.6 -331.44 -332.3 -336.14 -337.98 -334.92 -334.96 -333.02 -336.02 -341.02 -344.02 -344 -346.98 -350.96 -353.96 -352.94 -348.9 -342.9 -343.9 -351.9 -342.84 -338.84 -337.84 -340.84 -340.78 -335.66 -342.62 -337.52 -336.42 -333.38 -332.36 -330.24 -331.12 -327.12 -326.08
-333.14 -331.22 -329.28 -328.32 -324.42 -322.52 -321.66 -319.7 -318.64 -319.66 -9999 -9999 -311.56 -9999 -309.54 -310.56 -313.52 -306.62 -306.68 -308.62 -305.66 -308.68 -307.62 -296.68 -305.7 -305.76 -297.72 -295.74 -297.68 -305.74 -308.66 -306.66 -305.6 -306.6 -306.58 -307.6 -315.58 -315.62 -315.58 -315.5 -318.3 -323.16 -326.02 -329.86 -332.7 -336.62 -338.62 -340.7 -338.64 -337.7 -336.68 -339.66 -342.68 -343.66 -347.6 -344.64 -344.66 -343.66 -342.58 -339.62 -334.58 -332.62 -332.56 -331.52 -336.52 -331.5 -326.36 -322.26 -319.18 -318.12 -316.94 -314.82 -314.8 -313.72 -310.66 -311.7
-315.36 -315.44 -314.56 -314.68 -320.76 -313.78 -317.82 -9999 -314.82 -310.76 -310.66 -311.7 -307.74 -304.68 -305.78 -304.72 -307.82 -307.74 -308.7 -307.64 -308.68 -308.62 -306.6 -301.52 -299.56 -302.44 -305.34 -306.34 -305.3 -304.2 -304.12 -301.98 -312.04 -314.92 -315.92 -316.78 -317.82 -315.86 -314.72 -314.58 -309.46 -311.34 -317.18 -320 -329.94 -334.86 -336.98 -343.94 -347 -351.98 -353.98 -354.96 -354.98 -353.96 -351 -348.96 -346.98 -342.98 -338.96 -334.96 -332.96 -333 -327.92 -323.92 -318.9 -320.82 -324.82 -323.72 -317.64 -316.48 -314.36 -316.4 -318.32 -315.32 -313.16 -311.14
-304.62 -306.76 -306.86 -316.96 -319.84 -307.88 -306.96 -303.18 -303.32 -301.78 -312.78 -314.76 -314.82 -313.8 -313.88 -310.86 -310.92 -307.8 -307.8 -306.8 -306.78 -304.7 -302.68 -302.66 -303.68 -304.66 -306.52 -307.44 -306.38 -306.28 -306.24 -305.22 -306.12 -308.1 -310.96 -311.92 -312.94 -312.68 -314.62 -315.36 -318.14 -319.02 -319.74 -320.6 -324.56 -327.58 -331.46 -335.42 -344.4 -349.26 -354.3 -357.2 -358.22 -357.14 -356.12 -354.12 -351.12 -348.16 -344.22 -342.22 -338.2 -336.16 -332.16 -330.16 -325.16 -323.06 -323.92 -319.88 -313.76 -311.76 -308.68 -308.66 -308.58 -307.48 -305.4 -303.4
-293.98 -296.02 -301.1 -305.94 -309.94 -302.98 -305.16 -310.4 -311.5 -305.72 -295.76 -293.92 -299.88 -302.9 -306.84 -305.96 -311.9 -312.92 -314.82 -313.84 -313.76 -312.7 -311.58 -310.6 -310.62 -310.58 -311.52 -311.46 -311.44 -312.42 -313.34 -314.28 -315.22 -317.22 -318.14 -320.16 -320.9 -322.72 -323.58 -325.4 -326.18 -326.96 -330.8 -331.6 -334.62 -336.54 -337.58 -341.48 -343.52 -350.46 -356.38 -355.32 -357.32 -358.32 -358.2 -357.2 -356.22 -354 -351.02 -349 -344.94 -343.9 -341.86 -341.82 -339.66 -337.52 -334.44 -332.26 -328.16 -324.08 -318.9 -316.82 -311.74 -309.72 -305.64 -303.56
-293.18 -292.2 -295.14 -296.1 -295.12 -298.12 -299.34 -298.5 -299.66 -300.94 -299.62 -294.9 -293.94 -293.96 -297.98 -296.96 -297.96 -299.82 -302.86 -305.78 -307.68 -308.7 -309.66 -309.6 -312.54 -313.52 -313.46 -314.38 -315.42 -316.38 -317.34 -319.3 -320.28 -321.14 -324.1 -325.94 -326.78 -328.54 -330.52 -332.3 -333.04 -334.98 -336.76 -337.78 -339.74 -342.62 -344.64 -345.58 -347.56 -351.52 -353.46 -354.38 -355.38 -355.3 -354.38 -354.26 -353.24 -352.14 -351.16 -349.08 -347 -343.96 -339.92 -339.84 -337.8 -336.62 -334.5 -332.36 -329.22 -325.12 -319.98 -317.86 -313.72 -308.58 -304.5 -300.36
-9999 -9999 -282.26 -286.2 -287.2 -290.32 -293.48 -294.76 -298.88 -301.12 -303.26 -302.52 -303.88 -303.86 -304.94 -304.92 -303.88 -303.9 -304.82 -304.76 -305.68 -306.72 -307.64 -309.64 -310.52 -311.44 -314.44 -314.44 -315.36 -317.34 -319.28 -320.26 -323.18 -324.02 -325.98 -327.74 -329.68 -331.46 -333.2 -334.12 -337 -337.84 -339.76 -340.7 -342.68 -344.62 -346.62 -347.66 -349.66 -350.56 -352.56 -353.46 -352.52 -354.48 -353.42 -353.3 -352.36 -351.2 -347.18 -344.1 -344.02 -342.04 -336.98 -333.96 -333.82 -330.68 -327.6 -324.42 -321.26 -318.22 -315.1 -311 -306.86 -302.68 -293.54 -293.4
-277.4 -281.26 -283.32 -287.38 -290.44 -292.58 -293.7 -298.82 -301.18 -302.32 -303.54 -303.6 -303.26 -303.96 -304.9 -303.88 -304.82 -304.76 -304.8 -305.8 -305.66 -305.64 -306.6 -308.6 -309.46 -310.48 -311.36 -312.46 -313.34 -315.32 -316.18 -318.24 -320.16 -320.94 -322.76 -324.6 -326.42 -328.24 -330.1 -330.92 -333.74 -334.74 -336.6 -338.56 -340.64 -341.62 -342.6 -343.54 -345.44 -346.52 -347.5 -349.46 -348.54 -349.54 -349.48 -349.38 -348.34 -346.3 -343.26 -339.2 -338.2 -336.14 -331.12 -327.98 -326.88 -324.74 -320.62 -317.56 -314.34 -312.32 -309.12 -305.98 -302.92 -295.78 -290.6 -288.5
-291.48 -293.36 -297.44 -298.34 -301.58 -303.68 -303.88 -305.02 -305.2 -305.38 -306.54 -305.74 -305.36 -305 -303.78 -304.8 -303.76 -304.72 -304.68 -305.72 -305.62 -305.64 -307.64 -307.58 -308.5 -309.44 -309.42 -310.38 -311.36 -312.28 -314.2 -316.2 -316.92 -318.82 -319.62 -321.38 -323.26 -324.08 -325.84 -327.7 -329.58 -331.58 -332.6 -334.58 -336.52 -337.52 -338.56 -340.52 -341.46 -342.46 -344.5 -345.4 -345.4 -347.46 -348.42 -348.36 -346.32 -344.16 -342.24 -340.26 -336.12 -333.12 -331.14 -329.12 -324.96 -321.84 -317.58 -315.58 -313.5 -311.34 -306.2 -302.08 -299.98 -296.82 -294.72 -291.6
-300.54 -301.44 -302.52 -303.52 -304.76 -305.84 -307.9 -309.08 -308.26 -308.46 -308.68 -307.8 -306.96 -304.98 -304.74 -304.74 -304.64 -303.7 -303.7 -303.7 -303.68 -303.64 -303.56 -303.56 -304.48 -304.42 -305.38 -306.32 -306.26 -307.26 -309.1 -310.96 -312.72 -314.62 -315.42 -316.26 -318.08 -319.88 -320.74 -322.58 -323.48 -325.48 -327.52 -328.54 -330.54 -331.5 -333.48 -335.44 -336.38 -338.4 -339.34 -340.38 -340.36 -342.34 -344.34 -344.34 -341.3 -339.24 -336.16 -333.1 -330.1 -327.12 -324.02 -322 -317.88 -315.82 -310.62 -309.58 -307.44 -304.36 -300.26 -296.18 -295.02 -292.92 -289.76 -287.66
-278.6 -282.62 -284.52 -290.62 -296.82 -298 -301.08 -302.24 -304.36 -305.6 -305.72 -304.82 -303.08 -302.04 -301.82 -299.62 -299.64 -299.64 -298.6 -298.68 -297.62 -297.62 -298.54 -298.44 -298.36 -298.46 -299.32 -300.3 -301.26 -302.1 -304.92 -305.82 -307.6 -308.36 -309.22 -311.12 -311.96 -313.7 -315.56 -316.52 -318.42 -319.52 -321.52 -323.4 -325.36 -326.38 -328.34 -330.34 -331.34 -332.36 -334.24 -336.28 -337.24 -338.24 -339.24 -338.22 -335.18 -333.2 -331.08 -328.08 -325.02 -322.02 -317.96 -314.9 -311.74 -308.68 -306.58 -304.48 -301.46 -298.26 -295.1 -292.08 -288.94 -286.86 -283.78 -281.56
-267.62 -272.64 -277.6 -284.74 -290.84 -293.98 -294.22 -296.28 -299.46 -299.6 -299.84 -298.96 -297.16 -296.32 -295.74 -293.44 -293.56 -292.56 -291.6 -291.56 -290.52 -290.54 -291.5 -291.48 -291.52 -292.38 -292.34 -293.28 -295.12 -295.96 -298.7 -299.56 -301.38 -302.22 -304.1 -304.88 -306.68 -307.56 -309.4 -310.46 -313.44 -315.38 -316.36 -318.38 -320.38 -322.3 -324.34 -325.34 -326.34 -326.24 -328.22 -330.22 -331.22 -332.2 -332.1 -331.1 -329.08 -327.08 -323.04 -321.04 -318.98 -315.94 -312.88 -309.78 -306.72 -303.6 -301.54 -299.38 -296.24 -294.2 -291 -288.02 -285.9 -283.76 -280.64 -278.52
-272.58 -276.62 -279.78 -279.78 -281.92 -283.14 -283.22 -282.34 -283.54 -283.72 -284.84 -284.08 -284.18 -283.44 -283.54 -282.46 -281.12 -280.56 -280.44 -280.42 -280.42 -280.4 -281.4 -281.42 -282.36 -283.38 -283.28 -285.14 -285.88 -286.74 -289.56 -291.42 -293.2 -295.12 -296.92 -298.8 -300.6 -301.4 -303.34 -306.38 -307.34 -310.34 -312.2 -315.3 -317.3 -319.24 -321.24 -322.22 -323.3 -323.26 -324.16 -325.14 -326.14 -327.12 -327.08 -326.04 -324.1 -322.02 -320 -316.98 -314.94 -312.9 -308.82 -306.68 -304.62 -301.48 -299.4 -296.32 -295.24 -294.18 -290 -288.86 -285.66 -283.68 -281.6 -279.46
-257.58 -259.66 -259.8 -255.96 -258.04 -255.24 -255.34 -253.44 -255.58 -256.76 -261.98 -262.22 -264.3 -265.52 -268.68 -269.4 -269.18 -268.9 -268.42 -268.44 -268.38 -268.36 -269.32 -270.42 -271.42 -273.2 -274.08 -275.94 -276.74 -278.52 -280.4 -282.16 -285.06 -287.9 -289.72 -291.56 -293.36 -295.34 -296.3 -299.34 -301.24 -303.26 -307.2 -310.2 -312.2 -313.2 -315.18 -316.16 -318.06 -318.18 -319.1 -320.08 -320 -321.1 -320 -318.96 -317.96 -316.92 -313.96 -312.88 -309.88 -308.84 -305.78 -303.62 -301.56 -299.38 -296.38 -294.24 -292.04 -291.04 -288.94 -286.82 -283.66 -281.6 -279.4 -278.38
-9999 -9999 -9999 -9999 -9999 -9999 -9999 -9999 -9999 -9999 -9999 -254.26 -243.4 -238.52 -239.68 -240.9 -247.24 -249.98 -251.6 -254.26 -255.34 -256.26 -256.3 -257.2 -259.1 -260.98 -263.86 -266.72 -268.58 -270.32 -272.2 -274.04 -277 -277.8 -281.6 -285.4 -287.32 -289.2 -292.24 -293.26 -295.16 -298.16 -301.2 -304.08 -305.06 -307.1 -308.1 -309.16 -310.98 -312.98 -313.98 -315.08 -315.92 -315 -316 -315.02 -313.96 -312.88 -309.82 -308.88 -304.8 -302.78 -300.68 -298.56 -295.42 -294.38 -292.22 -291.18 -287.94 -285.88 -284.76 -282.68 -280.66 -277.54 -274.4 -272.2
-9999 -9999 -9999 -9999 -9999 -9999 -9999 -9999 -9999 -9999 -9999 -9999 -9999 -9999 -9999 -225 -230.24 -231 -234.68 -237.38 -240.2 -242.2 -244.12 -246.12 -247.94 -249.78 -254.68 -257.54 -260.36 -263.26 -265.16 -267.9 -270.76 -271.56 -276.34 -279.18 -281.14 -283.2 -285.2 -287.2 -289.12 -292.04 -295.08 -297.14 -299.06 -300 -301.02 -301.98 -304.04 -304.98 -305.98 -306.96 -308.92 -307.88 -307.82 -306.92 -305.84 -304.84 -303.72 -302.78 -300.7 -297.72 -295.54 -293.48 -291.38 -289.28 -285.16 -284.02 -280.8 -278.74 -277.56 -275.46 -273.34 -270.22 -267.04 -264.96
-9999 -9999 -9999 -9999 -9999 -9999 -9999 -9999 -9999 -9999 -9999 -9999 -9999 -9999 -9999 -9999 -218.3 -212 -216.7 -220.34 -226.14 -230.12 -232.98 -234.82 -239.64 -241.56 -247.4 -250.3 -255.16 -258 -258.82 -260.76 -266.56 -268.38 -271.2 -274.18 -277.1 -280.08 -281.1 -284.14 -286.96 -290.12 -292.04 -293.92 -294.96 -295.96 -296.94 -297.94 -298.94 -299.92 -300.9 -300.92 -300.86 -300.88 -301.84 -300.78 -300.74 -298.68 -296.62 -295.54 -293.54 -291.42 -290.36 -288.22 -286.12 -283.84 -280.78 -278.56 -274.5 -271.36 -269.22 -267.16 -265.98 -262.9 -257.72 -255.5
-9999 -9999 -9999 -9999 -9999 -9999 -9999 -9999 -9999 -9999 -9999 -9999 -9999 -9999 -9999 -9999 -9999 -204.54 -205.7 -210.36 -215.02 -220.88 -225.74 -228.66 -233.46 -236.46 -242.18 -246.04 -249.9 -251.82 -253.66 -255.5 -262.4 -264.16 -266.16 -268.06 -271.06 -274.04 -276.04 -279.06 -280.98 -283.96 -285.94 -286.92 -287.92 -288.82 -289.86 -290.88 -291.82 -291.8 -292.74 -292.7 -292.62 -292.56 -292.58 -292.48 -291.52 -290.44 -288.26 -287.32 -286.22 -284.06 -281.94 -280.78 -278.66 -276.48 -273.38 -271.22 -267.14 -264 -261.9 -258.74 -257.66 -251.52 -246.44 -242.42
-9999 -9999 -9999 -9999 -9999 -9999 -9999 -9999 -9999 -9999 -9999 -9999 -9999 -9999 -9999 -9999 -9999 -9999 -195.66 -195.36 -199.94 -203.52 -212.52 -218.4 -223.26 -228.1 -234.04 -237.9 -242.7 -244.5 -248.44 -251.28 -256.18 -258.04 -260 -262.98 -264.96 -267.98 -269.96 -271.92 -273.84 -274.78 -276.7 -278.74 -279.7 -280.64 -282.58 -283.56 -285.48 -285.48 -286.38 -286.42 -287.28 -287.26 -287.2 -287.1 -286.08 -284.02 -282.92 -280.9 -279.88 -278.72 -276.56 -274.46 -270.34 -269.2 -268.08 -264.96 -261.8 -257.72 -251.64 -247.56 -240.56 -233.38 -224.3 -224.24
