shamba/rasters/climate/tmp_12.txt
ncols         720
nrows         360
xllcorner     -180
yllcorner     -90
cellsize      0.5
NODATA_value  -9999
[rows 34 to 67 of 360, columns 532 to 607 of 720]
-257.98 -261.96 -264.14 -267.14 -269.26 -271.18 -273.34 -276.46 -278.56 -282.66 -283.76 -285.7 -288.82 -293 -294 -297.1 -298.22 -299.26 -298.36 -301.38 -302.5 -303.7 -304.68 -304.78 -305.92 -306.06 -308.2 -306.36 -305.5 -304.64 -303.78 -302.9 -303.12 -306.08 -308.7 -310.2 -314.74 -317.26 -319.82 -322.46 -326.08 -328.68 -332.42 -334.98 -337.58 -340.3 -342.12 -346.02 -347.92 -350.84 -352.78 -355.66 -357.6 -360.5 -362.5 -364.58 -367.84 -370.06 -372.3 -374.62 -376.88 -380.24 -382.52 -384.68 -388.1 -390.44 -393.68 -395.96 -399.32 -398.7 -402.98 -404.34 -412.62 -412.88 -412.86 -415.86
-256.32 -258.4 -262.5 -265.56 -267.64 -269.68 -270.74 -274.78 -276.84 -279.94 -283 -283.14 -286.2 -288.24 -290.34 -294.42 -296.52 -297.54 -298.62 -299.74 -300.84 -301.86 -301.96 -302.04 -303.24 -303.32 -304.48 -304.66 -302.72 -302.9 -302.1 -301.14 -299.3 -301.14 -304.74 -307.26 -312.78 -315.32 -318.82 -323.5 -327.02 -329.72 -336.38 -340.04 -341.64 -343.2 -344.94 -345.8 -347.72 -349.68 -352.58 -355.48 -356.36 -359.32 -361.28 -363.34 -365.64 -368 -370.24 -372.5 -374.84 -377.1 -379.48 -382.7 -384.04 -386.26 -388.64 -390.98 -395.18 -396.64 -400.96 -402.2 -405.56 -408.82 -410.8 -416.74
-253.74 -255.72 -259.84 -262.88 -263.88 -266.08 -269.08 -272.22 -276.28 -279.32 -282.4 -284.5 -284.56 -287.64 -290.66 -292.88 -293.9 -294.96 -296.1 -299.06 -298.24 -300.28 -300.46 -301.58 -301.7 -301.78 -301.9 -303.04 -303.14 -302.22 -301.38 -299.48 -298.52 -300.4 -305.76 -311.32 -318.82 -322.44 -324.88 -329.46 -331.1 -333.84 -335.46 -339 -341.7 -344.34 -344.92 -345.62 -347.56 -348.44 -348.4 -351.3 -354.2 -362.04 -364.16 -366.26 -364.54 -365.78 -368.1 -370.42 -372.74 -375.06 -378.28 -379.64 -381.88 -385.14 -387.52 -389.88 -392.14 -394.46 -397.74 -400.1 -402.4 -405.7 -407.88 -410.82
-253.04 -254.18 -258.22 -261.24 -261.38 -265.46 -267.5 -271.62 -275.62 -277.7 -279.74 -280.84 -282.9 -285.02 -288.08 -290.18 -292.2 -293.28 -294.3 -296.52 -297.58 -298.78 -300.84 -301.06 -301.14 -301.24 -301.28 -302.48 -302.58 -301.74 -301.82 -302.86 -306.9 -306.68 -310.12 -313.62 -317.98 -322.4 -326.98 -327.52 -331.14 -332.82 -336.48 -340.22 -342.84 -345.46 -346.92 -349.6 -352.34 -353.22 -349.12 -350.06 -351 -355.98 -360.88 -361.14 -365.34 -364.72 -366 -367.38 -370.72 -372.92 -375.22 -377.48 -379.82 -382.1 -384.44 -386.74 -389.06 -391.36 -393.7 -397.98 -402.28 -405.6 -413.82 -415.8
-249.4 -253.58 -257.66 -260.62 -262.74 -263.8 -266.84 -268.94 -273.1 -278.18 -281.18 -284.18 -286.3 -291.34 -293.48 -293.56 -295.66 -298.74 -297.9 -296.86 -300.18 -301.22 -301.28 -301.38 -302.56 -303.7 -305.76 -308.86 -310.96 -314 -315.1 -321.14 -318.16 -314.94 -315.62 -316 -318.38 -322.84 -326.22 -328.64 -333.26 -337.9 -340.54 -345.22 -351.8 -354.48 -352.14 -352.72 -353.28 -356.06 -355.98 -352.92 -349.8 -351.74 -355.72 -356 -359.32 -362.66 -362.92 -365.24 -369.6 -372.76 -374.08 -376.44 -377.68 -381.02 -381.32 -384.62 -386.9 -389.36 -392.66 -396.94 -398.12 -401.48 -408.78 -411.76
-246.74 -251.86 -257.02 -259.02 -259.08 -263.2 -272.26 -275.36 -283.44 -290.44 -301.52 -301.64 -309.68 -315.78 -312.86 -317.88 -312.98 -314.1 -315.2 -314.42 -319.48 -319.62 -314.72 -315.8 -317.02 -319.06 -322.14 -322.22 -318.34 -317.34 -314.44 -319.48 -317.38 -316.16 -313.9 -315.42 -318.84 -322.22 -330.68 -335.02 -333.5 -338.06 -338.6 -344.18 -347.82 -351.52 -358.18 -353.82 -353.32 -352.96 -352.74 -350.62 -346.62 -348.48 -352.68 -352.86 -355.2 -357.52 -360.82 -362.1 -367.48 -369.74 -372 -372.22 -373.58 -377.88 -377.24 -382.54 -386.86 -389.18 -395.54 -397.84 -396.1 -397.3 -398.72 -402.88
-248.12 -252.28 -254.34 -254.38 -262.48 -275.58 -282.58 -281.68 -285.72 -295.84 -306.92 -317.94 -333.1 -331.16 -328.22 -329.28 -325.4 -328.58 -334.7 -333.78 -331.98 -330.08 -327.16 -334.26 -337.34 -330.38 -329.46 -328.6 -328.56 -326.6 -319.64 -318.86 -319.52 -316.4 -317.2 -322.88 -327.26 -330.7 -336.1 -342.52 -347.84 -344.42 -345.04 -349.52 -351.04 -353.56 -358.22 -355.9 -348.48 -347.98 -351.6 -350.5 -349.4 -349.3 -353.6 -354.88 -353.12 -356.48 -356.72 -360.08 -363.38 -366.66 -367.94 -371.12 -372.5 -376.8 -381.16 -380.5 -387.74 -389.14 -391.34 -392.74 -391.02 -392.3 -393.56 -395.72
-244.52 -249.6 -254.68 -261.78 -268.86 -266.88 -263 -271.12 -293.2 -299.2 -307.28 -313.38 -326.38 -331.46 -333.7 -330.8 -332.9 -343.04 -356.06 -355.16 -350.34 -350.42 -346.44 -350.62 -349.6 -338.58 -328.82 -327.88 -325.9 -326.98 -325.06 -324.02 -318.8 -317.58 -316.42 -316.14 -322.7 -328.14 -331.52 -333.88 -339.32 -340.9 -339.32 -342.84 -342.44 -342.02 -345.56 -347.02 -346.5 -348.12 -347.72 -349.32 -351.22 -352.14 -355.46 -355.74 -353.04 -355.34 -356.7 -360.98 -361.18 -362.5 -364.76 -369.08 -369.38 -375.72 -378.06 -379.38 -383.66 -385.04 -387.32 -387.58 -385.9 -387.14 -390.46 -391.58
-242.94 -247.92 -255.1 -266.12 -275.18 -265.28 -262.28 -273.46 -282.54 -287.56 -292.74 -294.76 -301.78 -318.92 -321.02 -327.2 -325.38 -335.48 -346.52 -347.6 -346.62 -345.78 -340.76 -342.9 -348.9 -353.04 -345.14 -337.1 -330.18 -331.22 -327.36 -324.26 -319.04 -317.86 -316.68 -316.4 -315.2 -316.58 -317.82 -319.34 -324.8 -323.2 -324.78 -326.34 -328.92 -329.3 -330.86 -336.44 -338.96 -341.36 -345.02 -343.34 -346.94 -350.08 -350.4 -350.66 -353.92 -355.24 -354.52 -356.86 -359.1 -361.46 -361.72 -365.98 -366.3 -369.66 -373.98 -375.2 -378.48 -378.98 -379.22 -381.48 -379.86 -383.06 -385.34 -387.6
-240.34 -245.38 -251.42 -258.56 -255.64 -256.66 -261.72 -270.8 -274.88 -285.04 -293.04 -298.12 -308.24 -307.36 -320.52 -321.6 -319.66 -331.8 -331.86 -335.8 -336.04 -341.04 -341.14 -339.16 -338.28 -340.32 -344.38 -348.4 -336.56 -328.56 -326.66 -325.44 -319.16 -319.08 -319.84 -324.62 -322.48 -322.98 -323.4 -327.76 -327.14 -327.68 -326.2 -324.62 -329.22 -326.8 -330.32 -333.8 -335.32 -338.84 -343.44 -341.76 -340.26 -346.18 -346.4 -348.7 -350.92 -350.18 -353.54 -351.84 -356.08 -357.42 -357.72 -360.98 -366.34 -369.62 -371.98 -372.32 -374.56 -375.98 -376.28 -377.56 -376.84 -378.14 -381.4 -383.6
-239.66 -242.68 -249.82 -248.92 -258 -265.08 -274.12 -287.16 -290.16 -293.34 -294.4 -291.66 -298.76 -311.82 -314.82 -318.9 -316.98 -315.1 -325.14 -324.24 -331.24 -330.34 -333.46 -340.52 -337.54 -334.64 -333.66 -334.8 -330.88 -328.76 -319.94 -317.64 -317.5 -318.34 -322.1 -329.84 -327.66 -331.36 -330.78 -330.26 -329.68 -333.08 -332.58 -332.14 -330.68 -334.16 -338.68 -338.3 -341.7 -341.28 -340.84 -343.28 -342.96 -348.96 -346.92 -347.78 -351 -351.3 -353.52 -351.86 -350.18 -353.46 -358.74 -363.04 -363.34 -365.6 -368.02 -371.32 -369.66 -373.96 -376.26 -376.64 -375.94 -374.16 -376.46 -379.5
-238.02 -241.04 -245.26 -249.26 -261.36 -265.46 -274.52 -276.54 -274.68 -275.72 -281.94 -293.98 -301.08 -300.22 -304.24 -315.28 -311.38 -316.36 -318.4 -320.52 -322.56 -328.58 -336.74 -333.74 -339.82 -340.8 -335.82 -337.98 -331 -325.1 -325 -326.8 -324.66 -328.48 -328.3 -330.14 -329.88 -330.7 -331.3 -333.62 -330.98 -329.4 -330.04 -329.56 -331.02 -332.62 -333.08 -333.64 -335.26 -340.7 -342.24 -347.92 -343.58 -345.58 -344.72 -351.66 -352.6 -353.52 -354.66 -354.98 -355.26 -357.48 -357.82 -358.08 -360.42 -364.78 -367.08 -369.4 -370.76 -373.08 -372.46 -372.76 -372.94 -371.24 -372.52 -374.52
-237.48 -238.48 -242.48 -248.6 -251.74 -255.74 -265.86 -264.92 -275.1 -280.18 -275.28 -287.3 -297.32 -302.4 -302.48 -300.52 -309.62 -319.64 -321.72 -327.8 -319.76 -330.9 -335.92 -336 -336.02 -337.02 -341.08 -342.14 -336.22 -330.32 -338.12 -334.96 -330.76 -330.66 -331.48 -331.36 -331.12 -334.9 -332.64 -334.02 -338.44 -333.84 -335.42 -333.94 -341.48 -339.94 -343.54 -334.1 -332.64 -335.2 -342.78 -345.44 -345.24 -347.3 -349.34 -351.5 -350.42 -354.36 -352.16 -353.08 -351.24 -353.58 -354.86 -354.16 -355.48 -357.86 -359.14 -361.56 -365.86 -368.18 -369.42 -369.76 -367.04 -367.4 -367.58 -371.48
-235.94 -238 -239.9 -243.06 -250.08 -254.2 -260.24 -268.36 -269.34 -272.46 -274.6 -287.56 -289.6 -292.62 -303.68 -310.78 -303.88 -313.9 -319.92 -323.92 -327.98 -329.1 -330.08 -332.2 -337.22 -336.2 -339.36 -337.32 -339.44 -340.46 -337.26 -336.1 -335.9 -334.76 -331.62 -330.48 -329.26 -333.08 -332.88 -335.48 -335.84 -337.26 -334.8 -337.4 -340.94 -343.5 -342.04 -339.58 -337.1 -332.64 -341.22 -344.12 -340.92 -341.88 -343.02 -345.2 -344.34 -344.26 -349.08 -350 -348.86 -351.76 -350.96 -350.3 -350.72 -352.88 -355.22 -358.64 -361.92 -364.26 -366.66 -366.88 -365.18 -365.44 -365.46 -368.36
-232.32 -234.2 -237.38 -240.34 -245.42 -249.46 -257.5 -257.56 -264.6 -272.66 -275.74 -277.8 -288.86 -285.88 -290.94 -303.02 -308.94 -306.06 -315.12 -319.18 -322.22 -325.34 -330.32 -332.42 -330.52 -330.52 -331.54 -332.64 -333.64 -333.68 -334.4 -338.22 -337.08 -337.94 -336.84 -331.62 -331.54 -330.36 -329.24 -329.04 -330.36 -329.82 -332.28 -332.84 -336.3 -341.9 -339.42 -339 -339.54 -340 -342.88 -340.66 -339.58 -342.5 -344.72 -344.86 -339.98 -342.3 -341.12 -343.88 -346.78 -347.64 -346.52 -347.42 -346.72 -349.98 -350.36 -353.74 -357.08 -359.4 -361.68 -361.98 -365.24 -364.38 -364.3 -366.14
-229.2 -232.18 -234.18 -237.26 -242.56 -247.54 -259.5 -260.66 -266.74 -278.76 -277.88 -285 -286.06 -286.12 -288.2 -290.1 -296.24 -308.3 -311.42 -309.4 -321.46 -327.56 -327.48 -329.62 -330.66 -334.66 -337.76 -337.84 -334.82 -328.8 -328.6 -327.54 -331.32 -330.16 -333.98 -338.88 -335.72 -335.68 -330.52 -330.26 -328.82 -330.26 -326.7 -330.2 -327.84 -329.32 -329.94 -334.38 -333.92 -335.7 -331.48 -334.34 -337.18 -339.18 -340.28 -341.5 -339.76 -339.12 -339.34 -339.14 -339.98 -338.7 -340.36 -341.38 -343.2 -345.12 -346.54 -349.88 -353.14 -356.52 -359.84 -362.14 -362.4 -363.3 -363.26 -365.08
-225.98 -226.9 -229.84 -233.28 -240.6 -244.72 -250.7 -256.64 -259.72 -263.82 -274.84 -279.94 -280.04 -278.14 -285.12 -287.26 -291.34 -301.48 -308.58 -306.56 -308.68 -313.66 -325.82 -327.82 -333.84 -334.98 -332.92 -333.06 -333.08 -331.98 -329.88 -325.68 -326.54 -327.36 -328.28 -332.12 -329.02 -329.82 -330.64 -327.46 -326.36 -328.72 -325.14 -324.76 -326.22 -325.76 -323.3 -324.92 -325.46 -327.36 -328.16 -325.96 -327.74 -328.76 -332.94 -332.08 -333.42 -333.84 -337.22 -336.28 -333.08 -333.86 -336.62 -338.48 -340.26 -342.1 -343.92 -344.92 -348.26 -353.58 -355.92 -359.24 -361.42 -362.18 -362.1 -363.04
-222.68 -223.64 -225.94 -229.28 -236.6 -242.92 -246.9 -253.84 -261.82 -265.82 -269.82 -272.94 -275 -275.08 -276.18 -281.28 -290.34 -291.44 -297.46 -303.56 -312.56 -317.64 -317.84 -321.88 -321.98 -329.04 -331.12 -332.22 -331.28 -330.18 -327.94 -326.9 -324.76 -324.64 -325.48 -324.34 -323.2 -326.06 -322.96 -323.88 -325.7 -322.22 -325.62 -323.16 -323.76 -322.28 -318.76 -320.3 -323.08 -322.9 -324.76 -325.52 -326.38 -327.42 -329.6 -330.76 -331.14 -332.58 -330.02 -328.38 -328.42 -329.14 -331.86 -334.7 -336.46 -338.34 -339.08 -343.96 -344.7 -347.72 -351.02 -354.28 -358.32 -359.2 -358.96 -360.76
-220.42 -222.5 -223.9 -227.34 -233.58 -240 -241.02 -247.96 -254 -257.96 -264 -267.94 -276.92 -277.02 -282.1 -285.24 -290.34 -295.36 -297.46 -305.54 -305.6 -309.76 -316.78 -314.82 -321.96 -323.9 -326.92 -329.86 -324.82 -328.9 -327.1 -328.1 -326.92 -325.84 -318.76 -314.54 -315.46 -320.34 -317.28 -315.02 -312.94 -313.68 -316.12 -315.56 -321.16 -319.66 -312.26 -314.88 -319.72 -320.48 -321.36 -319.2 -320.06 -322.02 -324.16 -324.54 -325.84 -326.26 -329.68 -329.06 -326.48 -327.36 -329.06 -330.9 -332.68 -335.52 -336.3 -338.14 -337.88 -342.8 -345.58 -348.26 -351.1 -351.9 -352.6 -354.44
-217.2 -219.6 -220.96 -223.26 -227.64 -232.98 -238.16 -243.16 -252.12 -255.16 -259.16 -264.08 -269.14 -275.14 -282.14 -286.18 -288.32 -291.4 -295.46 -300.52 -304.58 -308.6 -313.64 -314.62 -319.6 -315.6 -317.52 -319.44 -321.6 -326.56 -328.62 -326.74 -319.92 -318.02 -320.02 -318.82 -313.68 -311.46 -309.4 -309.36 -308.1 -308.02 -306.58 -306.98 -309.68 -315.18 -308.7 -310.52 -315.38 -316.12 -316.96 -317.76 -318.56 -319.64 -321.84 -323.16 -323.62 -325.06 -322.38 -320.84 -321.2 -322.66 -325.4 -328.14 -328.98 -330.76 -331.6 -335.44 -336.24 -338.72 -342.22 -345.8 -347.46 -349.06 -350.58 -352.12
-213.22 -216.56 -218.94 -224.3 -223.66 -224.9 -229.22 -234.38 -241.3 -248.3 -256.28 -260.32 -265.3 -274.26 -281.22 -285.26 -286.26 -291.3 -295.36 -300.28 -306.3 -307.26 -309.26 -310.2 -311.22 -311.12 -314.12 -315.08 -316.16 -316.34 -311.28 -316.48 -316.42 -317.68 -317.76 -316.86 -313.94 -315.76 -313.66 -307.44 -310.46 -309.16 -312.1 -309.54 -302.08 -305.5 -312.26 -312.1 -310.92 -306.78 -303.58 -308.42 -309.2 -310.24 -313.48 -313.72 -315.24 -314.76 -313.16 -316.48 -318.88 -320.24 -320.52 -321.3 -325.14 -326.96 -329.7 -331.22 -332.66 -334.2 -339.68 -341.4 -344.08 -345.58 -347.18 -349.8
-210.28 -213.6 -217 -220.28 -220.62 -222.92 -224.3 -230.48 -236.5 -239.56 -243.44 -245.42 -252.34 -267.42 -272.28 -271.16 -279.12 -285.02 -292.96 -298.94 -304.92 -306.94 -302.9 -303.74 -304.74 -306.7 -308.58 -309.68 -313.82 -311.86 -307.88 -309 -308.16 -311.18 -312.3 -312.38 -312.54 -312.66 -309.76 -306.76 -310.56 -311.46 -305.34 -301.84 -298.48 -300.08 -304.02 -305.72 -304.52 -302.38 -301.2 -307 -307.86 -306.9 -313 -312.44 -309.92 -314.36 -312.84 -313.32 -313.62 -316.96 -317.4 -317.64 -320.22 -321.68 -324.18 -327.64 -328.08 -331.6 -337.24 -337.96 -338.56 -339.24 -339.82 -341.38
-207.28 -209.66 -212.02 -215.28 -216.54 -220.92 -222.34 -224.6 -229.64 -231.64 -235.58 -243.42 -249.3 -249.2 -257.1 -266.08 -270.98 -275.88 -279.74 -286.66 -294.56 -299.64 -293.44 -294.4 -295.28 -296.2 -298.26 -300.32 -300.44 -305.54 -306.62 -306.56 -306.7 -306.76 -307.88 -308.08 -308.1 -308.16 -308.38 -308.44 -308.54 -307.66 -300.58 -297.4 -299.02 -301.74 -296.52 -296.3 -305.14 -306.96 -305.82 -307.66 -308.4 -301.4 -310.68 -309.2 -311.54 -314.08 -314.52 -316 -315.36 -313.82 -312.8 -313.72 -315.48 -316.12 -317.58 -319.08 -316.58 -321.12 -325.8 -331.44 -337.18 -337.74 -340.36 -342.98
-203.28 -206.7 -207.94 -210.32 -211.56 -213.98 -216.32 -219.16 -225.02 -230.04 -236.02 -238.96 -240.84 -241.68 -253.64 -261.54 -260.48 -269.24 -276.16 -280.1 -283.2 -283.14 -288.02 -284.88 -287.86 -289.72 -292.88 -294 -297.02 -298.16 -300.24 -300.24 -301.3 -301.32 -301.44 -302.6 -302.74 -302.84 -303.88 -304.04 -300.12 -301.32 -296.34 -293.54 -295.54 -295.28 -295.14 -292.94 -300.76 -302.6 -302.42 -303.28 -304.12 -303.02 -306.36 -306.84 -305.18 -307.72 -309.26 -311.66 -313.74 -311.66 -313.56 -314.54 -314.4 -315.06 -313.78 -315.46 -313.02 -311.66 -319.34 -327.02 -326.76 -328.32 -332.06 -335.7
-199.28 -200.68 -202.98 -204.32 -206.58 -208.38 -210.28 -213.12 -218.04 -229.92 -240.06 -238.18 -238.06 -241.08 -241.94 -246.88 -247.72 -253.66 -263.54 -269.72 -271.82 -273.78 -271.72 -277.6 -280.48 -282.48 -286.62 -288.62 -289.74 -291.88 -292.82 -291.84 -284.9 -289.94 -296.04 -297.18 -297.28 -298.44 -298.48 -299.64 -299.82 -296.86 -297.04 -289.24 -295.44 -296.66 -295.66 -295.56 -298.4 -298.2 -298.04 -297.76 -297.64 -300.58 -299.92 -297.48 -300.92 -302.36 -304.58 -308.64 -308.64 -309.56 -308.24 -312.24 -312.24 -310.96 -309.7 -312.58 -305.34 -306.18 -307.86 -312.58 -316.18 -317.94 -318.66 -319.28
-195.36 -197.62 -197.84 -198.66 -200.52 -202.4 -204.4 -206.12 -208.12 -218.94 -229.92 -235.02 -235.12 -237.26 -247.34 -250.2 -250.14 -252.1 -254.18 -259.38 -265.4 -261.56 -265.38 -270.3 -267.24 -268.34 -271.36 -272.44 -273.44 -275.52 -273.6 -276.54 -275.54 -281.62 -283.76 -288.76 -291.94 -293.04 -294.14 -294.26 -295.36 -295.5 -291.84 -286.1 -292.3 -294.36 -292.48 -294.62 -293.72 -293.78 -292.64 -290.46 -290.16 -291.18 -292.62 -294.1 -298.48 -304.48 -309.44 -313.38 -312.4 -308.18 -301.9 -307.04 -308.14 -307.9 -305.58 -303.3 -299.26 -300.38 -303.28 -306.22 -316.94 -310.64 -317.3 -313
-190.1 -191.02 -192.8 -193.62 -195.62 -196.4 -197.3 -199.26 -201.06 -203.96 -210.86 -218 -225.08 -237.1 -241.24 -238.38 -239.68 -246.72 -249.88 -250.98 -255.1 -253.08 -258.14 -256 -257.9 -261.08 -263.08 -261.16 -264.28 -265.36 -267.38 -273.24 -275.22 -274.22 -275.28 -281.42 -282.6 -284.62 -287.68 -288.9 -289.04 -289.34 -289.52 -286.9 -284.2 -287.24 -287.28 -286.46 -285.6 -285.72 -282.8 -280.92 -279.8 -281.88 -288.16 -297.28 -304.28 -310.28 -324.24 -323.24 -325.14 -314.9 -309.66 -307.78 -302.02 -301.86 -300.5 -301.22 -300.26 -301.32 -301.38 -303.36 -309.4 -309.3 -308.12 -306.78
-184.14 -186.04 -186.84 -187.72 -188.58 -189.52 -191.3 -193.22 -197.1 -198.06 -198.86 -204.74 -214.9 -223.98 -220.16 -221.42 -226.78 -230.06 -231.28 -235.48 -243.62 -241.72 -241.78 -242.7 -245.66 -247.88 -248.88 -250.96 -256.02 -258.02 -259.08 -263.04 -267.96 -268.84 -271.86 -273.08 -275.1 -281.28 -285.4 -288.52 -285.86 -285.14 -285.48 -284.76 -282.96 -283.12 -281.18 -281.28 -280.4 -276.54 -275.68 -274.82 -276.82 -278.94 -299.02 -307 -315.04 -326.02 -321.02 -318.9 -328.82 -318.62 -318.2 -317.54 -314.84 -302.68 -298.42 -297.28 -297.38 -299.44 -296.46 -296.5 -301.54 -300.48 -303.48 -298.46
-177.16 -177.92 -178.9 -179.78 -181.56 -182.5 -183.4 -185.26 -189.16 -191 -191.94 -192.76 -199.84 -203.02 -207.26 -214.6 -218.9 -214.22 -219.46 -221.84 -225.1 -226.3 -228.38 -231.3 -233.54 -235.58 -239.62 -243.62 -248.72 -247.72 -250.7 -253.7 -255.68 -257.6 -263.5 -267.6 -275.74 -280.9 -281.04 -281.34 -279.66 -279.98 -280.24 -280.66 -279.82 -278.94 -274 -273.14 -273.16 -272.44 -273.48 -276.62 -282.8 -287.04 -299.72 -305.76 -315.84 -318.86 -323.82 -319.68 -312.48 -317.16 -311 -308.32 -300.52 -303.52 -304.26 -295.38 -292.42 -292.4 -294.52 -291.56 -293.64 -300.68 -304.58 -293.64
-171.24 -172.14 -173.08 -173.94 -175.9 -175.7 -177.68 -178.56 -181.4 -183.42 -185.26 -185.06 -188.02 -188.36 -191.62 -193.96 -202.2 -206.62 -206.9 -215.18 -216.46 -216.76 -217.02 -222.14 -226.14 -228.22 -232.22 -233.38 -238.42 -241.42 -248.42 -247.38 -251.4 -252.3 -261.14 -267.26 -270.28 -272.58 -275.92 -275.22 -274.5 -277.86 -277.06 -276.46 -274.66 -270.78 -268.76 -267.98 -269.12 -271.16 -271.34 -279.5 -285.92 -287.2 -293.9 -301.5 -307.56 -311.48 -312.54 -309.24 -319.08 -317.82 -329.72 -316.14 -304.34 -309.5 -322.32 -307.34 -301.4 -303.5 -302.46 -298.64 -292.68 -291.7 -297.76 -289.72
-169.2 -169.96 -169.94 -171.82 -171.74 -173.54 -173.48 -174.42 -176.32 -176.26 -178.08 -177.86 -176.84 -179.16 -178.44 -181.82 -187.06 -190.38 -194.64 -202.88 -205.1 -208.42 -209.58 -211.84 -219.86 -222.96 -219.96 -222.96 -230.1 -233.12 -239.1 -243.16 -244 -248.94 -257.84 -260.84 -263.1 -265.44 -268.74 -273.08 -272.38 -271.62 -271.92 -267.32 -264.44 -268.56 -268.8 -272.84 -277.08 -281.16 -280.24 -283.52 -285 -285.2 -294.94 -293.7 -294.36 -303.28 -303.1 -308.94 -313.68 -321.48 -331.54 -320.78 -322.1 -320.28 -325.36 -319.38 -316.48 -313.52 -320.58 -303.64 -311.58 -309.58 -298.46 -290.46
-163.94 -164.74 -165.72 -166.74 -166.5 -167.36 -168.36 -168.3 -170.1 -168.94 -168.72 -168.5 -168.6 -168.92 -167.26 -174.48 -180.84 -181.18 -185.42 -191.62 -196.82 -200.04 -202.16 -205.46 -209.48 -211.58 -211.62 -215.64 -222.78 -228.74 -231.82 -234.86 -236.76 -245.68 -246.56 -251.66 -257 -261.28 -266.52 -269.88 -268.16 -265.44 -262.82 -263.08 -264.02 -270.44 -276.68 -286.76 -279.9 -284.08 -283.28 -278.62 -279 -284.22 -294.08 -293.76 -301.4 -310.84 -305.7 -308.5 -313.32 -313.06 -332.1 -346.54 -338.92 -326.22 -323.38 -326.44 -321.42 -314.32 -311.26 -307.2 -310.18 -310.08 -304.02 -296.98
-159.74 -159.74 -160.6 -161.48 -163.4 -165.28 -165.22 -165.06 -162.84 -162.7 -162.46 -160.26 -160.28 -161.76 -157.94 -163.3 -179.58 -182.76 -181.92 -185.16 -190.44 -192.68 -194.74 -196.98 -201.14 -205.24 -209.28 -217.36 -220.38 -225.46 -228.46 -233.52 -234.48 -241.34 -242.54 -243.6 -253.76 -251.08 -262.4 -259.72 -265.08 -265.38 -265.66 -261.58 -259.5 -273.8 -280.28 -283.66 -281.8 -286 -288.26 -285.58 -280.94 -292.34 -303.18 -314.82 -310.62 -308.94 -304.3 -303.12 -307.94 -327.74 -342.8 -337.24 -315.62 -326.92 -342.12 -340.06 -329.94 -314.94 -302.84 -307.84 -302.86 -304.72 -314.7 -319.52
-156.74 -157.62 -157.52 -157.4 -160.28 -161.12 -162 -161.8 -160.54 -159.34 -160.18 -156.86 -157.04 -151.52 -148.72 -159.94 -172.12 -176.4 -178.56 -180.82 -182.12 -187.24 -190.36 -192.58 -192.92 -196.88 -197.98 -204 -211.06 -218.18 -222.26 -225.22 -225.26 -231.28 -238.46 -240.5 -247.7 -246.88 -261.24 -262.62 -262.9 -268.2 -263.32 -255.24 -264.1 -275.28 -282.74 -292.12 -287.64 -291.12 -284.36 -273.58 -268 -280.34 -291.26 -302.22 -291.7 -290.94 -290.32 -286.58 -298.58 -316.34 -330.52 -334.92 -329.2 -335.44 -329.76 -324.6 -320.62 -319.54 -308.5 -302.42 -302.44 -308.3 -313.2 -316.96
