shamba/rasters/climate/tmp_1.txt
ncols         720
nrows         360
xllcorner     -180
yllcorner     -90
cellsize      0.5
NODATA_value  -9999
[rows 66 to 98 of 360, columns 152 to 227 of 720]
-232.7 -236.86 -240.12 -244.28 -246.78 -247.26 -247.5 -248.76 -249.98 -250.22 -252.44 -253.66 -254.9 -256.22 -256.42 -256.24 -255.08 -254.86 -254.68 -254.68 -253.96 -252.06 -253.28 -253.3 -253.26 -255.28 -255.36 -255.42 -254.58 -254.62 -253.72 -257.88 -9999 -9999 -9999 -9999 -9999 -9999 -9999 -9999 -9999 -9999 -9999 -9999 -9999 -9999 -9999 -9999 -239.84 -237.86 -9999 -9999 -9999 -9999 -234.66 -237.92 -239.16 -240.34 -240.6 -240.8 -242.02 -241.32 -241.54 -241.66 -242.06 -243.22 -243.44 -242.72 -242.9 -240.18 -240.36 -238.5 -237.78 -236.7 -236.9 -233.96
-227.84 -231 -235.22 -237.42 -239.04 -239.58 -240.84 -242.1 -243.36 -244.68 -247.06 -248.2 -248.38 -249.74 -249.48 -250.12 -249.96 -249.64 -249.36 -249.52 -248.72 -247.76 -247.94 -249.14 -249.12 -251.18 -252.18 -252.26 -251.26 -251.34 -250.48 -250.6 -249.66 -9999 -9999 -9999 -9999 -9999 -9999 -9999 -9999 -9999 -9999 -9999 -9999 -9999 -9999 -9999 -235.4 -234.46 -234.52 -9999 -9999 -9999 -233.44 -232.64 -235.9 -238.06 -238.3 -238.48 -238.78 -240.02 -240.22 -240.54 -239.74 -241 -242.2 -242.5 -242.7 -239.84 -237.02 -239.24 -240.48 -239.64 -237.72 -235.72
-223.04 -226.18 -228.28 -230.68 -230.26 -232.88 -233.02 -235.46 -236.8 -238.08 -240.34 -241.62 -241.8 -241.56 -243.26 -243.86 -242.54 -242.28 -243.14 -243.2 -244.38 -244.56 -244.72 -244.76 -243.86 -244.96 -247 -248.02 -248.12 -249.14 -248.26 -248.32 -249.3 -249.38 -248.36 -246.46 -247.52 -9999 -9999 -9999 -9999 -9999 -9999 -9999 -9999 -9999 -9999 -9999 -232.94 -231.94 -9999 -9999 -9999 -233.84 -232.16 -234.32 -234.58 -234.88 -234.04 -236.36 -236.62 -237.76 -238.02 -239.2 -240.46 -241.78 -241.96 -242.22 -246.44 -245.62 -240.82 -240.02 -241.22 -239.46 -237.52 -236.52
-217.16 -220.22 -220.4 -221.34 -221.98 -224.62 -225.8 -228.02 -230.22 -230.58 -232.06 -234.62 -233.62 -234.34 -237.1 -237.7 -236.28 -237.02 -236.9 -238.06 -238.1 -239.32 -239.46 -239.54 -238.58 -239.78 -241.86 -242.9 -243.92 -245 -244.02 -244.08 -245.04 -245.12 -244.06 -244.2 -240.2 -239.26 -238.24 -238.2 -237.24 -236.18 -236.32 -235.36 -9999 -9999 -9999 -9999 -9999 -9999 -9999 -231.06 -226.38 -229.56 -230.9 -232.04 -232.4 -233.5 -235.82 -236.08 -236.22 -237.5 -238.74 -238.96 -240.34 -240.54 -241.76 -242 -244.18 -243.4 -241.62 -239.82 -240.94 -238.22 -237.32 -236.34
-210.22 -212.3 -212.06 -211.88 -211.3 -217.9 -220.2 -220.54 -221.98 -223.48 -224.12 -224.66 -226.44 -228.08 -229.9 -231.6 -232.2 -232.96 -231.78 -232.9 -234 -234.84 -235.12 -235.3 -235.46 -236.54 -237.62 -238.7 -239.72 -240.74 -240.8 -240.8 -239.88 -239.78 -239.62 -238.62 -238.6 -238.64 -238.7 -237.66 -235.68 -234.7 -233.86 -232.92 -9999 -9999 -9999 -9999 -227.32 -226.5 -225.8 -226.08 -227.62 -228.76 -229.04 -230.22 -232.38 -231.66 -232.92 -234.14 -237.28 -237.52 -237.72 -239.02 -241.22 -238.32 -242.66 -241.88 -240.12 -239.28 -238.42 -236.56 -236.76 -239.06 -237.12 -236.1
-205.26 -207.06 -207.64 -208.46 -209.9 -213.52 -212.88 -214.44 -216.04 -217.66 -217.28 -218.4 -220.3 -221.9 -223.56 -225.36 -226.02 -226.76 -225.72 -226.88 -228.02 -228.98 -229.86 -230.04 -230.14 -231.2 -233.4 -234.48 -236.52 -236.58 -236.64 -236.44 -236.36 -236.24 -236.18 -235.12 -235.16 -235.24 -235.24 -234.46 -232.46 -232.6 -231.78 -226.88 -9999 -9999 -9999 -9999 -9999 -224.48 -223.86 -225.18 -225.82 -225.9 -227.06 -227.32 -230.6 -229.8 -231 -232.32 -234.54 -235.66 -235.92 -238.22 -240.36 -236.58 -241.74 -240 -238.22 -237.4 -234.52 -235.76 -234.92 -235.18 -235.12 -234.28
-199.1 -201.76 -201.46 -203.36 -206.78 -207.46 -206.94 -208.66 -209.14 -210.74 -216.3 -216.2 -215.1 -215.76 -218.38 -219.14 -219.96 -220.64 -221.82 -221.84 -223.04 -224.08 -223.96 -225.88 -226.96 -229.06 -230.18 -232.26 -229.36 -231.42 -232.26 -231.2 -233.04 -231.96 -232.04 -233.04 -232.06 -232.08 -232.22 -231.34 -231.42 -230.52 -229.66 -227.8 -9999 -9999 -9999 -9999 -9999 -219.46 -220.9 -221.46 -222.82 -223.12 -223.22 -223.42 -224.58 -225.88 -227.12 -229.3 -229.6 -231.8 -233.1 -237.28 -240.5 -240.6 -239.92 -238.12 -234.26 -231.46 -230.7 -240.86 -232.14 -232.3 -232.3 -230.26
-194.1 -197.88 -203.46 -205.34 -201.06 -201.98 -201.1 -209.7 -202.28 -203.82 -209.06 -209.9 -210.84 -210.54 -212.24 -212.82 -213.72 -214.56 -214.76 -215.8 -216.94 -217.04 -218.06 -218.88 -220.78 -221.94 -224.06 -225.16 -224.34 -225.2 -226.98 -226 -227.92 -226.84 -227.92 -227.94 -228.06 -228.08 -228.1 -227.26 -227.38 -227.46 -225.58 -223.66 -216.74 -222.94 -9999 -9999 -216.24 -215.52 -217.1 -217.62 -219.04 -218.3 -220.34 -219.6 -220.72 -220.98 -224.22 -225.5 -226.7 -227.94 -230.16 -234.36 -236.58 -239.8 -237.94 -234.16 -230.38 -231.62 -228.88 -236 -230.32 -230.4 -228.26 -227.3
-193.42 -197.08 -199.8 -199.64 -199.76 -198.5 -193.36 -194.82 -202.4 -199.92 -200.82 -202.72 -203.6 -204.4 -206.12 -206.66 -206.28 -206.38 -208.76 -208.9 -210.82 -214.06 -212.14 -213.98 -216.88 -218.8 -217.98 -220.18 -222.42 -222.24 -224.04 -223.82 -226.68 -226.74 -222.82 -223.88 -223.04 -224.12 -223.08 -222.24 -223.34 -222.46 -222.4 -220.58 -211.66 -211.82 -212.9 -9999 -9999 -9999 -212.22 -212.84 -214.28 -215.42 -215.52 -218.72 -218.92 -219.18 -226.32 -227.56 -228.8 -230.06 -232.24 -234.5 -240.66 -237.88 -234.08 -229.3 -227.54 -223.7 -224.04 -223.38 -224.4 -224.46 -221.3 -221.3
-188.54 -193.32 -196.12 -194.98 -193.68 -191 -189.76 -188.8 -190.52 -194.72 -196.6 -198.52 -196.4 -198.28 -200.98 -201.54 -200.02 -200.14 -201.44 -202.8 -203.94 -208 -205.12 -207.06 -212.92 -214.84 -211.86 -214.08 -216.28 -217.28 -219.12 -218.86 -220.6 -220.64 -216.76 -217.82 -217.9 -218.08 -218.2 -217.18 -218.34 -217.38 -216.42 -215.48 -214.64 -206.78 -9999 -9999 -9999 -9999 -208.4 -208 -209.44 -210.5 -214.72 -214.94 -215.02 -215.22 -222.44 -223.74 -225.9 -227.16 -227.4 -233.5 -236.74 -232.98 -234.14 -221.44 -221.68 -217 -217.2 -215.34 -216.38 -217.4 -215.24 -220.28
-184.82 -186.72 -187.34 -190.34 -188.48 -192.34 -191.18 -189.02 -183.6 -187.52 -193.44 -196.34 -196.2 -196.04 -196.76 -196.36 -196.96 -196.96 -197.26 -197.58 -197.74 -196.94 -203.12 -205.06 -202.08 -204 -204.98 -207.12 -213.22 -214.36 -215.2 -214.02 -213.88 -214.84 -212.82 -211.88 -211.92 -212.04 -211.98 -212.14 -212.18 -211.3 -211.38 -210.48 -210.6 -208.68 -206.84 -9999 -202.52 -204.16 -202.58 -205.2 -204.64 -205.72 -209.92 -210.06 -208.16 -209.36 -211.56 -213.8 -218 -218.2 -217.42 -219.7 -221.84 -220.12 -221.38 -217.66 -214.88 -210.06 -207.34 -206.38 -210.48 -212.36 -208.26 -210.28
-176.66 -178.58 -180.48 -182.38 -183.02 -187.72 -184.4 -183.24 -175.36 -179.44 -186.18 -191.18 -192.02 -191.88 -192.6 -190.34 -190.86 -190.88 -191.1 -191.44 -190.58 -189.78 -196.02 -198.16 -195.12 -197.06 -198.24 -200.34 -207.64 -208.84 -209.76 -208.58 -208.48 -208.4 -206.32 -206.38 -205.3 -206.3 -205.26 -206.4 -206.36 -205.54 -204.58 -202.58 -202.6 -201.68 -201.8 -200.22 -198.74 -198.3 -197.82 -200.32 -201.78 -200.82 -202.1 -200.3 -202.38 -203.64 -204.74 -205.94 -209.22 -209.34 -210.6 -213.74 -216.04 -214.24 -215.58 -215.78 -210.08 -205.26 -199.34 -198.4 -199.34 -205.24 -199.18 -200.18
-167.38 -170.36 -173.3 -173.08 -175.5 -180.08 -181.68 -184.68 -179.74 -172.46 -177.28 -185.06 -186.82 -187.68 -178.36 -185.08 -183.86 -183.86 -183.82 -183.1 -186.28 -184.52 -186.86 -190.42 -193.52 -196.68 -200.84 -202.92 -201.98 -204.3 -204.48 -203.34 -203.5 -202.56 -201.5 -201.34 -202.42 -199.4 -199.34 -199.48 -200.58 -199.6 -196.74 -195.82 -196.9 -197 -196.38 -196.36 -194.9 -194.42 -194.06 -194.66 -196.02 -199.04 -198.22 -196.4 -197.54 -196.7 -198.84 -201.04 -202.24 -205.44 -207.6 -208.88 -211.14 -208.42 -206.58 -205.84 -212.1 -202.2 -193.24 -190.32 -187.24 -185.12 -184.14 -181.04
-166.04 -168.2 -168.12 -166.74 -166.22 -172.68 -179.14 -184.04 -179.36 -171.32 -170.02 -174.7 -180.44 -183.26 -184.82 -182.24 -179.84 -180.04 -179.06 -177.2 -180.5 -178.44 -181.12 -183.74 -188.08 -190.16 -195.24 -197.36 -195.6 -197.96 -198.2 -195.12 -194.2 -193.4 -194.58 -194.72 -194.86 -193.94 -193.86 -193.82 -194.82 -193.94 -191.04 -189.16 -191.26 -192.32 -191.96 -190.84 -192 -191.52 -192.16 -192.72 -194.1 -195.32 -194.4 -191.52 -190.78 -189.94 -192.1 -194.2 -197.42 -201.6 -202.84 -203.96 -206.24 -202.5 -200.72 -201.86 -199.2 -193.2 -186.24 -181.2 -177.18 -174.08 -159.06 -152.02
-157.48 -163.16 -163.06 -163.48 -161.02 -165.34 -170.84 -173.58 -170.86 -167.76 -166.72 -168.5 -173.06 -178.9 -182.92 -182.28 -179.7 -179.9 -178.12 -175.3 -173.22 -173.16 -175.7 -178.38 -183.12 -186.68 -188.86 -190.94 -189.16 -187.52 -177.94 -179.08 -182.12 -184.26 -184.54 -184.66 -186.7 -188.86 -190.08 -191.22 -190.36 -190.3 -189.38 -188.46 -190.46 -190.8 -191.4 -192.26 -187.48 -186.66 -189.18 -189.84 -190.2 -190.36 -190.5 -187.74 -184.92 -185.1 -185.2 -189.44 -186.58 -189.74 -191.94 -191.18 -196.34 -191.66 -190.76 -192.12 -190.12 -184.12 -175.08 -167.16 -164.14 -146 -151.06 -9999
-146.86 -149.3 -151.88 -155.22 -156.64 -162.94 -165.68 -167 -167.84 -167.64 -169.74 -165.82 -167.76 -173.12 -174.82 -174.68 -176.54 -175.54 -161.48 -169.54 -167.54 -166.74 -170.34 -172.18 -176.82 -180.58 -183.02 -183.32 -180.44 -178.72 -174.18 -171.44 -169.66 -168.76 -170.88 -172.02 -176.2 -181.38 -184.54 -183.76 -184.8 -185.06 -182.2 -181.46 -182.86 -182.3 -185.08 -185.74 -181.98 -182.18 -184.44 -186.84 -185.22 -185.5 -186.7 -182.86 -180.92 -178.18 -179.32 -180.44 -178.68 -184.88 -188.06 -186.18 -190.52 -192.68 -187.94 -186.04 -182.14 -173 -154.04 -145.1 -142.02 -151 -146.06 -149
-136.8 -139.74 -145.82 -149.22 -150.66 -155.2 -156.7 -159.88 -162.86 -163.66 -165.54 -167.5 -162.06 -163.54 -166.78 -167.42 -170.38 -167.78 -165.86 -162.66 -161.78 -161.14 -163.96 -165.96 -168.56 -170.16 -170.76 -173.3 -169.76 -165.06 -162.4 -155.3 -156.06 -149.92 -150.74 -154.86 -164 -172.14 -174.28 -173.46 -173.8 -172.28 -173.12 -173.28 -173.92 -173.54 -175.32 -177.06 -178.18 -179.42 -180.68 -180.92 -181.18 -185.34 -184.56 -181.7 -179.98 -177.22 -174.44 -175.5 -179.6 -184.86 -182.1 -171.32 -176.54 -180.8 -176.04 -179.02 -167.04 -145.1 -153 -150 -132.1 -138.08 -130.02 -136.96
-125.7 -129.16 -134.36 -139.16 -140.8 -145.3 -146.9 -149.82 -154.08 -155.94 -157.78 -160.3 -157.06 -156 -158.04 -158.68 -161.5 -159.98 -158.3 -153.94 -152.6 -151.38 -154.4 -155.26 -156.92 -157.66 -158.34 -159.9 -154.56 -148.12 -141.32 -141.54 -141.12 -141.92 -142.64 -146.28 -152 -158.1 -160.38 -160.26 -161.86 -162.42 -163.86 -164.96 -164.58 -164.76 -167.72 -170.46 -172.4 -173.72 -172.02 -176.16 -173.38 -183.36 -181.38 -178.5 -174.86 -171.04 -169.26 -167.36 -170.52 -169.72 -171 -167.28 -166.54 -165.78 -167.92 -166.92 -141.88 -145.82 -134.74 -141.78 -145.94 -142.02 -133 -129
-114.88 -120.38 -124.12 -127.98 -132.92 -137.86 -142.58 -146.64 -146.1 -149.26 -151.32 -153.9 -153.54 -152 -151.96 -152.86 -153.82 -152.98 -149.74 -147.14 -144.88 -143.74 -141.88 -142.68 -143.3 -146 -145.7 -144.38 -127.28 -126.9 -126.24 -126.6 -129.12 -129.9 -130.74 -133.54 -138.42 -139.08 -138.98 -141.36 -146.04 -148 -149.64 -151.74 -158.48 -159.56 -158.74 -159.72 -158.74 -155.98 -164.1 -166.34 -165.38 -169.46 -170.6 -165.78 -161.98 -158.08 -156.14 -157.18 -159.24 -157.5 -156.7 -156 -155.24 -151.34 -163.54 -146.56 -130.64 -137.58 -139.5 -143.58 -143.74 -141.7 -134.8 -129.72
-105.92 -110.26 -113.86 -117.46 -122.5 -127.54 -133.32 -138.2 -141.16 -143.82 -143.76 -145.5 -146.7 -146.56 -145.92 -145.66 -148.64 -146.56 -143.12 -136.74 -136.66 -135.08 -132.02 -131.3 -130.6 -127.38 -121.16 -120.16 -118.28 -117.7 -119.04 -126.66 -120.3 -120.36 -121.4 -125.28 -124.7 -125 -122.74 -126.56 -132.2 -136.84 -139.38 -141.44 -148.42 -151.48 -148.54 -150.82 -154.86 -146.04 -151.1 -155.12 -156.2 -157.24 -156.16 -155.3 -154.48 -151.58 -148.78 -148.9 -152.08 -154.16 -153.4 -150.7 -150.68 -148 -143.1 -120.02 -133.2 -137.24 -137.3 -133.26 -134.4 -135.42 -131.46 -126.52
-98.9 -102.82 -107.5 -110.78 -114.56 -119.42 -123.22 -129.9 -134.32 -137.88 -137.88 -138.28 -140.06 -140.3 -141.18 -142.52 -143.34 -141.2 -136.94 -132.02 -130.3 -129.28 -125.08 -122.1 -119.14 -119.86 -117.8 -116.22 -125.78 -125.22 -124.62 -121.52 -120.44 -113.34 -113.08 -113.62 -106.06 -105.44 -117.32 -111.62 -119 -120.56 -127.28 -131.28 -132.38 -132.46 -133.52 -136.7 -142.04 -129.08 -136.14 -143.12 -144.98 -145.94 -142.96 -143.8 -142 -143.08 -141.28 -141.7 -146.04 -148.4 -144.16 -141.12 -135.14 -130.42 -128.72 -131.7 -128.66 -131.9 -132.24 -129.48 -126.06 -127.06 -126.12 -118
-88.48 -91.9 -96.9 -101.44 -105.48 -110.32 -116.26 -121.74 -126.52 -130.28 -131.92 -131.56 -134.18 -132.52 -133.84 -135.48 -137.66 -136.3 -130.42 -128.42 -124.88 -123.96 -117.9 -118.04 -115.92 -115.26 -119.16 -125.5 -126.92 -126.5 -124.18 -118.6 -113.52 -105.38 -100.38 -96.88 -94.22 -94.94 -96.74 -97.14 -99.9 -103.48 -108.1 -112.32 -115.38 -113.46 -115.4 -120.5 -122.84 -123.16 -127.12 -132.22 -132 -129.76 -134.68 -134.56 -127.72 -134.12 -137.48 -134.84 -136.36 -133.54 -128.86 -126.46 -121.68 -125.16 -127.32 -127.34 -127.28 -125.32 -125.44 -121.74 -116.42 -117.8 -111.9 -104.74
-80.3 -83.7 -87.26 -91.06 -95.06 -101.18 -105.24 -112 -115.74 -121.02 -123.5 -125.68 -128.28 -129.64 -125.64 -127.78 -129.58 -127.96 -125.5 -122.78 -119.24 -115.56 -112.54 -113.78 -115.08 -115.68 -118.86 -122.48 -123.94 -123.62 -121.36 -110.64 -102.02 -95.62 -90.68 -94.66 -94.68 -95.5 -96.3 -95.9 -95.66 -98.3 -100.88 -93.06 -92.04 -106.02 -106.96 -104.06 -114.14 -119.64 -126 -130 -124.82 -121.76 -124.52 -124.36 -125.22 -124.62 -118.3 -124.14 -117.56 -114.26 -113.2 -111.78 -119.1 -119.98 -117.92 -120.92 -116.8 -118.72 -111.98 -107.68 -108.58 -104.62 -100.18 -91.66
-70.28 -73.1 -76.38 -80.06 -84.76 -90.92 -94.9 -101.82 -106.46 -111.54 -116.16 -119.88 -122.22 -121.28 -119.5 -118.54 -120 -120.76 -119.34 -115.78 -112.72 -111.04 -108.26 -110.6 -111.26 -111.98 -115.34 -119.28 -117.88 -118.52 -112.7 -102.76 -93.98 -89.5 -86.6 -85.08 -85.34 -80.36 -83.3 -81.9 -79.66 -87.98 -88.36 -90.32 -93.56 -93.44 -94.44 -96.6 -99.76 -104.88 -116.58 -117.82 -115.6 -118.28 -116.1 -110.2 -107.38 -110.24 -106.6 -108.88 -102.6 -101.18 -105.94 -105.84 -107 -112.68 -115.5 -116.14 -112.82 -107.08 -96.76 -96.48 -93.68 -88.38 -83.76 -77.22
-61.3 -61 -65.52 -70.3 -74.42 -78.54 -84.52 -91.68 -96.2 -103.2 -106.5 -109.16 -112.96 -114.12 -113.74 -113.54 -114.42 -112.2 -111.32 -107.5 -104.34 -103.36 -103.18 -105.86 -104.4 -106.2 -108.96 -111.12 -109.26 -109.92 -103.9 -95.92 -86.86 -83.5 -77.74 -79.24 -74.94 -77.06 -80.84 -79.48 -76.38 -79.62 -79.76 -80.68 -80.8 -66.02 -71.06 -85.32 -85.46 -93.46 -100.84 -100.28 -101.28 -104 -104.06 -97.02 -89.82 -89.54 -96.58 -99.28 -97.46 -86.26 -107.96 -104.88 -108.3 -109.38 -112.52 -110.08 -94.1 -86.74 -80.12 -75.48 -70.26 -58.28 -68.84 -68.46
-70.96 -51.92 -53.78 -59.98 -65.06 -70.04 -73.4 -79.02 -83.84 -92.26 -96.36 -95.08 -98.2 -105.24 -106.04 -109.68 -108.38 -104.48 -104.1 -103.84 -102.86 -103.1 -104.28 -103.2 -101.38 -99.28 -100.14 -99.9 -101.38 -99.58 -93.86 -86.68 -79.46 -76 -72.24 -65.76 -69.96 -74.14 -74.38 -72.26 -68.18 -70.32 -71.32 -72.34 -73.4 -68.64 -79.02 -83.38 -80.32 -81.28 -83.74 -79.66 -78.72 -73.86 -73.7 -77.18 -80.84 -88.8 -97.08 -96.8 -100.12 -78.9 -103.3 -100.7 -109.56 -108.68 -95.02 -82.1 -73.92 -68.66 -61.6 -55.04 -58.9 -9999 -9999 -57.56
-62.4 -47.64 -46.78 -54.04 -57.66 -62.62 -66.7 -70.12 -76.02 -82.58 -86.64 -85.04 -85.34 -93.7 -98.84 -103.96 -106.56 -103.92 -103.16 -101.74 -103.88 -105.26 -105.08 -101.34 -96.18 -92.18 -94.96 -95.08 -93.32 -90.54 -87.96 -81.4 -71.42 -70.64 -68.52 -56.74 -61.64 -67.04 -65.8 -64.06 -61.24 -60.02 -57.98 -63.94 -57.94 -71.16 -77.22 -79.74 -72.2 -57.14 -63.46 -66.54 -69.12 -71.18 -72.22 -59.72 -81.8 -91.04 -101.86 -106.98 -84.6 -75.54 -93.54 -88.02 -86.26 -80.18 -65.1 -58.9 -53.44 -51.88 -51.4 -9999 -9999 -9999 -9999 -47.36
-38.12 -39.38 -44.26 -52.36 -56.16 -60.24 -63.38 -68.32 -73.28 -76.66 -77.32 -79.6 -79.86 -84.96 -87.6 -95.82 -99.64 -99.2 -97.8 -96.58 -97.52 -96.2 -94.62 -93.26 -90.68 -85.7 -88.32 -89.44 -88.58 -85.46 -81.74 -75.02 -65.98 -64.3 -62.86 -49.36 -54.64 -60.34 -60.5 -58.76 -57.28 -54.86 -51.6 -57.6 -55.94 -65.08 -67.48 -61.54 -47.3 -39.1 -41.22 -43.12 -41.38 -43.52 -42.12 -49.46 -65.38 -76.3 -89.96 -91.38 -71.06 -75.3 -80.14 -77.16 -70.4 -63.38 -51.22 -45.76 -9999 -9999 -9999 -9999 -9999 -9999 -9999 -9999
-40.9 -40.96 -45.84 -51.02 -52.94 -56.84 -60.86 -64.88 -67.26 -69.52 -71.34 -72.06 -76.02 -74.54 -78.04 -86.92 -90 -91.9 -88.6 -87.8 -87.8 -87.48 -86.16 -86.48 -85.22 -81.62 -82.68 -84.86 -84.06 -82.4 -78.8 -70.92 -60.7 -57.04 -56.48 -46 -49.72 -54.16 -57.24 -55.58 -52.94 -49.6 -46.12 -49.44 -51.9 -56.88 -56.4 -50.82 -44.7 -41.68 -47.44 -56.1 -54.66 -54.66 -49.92 -54.3 -62.24 -67.38 -69.24 -71.88 -59.76 -67.76 -65.92 -54.52 -57.1 -44.96 -36.38 -9999 -9999 -9999 -9999 -9999 -9999 -9999 -9999 -9999
-40.9 -43.88 -45.72 -48.58 -51.92 -54.5 -58.54 -61.8 -64.88 -67.18 -68.28 -68.56 -70.56 -70.98 -76 -75.72 -80.28 -82.32 -78.3 -78.34 -78.48 -79.24 -82.02 -79.86 -75.8 -75.14 -75.14 -73.32 -76.72 -74.82 -74.12 -68.14 -56.94 -53.12 -51.7 -43.58 -41.96 -47 -53.32 -53.22 -46.24 -44.7 -47.94 -47.12 -45.82 -43.6 -42.6 -42.08 -42.04 -48.12 -57.32 -64.78 -63.58 -57.66 -56.04 -50.72 -53.86 -62.24 -71.84 -68.86 -50.24 -59.04 -49.28 -45.74 -42.3 -32.28 -24.48 -25.72 -9999 -9999 -9999 -9999 -9999 -9999 -9999 -9999
-33.84 -35.06 -38.66 -40.62 -46.1 -50.54 -55.38 -57.86 -60.52 -60.56 -60.3 -64.42 -64.26 -67.28 -68.06 -68.52 -69.62 -73.76 -75.08 -71.54 -69.56 -68.94 -71.22 -67.6 -63.32 -63.16 -63.94 -62.14 -68.98 -66.84 -64.12 -59.9 -53.3 -51.26 -47.14 -45.46 -42.16 -46.44 -51.78 -48.24 -44.42 -43.76 -40.22 -40.84 -40.2 -40.46 -39.14 -40.08 -43.74 -46.22 -53.62 -57.32 -61.18 -58.46 -56.18 -52.94 -49.9 -51.32 -54.78 -41.58 -37.7 -41.52 -34.46 -31.24 -25.18 -18.12 -15.4 -18.48 -16.88 -9999 -9999 -9999 -9999 -9999 -9999 -9999
-34.5 -33.44 -28.46 -30 -35.28 -41.66 -50.22 -51.02 -53.72 -53.2 -53.68 -56.14 -53.7 -57.22 -60.68 -60.7 -61.02 -66.44 -69.42 -67.82 -63.74 -60.68 -56.36 -55.12 -52.58 -53.82 -54.1 -59.98 -61.62 -57.58 -55.54 -54.3 -51.66 -51.72 -46.18 -43.8 -43.98 -45.3 -45.3 -44.5 -42.42 -41.3 -42.14 -41.62 -40.5 -38.74 -37.08 -40.6 -40.7 -40.06 -44.52 -44.9 -46.96 -44.72 -40.7 -44.18 -43.42 -44.48 -39.64 -32.44 -21.44 -20.92 -14.5 -15.9 -6.72 -11.68 -10.64 -9.22 -7.54 -9999 -9999 -9999 -9999 -9999 -9999 -9999
-35.16 -30.08 -26.7 -25.8 -28.6 -35.06 -45.1 -40.8 -40.82 -42.52 -44.84 -47.16 -45.24 -45.78 -51.2 -56.26 -54.16 -59.5 -63.74 -63.16 -60.78 -55.54 -48.38 -47.5 -48.02 -51.42 -49.1 -50.44 -50.76 -52.2 -52.3 -49.72 -46.04 -48.3 -40.88 -40.7 -42.82 -44.82 -46 -44.96 -43.82 -40.08 -42.68 -39.96 -37.04 -33.92 -33.2 -31.74 -30.48 -31.18 -33.58 -34.84 -35.96 -32.18 -31.06 -33.04 -32.72 -31.72 -28.48 -12.74 -0.6 -0.6 -11.42 -8.16 -9999 -9999 -9999 -9999 -9999 -9999 -9999 -9999 -9999 -9999 -9999 -9999
