shamba/rasters/climate/tmp_9.txt
ncols         720
nrows         360
xllcorner     -180
yllcorner     -90
cellsize      0.5
NODATA_value  -9999
[rows 66 to 98 of 360, columns 152 to 227 of 720]
77.42 77.46 75.5 75.58 73.54 74.44 75.4 76.24 76.32 75.28 72.24 69.38 67.42 66.6 65.7 66.78 66.98 67.14 67.32 67.34 70.5 73.44 73.5 72.5 72.48 70.56 69.54 70.52 72.54 72.5 72.56 68.58 -9999 -9999 -9999 -9999 -9999 -9999 -9999 -9999 -9999 -9999 -9999 -9999 -9999 -9999 -9999 -9999 63.34 64.4 -9999 -9999 -9999 -9999 63.26 57.3 55.28 52.3 51.26 51.32 50.3 52.24 52.28 52.32 53.34 51.3 50.34 51.36 51.4 56.32 55.34 56.46 55.42 54.3 50.28 51.26
79.58 79.66 78.7 79.78 77.64 80.54 81.44 80.36 79.28 77.18 75.06 73.1 72.2 71.32 71.48 71.7 71.8 72.1 72.3 71.38 74.46 77.5 77.52 76.58 75.56 73.6 72.52 72.58 74.64 74.6 75.74 75.6 75.54 -9999 -9999 -9999 -9999 -9999 -9999 -9999 -9999 -9999 -9999 -9999 -9999 -9999 -9999 -9999 68.5 68.48 67.48 -9999 -9999 -9999 65.32 66.34 59.34 55.28 56.32 56.28 56.34 55.4 55.38 56.36 57.42 56.48 54.46 52.42 52.44 57.5 62.44 56.44 52.48 51.38 50.38 51.28
82.7 80.78 84.9 84.92 85.7 84.48 86.46 84.34 84.34 82.28 80.06 76.96 78.98 79.22 75.36 75.66 78.82 79.02 78.22 78.38 77.52 77.48 78.5 79.52 81.5 80.56 76.62 76.62 74.68 74.74 75.76 74.62 71.44 70.44 70.26 72.18 72.24 -9999 -9999 -9999 -9999 -9999 -9999 -9999 -9999 -9999 -9999 -9999 70.62 70.54 -9999 -9999 -9999 66.36 64.28 61.32 61.38 61.36 63.4 59.38 60.38 60.46 59.48 59.48 57.46 56.44 56.54 55.5 46.48 46.5 54.58 54.58 51.64 51.6 53.52 50.44
86.62 85.7 89.9 90.94 91.82 89.6 90.48 88.46 87.38 86.28 84.2 82.14 84.94 84.14 80.34 80.58 84.82 84 83.22 83.44 83.5 82.5 83.56 82.58 85.6 85.62 81.66 80.72 78.7 78.74 79.78 78.56 75.54 74.34 73.26 73.34 80.36 80.48 79.5 78.58 78.62 78.64 74.64 74.78 -9999 -9999 -9999 -9999 -9999 -9999 -9999 71.54 72.42 67.38 65.4 63.34 63.46 61.46 59.52 59.54 59.58 58.56 58.52 58.5 57.54 58.58 55.58 54.62 50.56 50.54 52.52 56.58 50.64 54.62 54.52 51.52
94.7 93.74 96.72 97.9 99.94 95.78 94.64 94.58 93.48 91.38 93.4 91.18 90.06 88.02 86.24 85.4 84.66 84.88 87.1 87.26 85.44 84.5 85.58 84.56 85.52 84.66 84.66 83.72 82.74 82.8 81.6 81.56 82.48 81.3 80.38 80.5 79.56 80.62 78.58 77.76 79.82 79.8 79.78 80.82 -9999 -9999 -9999 -9999 77.64 77.68 77.5 74.48 71.42 69.28 68.3 67.42 63.46 65.42 64.48 63.48 61.5 60.5 61.54 60.62 57.52 64.56 55.6 57.58 58.58 59.62 60.64 59.7 59.66 53.74 54.68 53.54
97.56 96.56 99.74 98.74 100.86 98.88 99.78 98.64 97.62 96.5 98.42 97.2 96.06 94 92.1 91.32 90.5 90.76 93.1 92.16 90.28 89.4 88.56 89.6 89.6 89.62 88.72 87.84 86.82 86.7 85.58 85.52 86.54 85.54 84.54 83.66 83.6 83.74 81.9 80.8 82.72 81.7 83.72 81.78 -9999 -9999 -9999 -9999 -9999 80.6 79.48 76.42 74.34 74.4 72.24 71.38 67.38 69.36 68.34 66.3 64.44 64.46 64.48 64.54 60.56 68.58 59.6 60.58 62.52 62.52 63.62 60.56 60.66 58.74 57.56 57.64
102.26 102.4 104.54 103.76 99.74 99.82 101.84 101.78 103.66 102.62 97.5 97.32 100.18 98.96 96.96 96.26 95.58 95.68 94.98 94.02 93.2 93.36 92.52 91.62 90.66 88.58 87.64 86.8 92.76 91.68 89.6 90.48 88.48 89.5 86.58 85.68 84.74 83.68 83.78 83.78 82.7 81.72 84.66 86.7 -9999 -9999 -9999 -9999 -9999 83.5 81.38 78.38 76.36 75.3 75.22 76.2 75.2 75.28 73.2 70.3 71.28 70.4 68.34 63.48 60.44 59.52 61.5 63.44 67.56 67.56 66.58 49.58 62.62 61.56 60.5 62.5
106.14 104.32 97.48 92.56 101.74 102.1 105.12 101.94 107.8 107.68 101.56 100.26 100.22 103.12 101.04 100.04 99.32 99.66 98.84 99 98.2 97.26 96.4 95.42 94.52 93.52 91.6 90.82 95.52 95.56 93.64 93.54 92.5 92.46 90.6 89.64 88.68 87.64 86.64 87.68 86.68 85.56 88.66 89.54 88.66 88.6 -9999 -9999 87.58 87.46 84.36 81.42 78.28 78.32 78.18 79.16 78.04 78.08 76.1 74.18 74.22 73.2 71.3 67.26 63.32 61.38 64.36 66.34 67.36 63.42 66.44 52.56 60.58 61.5 64.38 65.5
104.1 101.22 98.4 97.66 94.84 99.34 109.28 111.04 104.9 109.72 111.58 104.38 104.24 103.16 106.88 104.06 105.2 104.56 102.8 103.02 100.08 95.2 100.3 100.42 93.52 92.5 95.64 94.66 93.42 92.44 92.52 91.54 88.46 87.4 93.56 92.52 90.64 90.62 89.54 90.5 89.48 89.58 90.58 91.6 92.56 91.54 90.5 -9999 -9999 -9999 88.44 85.46 83.32 81.36 80.16 77.1 75.98 76.96 70.08 69.08 67.12 67.1 66.14 63.18 55.16 61.22 65.14 68.3 68.2 70.32 68.34 67.36 65.34 65.44 69.36 70.34
105.24 101.52 98.64 96.78 96.12 102.66 109.48 114.24 114.14 112.86 113.64 111.46 107.3 107.16 110.96 109.02 109.14 108.36 107.6 106.84 104.92 100.1 105.26 104.42 95.38 94.56 99.68 98.52 96.3 95.22 94.44 94.28 91.32 89.4 95.36 94.34 93.42 93.36 92.44 93.46 93.48 92.48 93.48 94.48 94.48 96.54 -9999 -9999 -9999 -9999 93.44 89.36 86.34 83.22 80.18 79.04 79.98 80.94 71.86 70.94 69.84 70.08 69 62.06 58.02 63.06 61 74.08 72.1 73.24 70.16 69.22 68.16 68.26 71.36 67.34
103.46 102.64 105.86 104.08 102.56 95.62 101.66 108.44 116.18 116 115.82 112.56 112.44 112.24 113.08 111.94 107.98 107.26 107.46 107.66 108.88 110.06 102.24 100.46 106.48 105.62 104.54 102.38 94.16 92.98 93.08 94.26 94.3 93.42 95.36 96.44 96.28 95.34 95.32 95.32 95.32 96.36 95.38 96.42 95.46 95.46 95.46 -9999 98.34 97.36 94.3 90.36 89.3 88.24 83.18 83.08 85 83.88 82.84 80.86 76.86 76.84 77.9 75.96 72.88 74.86 72.9 75.92 75 77.06 77.06 74.02 68.12 66.26 72.4 71.38
107.3 107.62 112.08 110.34 107.42 101.54 107.52 107.58 119.34 120.16 118.96 114.74 113.52 112.26 114.04 114.88 110.06 110.2 110.28 110.5 112.76 113.94 106.24 104.4 110.54 108.64 107.32 105.24 95 92.84 91.9 94.04 94.12 94.24 96.22 97.34 98.32 98.32 97.26 97.34 97.32 97.34 98.34 100.34 99.34 98.42 97.42 97.4 97.32 96.36 96.28 93.28 91.36 90.18 89.12 91.06 87.96 87.98 86.82 85.78 83.72 83.8 83.76 79.76 76.76 77.84 75.8 73.78 76.9 78.9 81.94 77.96 74.14 67.26 72.3 70.28
119.3 119.68 119.16 117.26 111.4 109.46 109.52 102.5 105.44 122.18 123.02 118.92 115.72 115.42 119.24 119.02 118.98 117.1 117.26 117.56 111.66 112.86 111.18 110.4 106.56 104.46 98.28 94.2 96 92.7 92.64 92.8 93.92 94.02 95.1 94.04 95.16 99.12 101.22 102.24 100.16 101.22 104.16 104.18 103.16 101.16 100.36 98.34 98.3 97.34 97.22 96.22 95.24 90.2 91.16 91.96 90.88 91.9 88.82 87.7 87.62 85.58 84.6 82.54 79.5 81.58 83.62 82.7 73.74 81.68 84.76 82.94 81.08 80.18 77.22 77.26
117.56 117.78 116.3 116.4 117.56 114.5 115.44 106.1 108.22 120.1 125.92 123.72 121.6 121.38 122.18 123.04 122.02 120.04 120.16 121.3 113.48 115.72 113.98 113.32 110.52 106.38 99.24 95.04 96.9 93.6 92.32 94.48 95.68 94.8 94.92 95.9 96.9 100.86 101.94 103.02 102.02 102.94 106.96 108.06 106.02 104.4 103.26 101.02 98.16 97.18 96.16 95.2 94.2 93.16 94.14 96.04 94.88 94.94 92.82 90.8 88.56 87.54 86.46 85.5 81.54 84.48 86.44 84.54 85.6 88.6 88.74 87.88 85.16 83.14 91.22 92.26
122.96 119.18 118.58 116.6 119.58 120.42 123.18 121.76 126.18 126.98 127.86 128.72 127.52 126.3 122.38 121.4 118.42 115.18 117.06 120 117.26 116.5 113.64 112.92 109.24 105.32 102.2 97.06 96.88 98.64 103.36 102.3 99.44 96.52 96.66 98.8 98.8 98.9 98.82 98.82 100.8 102.8 103.88 104.76 103.42 104.3 100.14 95.92 100 98.12 96.08 96.1 97.14 98.06 97.1 98.02 98.96 96.86 94.78 91.72 97.58 96.5 97.44 98.32 91.26 92.24 93.34 93.38 93.4 93.52 94.78 95.94 91.14 101.22 110.1 -9999
126.52 128.38 127.8 124.64 123.44 123.36 125.46 123.4 125.3 126.3 122.1 131.62 132.62 130.46 125.68 123.96 119.6 118.42 129.58 119.2 119.8 120.22 115.22 114.82 109.96 106.96 102.12 98.06 98.92 98.68 103.32 106.18 102.26 100.42 98.54 102.66 103.74 98.66 96.76 98.72 99.84 101.7 104.8 106.5 107.34 107.22 102.98 99.84 101.82 99.9 97.96 96.06 99.96 102 99.98 101.88 99.72 100.66 97.8 96.68 101.64 98.42 100.3 102.22 97.2 91.18 93.22 93.2 96.34 97.52 103.72 105.02 102.12 108.88 107.84 99.02
129.78 128.82 127.72 123.68 126.76 125.42 130.26 126.7 124.66 126.48 126.36 126.36 137.66 139.44 133.74 130.06 121.28 121.38 122.44 121.74 120.74 120.42 118.22 114.58 109.68 107.64 106.68 101.66 103.84 104.68 106.48 113.84 112.42 109.44 108.6 107.88 104.86 97.9 97.86 99.86 102.86 106.34 106.48 108.32 107.18 108.18 105.96 105.76 104.84 103.86 102.88 100 102.9 102.82 101.74 99.74 97.68 97.6 96.56 95.52 92.52 91.44 99.26 111.22 111.12 100 101.02 92.22 97.36 106.6 115.82 114.04 109.7 103.34 96.66 99.94
133.04 133.32 132.4 129.84 131.92 130.62 134.22 133.1 130.76 131.7 131.62 132.78 140.44 145 139.36 136.24 129 128.26 128.34 128.9 127.4 126.06 120.2 117.72 114.8 111.72 110.58 106.52 111.52 115.5 119.36 121.24 122.38 121.6 119.76 115.92 104.94 102.06 103.04 105.22 104.34 106.48 108.38 109.2 110.04 111.84 110.8 109.88 107.72 107.72 110.86 110.74 107.6 104.68 101.74 99.64 98.68 99.56 98.5 97.58 94.46 100.34 103.32 108.22 101.14 104.94 101.08 94.3 105.52 118.74 109 104.96 102.02 103.3 103.58 107.96
138.2 134.02 136.3 135.78 134.08 131.74 129.72 128.64 133.4 134.86 133.78 135.12 139.18 143.26 144.3 141.04 135.84 133.86 134.58 134.06 131.6 129.3 128.44 123.94 119.96 114.78 115.6 116.6 128.5 128.36 128.12 129.02 127.54 127.44 127.74 123.84 120 120.22 117.14 115.32 112.32 112.44 115.3 115.04 109.98 110.82 115.66 116.6 119.56 119.52 113.64 113.46 111.34 110.48 107.54 107.6 109.5 108.52 107.46 104.44 101.36 110.44 112.26 110.18 101.12 102.24 89.42 102.62 109.66 110.82 113.76 107.72 103.4 104.72 107.94 110.8
139.9 138.84 140.8 141.5 138.72 138.34 135.38 134.56 134.8 135.86 139.06 140.12 139.22 143.06 147.06 145.8 137.68 137.62 140.1 141.92 137.66 134.62 133.8 128.16 124.2 129.04 136.98 135.84 136.22 134.24 131.1 123.8 129.52 132 132.36 129.76 128.1 128.44 124.28 120.3 116.46 116.3 117.04 118.88 112.78 114.72 119.54 119.34 118.22 124.32 118.32 117.38 116.4 115.46 114.46 112.5 111.52 110.36 111.34 111.26 112.28 112.24 112.32 112.28 100.46 98.68 105.88 120.92 113.84 113.62 115.54 117.54 113.92 110.16 108.96 113.76
139.46 138.4 139.02 140.4 141.94 140.54 140.32 140.38 138.06 137.12 142.16 143.96 142.82 145.78 148.16 144.88 140.56 141.5 144.06 145.84 143.78 139.1 139.44 137.78 134.54 133.46 139.4 137.62 127.26 126.16 123.1 123.88 126.22 134.92 135.16 132.66 131.28 131.66 130.32 125.46 122.3 125.1 122.98 119.74 122.54 127.54 130.34 128.28 123.1 130.06 125.12 122.16 122.26 120.4 121.32 117.44 120.44 116.36 118.26 117.18 117.1 114.08 115.3 117.44 117.72 118.92 121.96 114.84 118.74 116.64 116.48 120.42 122.1 116.14 111.84 120.58
143.78 143.74 142.26 143.74 146.4 146.96 145.34 144.98 143.82 142.86 146.52 149.34 145.7 149.24 150.76 148.74 143.42 143.12 146.54 145.06 145.4 143.02 147.36 142.9 140.88 140.82 135.28 126.42 121 119.1 118.12 123.82 129.44 134.08 135.96 136.54 136.2 135.56 134.44 134.26 137.2 137 134.84 132.64 130.46 137.38 139.22 134.06 133.94 130.84 129.9 128.08 131.1 132.28 125.38 122.42 129.32 122.26 118.12 117.98 117.94 123.66 126.28 124.78 123.82 119.76 120.84 116.82 116.72 117.7 117.6 120.16 124.22 116.5 120.56 127.34
144.58 144.6 146.08 147.56 151.02 150.5 154.54 151.58 153.54 151 152.46 150.1 147.7 146.72 153.22 151.82 148.76 148.34 149.06 146.58 148.94 152.42 153.8 149.04 144.88 141.44 134.86 128.34 123.7 119.68 120.98 130.86 138.64 141.66 142.96 142.34 141.78 141.28 140.86 141.32 141.54 140.48 140.42 140.42 138.18 138.06 138.02 138.82 130.64 126.58 122.7 121.78 130.04 135.1 135.08 131.28 131.18 128.16 131.96 128.78 136.52 137.64 136.38 133.66 121.64 123.66 123.76 116.76 121.7 117.62 123.1 128.14 128.4 129.12 127.94 133.68
149.48 149.34 152 154.46 155.66 155.78 158.76 158.8 158.9 156.56 153.66 151.56 149.8 151.9 153.68 155.88 154.7 155.62 153.34 154.32 157.08 156.14 157.74 152.66 150.24 146.64 140.24 132.52 129.34 123.78 128.82 138.66 145.46 146.56 148.72 148.88 147.12 143.68 141.36 143.08 145.14 144.94 147.1 146.06 143.96 143.84 143.58 141.58 141.38 136.4 129.4 127.66 130.84 132.88 138 143.24 144.64 141.02 142.08 140.84 141.42 141.54 135.28 133.28 129.42 124.48 116.6 117.62 118.54 121.16 127.92 127.7 130.38 133.06 125.28 126.84
151.3 156.18 155.94 159.16 162.78 164.1 164.2 163.94 166.36 162 158.96 159.22 155.22 155.16 156.74 157.08 158.9 162.6 162.52 164.28 167.14 164.34 161.6 157.16 156.62 153.04 147.48 141.42 139.04 135.28 140.96 146.88 151.5 152.48 155.32 151.5 145.62 144.18 139.78 140.5 143.84 148.8 149.64 150.74 150.64 146.48 148.38 146.26 148.16 142.26 138.14 138.3 137.44 138.7 140.94 147.16 153.5 151.46 143.6 137.22 134.44 150.18 123.38 128.6 119.82 119.98 114.66 117.46 133.1 134.06 133.84 133.46 134.22 137.32 145.06 141.74
126.2 157.08 165.66 163.02 164.52 166.18 168.58 168.74 172.02 166.36 162.56 167.12 164.5 158.5 159.02 155.6 158.3 163.3 165.48 165.8 165.22 164.72 160.46 159.44 159.1 159.18 155.66 152.24 147.84 147.34 154.16 156.96 157.24 158.1 159.88 153.04 147.28 142.84 146.34 148.14 151.68 154.22 154.36 154.4 153.46 145.2 142.98 143.24 146.18 147.24 144.46 143.5 146.36 153.44 155.74 156.26 156.3 146.48 136.16 133.52 123.26 150.54 125.12 129.14 111.14 110.58 127.1 140.68 145.42 140.98 141.6 141.36 153.16 -9999 -9999 148.74
131.04 157.44 166.9 165.22 167.64 168.2 168.34 170.14 171.76 170.48 168.54 173.04 175.16 166.64 162 157.96 155.92 156.92 159.84 162.06 161.34 160.76 157.84 159.74 163.16 165.34 157.96 154.6 153.16 155.9 158.68 160.7 163.72 162.04 161.56 156.5 150.78 150.2 154.86 157.42 158.86 158.88 159.08 159.16 157.26 150 146.74 144.14 151.32 161.36 159.7 158.08 158.1 158.54 158.52 166.24 148.44 138.44 125.5 116.68 140.26 149.3 132.2 138.72 135.34 139.26 152.42 155.02 164.26 162.8 160.52 -9999 -9999 -9999 -9999 153.82
163.48 166.28 166.82 160.36 162 162.04 164.06 166.04 166.66 168.52 171.54 172.78 176.66 172.54 171.18 164.72 159.92 158.02 159.18 163.68 164.34 164.9 164.78 165.56 165.1 169.82 164.2 158.94 155.62 157.3 164.3 164.14 167.24 167.54 166.68 163 158.4 157.48 161.24 162.58 161.94 162.34 164.76 163.06 161.86 152.64 151.74 154.06 168.42 169.46 170.04 167.96 169.02 169.28 172.34 169.28 155.64 147 134.74 131.48 153.2 146.98 140.76 141.8 146.08 149.98 158.5 168.86 -9999 -9999 -9999 -9999 -9999 -9999 -9999 -9999
156.5 160.08 158.74 157.54 160.98 161.64 162.22 164.1 165.12 166.78 169.92 172.76 174.44 178.7 176.82 169.48 163.86 160.5 165.46 168.56 168.9 169.64 169.94 169.46 168.38 170.96 169.22 163.32 160.9 161.86 164.7 168.28 171.92 172.7 171.42 169.12 164.86 165.3 164.78 165.02 166.98 167.24 170.72 168.66 165.18 158.26 159.48 162.78 165.9 169.2 163.94 154.86 156.46 157.08 162.8 158.52 151.08 147.62 147.3 148.34 164.78 151.9 150.46 159.38 154.98 164 168.34 -9999 -9999 -9999 -9999 -9999 -9999 -9999 -9999 -9999
153 155.82 158.38 157.36 157.7 160.22 160.64 160.12 161.4 162.62 165.72 167.44 169.28 173.74 172.34 174.54 170.82 167.84 173.68 174.94 175.12 173.2 170.32 170.78 174.28 173.72 172.92 173.04 168.52 169.88 168.72 170.56 176.58 175.96 175.38 176.1 176.94 174.8 168.06 167.6 177.92 175.32 173.46 172.94 170.64 169.84 169 168.42 167.78 161.06 150.66 141.26 142 151.16 150.74 158.52 157.94 149.78 138.94 140.9 167.98 154.44 163.58 163.86 164.78 172.74 173.64 176.36 -9999 -9999 -9999 -9999 -9999 -9999 -9999 -9999
160.02 163.88 164.2 165.86 162.54 161.16 159.54 160.9 161.94 165.44 167.8 166.72 170.54 175 176.64 178.94 176.76 172.54 173.18 178.3 180.7 179.4 176.12 178.12 182.04 182.38 182.78 182.76 176.84 177.04 177.52 177.14 181.14 176.58 178.08 178.12 179.64 176.64 170.76 172.88 175.86 178.94 177.38 175.58 174.36 172.78 171.78 169.74 163.4 159.46 151.26 147.2 143.86 147.78 148.82 153.94 158.52 155.36 153.22 168.82 174.9 167.24 173.7 172.22 174.86 180.42 178.8 180.42 180.16 -9999 -9999 -9999 -9999 -9999 -9999 -9999
151.54 161.94 171.52 175.48 173.28 169.9 163.5 164.96 165.64 171.8 174.78 175.42 181.6 182.58 182.56 183.4 182.84 177.42 176.02 176 179.9 182.88 186.76 186.46 190.04 188.52 187.94 183.4 182.62 186.34 184.48 183.12 182.34 181.22 181.4 181.88 181.14 179.96 178.62 178.62 180.14 180.2 176.44 175.68 173.86 172.3 170.38 168.76 165.22 164.22 159.24 158.26 157.52 161.46 166.6 160.5 160.7 159.08 165.4 172.68 184.56 180.72 184.44 179.9 181.38 185.24 184.88 185.58 185.32 -9999 -9999 -9999 -9999 -9999 -9999 -9999
161.3 170.44 174.42 178.62 179.44 175.18 169.78 174.96 178.78 181.76 183.7 183.56 186.2 189.4 187.52 182.9 185.64 182.26 178.9 178.7 180.48 183.28 189 190.3 189.6 186.74 187.3 188.18 189.6 188.9 185.84 185.44 187.04 183.56 185.66 184.86 183 180.52 179.86 179.46 178.06 180.24 171.44 171.82 173.02 174.56 169.18 173.26 173.24 171.36 169.08 168.48 167.68 173.18 174.72 173.28 172.32 173.66 175.26 190.9 199.3 193.38 186.3 187.94 -9999 -9999 -9999 -9999 -9999 -9999 -9999 -9999 -9999 -9999 -9999 -9999
